w(2,1,0,1)
r(2,1,0,1)
w(1,1,0,1)
w(4,1,0,1)
w(3,1,0,1)
r(3,1,0,1)
w(3,2,6,6)
w(4,2,6,6)
w(3,3,6,6)
w(1,2,6,6)
w(4,3,6,6)
w(3,5,3,9)
r(4,3,3,9)
r(4,3,3,9)
r(4,3,3,9)
r(4,3,3,9)
r(0,0,3,9)
w(4,5,3,9)
r(3,5,3,9)
w(4,6,3,12)
w(3,6,3,12)
w(4,7,3,12)
r(3,6,3,12)
r(3,6,2,13)
r(4,7,2,13)
r(1,2,2,13)
r(4,7,2,13)
r(4,7,6,15)
r(4,7,6,15)
r(4,7,6,15)
w(2,2,6,15)
r(3,6,6,15)
r(2,2,6,15)
r(4,7,6,15)
r(4,7,6,15)
r(4,7,3,17)
r(3,6,3,17)
w(2,3,3,17)
r(3,6,3,17)
w(4,8,3,17)
w(3,7,3,17)
r(2,3,3,17)
r(4,8,3,17)
r(5,0,8,21)
r(0,0,8,21)
r(3,7,8,21)
w(5,3,8,21)
w(5,4,8,21)
w(5,5,8,21)
w(5,6,8,21)
w(0,1,8,21)
w(5,7,1,23)
w(5,8,1,23)
r(5,8,1,23)
w(1,5,1,23)
r(2,3,1,23)
r(2,3,1,23)
r(5,8,1,23)
r(2,3,1,23)
w(6,1,8,25)
w(1,6,8,25)
w(0,2,8,25)
w(2,4,8,25)
r(3,7,8,25)
w(2,5,8,25)
w(3,8,8,25)
w(6,2,8,25)
w(6,3,4,30)
w(1,7,4,30)
r(7,0,4,30)
r(7,0,4,30)
r(6,3,4,30)
w(6,6,5,31)
w(2,6,5,31)
w(7,2,5,31)
r(7,2,5,31)
r(7,2,5,31)
r(2,6,4,33)
r(6,6,4,33)
r(6,6,4,33)
w(6,7,4,33)
w(2,7,4,33)
w(6,8,4,33)
r(7,2,4,33)
w(0,3,5,35)
r(7,2,5,35)
w(2,8,5,35)
w(8,1,5,35)
r(8,1,6,37)
w(1,8,6,37)
r(8,1,6,37)
w(8,2,6,37)
r(7,2,6,37)
r(8,2,7,39)
r(7,2,7,39)
w(8,3,7,39)
w(8,4,7,39)
r(8,4,7,41)
r(10,0,7,41)
r(8,4,7,41)
w(7,3,7,41)
r(7,3,7,41)
w(8,5,7,41)
r(7,3,5,43)
w(8,6,5,43)
w(8,7,5,43)
w(8,8,5,43)
r(0,3,2,45)
r(10,0,2,45)
r(8,8,2,45)
r(11,0,2,45)
r(10,0,0,47)
w(11,1,0,47)
w(11,2,0,47)
r(11,2,0,47)
w(0,4,0,47)
w(7,4,0,47)
r(11,2,5,49)
w(10,1,5,49)
r(11,2,5,49)
w(10,2,5,49)
w(11,3,5,49)
r(11,3,5,49)
r(0,4,5,49)
w(0,5,1,51)
r(7,4,1,51)
r(11,3,1,51)
w(10,3,1,51)
r(11,3,1,51)
r(11,3,1,51)
r(7,4,1,51)
r(11,3,1,51)
w(11,4,6,53)
r(10,3,6,53)
r(0,5,6,53)
r(9,0,6,53)
r(7,4,6,53)
r(11,4,6,53)
w(11,5,6,53)
r(10,3,6,53)
r(11,5,3,55)
w(11,6,3,55)
w(9,1,3,55)
r(7,4,3,55)
r(11,6,3,55)
r(10,3,3,55)
w(7,5,7,58)
w(11,7,7,58)
w(10,4,7,58)
w(11,8,7,58)
w(10,6,0,61)
r(12,0,0,61)
r(10,6,0,61)
r(12,0,0,61)
w(12,4,0,63)
r(12,4,0,63)
r(10,6,0,63)
w(12,5,0,63)
w(10,7,0,63)
w(12,6,0,63)
r(0,5,0,63)
r(10,7,5,65)
r(12,6,5,65)
r(7,5,5,65)
r(12,6,5,65)
w(12,7,5,65)
r(7,5,8,67)
w(7,7,8,67)
w(12,8,8,67)
r(7,7,8,67)
r(7,7,8,67)
r(12,8,8,67)
r(12,8,8,67)
w(13,1,8,67)
r(9,1,6,69)
r(13,1,6,69)
w(13,2,6,69)
w(7,8,6,69)
w(10,8,6,69)
w(13,3,6,69)
w(13,4,6,69)
w(13,5,6,69)
w(13,6,3,71)
r(7,8,3,71)
r(13,6,3,71)
w(13,7,3,71)
r(13,7,5,73)
w(9,2,5,73)
w(13,8,5,73)
r(7,8,5,73)
r(13,8,5,73)
r(13,8,5,73)
r(14,0,5,73)
w(15,1,5,73)
w(14,1,9,75)
r(15,1,9,75)
w(15,2,9,75)
w(9,3,9,75)
w(14,2,9,75)
w(15,3,8,77)
r(16,0,8,77)
w(15,4,8,77)
r(16,0,8,77)
w(15,5,8,77)
w(16,1,8,77)
w(16,2,8,77)
r(16,2,8,79)
w(16,3,8,79)
r(16,3,8,79)
r(16,3,8,79)
r(16,3,8,79)
r(15,5,7,81)
r(16,3,7,81)
w(14,3,7,81)
r(15,5,7,81)
w(16,4,7,81)
w(0,6,9,83)
r(16,4,9,83)
w(15,6,9,83)
w(16,5,9,83)
w(16,6,9,83)
r(16,6,9,83)
w(14,4,9,83)
r(15,6,4,85)
r(16,6,4,85)
r(15,6,4,85)
r(16,6,4,85)
r(16,6,4,85)
r(14,4,4,85)
r(16,6,4,85)
r(15,6,4,85)
w(14,5,3,87)
r(16,6,3,87)
r(16,6,3,87)
r(16,6,3,87)
w(16,8,7,91)
r(9,3,7,91)
w(9,4,7,91)
r(15,6,7,91)
r(15,6,7,91)
w(9,5,7,91)
w(15,7,7,91)
r(15,7,7,91)
r(16,8,8,93)
w(14,7,8,93)
w(15,8,8,93)
r(17,0,8,93)
w(17,1,8,93)
r(17,1,8,93)
r(14,7,8,93)
w(17,2,1,95)
r(15,8,1,95)
r(17,2,1,95)
r(17,2,1,95)
r(17,2,1,95)
w(14,8,2,97)
r(17,2,2,97)
r(17,2,2,97)
r(17,2,2,97)
r(17,2,2,97)
w(17,3,2,97)
w(17,4,2,97)
w(17,5,2,97)
w(18,1,6,99)
r(9,5,6,99)
w(17,6,6,99)
r(18,1,6,99)
r(17,6,6,99)
w(18,2,6,99)
r(18,2,6,99)
w(17,7,6,99)
r(18,2,7,102)
w(18,3,7,102)
r(18,3,7,102)
w(17,8,7,102)
w(18,4,2,104)
r(17,8,2,104)
w(18,5,2,104)
r(17,8,2,104)
r(17,8,2,104)
r(19,0,2,104)
r(18,5,2,104)
w(18,6,2,104)
w(24,4,3,128)
r(24,4,3,128)
r(23,0,3,128)
r(24,4,3,128)
r(23,0,3,128)
r(23,0,3,130)
r(23,0,3,130)
r(23,0,3,130)
w(24,5,3,130)
r(23,0,3,130)
w(19,4,3,130)
r(23,0,3,130)
r(24,5,3,130)
w(18,7,7,131)
r(17,8,7,131)
r(17,8,7,131)
w(18,8,7,131)
r(18,8,7,131)
r(18,8,7,131)
r(18,8,7,131)
w(20,1,5,132)
w(20,2,5,132)
r(20,2,5,132)
r(20,2,5,132)
r(20,2,5,132)
r(20,2,5,132)
r(0,6,9,135)
r(20,2,9,135)
r(20,2,9,135)
w(20,8,9,135)
r(22,0,9,135)
r(24,5,7,139)
r(23,0,7,139)
w(24,6,7,139)
r(23,0,7,139)
w(24,7,7,142)
r(23,0,7,142)
r(23,0,7,142)
r(24,7,7,142)
r(22,0,1,145)
r(22,0,1,145)
r(22,0,1,145)
r(22,0,1,145)
w(25,2,1,149)
w(9,6,1,149)
w(19,7,1,149)
w(19,8,1,149)
r(26,0,9,151)
w(26,1,9,151)
w(25,3,9,151)
w(26,2,9,151)
r(26,2,9,151)
r(25,3,5,153)
w(25,4,5,153)
w(9,7,5,153)
w(25,5,5,153)
w(25,6,5,153)
r(25,6,5,153)
w(25,7,1,155)
w(9,8,1,155)
w(26,3,1,155)
r(25,7,1,155)
r(25,7,1,155)
r(25,7,1,155)
r(25,7,9,158)
r(25,7,9,158)
r(9,8,9,158)
w(25,8,9,158)
r(25,8,9,158)
w(26,4,9,158)
r(9,8,2,160)
r(25,8,2,160)
r(25,8,2,160)
r(29,0,2,160)
r(27,0,2,160)
w(26,5,9,163)
w(29,1,9,163)
w(27,1,9,163)
w(26,6,9,163)
r(29,1,9,163)
r(27,1,9,163)
r(29,1,0,165)
r(26,6,0,165)
w(29,2,0,165)
r(29,2,0,165)
r(29,2,0,165)
r(29,2,0,165)
w(29,3,0,165)
w(29,4,0,165)
w(29,5,3,167)
r(29,5,3,167)
r(26,6,3,167)
r(26,6,3,167)
r(28,0,3,167)
w(29,6,3,167)
w(30,1,3,167)
w(29,7,2,169)
r(29,7,2,169)
r(26,6,2,169)
r(29,7,2,169)
w(29,8,2,169)
r(29,8,2,169)
r(29,8,2,169)
r(26,6,2,169)
w(26,7,4,172)
r(31,0,4,172)
r(27,1,4,172)
w(28,1,4,172)
w(26,8,4,172)
w(31,1,1,173)
r(31,1,1,173)
w(27,2,1,173)
r(31,1,1,173)
w(31,2,1,173)
w(31,3,5,175)
r(26,8,5,175)
w(30,2,5,175)
r(31,3,5,175)
w(32,1,9,178)
r(31,3,9,178)
r(31,3,9,178)
r(31,3,9,178)
w(32,2,9,178)
w(28,2,9,178)
r(31,3,9,178)
r(32,0,0,179)
w(27,3,0,179)
w(31,4,0,179)
r(31,4,0,179)
w(27,4,3,181)
w(27,5,3,181)
r(32,2,3,181)
w(28,3,3,181)
r(32,2,3,181)
r(31,4,3,181)
w(31,5,3,183)
r(31,5,3,183)
r(31,5,3,183)
w(31,6,3,183)
w(32,3,3,183)
w(32,4,3,183)
r(32,4,3,183)
w(32,5,0,185)
r(32,5,0,185)
r(31,6,0,185)
r(30,2,0,185)
w(32,6,0,185)
w(31,7,0,185)
w(32,7,9,187)
w(32,8,9,187)
r(31,7,9,187)
r(28,3,9,187)
r(31,7,9,187)
r(31,7,9,187)
w(31,8,9,187)
w(33,1,4,189)
r(32,8,4,189)
r(27,5,4,189)
w(27,6,4,189)
w(33,2,1,191)
r(32,8,1,191)
r(27,6,1,191)
w(33,3,1,191)
r(33,3,1,191)
w(33,4,1,191)
w(33,5,1,193)
r(32,8,1,193)
r(33,5,1,193)
r(34,0,1,193)
w(33,6,1,193)
r(34,0,1,195)
r(34,0,1,195)
w(34,1,1,195)
r(28,3,1,195)
w(28,4,5,197)
r(34,1,5,197)
r(27,6,5,197)
w(33,7,5,197)
w(34,2,5,197)
r(33,7,4,199)
w(27,7,4,199)
r(33,7,4,199)
w(27,8,4,199)
w(33,8,4,199)
r(33,8,4,199)
w(28,5,4,199)
w(34,3,2,201)
r(35,0,2,201)
w(36,1,2,201)
r(36,1,2,201)
w(28,6,2,201)
r(36,1,2,201)
w(36,2,0,216)
w(34,4,0,216)
r(36,2,0,216)
w(36,3,0,216)
r(34,4,0,216)
r(39,0,0,218)
r(39,0,0,218)
r(39,0,0,218)
w(38,1,0,218)
w(39,4,0,218)
r(38,1,0,218)
r(35,0,0,218)
w(38,2,0,220)
r(28,6,0,220)
w(39,5,0,220)
r(39,5,0,220)
w(39,6,0,220)
r(38,2,0,220)
r(38,2,0,220)
r(39,6,0,222)
r(38,2,0,222)
r(30,2,0,222)
w(39,7,0,222)
w(38,3,0,222)
w(35,7,0,222)
w(39,8,0,222)
r(38,3,0,222)
r(35,7,0,225)
r(28,6,0,225)
r(35,7,0,225)
r(35,7,0,225)
r(40,0,0,225)
r(35,7,0,225)
r(35,7,0,225)
w(40,1,0,225)
r(40,1,4,227)
r(35,7,4,227)
r(38,3,4,227)
r(38,3,4,227)
w(30,3,4,227)
w(40,2,4,227)
r(40,2,4,227)
w(40,3,4,227)
r(40,3,0,231)
r(40,3,0,231)
w(38,4,0,231)
w(35,8,0,231)
r(38,4,0,231)
r(35,8,0,231)
r(38,4,0,231)
w(40,4,0,231)
r(35,8,6,233)
r(38,4,6,233)
w(40,5,6,233)
r(40,5,6,233)
r(37,0,3,235)
r(37,0,3,235)
r(28,6,3,235)
w(28,8,3,235)
r(35,8,3,235)
w(37,2,3,235)
r(37,2,3,235)
r(35,8,3,235)
w(38,5,6,238)
w(38,6,6,238)
r(40,5,6,238)
r(40,5,6,238)
w(40,6,6,238)
w(35,4,9,239)
r(35,4,9,239)
r(35,4,9,239)
w(37,3,9,239)
r(35,4,9,239)
w(35,5,9,239)
w(37,4,9,239)
w(37,5,9,239)
r(39,8,7,240)
r(39,8,7,240)
r(39,8,7,240)
w(39,3,7,240)
r(39,3,7,240)
r(38,6,7,240)
r(39,3,7,240)
r(40,6,0,243)
r(40,6,0,243)
r(40,6,0,243)
w(30,4,0,243)
r(28,8,0,243)
w(38,7,0,243)
w(38,8,0,243)
r(40,6,6,245)
w(40,7,6,245)
w(40,8,6,245)
r(40,8,6,245)
r(41,0,6,245)
r(43,0,6,245)
r(30,4,6,245)
r(43,0,6,245)
w(43,1,5,247)
r(43,1,5,247)
w(41,1,5,247)
r(43,1,5,247)
r(44,0,5,247)
w(44,1,5,247)
r(43,1,5,247)
r(44,1,5,247)
r(43,1,4,250)
r(43,1,4,250)
r(44,1,4,250)
r(43,1,4,250)
r(44,1,4,250)
w(42,1,3,251)
w(42,2,3,251)
r(43,1,3,251)
r(42,2,3,251)
w(43,2,1,253)
w(44,2,1,253)
w(44,3,1,253)
r(42,2,1,253)
w(42,3,1,253)
w(41,2,7,255)
r(43,2,7,255)
r(44,3,7,255)
r(44,3,7,255)
r(42,3,7,255)
r(43,2,7,257)
r(44,3,7,257)
w(44,4,7,257)
r(43,2,7,257)
r(44,4,4,259)
r(43,2,4,259)
w(43,3,4,259)
r(30,4,4,259)
w(43,4,4,259)
r(43,4,4,259)
w(42,4,4,259)
w(42,5,4,259)
r(44,4,5,261)
r(43,4,5,261)
r(44,4,5,261)
r(42,5,5,261)
r(42,5,5,261)
w(44,5,5,261)
r(43,4,5,261)
w(43,5,7,263)
r(44,5,7,263)
r(43,5,7,263)
r(30,4,7,263)
w(43,6,7,263)
r(44,5,0,265)
w(43,7,0,265)
w(44,6,0,265)
w(44,7,0,265)
w(43,8,0,265)
r(44,7,0,265)
w(42,6,0,265)
w(44,8,0,265)
w(41,3,7,267)
w(45,1,7,267)
w(46,1,7,267)
r(46,1,7,267)
w(46,2,7,267)
w(42,7,7,267)
w(46,3,7,267)
w(46,4,7,267)
w(45,2,3,269)
r(46,4,3,269)
w(45,3,3,269)
r(46,4,3,269)
r(45,3,3,269)
r(46,4,7,271)
r(42,7,7,271)
r(46,4,7,271)
w(46,5,7,271)
r(45,3,7,271)
r(30,4,7,271)
w(45,4,7,271)
r(45,4,3,273)
r(42,7,3,273)
w(46,6,3,273)
r(42,7,3,273)
r(30,4,3,273)
r(41,3,6,275)
w(46,7,6,275)
r(45,4,6,275)
r(46,7,6,275)
r(46,7,6,275)
r(46,7,6,275)
w(45,5,1,279)
w(42,8,1,279)
w(46,8,1,279)
r(42,8,1,279)
r(41,3,1,279)
r(42,8,1,279)
w(45,6,1,279)
r(46,8,1,279)
r(45,6,0,281)
r(41,3,0,281)
r(47,0,0,281)
r(45,6,0,281)
r(45,6,0,281)
r(42,8,9,283)
w(47,2,9,283)
r(47,2,9,283)
r(47,2,9,283)
w(47,3,9,283)
r(47,3,9,283)
r(47,3,9,283)
w(47,4,8,285)
w(47,5,8,285)
r(42,8,8,285)
r(45,6,8,285)
w(45,8,8,285)
r(47,5,3,287)
r(47,5,3,287)
r(49,0,3,287)
r(49,0,3,287)
r(47,5,3,287)
w(47,6,3,287)
w(47,7,3,287)
w(47,8,4,289)
w(48,1,4,289)
w(50,1,4,289)
r(48,1,4,289)
r(48,1,4,289)
w(50,2,3,291)
w(50,3,3,291)
r(49,0,3,291)
w(49,1,3,291)
w(50,4,4,306)
w(50,5,4,306)
w(49,2,4,306)
r(30,4,4,306)
r(51,0,4,308)
r(51,0,4,308)
r(51,0,4,308)
r(51,0,4,308)
r(51,0,4,308)
w(48,4,4,308)
r(51,0,4,310)
r(51,0,4,310)
w(52,2,4,310)
r(52,2,4,310)
r(51,0,4,310)
r(50,5,1,311)
w(50,8,1,311)
w(49,5,1,311)
w(51,1,1,311)
r(51,1,1,311)
w(52,3,4,315)
w(41,5,4,315)
r(53,0,4,315)
r(53,0,4,315)
r(53,0,4,315)
w(49,3,0,318)
r(50,8,0,318)
r(49,3,0,318)
w(49,4,0,318)
w(41,4,0,318)
r(48,4,5,320)
r(41,4,5,320)
w(53,2,5,320)
w(48,5,5,320)
w(53,3,0,323)
w(52,6,0,323)
r(48,5,0,323)
r(53,3,0,323)
w(53,4,0,323)
r(30,4,1,325)
w(53,5,1,325)
w(53,6,1,325)
w(53,7,1,325)
r(53,7,1,325)
w(48,6,1,325)
w(53,8,1,325)
w(54,1,1,325)
w(54,2,1,327)
w(54,3,1,327)
w(52,7,1,327)
r(54,3,1,327)
w(54,4,1,327)
w(54,5,1,327)
w(52,8,1,327)
r(54,5,0,329)
r(48,6,0,329)
r(48,6,0,329)
w(54,6,0,329)
r(54,6,0,329)
r(51,0,2,331)
r(51,0,2,331)
r(51,0,2,331)
r(52,0,2,331)
r(52,8,4,332)
w(54,7,4,332)
r(52,8,4,332)
w(54,8,4,332)
w(48,7,4,332)
r(54,8,4,332)
r(52,8,4,332)
r(51,1,8,334)
w(51,4,8,334)
r(48,7,8,334)
w(51,5,8,334)
r(51,5,8,334)
w(51,6,8,334)
w(30,5,8,334)
r(55,0,8,336)
r(55,0,8,336)
w(41,7,8,336)
r(48,7,8,336)
w(51,7,9,337)
w(51,8,9,337)
w(30,6,9,337)
w(52,1,9,337)
r(55,0,1,339)
w(55,1,1,339)
w(55,2,1,339)
r(52,1,1,339)
r(55,2,1,339)
r(55,2,1,341)
r(55,2,1,341)
r(52,1,1,341)
r(48,7,1,341)
w(41,8,1,341)
r(55,2,1,341)
r(48,7,5,343)
w(56,1,5,343)
w(56,2,5,343)
r(55,2,5,343)
r(48,7,2,345)
w(55,3,2,345)
r(55,3,2,345)
r(55,3,2,345)
w(56,3,2,345)
r(55,3,9,348)
r(55,3,9,348)
r(56,3,9,348)
r(56,3,9,348)
w(55,4,9,348)
r(56,3,9,348)
w(56,4,9,348)
w(56,5,9,348)
r(55,4,0,349)
r(48,7,0,349)
w(55,5,0,349)
w(56,6,0,349)
w(56,7,0,349)
r(55,5,0,349)
r(55,5,0,349)
w(56,8,0,349)
r(55,5,7,351)
w(48,8,7,351)
r(55,5,7,351)
w(55,6,7,351)
r(57,0,7,351)
r(55,6,7,351)
r(55,6,3,353)
w(55,7,3,353)
r(57,0,3,353)
r(59,0,3,353)
r(58,0,3,353)
r(59,0,3,353)
w(59,1,7,355)
w(58,1,7,355)
r(55,7,7,355)
w(55,8,7,355)
w(60,1,0,357)
w(60,2,0,357)
r(60,2,0,357)
w(59,2,0,357)
r(60,2,3,359)
w(60,3,3,359)
w(30,7,3,359)
w(57,1,3,359)
r(58,1,3,359)
r(60,3,6,361)
r(60,3,6,361)
w(58,2,6,361)
w(60,4,6,361)
r(57,1,6,361)
r(60,4,6,361)
r(57,1,6,361)
w(58,3,6,363)
r(60,4,6,363)
r(58,3,6,363)
r(60,4,6,363)
w(58,4,6,363)
r(58,4,6,365)
w(60,5,6,365)
r(58,4,6,365)
w(57,2,6,365)
w(59,3,6,365)
w(60,6,6,365)
w(59,4,6,365)
r(60,6,6,365)
w(30,8,4,367)
r(57,2,4,367)
r(60,6,4,367)
w(60,7,4,367)
r(60,7,4,367)
r(60,7,4,367)
r(60,7,4,367)
r(60,7,4,367)
r(60,7,9,370)
r(60,7,9,370)
w(57,3,9,370)
r(60,7,9,370)
r(58,4,9,370)
w(59,5,9,370)
w(58,5,9,370)
w(59,6,9,370)
r(57,3,6,373)
w(61,1,6,373)
r(61,1,6,373)
r(61,1,6,373)
r(57,3,6,373)
w(57,7,6,375)
r(57,7,6,375)
r(61,1,6,375)
w(61,2,6,375)
w(61,3,6,375)
w(61,4,6,375)
r(61,4,6,375)
w(61,5,6,375)
w(57,8,0,377)
w(61,6,0,377)
w(59,7,0,377)
w(58,6,0,377)
r(57,8,0,377)
r(58,6,0,377)
r(61,6,0,377)
r(61,6,0,379)
w(61,7,0,379)
r(57,8,0,379)
w(59,8,0,379)
r(61,7,0,379)
r(58,6,0,379)
r(57,8,8,381)
w(61,8,8,381)
r(63,0,8,381)
w(63,1,8,381)
w(63,2,8,381)
r(62,0,8,381)
r(58,6,2,383)
w(63,3,2,383)
r(63,3,2,383)
w(58,7,2,383)
w(63,4,5,385)
w(63,5,5,385)
r(58,7,5,385)
r(58,7,5,385)
r(63,5,5,385)
w(58,8,4,400)
w(64,1,4,400)
w(64,2,4,400)
w(63,6,4,400)
r(62,0,4,400)
w(64,8,4,402)
w(68,3,4,402)
w(68,4,4,402)
r(68,4,4,402)
w(68,5,4,402)
w(68,6,4,402)
r(65,0,8,404)
w(64,4,8,404)
w(65,3,8,404)
w(65,4,8,404)
r(65,4,8,404)
r(65,4,8,404)
w(64,5,8,404)
w(68,7,4,406)
r(67,0,4,406)
w(68,8,4,406)
w(69,1,4,406)
w(69,2,4,406)
w(70,1,0,409)
w(66,2,0,409)
w(70,2,0,409)
r(69,2,0,409)
w(66,3,0,409)
w(70,3,0,409)
r(66,0,3,411)
r(62,0,3,411)
r(65,4,3,411)
r(64,5,3,411)
r(64,5,3,411)
w(65,5,3,411)
r(65,5,3,411)
r(66,3,0,412)
w(70,4,0,412)
r(70,4,0,412)
w(69,3,0,412)
w(70,5,0,412)
w(70,6,0,412)
r(70,6,8,414)
w(69,4,8,414)
r(69,4,8,414)
r(70,6,8,414)
w(70,7,8,414)
r(70,7,8,414)
r(69,4,8,414)
r(70,7,6,416)
r(69,4,6,416)
r(67,0,6,416)
w(66,4,6,416)
r(66,4,6,416)
r(70,7,6,416)
r(69,4,6,416)
w(69,5,6,416)
w(62,1,0,419)
w(66,5,0,419)
w(66,6,0,419)
r(69,5,0,419)
r(69,5,0,419)
r(70,7,0,419)
r(69,5,0,419)
w(70,8,1,421)
w(69,6,1,421)
r(69,6,1,421)
r(70,8,1,421)
w(62,2,1,421)
r(70,8,1,421)
r(66,0,2,422)
r(65,5,2,422)
r(64,5,2,422)
r(67,0,2,422)
w(65,7,2,422)
w(64,6,2,422)
r(66,6,1,424)
r(66,6,1,424)
r(71,0,1,424)
r(71,0,1,424)
w(69,7,4,426)
w(62,3,4,426)
r(71,0,4,426)
r(71,0,4,426)
r(69,7,4,426)
w(71,1,1,429)
r(66,6,1,429)
w(71,2,1,429)
r(71,2,1,429)
r(66,6,1,429)
r(65,7,9,430)
w(64,7,9,430)
r(65,7,9,430)
r(65,7,9,430)
w(65,8,9,430)
r(66,0,9,430)
r(65,8,9,430)
r(64,7,9,430)
w(71,3,6,433)
r(69,7,6,433)
w(71,4,6,433)
w(71,5,6,433)
w(69,8,6,433)
w(71,6,6,433)
w(71,7,6,433)
w(71,8,3,435)
r(71,8,3,435)
w(73,1,3,435)
w(66,7,3,435)
w(72,1,3,435)
w(73,2,3,437)
r(73,2,3,437)
r(62,3,3,437)
r(73,2,3,437)
r(73,2,3,437)
r(73,2,8,439)
r(73,2,8,439)
w(73,3,8,439)
w(73,4,8,439)
w(66,8,6,441)
w(73,5,6,441)
r(72,1,6,441)
r(72,1,6,441)
r(73,5,3,443)
r(73,5,3,443)
r(62,3,3,443)
w(72,2,3,443)
w(73,6,3,443)
r(73,6,3,443)
r(74,0,3,443)
w(73,7,3,445)
r(62,3,3,445)
w(72,3,3,445)
w(72,4,3,445)
r(74,0,2,447)
w(73,8,2,447)
r(75,0,2,447)
r(75,0,2,447)
r(75,0,2,447)
r(75,0,2,447)
w(75,1,2,447)
w(75,2,1,449)
r(75,2,1,449)
r(75,2,1,449)
r(75,2,1,449)
w(75,3,1,449)
r(62,3,5,451)
r(72,4,5,451)
w(72,5,5,451)
r(75,3,5,451)
w(75,4,5,451)
r(72,5,5,451)
w(75,5,8,453)
w(75,6,8,453)
w(72,6,8,453)
w(75,7,8,453)
r(62,3,8,453)
w(75,8,8,453)
r(75,8,8,453)
w(76,1,2,455)
w(62,4,2,455)
r(76,1,2,455)
r(62,4,2,455)
r(74,0,2,455)
w(74,1,6,457)
r(76,1,6,457)
r(76,1,6,457)
r(62,4,6,457)
r(76,1,6,457)
r(74,1,6,457)
w(76,2,6,457)
w(76,3,1,459)
r(76,3,1,459)
w(76,4,1,459)
w(72,7,1,459)
w(72,8,1,459)
r(76,4,8,461)
w(74,2,8,461)
w(76,5,8,461)
r(76,5,8,461)
w(76,6,8,461)
w(76,7,8,461)
r(77,0,6,463)
w(76,8,6,463)
r(76,8,6,463)
r(76,8,6,463)
r(74,2,6,463)
r(74,2,6,463)
w(77,1,6,463)
r(76,8,6,463)
r(76,8,9,465)
w(77,2,9,465)
w(74,3,9,465)
r(77,2,9,465)
r(76,8,9,465)
w(77,3,1,467)
r(76,8,1,467)
r(76,8,1,467)
r(78,0,1,467)
w(74,4,1,467)
w(62,5,1,467)
w(78,1,6,469)
w(67,3,6,469)
w(74,5,6,469)
r(77,3,6,469)
r(78,1,6,469)
r(78,1,6,469)
r(78,1,6,469)
r(74,5,5,472)
w(78,2,5,472)
r(78,2,5,472)
w(78,3,5,472)
r(78,3,9,477)
r(78,3,9,477)
w(78,7,9,477)
w(67,4,9,477)
r(78,7,9,477)
r(78,7,9,477)
r(77,3,9,477)
r(62,5,9,477)
r(79,0,0,480)
r(79,0,0,480)
r(79,0,0,480)
r(79,0,0,480)
r(77,3,0,480)
r(74,5,4,481)
w(67,5,4,481)
w(77,5,4,481)
w(77,6,4,481)
w(79,1,4,481)
w(77,7,4,481)
w(77,8,4,481)
r(62,5,4,481)
w(67,6,3,496)
r(79,1,3,496)
r(79,1,3,496)
w(79,4,3,496)
r(79,4,3,496)
r(79,4,3,496)
r(80,0,3,498)
r(80,0,3,498)
r(74,5,3,498)
r(74,5,3,498)
r(67,6,3,500)
r(80,0,3,500)
r(81,0,3,500)
r(62,5,3,500)
r(81,0,3,500)
w(80,7,3,500)
w(80,8,3,500)
w(81,5,7,504)
r(81,5,7,504)
r(81,5,7,504)
r(80,8,7,504)
r(81,5,7,507)
w(81,6,7,507)
r(80,8,7,507)
r(80,8,7,507)
w(81,7,7,507)
r(80,8,7,507)
r(74,5,7,507)
r(67,6,4,510)
w(82,1,4,510)
r(62,5,4,510)
r(81,7,4,510)
w(82,2,4,510)
r(83,0,4,510)
w(80,2,8,511)
r(74,5,8,511)
r(79,4,8,511)
r(79,4,8,511)
w(74,6,8,511)
r(79,4,8,511)
w(81,8,0,514)
w(83,1,0,514)
r(81,8,0,514)
r(84,0,0,514)
w(84,1,0,514)
r(84,1,0,514)
r(84,1,0,514)
w(83,2,0,514)
r(84,1,0,517)
r(62,5,0,517)
r(62,5,0,517)
r(84,1,0,517)
r(84,1,7,519)
r(82,2,7,519)
w(67,7,7,519)
w(84,2,7,519)
w(84,3,7,519)
r(83,2,7,519)
r(84,3,7,519)
w(84,4,7,519)
r(84,4,7,521)
w(84,5,7,521)
w(84,6,7,521)
r(84,6,7,521)
r(83,2,7,521)
r(82,2,7,521)
r(84,6,7,521)
r(81,0,2,524)
w(74,8,2,524)
w(80,4,2,524)
r(81,0,2,524)
w(80,5,2,524)
w(84,7,0,525)
w(84,8,0,525)
r(62,5,0,525)
r(84,8,0,525)
w(83,3,4,526)
r(84,6,4,526)
r(62,5,4,526)
w(83,4,4,526)
r(62,5,9,529)
w(83,5,9,529)
w(85,1,9,529)
w(85,2,9,529)
w(82,3,9,529)
w(85,3,1,531)
w(85,4,1,531)
w(85,5,1,531)
r(85,5,1,531)
r(82,3,1,531)
w(82,4,1,531)
w(83,6,1,531)
w(85,6,1,531)
r(62,5,6,533)
r(83,6,6,533)
w(85,7,6,533)
w(83,7,6,533)
r(62,5,3,535)
r(85,7,3,535)
w(85,8,3,535)
r(85,8,3,535)
w(82,5,3,535)
w(86,1,7,537)
r(67,7,7,537)
w(86,2,7,537)
r(86,2,7,537)
w(86,3,7,537)
r(82,5,7,537)
r(67,7,7,537)
r(83,7,0,539)
r(83,7,0,539)
r(83,7,0,539)
r(86,3,0,539)
r(83,7,0,539)
w(83,8,0,539)
r(82,5,6,541)
w(82,6,6,541)
r(86,3,6,541)
r(62,5,6,541)
w(62,7,6,541)
w(86,4,6,541)
r(83,8,5,544)
r(62,7,5,544)
r(86,4,5,544)
w(86,5,5,544)
r(86,5,0,547)
w(87,2,0,547)
w(86,8,0,547)
r(86,8,0,547)
r(87,2,0,547)
w(87,3,0,547)
r(88,0,7,549)
w(87,4,7,549)
w(88,1,7,549)
w(88,2,7,549)
w(62,8,7,549)
w(87,5,0,551)
w(82,7,0,551)
w(88,3,0,551)
r(88,3,0,551)
w(87,6,0,551)
w(87,7,3,553)
w(88,4,3,553)
r(87,7,3,553)
w(87,8,3,553)
r(87,8,3,553)
r(87,8,3,553)
w(82,8,1,555)
r(88,4,1,555)
r(88,4,1,555)
w(88,5,1,555)
r(89,0,1,555)
r(87,8,1,555)
w(88,6,1,555)
w(88,7,2,557)
w(89,1,2,557)
w(88,8,2,557)
r(90,0,2,557)
w(91,1,2,557)
w(90,1,2,557)
r(91,1,9,559)
r(82,8,9,559)
r(91,1,9,559)
r(90,1,9,559)
w(90,2,9,559)
r(90,2,9,559)
w(91,2,1,561)
w(90,3,1,561)
r(91,2,1,561)
r(91,2,1,561)
w(89,2,1,561)
w(90,4,1,561)
w(91,3,1,561)
r(91,3,5,563)
w(91,4,5,563)
r(92,0,5,563)
r(89,2,5,563)
r(92,0,5,563)
w(91,5,5,563)
r(91,5,5,563)
r(90,4,5,563)
w(90,5,4,565)
w(91,6,4,565)
w(91,7,4,565)
r(92,0,4,565)
r(90,5,4,565)
r(91,7,4,565)
r(90,5,4,565)
r(91,7,3,567)
w(91,8,3,567)
r(91,8,3,567)
r(90,5,3,567)
r(91,8,3,567)
r(91,8,3,567)
r(91,8,3,567)
r(91,8,8,569)
r(90,5,8,569)
r(90,5,8,569)
w(89,3,8,569)
r(93,0,8,569)
w(89,4,8,569)
w(92,1,8,569)
r(93,0,8,569)
r(90,5,1,571)
w(93,1,1,571)
w(90,6,1,571)
r(90,6,1,571)
r(90,6,3,573)
r(67,7,3,573)
r(89,4,3,573)
r(92,1,3,573)
w(92,2,3,573)
r(90,6,3,573)
w(90,7,3,573)
r(90,7,3,573)
w(89,5,7,575)
w(93,2,7,575)
w(93,3,7,575)
w(93,4,7,575)
w(93,5,7,575)
r(92,2,5,577)
r(93,5,5,577)
r(93,5,5,577)
w(89,6,5,577)
r(90,7,1,592)
r(93,5,1,592)
r(93,5,1,592)
w(93,6,1,592)
r(90,7,1,592)
w(93,7,1,592)
w(92,3,1,592)
r(90,7,1,592)
r(95,0,1,594)
w(95,7,1,594)
w(98,1,1,594)
r(92,3,1,594)
w(92,8,1,594)
r(98,1,1,594)
r(89,6,1,594)
w(95,8,1,596)
w(99,1,1,596)
r(100,0,1,596)
w(98,2,1,596)
w(99,2,1,596)
w(98,3,1,596)
w(98,4,1,598)
w(89,8,1,598)
r(98,4,1,598)
w(98,5,1,598)
r(98,5,1,598)
r(99,2,1,601)
w(99,3,1,601)
r(89,8,1,601)
r(99,3,1,601)
r(99,3,1,603)
r(99,3,1,603)
w(100,1,1,603)
r(100,1,1,603)
w(98,6,1,603)
w(99,4,1,605)
r(98,6,1,605)
r(100,1,1,605)
w(100,2,1,605)
r(94,0,5,606)
w(90,8,5,606)
r(92,8,5,606)
w(92,5,5,606)
r(94,0,5,606)
r(89,8,5,606)
w(94,1,5,606)
w(94,2,9,608)
w(94,3,9,608)
w(94,4,9,608)
w(94,5,9,608)
r(94,5,9,608)
w(94,6,9,608)
r(94,6,9,608)
r(97,0,4,610)
w(98,7,4,610)
r(99,4,4,610)
r(98,7,4,610)
w(99,5,4,610)
w(98,8,4,610)
r(98,8,9,612)
w(97,1,9,612)
r(99,5,9,612)
r(98,8,9,612)
r(99,5,9,612)
r(96,0,0,613)
w(96,2,0,613)
r(96,2,0,613)
w(96,3,0,613)
w(95,2,0,613)
r(95,2,0,613)
w(96,4,0,613)
w(95,3,0,613)
w(99,6,0,615)
r(100,2,0,615)
r(101,0,0,615)
w(99,7,0,615)
w(101,1,0,615)
r(101,1,0,615)
r(101,1,0,615)
r(99,7,7,619)
r(101,1,7,619)
r(100,2,7,619)
r(99,7,7,619)
r(95,3,6,622)
r(96,4,6,622)
w(96,7,6,622)
r(96,7,6,622)
r(92,5,6,622)
w(92,6,6,622)
r(95,3,6,622)
r(101,1,4,623)
w(101,2,4,623)
w(100,3,4,623)
w(101,3,4,623)
w(101,4,6,625)
w(99,8,6,625)
w(100,4,6,625)
w(97,2,6,625)
r(101,4,6,625)
w(101,5,6,625)
r(101,5,5,629)
r(99,8,5,629)
r(99,8,5,629)
r(103,0,5,629)
r(101,5,3,630)
w(101,6,3,630)
w(101,7,3,630)
w(101,8,3,630)
r(101,8,3,630)
r(101,8,3,630)
w(102,1,3,630)
r(100,4,8,633)
w(104,2,8,633)
r(104,2,8,633)
r(103,0,8,633)
r(103,0,8,633)
w(103,2,7,635)
r(100,4,7,635)
r(103,2,7,635)
r(100,4,7,635)
w(103,3,2,637)
w(100,5,2,637)
r(103,3,2,637)
r(104,2,2,637)
w(103,4,8,641)
w(103,5,8,641)
w(103,6,8,641)
w(103,7,8,641)
w(100,6,9,643)
w(105,2,9,643)
r(100,6,9,643)
w(104,4,9,643)
r(105,2,9,643)
r(105,2,6,645)
r(105,2,6,645)
w(105,3,6,645)
r(105,3,6,645)
r(104,4,6,645)
w(105,4,6,645)
r(100,6,2,647)
w(100,7,2,647)
r(104,4,2,647)
r(100,7,2,647)
r(104,4,2,647)
r(104,4,2,647)
w(104,5,2,647)
w(105,5,2,647)
r(105,5,1,649)
w(104,6,1,649)
r(105,5,1,649)
w(105,6,1,649)
r(105,6,1,649)
r(105,6,5,651)
r(105,6,5,651)
r(100,7,5,651)
r(105,6,5,651)
w(104,7,5,651)
w(104,8,5,651)
w(100,8,5,651)
w(97,3,3,653)
r(104,8,3,653)
r(104,8,3,653)
r(105,6,3,653)
r(105,6,3,653)
r(105,6,8,655)
r(105,6,8,655)
r(105,6,8,655)
r(104,8,8,655)
r(105,6,6,657)
r(100,8,6,657)
w(105,7,6,657)
r(104,8,6,657)
r(105,7,3,659)
r(100,8,3,659)
r(105,7,3,659)
w(105,8,3,659)
r(97,3,3,659)
w(97,4,3,659)
r(106,0,3,661)
r(105,8,3,661)
r(106,0,3,661)
r(105,8,3,661)
r(105,8,2,663)
r(107,0,2,663)
r(106,0,2,663)
r(102,1,2,663)
w(107,1,2,663)
w(108,1,2,663)
w(108,2,2,663)
w(108,3,9,665)
w(108,4,9,665)
r(106,0,9,665)
r(108,4,9,665)
r(106,0,9,665)
r(106,0,9,665)
r(102,1,9,665)
w(106,1,7,667)
r(108,4,7,667)
w(102,3,7,667)
w(108,5,7,667)
r(108,5,7,667)
r(108,5,7,667)
r(102,3,7,667)
r(108,5,7,667)
r(107,1,5,669)
r(108,5,5,669)
w(108,6,5,669)
r(102,3,5,669)
w(108,7,5,669)
r(106,1,5,669)
r(109,0,9,672)
r(107,1,9,672)
r(109,0,9,672)
w(107,2,9,672)
w(108,8,5,674)
r(106,1,5,674)
w(106,2,5,674)
w(102,4,5,674)
w(106,3,5,674)
w(102,5,6,677)
w(109,5,6,677)
r(109,5,6,677)
w(109,6,6,677)
w(106,5,6,677)
r(109,6,3,679)
w(109,7,3,679)
w(102,6,3,679)
r(109,7,3,679)
r(106,5,3,679)
r(107,2,3,679)
r(109,7,3,679)
r(106,5,3,679)
w(109,8,2,681)
r(110,0,2,681)
w(110,1,2,681)
r(106,5,2,681)
r(106,5,2,681)
r(110,1,8,696)
w(110,2,8,696)
r(110,2,8,696)
w(110,3,8,696)
w(107,3,8,696)
w(111,5,8,698)
w(112,6,8,698)
w(111,6,8,698)
w(112,7,8,698)
w(112,8,8,698)
r(111,6,8,698)
r(107,3,8,698)
r(114,0,8,698)
r(114,0,8,700)
r(111,6,8,700)
w(113,1,8,700)
r(111,6,8,700)
r(106,5,4,701)
r(110,3,4,701)
r(110,3,4,701)
w(102,7,4,701)
r(106,5,1,703)
r(110,3,1,703)
r(110,3,1,703)
w(106,6,1,703)
r(107,3,1,703)
r(107,3,7,705)
r(107,3,7,705)
w(114,1,7,705)
w(111,7,7,705)
w(114,2,7,705)
w(114,3,7,705)
r(114,3,7,705)
w(107,6,7,705)
r(111,7,7,707)
r(97,4,7,707)
r(114,3,7,707)
r(114,3,7,707)
r(114,3,8,709)
r(111,7,8,709)
r(114,3,8,709)
r(114,3,8,709)
w(114,4,8,709)
r(111,7,7,714)
r(107,6,7,714)
w(97,6,7,714)
r(114,4,7,714)
r(107,6,5,718)
w(111,8,5,718)
r(115,0,5,718)
r(114,4,5,718)
w(115,1,5,718)
r(113,1,5,718)
r(114,4,5,718)
r(114,4,5,718)
r(114,4,8,720)
r(114,4,8,720)
w(115,2,8,720)
w(114,5,8,720)
w(114,6,8,720)
r(115,2,2,722)
w(107,7,2,722)
r(114,6,2,722)
r(107,7,2,722)
w(114,7,2,722)
w(114,8,2,722)
r(114,8,6,725)
r(115,2,6,725)
r(114,8,6,725)
w(107,8,6,725)
w(116,1,6,727)
r(107,8,6,727)
w(116,2,6,727)
r(97,6,6,727)
r(116,2,6,727)
r(116,2,6,727)
r(113,1,6,727)
w(116,3,6,727)
r(115,2,3,729)
w(116,4,3,729)
w(115,3,3,729)
r(107,8,3,729)
r(116,4,3,729)
r(116,4,4,731)
w(117,1,4,731)
w(116,5,4,731)
r(117,1,4,731)
r(115,3,4,731)
w(117,2,4,731)
r(115,3,4,731)
r(116,5,9,733)
w(116,6,9,733)
r(116,6,9,733)
w(116,7,9,733)
w(116,8,9,733)
r(116,8,9,733)
r(118,0,9,733)
r(118,0,9,733)
r(117,2,8,736)
r(118,0,8,736)
w(115,4,8,736)
w(113,2,8,736)
w(117,3,8,736)
w(97,7,1,737)
r(115,3,1,737)
r(118,0,1,737)
w(118,1,1,737)
w(115,5,3,739)
r(118,1,3,739)
w(117,4,3,739)
r(115,5,3,739)
r(117,4,3,739)
r(115,5,1,741)
w(117,5,1,741)
r(118,1,1,741)
r(115,5,1,741)
w(118,2,9,743)
r(97,7,9,743)
w(115,6,9,743)
w(97,8,9,743)
r(115,6,6,745)
w(115,7,6,745)
w(118,3,6,745)
w(113,3,6,745)
w(118,4,3,747)
w(118,5,3,747)
w(115,8,3,747)
r(118,5,3,747)
w(113,4,3,747)
r(115,8,3,747)
r(113,4,0,749)
w(118,6,0,749)
w(118,7,0,749)
w(118,8,0,749)
r(118,8,0,749)
r(113,4,0,749)
r(118,8,7,751)
w(117,6,7,751)
w(117,7,7,751)
r(113,4,7,751)
r(119,0,7,751)
r(118,8,7,751)
w(120,1,7,751)
w(120,2,6,753)
r(117,7,6,753)
w(120,3,6,753)
r(120,3,6,753)
r(119,0,6,753)
w(120,4,6,753)
w(117,8,6,753)
w(120,5,6,753)
r(119,0,5,755)
r(119,0,5,755)
r(120,5,5,755)
r(119,0,5,755)
r(120,5,5,755)
r(119,0,5,755)
w(120,6,5,755)
r(119,0,2,758)
r(120,6,2,758)
w(120,7,2,758)
w(120,8,2,758)
w(119,1,2,758)
w(119,2,2,758)
r(121,0,2,758)
r(121,0,2,758)
r(120,6,9,759)
w(121,1,9,759)
w(113,5,9,759)
r(120,6,9,759)
r(120,6,9,759)
r(121,1,6,761)
w(119,3,6,761)
w(122,1,6,761)
w(122,2,6,761)
r(122,2,6,761)
r(119,3,4,763)
r(119,3,4,763)
r(113,5,4,763)
w(119,4,4,763)
r(119,4,4,763)
r(122,2,4,763)
w(122,3,4,763)
w(122,4,4,765)
w(119,5,4,765)
r(119,5,4,765)
r(122,4,4,765)
r(119,5,4,765)
r(119,5,1,767)
r(122,4,1,767)
r(119,5,1,767)
r(119,5,1,767)
r(122,4,1,767)
w(119,6,1,767)
r(122,4,1,769)
r(122,4,1,769)
r(119,6,1,769)
w(121,2,1,769)
w(122,5,1,769)
r(119,6,1,769)
w(121,3,0,772)
r(122,5,0,772)
w(122,6,0,772)
r(119,6,0,772)
r(121,3,0,788)
r(122,6,0,788)
w(122,8,0,788)
r(119,6,0,788)
r(126,0,0,790)
w(126,3,0,790)
r(126,3,0,790)
w(127,1,0,790)
w(127,2,0,790)
r(125,0,0,790)
w(126,4,0,790)
r(128,0,0,790)
r(122,8,4,791)
w(121,4,4,791)
r(123,0,4,791)
r(124,0,4,791)
w(124,1,4,791)
r(128,0,0,793)
r(127,2,0,793)
r(126,4,0,793)
w(126,5,0,793)
w(126,6,8,797)
r(128,0,8,797)
w(128,1,8,797)
r(126,6,8,797)
w(128,2,8,797)
w(127,3,8,797)
r(126,6,8,797)
w(126,7,8,797)
r(126,7,8,799)
r(126,7,8,799)
w(123,2,8,799)
r(126,7,8,799)
w(113,6,8,799)
r(126,7,8,799)
r(124,1,1,800)
r(121,4,1,800)
r(124,1,1,800)
r(123,0,1,800)
w(126,8,0,802)
w(129,1,0,802)
w(128,3,0,802)
w(129,2,0,802)
r(129,2,0,802)
r(128,3,1,805)
r(128,3,1,805)
w(129,3,1,805)
r(129,3,1,805)
w(129,4,1,805)
w(124,6,2,807)
r(121,4,2,807)
w(124,7,2,807)
w(125,6,2,807)
w(124,8,2,807)
w(125,7,2,807)
r(125,7,2,807)
r(125,7,2,807)
w(128,4,9,810)
w(129,5,9,810)
r(129,5,9,810)
r(127,3,9,810)
w(127,4,9,810)
r(129,5,9,810)
w(128,5,9,813)
r(128,5,9,813)
r(129,5,9,813)
w(127,5,9,813)
r(129,5,5,815)
r(129,5,5,815)
w(129,6,5,815)
r(129,6,5,815)
w(129,7,5,815)
w(130,3,2,819)
r(130,3,2,819)
r(128,5,2,819)
w(130,4,2,819)
w(128,6,2,819)
w(130,5,5,821)
w(130,6,5,821)
w(130,7,5,821)
r(113,6,5,821)
w(127,6,5,821)
w(128,7,3,823)
w(123,3,3,823)
w(130,8,3,823)
r(127,6,3,823)
r(130,8,3,823)
r(123,3,4,825)
w(131,1,4,825)
r(128,7,4,825)
w(128,8,4,825)
w(131,2,4,825)
r(127,6,4,825)
r(128,8,4,825)
r(113,6,4,825)
r(131,2,8,827)
w(113,7,8,827)
w(131,3,8,827)
r(113,7,8,827)
w(131,4,8,827)
r(123,3,8,827)
r(131,4,8,827)
r(131,4,8,827)
r(131,4,5,829)
r(127,6,5,829)
w(131,5,5,829)
r(132,0,5,829)
w(132,1,5,829)
w(131,6,5,829)
w(131,7,5,829)
r(132,1,5,829)
w(127,7,5,831)
r(113,7,5,831)
r(127,7,5,831)
r(131,7,5,831)
r(131,7,5,831)
w(132,4,1,835)
w(123,4,1,835)
r(133,0,1,835)
w(132,5,1,835)
r(133,0,1,835)
r(133,0,1,835)
w(134,1,1,835)
r(133,0,1,835)
w(133,1,3,837)
r(133,1,3,837)
r(133,1,3,837)
w(133,2,3,837)
w(133,3,5,839)
r(132,5,5,839)
w(133,4,5,839)
w(132,6,5,839)
w(132,7,9,841)
w(113,8,9,841)
w(133,5,9,841)
r(133,5,9,841)
w(133,6,9,843)
w(132,8,9,843)
w(134,2,9,843)
r(134,2,9,843)
r(133,6,9,843)
r(133,6,9,843)
w(133,7,9,843)
r(133,7,8,845)
r(132,8,8,845)
w(133,8,8,845)
r(133,8,8,845)
r(134,2,0,847)
r(137,0,0,847)
r(137,0,0,847)
r(137,0,0,847)
r(136,0,0,847)
w(137,1,0,847)
r(137,1,5,849)
w(137,2,5,849)
w(136,1,5,849)
r(135,0,5,849)
r(137,2,5,849)
w(134,3,5,849)
r(137,2,1,851)
w(134,4,1,851)
w(137,3,1,851)
r(137,3,1,851)
w(137,4,1,851)
w(136,2,1,851)
r(137,4,1,851)
w(137,5,5,853)
r(137,5,5,853)
r(137,5,5,853)
w(137,6,5,853)
w(137,7,5,853)
w(137,8,5,853)
r(134,4,0,855)
w(136,3,0,855)
w(136,4,0,855)
w(138,1,0,855)
r(138,1,0,855)
w(136,5,0,855)
r(138,1,0,855)
w(123,5,0,855)
w(123,6,6,857)
w(138,2,6,857)
r(135,0,6,857)
r(138,2,6,857)
r(136,5,6,857)
w(138,3,4,860)
r(136,5,4,860)
w(138,4,4,860)
w(135,1,4,860)
r(135,1,4,860)
w(136,6,4,860)
w(135,2,4,860)
r(139,0,0,865)
r(138,4,0,865)
r(139,0,0,865)
r(135,2,0,865)
w(136,7,5,884)
w(136,8,5,884)
r(136,8,5,884)
r(136,8,5,884)
r(136,8,5,884)
w(138,5,5,884)
w(138,6,5,884)
r(138,6,5,884)
r(142,0,2,885)
w(144,4,2,885)
r(134,4,2,885)
r(143,0,2,885)
w(144,5,2,885)
w(144,6,2,885)
w(144,7,2,885)
r(143,0,2,892)
r(144,7,2,892)
w(142,3,2,892)
r(144,7,2,892)
w(144,8,2,892)
w(134,8,2,892)
r(143,0,6,894)
w(145,1,6,894)
w(145,2,6,894)
w(145,3,6,894)
w(145,4,6,894)
w(145,5,6,894)
r(138,6,9,897)
w(138,7,9,897)
r(139,0,9,897)
w(138,8,9,897)
r(139,0,9,897)
r(134,4,9,897)
r(134,4,9,897)
w(135,4,9,897)
w(142,4,9,902)
r(146,0,9,902)
r(146,0,9,902)
r(146,0,9,902)
r(143,0,9,902)
w(147,1,9,902)
w(146,3,9,902)
r(140,0,4,903)
w(140,6,4,903)
r(140,6,4,903)
r(139,0,4,903)
w(135,7,4,903)
w(135,8,4,903)
w(146,4,2,905)
w(147,2,2,905)
w(146,5,2,905)
r(142,4,2,905)
w(146,6,2,905)
w(147,3,2,905)
r(147,3,9,911)
r(143,0,9,911)
r(147,3,9,911)
r(147,3,9,911)
w(142,5,3,914)
r(146,6,3,914)
r(143,0,3,914)
w(146,8,3,914)
r(142,5,3,914)
r(147,3,3,914)
r(147,3,3,914)
r(148,0,3,914)
r(123,6,4,916)
r(148,0,4,916)
r(148,0,4,916)
r(148,0,4,916)
r(149,0,1,918)
r(149,0,1,918)
r(149,0,1,918)
r(149,0,1,918)
r(148,0,1,918)
w(149,1,1,918)
w(149,2,1,918)
w(148,1,3,920)
r(148,1,3,920)
r(149,2,3,920)
w(148,2,3,920)
w(148,3,3,920)
w(149,3,3,920)
w(148,4,3,920)
w(148,5,3,920)
r(148,5,5,922)
w(148,6,5,922)
w(149,4,5,922)
r(149,4,5,922)
r(148,6,2,924)
w(149,5,2,924)
r(149,5,2,924)
r(147,3,2,924)
w(148,7,2,924)
r(148,7,2,924)
r(148,7,2,924)
r(147,3,2,924)
w(148,8,6,926)
r(148,8,6,926)
r(149,5,6,926)
r(142,5,6,926)
r(150,0,6,926)
r(147,3,6,926)
r(150,0,2,928)
w(123,8,2,928)
w(150,1,2,928)
r(149,5,2,928)
r(150,1,2,928)
w(141,4,0,929)
r(141,4,0,929)
w(141,5,0,929)
w(141,6,0,929)
r(141,6,0,929)
w(139,8,0,929)
w(149,6,0,931)
w(150,2,0,931)
r(149,6,0,931)
w(147,5,0,931)
w(149,7,0,931)
r(149,7,0,931)
r(150,2,0,931)
r(150,2,0,931)
r(150,2,1,933)
w(149,8,1,933)
r(149,8,1,933)
r(147,5,1,933)
r(150,2,1,933)
r(150,2,5,935)
r(150,2,5,935)
w(150,3,5,935)
w(150,4,5,935)
r(150,4,5,935)
r(142,5,5,935)
w(151,1,0,937)
r(151,1,0,937)
r(150,4,0,937)
r(150,4,0,937)
w(147,6,0,937)
r(147,6,0,937)
r(150,4,0,937)
w(150,5,0,937)
r(150,5,4,939)
w(150,6,4,939)
r(150,6,4,939)
w(151,2,4,939)
r(150,6,2,941)
w(147,7,2,941)
w(150,7,2,941)
w(150,8,2,941)
r(150,8,2,941)
r(142,5,8,944)
r(152,0,8,944)
r(152,0,8,944)
r(151,2,8,944)
r(152,0,8,944)
r(152,0,8,944)
w(152,1,8,944)
r(152,1,8,944)
w(152,4,7,947)
r(152,4,7,947)
r(152,4,7,947)
w(152,5,7,947)
w(152,6,7,947)
w(153,1,7,947)
r(152,6,7,947)
r(152,6,0,949)
r(152,6,0,949)
r(151,2,0,949)
w(153,2,0,949)
w(151,3,0,949)
w(151,4,0,949)
r(151,4,0,949)
r(152,6,0,949)
r(152,6,8,951)
w(153,3,8,951)
w(152,7,8,951)
r(151,4,8,951)
r(151,4,3,954)
w(152,8,3,954)
r(152,8,3,954)
r(151,4,3,954)
r(152,8,3,954)
