r(4,0,5,3)
r(3,0,5,3)
w(4,1,5,3)
r(4,1,5,3)
w(3,1,5,3)
r(4,1,6,6)
r(2,0,6,6)
w(4,6,6,6)
r(3,1,6,6)
w(1,1,6,6)
w(2,1,6,6)
r(4,6,1,7)
w(4,7,1,7)
w(4,8,1,7)
w(5,1,1,7)
r(3,1,1,7)
r(5,1,9,10)
r(5,1,9,10)
w(2,2,9,10)
r(3,1,9,10)
w(3,3,9,10)
r(1,1,9,10)
r(3,3,4,14)
r(5,1,4,14)
w(5,3,4,14)
r(1,1,4,14)
w(5,4,4,14)
r(5,4,4,14)
w(2,4,4,14)
w(3,5,4,14)
w(5,5,1,17)
w(5,6,1,17)
r(5,6,1,17)
r(3,5,1,17)
w(1,2,1,17)
w(3,6,1,17)
r(5,6,1,17)
w(5,7,1,17)
w(1,4,2,20)
r(5,7,2,20)
w(3,7,2,20)
r(3,7,2,20)
r(6,0,2,20)
w(6,2,4,23)
w(7,1,4,23)
w(2,5,4,23)
w(6,3,4,23)
w(6,4,4,23)
w(6,5,4,23)
w(6,6,4,23)
r(6,6,8,25)
r(7,1,8,25)
r(6,6,8,25)
r(1,4,8,25)
w(6,7,1,27)
r(7,1,1,27)
w(2,6,1,27)
r(6,7,1,27)
w(6,8,1,27)
w(1,6,9,29)
r(7,1,9,29)
r(6,8,9,29)
r(1,6,9,29)
w(2,7,9,29)
w(2,8,9,29)
r(8,0,9,29)
w(1,7,0,32)
r(8,0,0,32)
w(7,2,0,32)
r(2,8,0,32)
w(8,1,0,32)
r(7,2,0,32)
r(7,2,0,32)
r(8,1,4,33)
r(8,1,4,33)
w(8,2,4,33)
w(8,3,4,33)
w(7,3,3,36)
w(8,4,3,36)
r(7,3,3,36)
w(7,4,3,36)
r(8,4,3,36)
w(8,5,3,36)
r(9,0,6,37)
r(8,3,6,37)
w(9,1,6,37)
r(8,3,6,37)
r(8,5,0,39)
r(9,1,0,39)
r(8,5,0,39)
r(0,0,0,39)
r(8,5,0,39)
r(1,7,0,39)
w(7,5,0,39)
r(7,5,1,42)
w(8,6,1,42)
r(8,6,1,42)
w(9,2,1,42)
w(8,7,1,42)
w(7,6,1,42)
r(8,7,6,45)
w(7,8,6,45)
w(0,2,6,45)
r(1,7,6,45)
w(11,1,8,49)
w(11,2,8,49)
r(11,2,8,49)
w(11,3,8,49)
r(11,3,8,49)
r(11,3,8,49)
w(11,4,8,49)
w(10,2,2,54)
r(11,4,2,54)
w(9,4,2,54)
r(10,2,2,54)
w(11,6,2,54)
w(9,5,2,54)
w(10,3,2,54)
w(11,7,2,54)
w(1,8,8,55)
w(12,1,8,55)
r(12,1,8,55)
r(12,1,8,55)
r(12,1,9,57)
w(12,2,9,57)
r(12,2,9,57)
w(12,3,9,57)
r(12,3,9,57)
r(10,3,9,57)
w(9,7,9,57)
r(12,3,9,57)
w(9,8,4,60)
r(12,3,4,60)
r(12,3,4,60)
r(12,3,4,60)
w(12,4,3,61)
r(12,4,3,61)
r(10,3,3,61)
w(10,5,3,61)
w(10,6,3,61)
w(10,7,3,61)
w(12,5,3,61)
r(13,0,3,70)
r(14,0,3,70)
w(13,4,3,70)
r(14,0,3,70)
r(15,0,3,70)
r(14,0,3,70)
r(14,0,3,70)
w(14,7,7,72)
r(15,0,7,72)
r(14,7,7,72)
r(13,0,7,72)
w(14,8,7,72)
r(14,8,7,72)
r(14,8,7,72)
w(13,5,9,73)
w(15,1,9,73)
w(13,6,9,73)
w(13,7,9,73)
w(13,8,9,73)
r(17,0,9,73)
w(17,1,6,81)
w(17,2,6,81)
r(18,0,6,81)
w(17,3,6,81)
r(15,1,6,81)
r(18,0,6,81)
w(18,1,6,81)
w(15,3,3,83)
w(0,4,3,83)
r(19,0,3,83)
r(19,0,3,83)
r(19,0,3,83)
r(19,0,3,83)
w(19,1,1,85)
w(19,2,1,85)
r(19,2,1,85)
w(16,2,1,85)
r(18,1,1,85)
w(18,6,1,85)
r(16,2,1,85)
w(19,3,1,88)
r(19,3,1,88)
r(19,3,1,88)
w(19,4,1,88)
r(19,4,1,88)
w(19,5,5,89)
w(19,6,5,89)
w(16,3,5,89)
r(15,3,5,89)
r(19,6,5,89)
r(19,6,5,89)
r(19,6,5,89)
w(15,4,4,92)
r(19,6,4,92)
r(19,6,4,92)
w(16,4,4,92)
r(19,6,4,92)
w(16,5,4,92)
r(19,6,6,95)
r(16,5,6,95)
w(18,8,6,95)
w(20,1,6,95)
r(21,0,6,95)
r(20,1,7,97)
r(15,4,7,97)
r(16,5,7,97)
r(15,4,7,97)
w(20,2,7,97)
r(21,0,7,97)
r(20,2,7,97)
w(20,3,7,97)
w(21,1,2,99)
r(0,4,2,99)
r(20,3,2,99)
w(20,4,2,99)
w(20,5,2,99)
r(21,1,4,101)
w(20,6,4,101)
w(20,7,4,101)
r(15,4,4,101)
w(21,2,9,103)
w(0,5,9,103)
w(20,8,9,103)
r(20,8,9,103)
w(16,6,5,105)
r(20,8,5,105)
r(20,8,5,105)
r(20,8,5,105)
r(20,8,5,105)
r(21,2,5,105)
w(21,3,1,108)
w(21,4,1,108)
r(20,8,1,108)
r(20,8,1,108)
r(20,8,1,108)
w(15,6,1,108)
w(21,5,1,108)
r(22,0,1,108)
r(25,0,6,116)
r(16,6,6,116)
r(0,5,6,116)
w(25,1,6,116)
w(22,5,5,117)
r(21,5,5,117)
r(16,6,5,117)
r(22,5,5,117)
w(22,6,5,117)
w(22,7,5,117)
w(22,8,5,117)
r(23,0,6,123)
w(23,1,6,123)
w(25,2,6,123)
r(16,6,6,123)
r(0,5,6,123)
w(24,1,6,123)
r(16,6,6,123)
r(25,2,7,129)
w(24,5,7,129)
r(25,2,7,129)
r(25,2,7,129)
r(25,2,7,129)
r(0,5,7,129)
w(25,6,7,129)
w(24,7,6,131)
w(25,8,6,131)
w(26,1,6,131)
r(26,1,6,131)
r(16,6,6,131)
r(23,1,5,133)
r(26,1,5,133)
r(26,1,5,133)
r(26,1,5,133)
r(16,6,5,133)
r(23,1,6,135)
w(24,8,6,135)
r(26,1,6,135)
w(26,2,6,135)
r(26,2,6,135)
r(26,2,6,135)
r(24,8,7,139)
w(26,3,7,139)
w(23,4,7,139)
w(26,4,7,139)
w(27,2,9,141)
w(26,8,9,141)
r(26,8,9,141)
w(27,3,9,141)
r(26,8,9,141)
w(28,1,9,141)
w(28,2,9,141)
r(27,3,8,143)
r(28,2,8,143)
r(27,3,8,143)
w(28,3,8,143)
w(28,4,8,143)
w(28,5,8,143)
r(28,5,8,143)
w(28,6,1,145)
r(27,3,1,145)
r(28,6,1,145)
r(28,6,1,145)
r(28,6,1,145)
w(28,7,1,145)
r(23,4,1,145)
r(28,7,1,145)
w(28,8,4,147)
r(28,8,4,147)
w(27,4,4,147)
r(29,0,4,147)
w(31,1,4,147)
w(31,2,4,147)
w(31,3,7,149)
r(27,4,7,149)
w(27,5,7,149)
r(27,5,7,149)
r(31,3,6,151)
w(27,6,6,151)
w(31,4,6,151)
w(31,5,6,151)
w(31,6,1,153)
r(31,6,1,153)
w(27,7,1,153)
r(29,0,1,153)
w(27,8,1,153)
r(31,6,1,153)
w(29,1,1,153)
w(31,7,4,156)
r(31,7,4,156)
r(31,7,4,156)
w(31,8,4,156)
r(31,8,4,156)
r(31,8,4,156)
w(32,1,1,157)
r(33,0,1,157)
w(33,1,1,157)
w(33,2,1,157)
w(30,1,1,157)
w(33,3,9,159)
w(33,4,9,159)
r(32,1,9,159)
r(33,4,9,159)
r(23,4,9,159)
w(33,6,7,163)
r(33,6,7,163)
w(33,7,7,163)
r(32,1,7,163)
r(32,1,7,163)
w(32,4,7,163)
w(33,8,2,165)
r(29,1,2,165)
r(32,4,2,165)
r(33,8,2,165)
r(33,8,2,165)
r(33,8,2,165)
r(33,8,2,165)
r(34,0,9,168)
w(32,5,9,168)
w(34,1,9,168)
r(32,5,9,168)
w(34,2,9,168)
w(34,3,9,168)
r(32,5,2,172)
r(23,4,2,172)
r(34,3,2,172)
r(32,5,2,172)
r(23,4,2,172)
r(23,4,3,173)
w(23,5,3,173)
r(34,3,3,173)
r(32,5,3,173)
w(23,6,3,173)
w(34,5,3,173)
r(32,5,3,173)
w(23,7,3,173)
r(29,1,6,175)
w(34,6,6,175)
r(34,6,6,175)
r(32,5,6,175)
w(34,7,6,175)
w(32,7,6,175)
r(29,1,6,175)
w(32,8,6,175)
r(34,7,9,177)
r(32,8,9,177)
w(23,8,9,177)
r(34,7,9,177)
r(23,8,9,177)
w(35,1,9,177)
w(35,2,6,179)
r(35,2,6,179)
w(34,8,6,179)
w(35,3,6,179)
r(34,8,6,179)
w(37,1,7,186)
w(29,2,7,186)
r(30,1,7,186)
r(35,3,7,186)
w(37,2,7,186)
w(36,1,7,186)
w(29,3,7,186)
r(29,3,2,189)
w(36,4,2,189)
w(35,5,2,189)
r(30,1,2,189)
r(35,5,2,189)
r(37,2,7,191)
w(35,6,7,191)
r(37,2,7,191)
w(37,8,7,191)
w(38,2,1,195)
r(38,2,1,195)
w(29,4,1,195)
w(38,3,1,195)
r(38,3,1,195)
w(36,7,1,195)
r(38,3,1,195)
w(38,4,1,195)
r(29,4,5,197)
w(29,5,5,197)
w(38,5,5,197)
r(35,6,5,197)
w(38,6,5,197)
w(38,7,5,197)
w(38,8,4,199)
w(39,1,4,199)
w(39,2,4,199)
r(39,2,4,199)
r(39,2,4,199)
w(39,3,4,199)
w(36,8,4,199)
w(35,8,4,199)
r(39,3,5,204)
w(39,4,5,204)
r(40,0,5,204)
r(39,4,5,204)
r(39,4,5,204)
w(39,5,5,204)
r(40,0,4,205)
r(39,3,4,205)
w(29,6,4,205)
r(39,3,4,205)
r(42,0,4,205)
r(29,6,4,205)
w(42,1,4,205)
w(42,2,4,205)
r(42,2,6,207)
r(42,2,6,207)
w(42,3,6,207)
w(41,1,6,207)
r(29,6,6,207)
w(40,2,6,207)
r(42,3,6,207)
w(41,2,8,209)
r(42,3,8,209)
w(42,4,8,209)
r(42,4,8,209)
w(42,5,8,209)
r(40,2,8,209)
r(40,2,8,209)
w(29,7,8,209)
r(42,5,3,215)
w(29,8,3,215)
w(42,6,3,215)
w(40,3,3,215)
r(42,6,3,215)
r(42,6,3,215)
w(40,4,3,215)
w(44,4,4,221)
w(44,5,4,221)
r(44,5,4,221)
r(44,5,4,221)
r(45,0,5,223)
r(43,0,5,223)
r(44,5,5,223)
w(45,1,5,223)
w(41,4,9,226)
w(43,2,9,226)
w(41,5,9,226)
r(44,5,9,226)
w(41,6,9,226)
r(46,0,2,229)
w(46,1,2,229)
w(46,2,2,229)
r(46,2,2,229)
r(43,2,2,229)
r(41,6,2,229)
r(46,2,9,231)
r(46,2,9,231)
w(45,3,9,231)
r(45,3,9,231)
w(30,2,9,231)
w(46,3,9,231)
r(46,3,5,233)
r(41,6,5,233)
r(46,3,5,233)
r(46,3,5,233)
r(46,3,5,233)
w(41,8,5,233)
r(46,3,5,233)
w(46,4,5,233)
r(45,3,9,235)
r(45,3,9,235)
r(45,3,9,235)
r(46,4,9,235)
w(45,4,9,235)
r(45,4,8,237)
r(46,4,8,237)
w(46,5,8,237)
w(46,6,8,237)
r(46,6,8,237)
w(46,7,8,237)
w(46,8,8,237)
w(43,3,7,239)
r(43,3,7,239)
r(47,0,7,239)
r(45,4,7,239)
r(47,0,7,239)
r(47,0,7,239)
w(47,1,7,239)
r(47,1,2,241)
w(47,2,2,241)
w(43,4,2,241)
w(47,3,2,241)
r(45,4,4,243)
w(45,5,4,243)
r(41,8,4,243)
w(45,6,4,243)
r(45,6,3,245)
w(30,3,3,245)
w(47,4,3,245)
w(47,5,3,245)
r(47,5,2,247)
r(47,5,2,247)
w(47,6,2,247)
w(47,7,2,247)
r(47,7,2,247)
r(43,4,2,247)
r(45,6,8,249)
r(48,0,8,249)
w(47,8,8,249)
r(43,4,8,249)
r(45,6,8,249)
r(49,0,2,255)
r(49,0,2,255)
w(49,2,2,255)
r(45,6,2,255)
r(45,6,2,255)
r(45,6,2,255)
w(49,3,2,255)
w(49,7,2,258)
r(50,0,2,258)
r(43,4,2,258)
w(49,8,2,258)
r(49,8,2,258)
r(50,0,2,258)
w(51,1,6,260)
r(50,0,6,260)
w(48,2,6,260)
w(51,2,6,260)
r(50,0,6,260)
r(51,2,6,260)
w(50,1,6,260)
r(51,2,8,263)
r(48,2,8,263)
w(51,3,8,263)
r(43,4,8,263)
r(50,1,8,263)
w(50,3,0,267)
r(30,3,0,267)
w(48,3,0,267)
r(51,3,0,267)
r(51,3,6,270)
r(51,3,6,270)
r(51,3,6,270)
r(51,3,6,270)
r(51,3,6,270)
w(48,4,6,270)
w(51,8,6,270)
w(50,5,9,273)
r(43,4,9,273)
r(30,3,9,273)
r(50,5,9,273)
r(43,4,9,273)
w(52,4,9,273)
r(43,4,9,273)
r(52,4,9,275)
w(52,5,9,275)
r(50,5,9,275)
r(43,4,9,275)
w(52,6,9,280)
w(52,7,9,280)
r(52,7,9,280)
w(52,8,9,280)
r(50,5,9,280)
w(48,6,9,280)
r(52,5,0,282)
r(52,5,0,282)
w(53,1,0,282)
w(43,5,0,282)
r(50,5,0,282)
r(48,4,0,282)
w(53,2,0,282)
r(53,2,0,282)
r(53,2,9,285)
r(53,2,9,285)
r(50,5,9,285)
w(50,8,9,285)
w(30,5,9,285)
r(50,8,9,285)
r(53,2,9,285)
r(53,2,7,290)
w(53,6,7,290)
w(48,7,7,290)
r(53,6,7,290)
w(53,7,7,290)
r(53,7,7,290)
w(53,8,7,290)
w(54,2,9,293)
w(55,4,9,293)
w(54,3,9,293)
r(55,4,9,293)
r(54,3,9,295)
r(54,3,9,295)
r(54,3,9,295)
w(55,5,9,295)
r(55,5,9,295)
r(54,3,9,295)
r(48,7,9,295)
w(54,6,0,299)
r(55,5,0,299)
r(55,5,0,299)
r(55,5,0,299)
r(55,5,0,299)
r(54,6,0,299)
r(48,7,0,299)
r(48,7,9,302)
w(54,7,9,302)
w(54,8,9,302)
r(54,8,9,302)
w(30,6,8,305)
r(57,0,8,305)
w(57,1,8,305)
w(57,2,8,305)
r(56,0,8,305)
w(57,3,8,305)
w(56,1,8,305)
r(57,3,3,307)
r(56,1,3,307)
r(56,1,3,307)
r(57,3,3,307)
w(57,6,1,309)
r(43,5,1,309)
w(56,3,1,309)
r(56,3,1,309)
r(48,7,1,309)
w(57,7,1,309)
w(43,8,1,309)
r(56,3,7,313)
r(30,6,7,313)
r(56,3,7,313)
w(56,4,7,313)
r(57,7,7,313)
r(56,4,7,313)
r(56,4,7,313)
r(43,8,7,315)
w(56,6,7,315)
r(43,8,7,315)
r(56,6,7,315)
r(56,6,7,315)
w(56,7,7,315)
r(58,0,7,315)
w(56,8,7,315)
r(58,0,5,317)
r(57,7,5,317)
w(30,7,5,317)
r(56,8,5,317)
r(57,7,6,319)
r(56,8,6,319)
w(59,1,6,319)
w(58,1,6,319)
r(56,8,6,319)
r(58,1,6,321)
w(60,1,6,321)
r(60,1,6,321)
w(59,2,6,321)
w(60,2,6,321)
w(59,3,6,321)
w(60,3,6,321)
r(60,3,6,321)
r(60,3,3,323)
r(60,3,3,323)
r(60,3,3,323)
r(58,1,3,323)
w(58,2,3,323)
w(60,4,3,323)
w(61,1,0,325)
r(59,3,0,325)
r(30,7,0,325)
r(60,4,0,325)
r(60,4,0,325)
w(60,5,6,327)
r(60,5,6,327)
r(59,3,6,327)
r(60,5,6,327)
w(59,4,6,327)
w(59,5,6,327)
w(60,6,6,327)
r(59,5,6,327)
r(60,6,0,329)
w(59,6,0,329)
r(60,6,0,329)
w(60,7,0,329)
w(59,7,1,331)
w(60,8,1,331)
r(58,2,1,331)
w(58,3,1,331)
w(62,1,1,331)
r(62,1,2,333)
r(62,1,2,333)
r(62,1,2,333)
r(62,1,2,333)
w(59,8,2,333)
w(62,2,2,333)
r(58,3,2,333)
w(62,3,2,333)
r(58,3,3,335)
r(63,0,3,335)
w(63,1,3,335)
r(63,1,3,335)
r(62,3,6,337)
r(58,3,6,337)
w(62,4,6,337)
r(58,3,6,337)
w(63,2,6,337)
r(58,3,6,337)
w(63,3,6,337)
r(62,4,0,339)
r(58,3,0,339)
w(62,5,0,339)
r(63,3,0,339)
w(63,4,0,339)
w(62,6,0,339)
r(62,6,5,341)
w(63,5,5,341)
r(62,6,5,341)
r(62,6,5,341)
w(61,2,5,341)
w(63,6,9,343)
w(62,7,9,343)
r(63,6,9,343)
w(63,7,9,343)
r(62,7,9,343)
r(62,7,9,343)
w(62,8,4,346)
r(62,8,4,346)
w(63,8,4,346)
r(62,8,4,346)
r(62,8,4,346)
r(58,3,3,347)
w(58,4,3,347)
r(62,7,3,347)
r(63,7,3,347)
r(64,0,3,347)
w(65,1,3,347)
w(65,2,3,347)
r(64,0,0,349)
w(61,3,0,349)
r(64,0,0,349)
r(64,0,0,349)
w(64,1,0,349)
r(64,1,0,349)
r(58,4,1,353)
w(65,3,1,353)
w(64,2,1,353)
w(65,4,1,353)
r(65,4,1,353)
w(58,5,1,353)
w(64,3,1,353)
w(65,5,1,353)
r(61,3,2,355)
w(65,7,2,355)
r(64,3,2,355)
w(65,8,2,355)
r(64,3,2,355)
r(64,3,2,355)
w(66,1,3,357)
w(64,6,3,357)
w(64,7,3,357)
r(64,7,3,357)
w(64,8,3,357)
w(66,2,3,357)
r(66,2,3,357)
w(66,3,3,357)
w(66,4,4,359)
r(67,0,4,359)
r(30,7,4,359)
r(67,0,4,359)
r(58,5,4,359)
r(66,4,4,359)
r(67,0,4,359)
w(67,4,4,365)
r(67,4,4,365)
r(66,4,4,365)
r(58,5,4,365)
r(66,4,4,365)
r(58,5,1,367)
w(58,7,1,367)
w(68,1,1,367)
w(68,2,1,367)
w(67,7,1,367)
w(68,3,5,372)
r(67,7,5,372)
r(67,7,5,372)
w(58,8,5,372)
w(67,8,5,372)
w(69,1,5,372)
r(69,1,0,375)
w(68,7,0,375)
r(68,7,0,375)
w(61,4,0,375)
r(69,1,0,375)
w(69,5,0,375)
r(69,5,0,375)
w(30,8,6,377)
r(30,8,6,377)
r(69,5,6,377)
w(61,5,6,377)
r(69,5,6,377)
r(68,7,6,377)
r(69,5,0,379)
w(69,6,0,379)
r(69,6,0,379)
w(68,8,0,379)
r(69,6,0,379)
w(71,1,0,379)
w(71,2,0,379)
w(69,7,0,379)
w(71,3,5,381)
r(30,8,5,381)
w(69,8,5,381)
r(69,8,5,381)
r(61,5,5,381)
w(71,4,5,381)
w(70,2,0,383)
r(73,0,0,383)
w(73,1,0,383)
r(70,2,0,383)
w(73,2,0,383)
w(71,5,8,388)
w(71,6,8,388)
w(73,3,8,388)
w(70,3,8,388)
r(73,3,3,392)
r(73,3,3,392)
w(70,6,3,392)
r(61,5,3,392)
r(70,6,3,392)
w(74,1,3,392)
w(73,6,3,392)
r(70,6,3,392)
r(74,1,8,393)
w(73,7,8,393)
r(74,1,8,393)
r(73,7,8,393)
w(74,2,8,393)
w(73,8,8,393)
r(73,8,8,393)
r(73,8,8,396)
r(75,0,8,396)
r(75,0,8,396)
r(75,0,8,396)
w(75,1,8,396)
w(75,3,2,403)
w(75,4,2,403)
w(75,5,2,403)
r(61,5,2,403)
w(77,5,3,420)
w(77,6,3,420)
r(70,6,3,420)
r(70,6,3,420)
w(77,7,3,420)
r(77,7,3,420)
w(77,8,3,420)
w(79,1,3,420)
w(79,2,3,422)
w(79,3,3,422)
r(77,8,3,422)
w(61,7,3,422)
w(79,4,3,422)
w(79,5,3,422)
r(81,0,3,424)
w(81,1,3,424)
w(79,6,3,424)
r(79,6,3,424)
w(81,2,3,424)
w(81,3,3,429)
r(79,6,3,429)
r(79,6,3,429)
w(79,7,3,429)
r(79,7,3,429)
w(82,1,4,435)
w(81,6,4,435)
w(82,2,4,435)
w(82,3,4,435)
r(82,3,4,435)
r(82,3,4,435)
r(83,0,4,441)
w(83,1,4,441)
w(80,2,4,441)
r(61,7,4,441)
w(82,8,4,441)
r(83,1,4,441)
w(83,2,9,443)
w(83,3,9,443)
r(84,0,9,443)
r(83,3,9,443)
r(61,7,9,443)
r(61,7,9,443)
w(84,2,3,448)
r(84,2,3,448)
r(83,3,3,448)
r(84,2,3,448)
r(84,2,3,448)
r(77,0,5,452)
w(78,4,5,452)
w(78,5,5,452)
w(78,6,5,452)
r(78,6,5,452)
r(78,6,5,452)
w(70,8,5,452)
w(78,7,5,452)
w(84,4,3,453)
r(84,4,3,453)
w(84,5,3,453)
w(80,4,3,453)
r(84,5,3,453)
r(84,5,3,453)
w(84,6,3,453)
w(84,7,3,453)
r(85,0,1,455)
r(84,7,1,455)
w(83,8,1,455)
w(84,8,1,455)
r(80,4,4,457)
r(85,0,4,457)
r(84,8,4,457)
r(84,8,4,457)
w(86,1,3,459)
r(83,8,3,459)
r(86,1,3,459)
r(83,8,3,459)
r(86,1,3,459)
w(80,5,6,461)
r(83,8,6,461)
w(80,6,6,461)
w(86,2,6,461)
w(85,1,4,463)
r(85,1,4,463)
r(83,8,4,463)
r(83,8,4,463)
r(83,8,4,463)
r(80,6,4,463)
w(72,2,8,465)
r(74,2,8,465)
w(74,4,8,465)
w(75,8,8,465)
r(75,8,8,465)
r(76,0,8,465)
w(86,3,8,469)
r(86,3,8,469)
r(86,3,8,469)
r(87,0,8,469)
r(86,3,8,469)
r(80,6,8,469)
r(72,2,8,469)
w(87,1,8,469)
w(85,2,4,472)
w(80,8,4,472)
w(87,2,4,472)
w(86,4,4,472)
w(86,5,4,472)
w(87,3,4,472)
w(76,1,7,475)
r(74,2,7,475)
r(76,1,7,475)
r(76,1,7,475)
r(74,2,7,475)
r(70,6,7,475)
r(76,1,7,475)
r(74,2,7,475)
w(88,2,4,477)
r(88,2,4,477)
w(88,3,4,477)
w(88,4,4,477)
w(88,5,4,477)
r(88,5,4,477)
w(89,2,6,481)
w(87,5,6,481)
w(87,6,6,481)
w(89,3,6,481)
w(85,4,8,485)
r(72,2,8,485)
w(89,4,8,485)
r(89,4,8,485)
w(87,7,8,485)
r(85,4,7,488)
r(89,4,7,488)
r(89,4,7,488)
w(89,7,7,488)
w(87,8,7,488)
w(72,5,7,488)
r(89,7,7,488)
r(91,0,4,491)
r(90,0,4,491)
w(85,6,4,491)
w(90,2,4,491)
r(87,8,4,491)
w(90,3,4,491)
r(91,0,4,491)
w(90,4,4,491)
r(91,0,5,493)
r(85,6,5,493)
r(91,0,5,493)
r(91,0,5,493)
r(92,0,5,493)
r(91,0,5,493)
r(92,0,5,493)
r(91,0,5,493)
w(92,1,6,495)
w(92,2,6,495)
w(91,2,6,495)
w(92,3,6,495)
w(91,3,6,495)
r(90,4,6,495)
r(91,3,6,495)
w(91,4,6,495)
w(90,5,9,497)
w(90,6,9,497)
r(91,4,9,497)
r(90,6,9,497)
r(85,6,9,497)
r(91,4,9,497)
w(91,5,9,497)
r(91,5,9,497)
r(91,5,6,499)
r(91,5,6,499)
w(90,7,6,499)
r(90,7,6,499)
r(91,5,5,501)
w(91,6,5,501)
r(91,6,5,501)
r(72,5,5,501)
w(92,4,2,503)
r(92,4,2,503)
r(91,6,2,503)
r(92,4,2,503)
w(90,8,2,503)
w(91,7,2,503)
r(92,4,2,503)
r(91,7,2,503)
r(92,4,3,505)
w(91,8,3,505)
r(91,8,3,505)
r(92,4,3,505)
w(93,1,3,505)
r(93,1,3,507)
w(93,2,3,507)
w(94,1,3,507)
w(93,3,3,507)
r(93,3,3,507)
r(93,3,5,509)
r(93,3,5,509)
w(72,6,5,509)
w(93,4,5,509)
w(93,5,5,509)
w(92,5,5,509)
w(93,6,5,509)
r(93,6,9,511)
r(93,6,9,511)
w(92,6,9,511)
w(92,7,9,511)
w(93,7,9,511)
r(92,7,9,511)
w(94,2,9,511)
r(92,7,8,513)
r(93,7,8,513)
r(92,7,8,513)
w(93,8,8,513)
r(92,7,8,513)
r(94,2,2,516)
w(92,8,2,516)
w(95,1,2,516)
w(95,2,2,516)
r(85,6,6,522)
r(97,0,6,522)
r(97,0,6,522)
w(94,3,6,522)
r(97,0,6,522)
r(96,0,2,523)
r(85,6,2,523)
r(95,2,2,523)
w(95,7,2,523)
w(95,8,2,523)
r(95,8,2,523)
r(94,2,2,523)
r(97,0,2,528)
w(96,6,2,528)
w(96,7,2,528)
r(97,0,2,528)
w(96,8,2,528)
w(94,4,2,528)
r(97,0,2,528)
r(97,0,2,528)
w(98,1,7,529)
r(97,0,7,529)
r(97,0,7,529)
r(98,1,7,529)
w(97,3,7,529)
w(97,4,7,529)
r(98,1,3,531)
r(98,1,3,531)
r(94,4,3,531)
r(97,4,3,531)
w(97,5,3,531)
w(94,6,3,531)
r(98,1,3,531)
w(97,6,3,531)
r(97,6,5,534)
w(97,7,5,534)
r(97,7,5,534)
w(97,8,5,534)
r(99,0,5,534)
r(98,1,4,535)
r(94,6,4,535)
r(99,0,4,535)
w(99,1,4,535)
r(99,1,4,535)
w(98,2,4,535)
r(99,1,4,535)
r(99,1,4,535)
w(99,2,0,538)
r(99,2,0,538)
w(99,3,0,538)
w(94,7,0,538)
r(99,3,0,538)
r(98,2,0,538)
r(99,3,0,538)
r(98,2,0,538)
w(99,4,4,539)
w(99,5,4,539)
r(98,2,4,539)
w(94,8,4,539)
r(99,5,4,539)
r(94,8,4,539)
w(98,3,4,539)
r(99,5,4,539)
r(99,5,4,541)
w(99,6,4,541)
r(94,8,4,541)
w(99,7,4,541)
r(99,7,8,543)
w(99,8,8,543)
w(98,4,8,543)
w(98,5,8,543)
w(100,1,8,543)
w(100,2,8,543)
r(100,2,8,543)
r(100,2,5,545)
r(85,6,5,545)
w(98,6,5,545)
r(100,2,5,545)
w(85,8,5,545)
r(100,2,4,548)
r(94,8,4,548)
w(100,3,4,548)
w(100,4,4,548)
r(100,4,4,548)
r(100,2,0,549)
r(72,6,0,549)
r(98,6,0,549)
r(101,0,0,549)
r(98,6,8,551)
r(100,4,8,551)
r(100,4,8,551)
w(100,5,8,551)
w(100,6,8,551)
r(100,6,0,553)
r(100,6,0,553)
r(100,6,0,553)
r(100,6,0,553)
r(100,6,8,558)
w(100,7,8,558)
r(101,0,8,558)
w(98,7,8,558)
r(100,7,8,558)
w(98,8,8,558)
w(103,1,8,558)
w(102,1,8,558)
w(104,1,6,560)
r(104,1,6,560)
r(103,0,6,560)
r(104,1,6,560)
r(103,0,6,560)
r(104,1,6,560)
r(102,1,1,563)
w(104,4,1,563)
w(104,5,1,563)
r(102,1,1,563)
w(103,4,1,563)
w(104,6,1,563)
r(104,6,8,566)
w(104,7,8,566)
w(72,7,8,566)
r(104,7,8,566)
r(72,7,8,566)
w(103,5,8,566)
r(103,5,8,566)
r(103,5,6,569)
w(105,1,6,569)
w(103,6,6,569)
w(105,2,6,569)
w(105,5,9,575)
w(105,6,9,575)
w(102,3,9,575)
r(102,3,9,575)
r(103,6,9,575)
w(105,7,9,575)
r(105,7,9,575)
w(103,7,9,575)
w(106,2,0,579)
w(103,8,0,579)
w(102,5,0,579)
r(101,0,0,579)
r(101,0,0,579)
r(103,8,0,579)
w(107,1,0,579)
r(106,2,7,583)
r(106,2,7,583)
r(107,1,7,583)
r(106,2,7,583)
r(106,2,4,585)
w(106,3,4,585)
r(106,3,4,585)
w(106,4,4,585)
w(106,5,2,589)
r(106,5,2,589)
w(106,6,2,589)
w(106,7,2,589)
w(101,4,2,589)
w(108,3,1,594)
w(108,4,1,594)
w(108,5,1,594)
w(108,6,1,594)
w(72,8,1,594)
r(107,1,1,594)
r(109,0,3,596)
w(109,1,3,596)
w(109,2,3,596)
r(109,2,3,596)
w(109,3,3,596)
w(109,4,3,596)
r(109,4,3,596)
w(107,5,8,599)
r(109,4,8,599)
r(72,8,8,599)
w(109,7,8,599)
r(109,7,6,602)
w(109,8,6,602)
w(111,1,6,602)
w(110,1,6,602)
r(111,1,6,602)
w(111,2,6,602)
w(110,3,1,605)
w(111,3,1,605)
r(111,3,1,605)
w(111,4,1,605)
w(107,6,7,607)
w(111,5,7,607)
r(107,6,7,607)
r(111,5,7,607)
r(107,6,7,609)
r(110,3,7,609)
r(111,5,7,609)
r(111,5,7,609)
w(111,6,7,609)
w(107,7,3,612)
r(111,6,3,612)
w(107,8,3,612)
w(101,5,3,612)
r(113,0,3,612)
r(111,6,3,612)
r(111,6,3,612)
r(113,0,9,613)
r(110,3,9,613)
w(113,1,9,613)
w(112,1,9,613)
w(111,7,9,613)
w(113,2,9,613)
w(112,2,9,613)
r(111,7,9,613)
r(111,7,8,615)
r(111,7,8,615)
r(111,7,8,615)
r(111,7,8,615)
r(111,7,8,615)
w(111,8,8,615)
r(111,8,8,615)
w(112,3,2,617)
r(113,2,2,617)
r(110,3,2,617)
w(101,6,2,617)
w(113,3,2,617)
r(111,8,7,619)
r(111,8,7,619)
r(113,3,7,619)
w(114,1,7,619)
r(113,3,7,619)
r(114,1,7,619)
w(114,2,7,619)
r(114,2,6,623)
r(113,3,6,623)
w(113,6,6,623)
w(113,7,6,623)
w(113,8,4,625)
r(114,2,4,625)
w(112,4,4,625)
r(113,8,4,625)
w(114,5,4,625)
r(110,3,4,625)
r(114,5,4,625)
r(110,3,0,629)
r(113,8,0,629)
w(110,6,0,629)
r(113,8,0,629)
w(114,6,0,629)
w(114,7,0,629)
r(114,7,0,629)
w(114,8,0,629)
w(115,2,5,631)
w(115,3,5,631)
r(115,3,5,631)
w(115,4,5,631)
r(116,0,7,633)
w(110,8,7,633)
r(110,8,7,633)
w(115,5,7,633)
r(101,6,7,633)
w(115,6,6,636)
r(116,0,6,636)
r(115,6,6,636)
w(117,1,6,636)
w(118,2,3,640)
r(116,0,3,640)
r(110,8,3,640)
w(116,2,3,640)
w(116,3,3,640)
r(119,0,6,641)
r(118,0,6,641)
r(116,0,6,641)
r(116,0,6,641)
w(119,1,6,641)
w(117,2,6,641)
w(119,2,6,641)
r(118,0,6,641)
w(118,4,8,645)
w(118,5,8,645)
r(118,5,8,645)
r(118,5,8,645)
r(118,5,8,645)
w(118,8,7,649)
r(118,8,7,649)
r(118,8,7,649)
w(116,5,7,649)
r(116,5,7,651)
w(117,5,7,651)
w(120,1,7,651)
w(117,6,7,651)
w(116,6,7,651)
r(120,1,0,655)
w(120,2,0,655)
w(116,7,0,655)
w(116,8,0,655)
w(119,4,0,655)
r(116,8,0,655)
r(116,8,0,655)
r(116,8,9,657)
r(120,2,9,657)
r(120,2,9,657)
r(121,0,9,657)
w(119,5,9,657)
r(121,0,9,657)
w(120,4,9,657)
r(121,0,9,657)
r(120,4,3,659)
r(120,4,3,659)
r(120,4,3,659)
r(121,0,3,659)
w(120,5,3,659)
r(117,6,3,659)
r(120,5,3,659)
w(120,6,2,661)
w(120,7,2,661)
r(117,6,2,661)
r(121,0,2,661)
r(120,7,6,663)
r(120,7,6,663)
w(119,6,6,663)
r(121,0,6,663)
r(120,7,6,663)
w(120,8,4,665)
r(119,6,4,665)
w(122,1,4,665)
r(122,1,4,665)
r(122,1,9,667)
w(122,2,9,667)
r(122,2,9,667)
w(122,3,9,667)
w(119,7,9,667)
r(122,3,9,667)
w(121,1,9,667)
r(119,7,9,667)
r(122,3,4,669)
r(122,3,4,669)
r(119,7,4,669)
w(122,4,4,669)
w(122,5,5,671)
w(117,7,5,671)
r(122,5,5,671)
w(122,6,5,671)
w(122,7,5,671)
r(122,7,5,671)
r(122,7,5,671)
r(121,1,5,671)
w(122,8,5,673)
r(122,8,5,673)
r(122,8,5,673)
r(122,8,5,673)
w(121,2,5,673)
r(119,7,5,673)
r(121,2,5,673)
r(123,0,0,675)
w(121,3,0,675)
w(123,1,0,675)
r(119,7,0,675)
r(123,1,0,675)
r(123,1,5,678)
r(121,3,5,678)
r(121,3,5,678)
r(121,3,5,678)
w(119,8,5,678)
r(123,1,5,678)
r(123,1,3,683)
w(121,8,3,683)
w(123,5,3,683)
r(124,0,3,683)
r(123,5,3,683)
r(123,5,3,683)
w(125,2,5,687)
r(112,4,5,687)
w(123,7,5,687)
w(123,8,5,687)
w(125,3,5,687)
w(124,3,5,687)
w(117,8,2,689)
w(126,1,2,689)
r(126,1,2,689)
r(125,3,2,689)
r(127,0,6,706)
r(117,8,6,706)
w(127,1,6,706)
w(127,2,6,706)
r(127,2,6,706)
r(125,4,6,706)
w(125,7,6,706)
r(126,1,4,708)
r(126,1,4,708)
w(124,4,4,708)
w(126,2,4,708)
w(125,4,4,708)
w(126,3,4,708)
r(129,0,6,710)
r(112,4,6,710)
w(130,3,6,710)
r(129,0,6,710)
w(128,2,6,710)
r(117,8,8,713)
w(126,6,8,713)
w(126,7,8,713)
w(125,6,8,713)
r(128,2,4,714)
r(130,3,4,714)
r(130,3,4,714)
r(129,0,4,714)
r(130,3,4,714)
w(130,7,4,714)
w(127,5,5,716)
w(127,6,5,716)
r(127,6,5,716)
w(129,1,5,716)
r(130,7,4,718)
w(130,8,4,718)
r(132,0,4,718)
w(131,1,4,718)
w(132,1,4,718)
r(131,1,8,724)
w(132,2,8,724)
r(132,2,8,724)
r(112,4,8,724)
w(132,3,8,724)
w(131,3,8,724)
w(131,4,8,724)
w(132,6,6,726)
r(133,0,6,726)
w(132,7,6,726)
r(132,7,6,726)
w(133,2,6,726)
r(131,4,6,726)
w(132,8,4,731)
w(131,6,4,731)
r(134,0,4,731)
r(128,2,4,731)
r(133,2,4,731)
w(131,7,1,735)
r(133,2,1,735)
r(112,4,1,735)
w(134,1,1,735)
r(133,2,1,735)
r(134,1,1,735)
w(135,1,3,740)
w(133,4,3,740)
r(134,1,3,740)
r(134,1,3,740)
r(128,2,3,740)
r(134,1,3,740)
w(133,5,8,745)
w(135,2,8,745)
r(135,2,8,745)
r(134,1,8,745)
w(135,3,8,745)
w(133,6,8,745)
r(134,1,8,745)
r(134,1,8,745)
w(135,5,2,747)
r(128,2,2,747)
r(136,0,2,747)
r(136,0,2,747)
w(136,1,2,747)
r(136,1,6,749)
r(136,1,6,749)
r(136,1,6,749)
r(135,5,6,749)
w(136,2,6,749)
w(128,6,6,749)
w(136,3,6,749)
w(133,8,9,751)
w(135,6,9,751)
r(135,6,9,751)
r(136,3,9,751)
r(135,6,9,751)
r(136,3,2,754)
w(135,7,2,754)
w(135,8,2,754)
r(136,3,2,754)
r(136,3,5,756)
w(137,1,5,756)
r(136,3,5,756)
r(138,0,5,756)
w(136,4,5,756)
w(136,5,5,756)
w(136,6,5,756)
w(136,7,3,757)
w(136,8,3,757)
w(138,1,3,757)
r(136,8,3,757)
r(138,1,3,757)
r(137,1,3,757)
w(137,2,9,761)
w(138,2,9,761)
w(139,1,9,761)
w(128,7,9,761)
w(137,3,9,761)
r(112,4,9,761)
w(139,2,9,761)
r(139,2,9,761)
w(137,4,8,765)
w(139,5,8,765)
w(139,6,8,765)
w(138,4,8,765)
r(139,6,8,765)
r(139,6,0,767)
w(139,8,0,767)
r(139,8,0,767)
r(140,0,0,767)
w(137,6,1,769)
w(138,6,1,769)
r(140,0,1,769)
r(140,0,1,769)
w(140,1,1,771)
w(138,7,1,771)
r(140,1,1,771)
r(128,7,1,771)
r(140,1,9,775)
w(138,8,9,775)
w(140,2,9,775)
r(141,0,9,775)
w(140,3,9,775)
r(141,0,9,775)
r(140,3,9,775)
r(137,6,0,777)
r(140,3,0,777)
r(140,3,0,777)
r(137,6,0,777)
r(140,3,0,777)
r(140,3,8,781)
w(137,7,8,781)
r(137,7,8,781)
r(137,7,8,781)
w(141,2,8,781)
w(140,7,8,781)
w(140,8,8,781)
r(141,2,8,781)
r(141,2,6,785)
w(141,4,6,785)
w(142,2,6,785)
r(141,4,6,785)
r(143,0,6,785)
w(141,5,6,785)
w(142,3,8,787)
w(142,4,8,787)
w(142,5,8,787)
w(141,6,8,787)
r(128,7,8,787)
w(142,6,4,791)
w(142,7,4,791)
r(141,6,4,791)
r(142,7,4,791)
w(141,7,4,791)
w(128,8,4,791)
w(142,8,4,791)
w(146,1,1,795)
w(112,8,1,795)
r(144,0,1,795)
r(144,0,1,795)
r(144,0,2,799)
w(145,1,2,799)
w(144,1,2,799)
w(144,2,2,799)
r(143,0,2,799)
r(112,8,2,799)
r(144,2,2,799)
r(143,0,2,799)
w(144,6,0,804)
r(144,6,0,804)
w(146,6,0,804)
w(146,7,0,804)
r(144,6,6,807)
r(148,0,6,807)
r(149,0,6,807)
r(145,1,6,807)
w(143,3,6,807)
r(143,3,6,807)
r(149,0,6,807)
w(149,1,6,807)
w(149,3,5,810)
w(149,4,5,810)
r(148,0,5,810)
r(149,4,5,810)
w(149,5,9,813)
r(148,0,9,813)
r(149,5,9,813)
w(143,5,9,813)
r(143,5,9,813)
w(149,6,9,813)
w(149,7,5,817)
r(149,7,5,817)
w(148,1,5,817)
r(148,1,5,817)
r(149,7,8,819)
r(143,5,8,819)
w(143,7,8,819)
w(149,8,8,819)
r(148,1,8,819)
w(150,1,8,819)
r(150,1,8,819)
r(150,1,7,821)
r(150,1,7,821)
w(148,4,7,821)
w(150,2,7,821)
r(143,7,7,821)
r(150,2,7,821)
r(150,2,7,821)
w(150,3,2,823)
w(148,5,2,823)
r(148,5,2,823)
w(150,4,2,823)
r(150,4,1,825)
r(148,5,1,825)
r(148,5,1,825)
r(143,7,1,825)
w(150,5,1,825)
r(148,5,1,825)
r(150,5,1,825)
r(148,5,1,825)
r(150,5,7,829)
r(145,1,7,829)
w(150,6,7,829)
w(148,6,7,829)
w(150,7,7,829)
w(151,1,1,835)
w(148,7,1,835)
r(151,1,1,835)
r(151,1,1,835)
r(151,1,1,835)
r(151,1,1,835)
w(151,2,1,835)
w(151,3,1,835)
w(151,7,3,837)
w(151,8,3,837)
w(145,4,3,837)
r(148,7,3,837)
w(152,1,3,840)
r(152,1,3,840)
r(143,7,3,840)
r(152,1,3,840)
r(145,4,7,843)
w(152,5,7,843)
r(153,0,7,843)
r(145,4,7,843)
r(153,0,7,843)
r(152,5,4,845)
r(145,4,4,845)
w(152,6,4,845)
w(152,7,4,845)
r(152,7,4,845)
r(145,4,4,845)
r(152,7,4,845)
w(152,8,5,849)
r(152,8,5,849)
r(153,0,5,849)
r(152,8,5,849)
r(155,0,7,850)
r(154,0,7,850)
w(155,1,7,850)
w(155,2,7,850)
r(153,0,2,851)
r(155,0,2,851)
w(145,5,2,851)
r(147,0,2,851)
w(153,1,2,851)
w(145,6,2,851)
r(154,0,1,855)
r(154,0,1,855)
w(154,1,1,855)
r(154,1,1,855)
r(155,2,1,855)
w(155,3,1,855)
r(155,3,1,855)
w(155,4,4,859)
r(155,4,4,859)
r(155,4,4,859)
w(155,5,4,859)
r(155,5,4,859)
w(153,4,4,859)
w(155,6,4,859)
r(155,6,3,861)
r(153,4,3,861)
r(153,4,3,861)
r(154,1,3,861)
r(147,0,3,863)
r(154,1,3,863)
r(155,6,3,863)
w(155,8,3,863)
r(153,4,3,863)
r(154,1,3,865)
w(153,5,3,865)
r(155,8,3,865)
r(155,8,3,865)
w(154,5,3,865)
w(156,1,3,865)
r(154,5,3,867)
r(156,1,3,867)
r(153,5,3,867)
r(156,1,3,867)
w(153,6,7,869)
r(154,5,7,869)
r(154,5,7,869)
r(145,6,7,869)
r(145,6,1,871)
r(154,5,1,871)
w(154,6,1,871)
r(156,1,1,871)
w(147,3,1,871)
w(147,4,1,871)
w(156,2,1,871)
w(147,5,2,876)
r(156,2,2,876)
r(156,2,2,876)
w(153,7,2,876)
r(153,7,2,876)
r(156,2,2,876)
w(156,3,9,879)
w(154,7,9,879)
w(156,4,9,879)
r(156,4,9,879)
r(154,7,9,879)
w(156,5,9,879)
w(147,7,4,884)
r(153,7,4,884)
r(157,0,4,884)
r(157,0,4,884)
w(157,3,4,884)
w(157,4,2,885)
w(157,5,2,885)
w(158,1,2,885)
r(157,5,2,885)
r(157,5,2,885)
r(158,1,2,885)
r(157,5,2,887)
r(157,5,2,887)
r(158,1,2,887)
w(157,6,2,887)
r(145,6,2,887)
r(158,1,9,889)
w(153,8,9,889)
r(157,6,9,889)
w(157,7,9,889)
w(157,8,9,889)
r(157,8,5,891)
r(159,0,5,891)
r(159,0,5,891)
w(158,2,5,891)
w(160,1,5,891)
r(158,2,5,891)
w(158,3,6,893)
w(160,2,6,893)
r(147,7,6,893)
w(159,1,6,893)
w(160,3,6,893)
r(160,3,9,895)
r(159,1,9,895)
r(160,3,9,895)
r(160,3,9,895)
w(160,4,1,898)
r(160,4,1,898)
w(160,5,1,898)
r(160,5,1,898)
r(160,5,1,898)
r(160,5,1,898)
r(160,5,6,899)
w(160,6,6,899)
r(158,3,6,899)
r(159,1,6,899)
r(160,6,2,902)
w(160,7,2,902)
w(158,4,2,902)
r(160,7,2,902)
w(162,3,2,906)
w(162,4,2,906)
r(158,4,2,906)
r(162,4,2,906)
w(158,7,2,906)
w(162,5,2,906)
r(162,5,2,909)
r(162,5,2,909)
w(162,7,2,909)
r(162,7,2,909)
w(162,8,2,911)
r(164,0,2,911)
r(163,0,2,911)
r(159,1,2,911)
r(164,0,2,911)
w(159,3,2,911)
r(164,0,3,913)
r(164,0,3,913)
w(164,1,3,913)
r(164,1,3,913)
r(164,1,3,913)
w(164,2,3,913)
w(164,3,0,916)
r(164,3,0,916)
w(164,4,0,916)
r(159,3,0,916)
r(164,4,0,916)
w(159,4,0,916)
w(164,5,0,916)
w(164,6,0,916)
w(164,8,7,919)
r(159,4,7,919)
r(165,0,7,919)
w(163,1,7,919)
w(165,1,7,919)
r(165,1,5,921)
w(165,2,5,921)
r(159,4,5,921)
r(165,2,5,921)
w(159,5,5,921)
w(165,3,6,923)
r(163,1,6,923)
r(165,3,6,923)
r(165,3,6,923)
w(165,4,6,923)
r(159,5,6,923)
r(165,4,6,923)
w(161,2,0,925)
w(165,5,0,925)
r(165,5,0,925)
r(165,5,0,925)
w(165,6,8,927)
w(165,7,8,927)
w(159,6,8,927)
r(165,7,8,927)
w(165,8,8,927)
w(163,2,4,930)
r(161,2,4,930)
r(163,2,4,930)
r(159,6,4,930)
r(165,8,4,930)
w(163,3,4,930)
r(161,2,4,930)
w(163,5,0,933)
r(166,0,0,933)
r(163,5,0,933)
w(159,7,0,933)
w(163,6,1,935)
w(163,7,1,935)
r(163,7,1,935)
w(163,8,1,935)
w(147,8,1,935)
w(166,1,1,935)
r(161,2,1,935)
w(159,8,7,939)
w(166,2,7,939)
w(167,1,7,939)
w(167,2,7,939)
r(167,2,7,939)
r(167,2,7,939)
r(166,2,0,941)
w(166,5,0,941)
w(167,4,0,941)
w(166,6,0,941)
w(167,5,0,941)
r(167,5,0,941)
r(167,5,0,941)
w(166,7,9,943)
r(166,7,9,943)
w(161,3,9,943)
r(166,7,9,943)
r(166,7,1,948)
r(166,7,1,948)
w(166,8,1,948)
r(166,8,1,948)
r(169,0,1,948)
w(167,6,1,948)
w(169,1,1,948)
r(169,1,1,948)
r(167,5,0,951)
r(161,3,0,951)
r(168,0,0,951)
r(167,5,0,951)
r(169,0,0,951)
r(169,0,0,951)
r(170,0,0,951)
w(170,1,1,955)
r(170,1,1,955)
w(169,5,1,955)
w(168,2,1,955)
r(170,1,1,955)
w(169,6,1,955)
w(168,3,7,957)
r(169,6,7,957)
r(170,1,7,957)
r(169,6,7,957)
r(171,0,7,957)
w(171,1,7,957)
w(168,4,3,959)
w(171,2,3,959)
r(168,4,3,959)
r(161,3,3,959)
w(171,3,3,959)
r(168,4,3,959)
w(168,5,3,959)
w(171,4,3,963)
w(168,6,3,963)
w(168,7,3,963)
w(171,5,3,963)
w(170,3,3,963)
w(171,6,3,963)
w(171,7,3,963)
r(161,3,5,965)
r(170,3,5,965)
r(170,3,5,965)
r(172,0,5,965)
r(172,0,5,965)
r(172,0,5,965)
r(172,0,2,968)
w(170,5,2,968)
r(172,0,2,968)
r(170,5,2,968)
w(172,1,2,968)
r(161,3,2,968)
r(170,5,5,971)
r(172,1,5,971)
w(161,5,5,971)
r(172,1,5,971)
w(170,6,4,973)
r(172,1,4,973)
w(170,7,4,973)
r(172,1,4,973)
r(172,1,8,976)
r(172,1,8,976)
r(172,1,8,976)
w(170,8,8,976)
w(173,1,8,976)
r(173,1,8,976)
w(172,5,1,980)
r(172,5,1,980)
r(168,7,1,980)
r(173,1,1,980)
w(172,6,1,980)
r(174,0,1,980)
r(172,6,1,980)
w(173,3,1,980)
r(172,6,1,983)
r(173,3,1,983)
r(173,3,1,983)
r(161,5,1,983)
r(172,6,9,985)
r(173,3,9,985)
r(174,0,9,985)
r(176,0,9,985)
w(175,1,7,1000)
w(173,6,7,1000)
w(175,2,7,1000)
w(176,1,7,1000)
w(173,7,7,1000)
r(173,7,7,1000)
r(178,0,7,1002)
r(178,0,7,1002)
r(178,0,7,1002)
r(178,0,7,1002)
r(178,0,7,1002)
r(178,0,7,1002)
r(175,2,7,1002)
w(177,4,7,1002)
r(178,0,7,1006)
r(175,2,7,1006)
w(178,2,7,1006)
w(178,3,7,1006)
r(175,2,7,1011)
r(177,4,7,1011)
w(177,5,7,1011)
w(178,4,7,1011)
w(178,5,7,1011)
r(177,4,1,1012)
r(175,2,1,1012)
r(178,3,1,1012)
w(161,7,1,1012)
r(177,4,1,1012)
w(175,7,1,1012)
w(178,6,8,1016)
w(178,7,8,1016)
r(177,5,8,1016)
w(177,6,8,1016)
r(178,7,8,1016)
r(177,6,8,1016)
w(178,8,8,1016)
r(177,6,8,1016)
r(178,8,1,1020)
r(178,8,1,1020)
r(177,6,1,1020)
r(177,6,1,1020)
w(177,7,1,1020)
r(179,0,1,1020)
w(179,1,1,1020)
r(177,7,1,1025)
r(175,7,1,1025)
w(179,5,1,1025)
w(179,6,1,1025)
r(179,6,1,1025)
w(180,1,1,1025)
r(180,1,1,1025)
w(181,1,4,1028)
r(180,1,4,1028)
w(175,8,4,1028)
r(181,1,4,1028)
r(181,1,4,1028)
r(181,1,4,1028)
r(181,1,8,1031)
r(181,1,8,1031)
w(180,4,8,1031)
r(180,4,8,1031)
w(174,3,8,1031)
w(174,4,8,1031)
w(181,2,8,1031)
w(181,3,8,1031)
w(181,4,3,1036)
r(181,4,3,1036)
w(182,1,3,1036)
r(180,4,3,1036)
r(181,4,3,1036)
r(180,4,3,1036)
r(181,4,3,1036)
w(181,5,3,1036)
w(181,8,4,1041)
w(182,4,4,1041)
r(181,8,4,1041)
r(181,8,4,1041)
r(181,8,4,1041)
r(181,8,4,1041)
r(180,4,4,1041)
r(180,4,4,1041)
w(174,5,2,1042)
w(183,1,2,1042)
r(183,1,2,1042)
r(161,7,2,1042)
w(183,2,5,1045)
r(180,4,5,1045)
r(180,4,5,1045)
r(183,2,5,1045)
w(183,3,5,1045)
r(182,4,5,1045)
r(183,3,5,1045)
r(182,4,8,1048)
r(182,4,8,1048)
w(182,6,8,1048)
w(182,7,8,1048)
r(180,4,8,1048)
w(183,4,0,1050)
w(183,5,0,1050)
r(183,5,0,1050)
w(183,6,0,1050)
r(182,4,0,1050)
r(183,6,6,1055)
r(183,6,6,1055)
w(184,1,6,1055)
r(184,1,6,1055)
w(184,2,6,1055)
r(184,2,6,1055)
w(182,8,6,1055)
r(185,0,1,1058)
w(185,1,1,1058)
r(184,2,1,1058)
w(185,2,1,1058)
w(184,4,1,1058)
w(184,6,7,1061)
w(185,4,7,1061)
r(184,6,7,1061)
r(184,6,7,1061)
r(182,8,7,1061)
w(185,5,7,1061)
r(185,5,4,1063)
r(184,6,4,1063)
r(184,6,4,1063)
r(184,6,4,1063)
r(184,6,4,1063)
w(185,6,4,1063)
w(186,1,4,1063)
r(184,6,4,1063)
w(185,7,4,1065)
r(184,6,4,1065)
r(184,6,4,1065)
w(184,7,4,1065)
r(185,7,4,1067)
r(184,7,4,1067)
r(184,7,4,1067)
r(185,7,4,1067)
w(184,8,4,1067)
r(161,7,1,1069)
w(185,8,1,1069)
r(187,0,1,1069)
r(187,0,1,1069)
r(186,1,1,1069)
w(187,1,0,1072)
r(187,1,0,1072)
r(185,8,0,1072)
w(187,2,0,1072)
r(188,0,0,1075)
r(187,2,0,1075)
r(174,5,0,1075)
w(188,1,0,1075)
r(187,2,0,1075)
r(186,1,0,1075)
w(187,5,9,1079)
r(188,1,9,1079)
w(174,7,9,1079)
w(187,6,9,1079)
r(187,6,9,1079)
r(187,6,9,1079)
w(187,7,9,1079)
w(187,8,9,1079)
r(188,1,8,1081)
w(188,2,8,1081)
w(190,1,8,1081)
w(190,2,8,1081)
w(188,3,8,1081)
r(189,0,8,1081)
r(186,1,8,1081)
w(190,5,9,1085)
r(188,3,9,1085)
r(190,5,9,1085)
r(190,5,9,1085)
r(186,1,9,1085)
r(186,1,3,1086)
r(190,2,3,1086)
r(189,0,3,1086)
w(188,6,3,1086)
r(190,2,3,1086)
w(186,2,3,1086)
w(188,7,3,1086)
r(189,0,8,1089)
w(191,1,8,1089)
w(192,1,8,1089)
w(186,4,8,1089)
w(192,2,8,1089)
r(186,4,8,1089)
r(186,4,6,1091)
w(186,5,6,1091)
w(191,2,6,1091)
r(191,2,6,1091)
w(191,3,6,1091)
w(191,4,6,1091)
r(191,4,8,1093)
r(191,4,8,1093)
w(186,6,8,1093)
r(186,6,8,1093)
r(192,2,8,1093)
r(186,6,3,1095)
w(192,3,3,1095)
w(192,4,3,1095)
w(191,5,3,1095)
r(191,5,3,1095)
w(192,5,3,1095)
w(191,6,3,1095)
r(191,6,3,1095)
r(191,6,2,1099)
w(186,7,2,1099)
w(191,7,2,1099)
r(191,7,2,1099)
w(192,6,2,1099)
w(192,7,2,1099)
w(192,8,2,1099)
w(191,8,2,1099)
w(193,3,3,1101)
w(193,4,3,1101)
w(193,5,3,1101)
r(193,5,3,1101)
w(193,6,8,1104)
r(193,6,8,1104)
r(194,0,8,1104)
w(193,7,8,1104)
w(195,1,8,1104)
w(193,8,8,1104)
w(189,1,8,1104)
w(195,2,8,1104)
r(195,2,4,1107)
w(196,2,4,1107)
r(195,2,4,1107)
r(196,2,4,1107)
r(195,2,4,1107)
r(194,0,4,1107)
w(195,4,4,1107)
w(196,3,8,1109)
w(196,4,8,1109)
r(195,4,8,1109)
r(196,4,8,1109)
w(194,1,9,1111)
r(196,4,9,1111)
w(196,5,9,1111)
w(196,6,9,1111)
r(195,4,9,1111)
r(196,6,9,1111)
r(197,0,6,1114)
r(197,0,6,1114)
w(197,2,6,1114)
w(197,3,6,1114)
w(194,4,3,1117)
r(189,1,3,1117)
r(189,1,3,1117)
w(194,5,3,1117)
r(194,5,3,1117)
w(195,6,3,1117)
r(194,5,3,1117)
w(195,7,8,1119)
w(197,4,8,1119)
w(194,6,8,1119)
r(194,6,8,1119)
r(194,6,8,1119)
r(174,7,8,1119)
w(197,5,8,1119)
r(197,5,8,1122)
r(194,6,8,1122)
w(195,8,8,1122)
r(197,5,8,1122)
w(194,7,8,1122)
r(197,5,8,1122)
r(197,5,8,1122)
r(199,0,2,1125)
r(194,7,2,1125)
r(194,7,2,1125)
w(199,1,2,1125)
r(199,1,2,1125)
r(199,1,2,1125)
w(199,2,2,1125)
w(199,3,0,1127)
r(199,3,0,1127)
r(194,7,0,1127)
w(199,4,0,1127)
w(199,5,0,1127)
w(200,1,0,1127)
r(199,5,1,1131)
r(200,1,1,1131)
w(199,6,1,1131)
r(200,1,1,1131)
r(199,6,1,1131)
r(199,6,1,1131)
w(189,3,7,1134)
r(199,6,7,1134)
w(200,2,7,1134)
r(199,6,7,1134)
w(199,8,7,1134)
r(201,0,7,1134)
w(198,5,7,1134)
r(200,1,8,1135)
r(200,1,8,1135)
w(201,1,8,1135)
w(201,2,8,1135)
r(200,2,0,1137)
r(201,2,0,1137)
r(201,2,0,1137)
w(201,3,0,1137)
w(189,4,0,1137)
r(189,4,0,1137)
w(200,3,0,1137)
w(201,4,8,1139)
w(198,6,8,1139)
w(200,4,8,1139)
r(201,4,8,1139)
r(200,4,8,1139)
r(201,4,8,1139)
w(198,7,8,1141)
r(201,4,8,1141)
w(200,5,8,1141)
r(201,4,8,1141)
r(201,4,8,1141)
r(174,7,8,1141)
r(198,7,8,1141)
w(201,5,8,1141)
r(201,5,6,1143)
r(200,5,6,1143)
w(200,6,6,1143)
r(201,5,6,1143)
w(200,7,7,1145)
w(201,6,7,1145)
r(201,6,7,1145)
r(200,7,7,1145)
r(200,7,7,1145)
r(201,6,7,1145)
r(200,7,6,1147)
r(200,7,6,1147)
w(201,7,6,1147)
r(201,7,6,1147)
w(201,8,6,1147)
r(200,7,6,1147)
r(198,7,6,1147)
w(200,8,6,1147)
r(200,8,5,1149)
r(202,0,5,1149)
r(200,8,5,1149)
r(202,0,5,1149)
w(202,1,5,1149)
r(202,1,5,1149)
r(202,1,5,1149)
w(198,8,5,1149)
r(198,8,5,1151)
w(203,1,5,1151)
r(202,1,5,1151)
r(202,1,5,1151)
r(202,1,5,1151)
w(202,2,5,1151)
w(202,3,8,1153)
w(202,4,8,1153)
w(189,5,8,1153)
r(202,4,8,1153)
w(203,5,6,1161)
w(205,3,6,1161)
w(203,6,6,1161)
w(203,7,6,1161)
r(205,3,6,1161)
w(205,4,6,1161)
r(205,4,6,1161)
w(205,5,6,1161)
r(205,5,5,1165)
w(203,8,5,1165)
r(189,5,5,1165)
r(205,5,5,1165)
w(205,7,7,1166)
w(205,8,7,1166)
w(174,8,7,1166)
r(203,7,7,1166)
r(203,7,7,1166)
r(203,7,7,1166)
r(205,8,7,1166)
r(203,7,7,1166)
r(207,0,8,1167)
r(206,0,8,1167)
r(204,0,8,1167)
r(207,0,8,1167)
w(207,1,4,1170)
w(207,2,4,1170)
r(206,0,4,1170)
r(189,5,4,1170)
r(206,0,4,1170)
r(207,2,4,1170)
w(207,3,4,1170)
w(207,4,4,1170)
r(207,0,2,1171)
r(207,0,2,1171)
r(207,0,2,1171)
w(204,3,2,1171)
w(204,4,2,1171)
r(206,0,6,1173)
r(207,4,6,1173)
w(207,5,6,1173)
r(207,5,6,1173)
r(206,0,4,1176)
w(189,6,4,1176)
w(207,6,4,1176)
r(174,8,4,1176)
r(207,6,8,1179)
w(204,5,8,1179)
w(207,8,8,1179)
r(206,0,8,1179)
r(204,5,2,1181)
w(204,6,2,1181)
w(204,7,2,1181)
r(204,7,2,1181)
r(206,0,3,1185)
r(209,0,3,1185)
w(206,2,3,1185)
r(209,0,3,1185)
r(206,2,3,1185)
w(209,1,3,1185)
r(206,2,3,1185)
w(204,8,3,1185)
r(209,1,0,1187)
r(204,8,0,1187)
w(209,2,0,1187)
w(209,3,0,1187)
r(209,3,0,1187)
w(209,4,0,1187)
w(210,1,0,1187)
r(206,2,0,1187)
w(206,4,4,1189)
r(209,4,4,1189)
w(210,2,4,1189)
r(209,4,4,1189)
r(206,4,4,1189)
r(209,4,4,1189)
w(209,6,6,1191)
w(189,7,6,1191)
r(189,7,6,1191)
w(206,5,6,1191)
w(206,6,6,1191)
r(209,6,6,1191)
w(209,7,6,1195)
r(209,7,6,1195)
w(206,7,6,1195)
r(209,7,6,1195)
r(206,7,6,1195)
w(210,3,6,1195)
r(209,7,6,1195)
w(210,4,6,1195)
w(210,5,4,1199)
w(211,1,4,1199)
w(211,2,4,1199)
r(206,7,4,1199)
r(206,7,4,1199)
r(210,5,1,1202)
w(210,7,1,1202)
w(210,8,1,1202)
r(206,7,1,1202)
w(211,8,1,1202)
r(206,7,1,1202)
r(210,5,2,1204)
r(206,7,2,1204)
r(210,5,2,1204)
r(210,5,2,1204)
w(206,8,2,1204)
r(206,8,2,1204)
r(212,0,4,1207)
w(213,1,4,1207)
w(212,1,4,1207)
r(212,1,4,1207)
w(212,2,4,1207)
w(215,1,4,1207)
w(213,2,4,1207)
r(215,1,4,1207)
w(212,5,4,1209)
r(212,5,4,1209)
w(215,2,4,1209)
w(212,6,4,1209)
w(212,7,4,1209)
r(212,7,4,1209)
w(212,8,0,1211)
r(216,0,0,1211)
w(215,3,0,1211)
w(216,1,0,1211)
r(216,1,0,1211)
r(216,1,0,1211)
r(215,3,0,1211)
w(215,4,0,1211)
w(208,1,4,1213)
r(216,1,4,1213)
w(216,2,4,1213)
r(213,2,4,1213)
w(215,5,4,1213)
w(216,3,4,1213)
r(213,2,4,1213)
r(216,3,0,1215)
w(215,6,0,1215)
w(213,4,0,1215)
w(216,4,0,1215)
r(216,4,0,1215)
r(214,0,0,1215)
r(216,4,0,1215)
r(213,4,0,1215)
r(215,6,6,1217)
r(216,4,6,1217)
r(216,4,6,1217)
w(214,1,6,1217)
r(216,4,6,1217)
w(215,7,6,1217)
r(216,4,6,1217)
r(216,4,2,1219)
w(215,8,2,1219)
r(213,4,2,1219)
w(216,5,2,1219)
w(214,2,8,1221)
r(216,5,8,1221)
r(216,5,8,1221)
r(216,5,8,1221)
r(217,0,8,1221)
w(217,1,8,1221)
w(216,6,8,1221)
r(216,6,8,1223)
r(217,1,8,1223)
r(217,1,8,1223)
r(213,4,8,1223)
r(213,4,8,1223)
w(216,7,8,1223)
w(217,2,8,1223)
r(213,4,4,1226)
r(217,2,4,1226)
r(216,7,4,1226)
w(217,3,4,1226)
r(216,7,4,1226)
w(216,8,4,1226)
r(217,3,4,1226)
w(218,3,8,1229)
r(217,3,8,1229)
w(217,5,8,1229)
w(218,4,8,1229)
w(217,6,7,1236)
w(218,5,7,1236)
w(218,6,7,1236)
r(214,2,7,1236)
r(218,6,7,1236)
w(218,7,7,1236)
w(218,8,7,1236)
w(213,6,8,1237)
w(220,1,8,1237)
w(219,2,8,1237)
w(220,2,8,1237)
w(220,3,1,1241)
w(220,4,1,1241)
r(220,4,1,1241)
w(219,3,1,1241)
w(219,4,1,1241)
w(220,5,1,1241)
w(219,5,1,1241)
w(219,6,1,1241)
r(220,5,7,1244)
r(213,6,7,1244)
w(221,1,7,1244)
r(213,6,7,1244)
r(221,1,7,1244)
w(220,7,7,1244)
r(221,1,7,1244)
r(221,1,6,1246)
w(221,2,6,1246)
w(221,3,6,1246)
w(208,2,6,1246)
r(213,6,6,1246)
r(222,0,6,1249)
r(221,3,6,1249)
r(221,3,6,1249)
r(221,3,6,1249)
r(221,3,6,1249)
r(220,7,6,1249)
r(221,3,6,1249)
r(221,3,6,1249)
r(220,7,6,1252)
w(221,5,6,1252)
r(221,5,6,1252)
w(221,6,6,1252)
w(221,7,6,1252)
w(214,3,6,1252)
w(223,1,4,1255)
r(221,7,4,1255)
r(223,1,4,1255)
w(224,1,4,1255)
r(222,0,4,1255)
r(222,0,1,1258)
w(223,2,1,1258)
w(224,2,1,1258)
w(224,3,1,1258)
r(224,3,3,1260)
r(222,0,3,1260)
w(222,3,3,1260)
r(222,3,3,1260)
w(224,4,3,1260)
r(224,4,3,1260)
w(224,5,3,1260)
w(223,3,3,1260)
w(224,8,2,1263)
r(224,8,2,1263)
r(224,8,2,1263)
r(223,3,2,1263)
r(224,8,2,1263)
w(223,5,2,1263)
w(223,6,2,1263)
w(225,1,2,1263)
r(225,1,1,1267)
w(223,7,1,1267)
r(225,1,1,1267)
r(223,7,1,1267)
w(225,7,8,1271)
w(214,5,8,1271)
r(208,2,8,1271)
w(225,8,8,1271)
w(208,3,8,1271)
r(223,7,8,1271)
r(225,8,8,1271)
r(225,8,5,1275)
r(225,8,5,1275)
r(222,3,5,1275)
w(227,1,5,1275)
w(222,6,5,1275)
w(222,7,5,1275)
r(227,1,5,1275)
w(227,4,5,1277)
w(227,5,5,1277)
w(226,3,5,1277)
r(227,5,5,1277)
w(226,4,6,1292)
w(227,6,6,1292)
r(226,4,6,1292)
w(227,7,6,1292)
r(226,4,6,1292)
r(227,7,6,1292)
r(227,7,6,1292)
w(227,8,6,1292)
w(232,5,6,1296)
r(229,0,6,1296)
w(232,6,6,1296)
r(232,6,6,1296)
r(230,0,6,1296)
w(232,7,6,1296)
r(230,0,6,1296)
w(229,7,6,1296)
w(229,8,6,1298)
w(232,8,6,1298)
r(232,8,6,1298)
r(232,8,6,1298)
r(232,8,6,1300)
r(234,0,6,1300)
r(235,0,6,1300)
w(235,1,6,1300)
w(233,1,6,1302)
w(235,2,6,1302)
r(233,1,6,1302)
w(235,3,6,1302)
w(235,4,6,1302)
r(235,4,6,1302)
r(235,4,6,1302)
r(235,4,6,1304)
r(235,4,6,1304)
w(235,5,6,1304)
w(235,6,6,1304)
w(235,7,6,1306)
w(234,1,6,1306)
r(230,0,6,1306)
w(234,2,6,1306)
r(235,7,6,1306)
w(235,8,6,1306)
r(235,8,6,1308)
r(230,0,6,1308)
r(234,2,6,1308)
r(234,2,6,1308)
w(236,1,6,1308)
r(234,2,6,1308)
r(234,2,6,1308)
r(236,1,2,1314)
r(233,1,2,1314)
r(234,2,2,1314)
w(236,2,2,1314)
r(234,2,2,1314)
r(230,0,2,1314)
w(236,3,2,1314)
r(234,2,2,1314)
r(228,0,8,1317)
w(228,8,8,1317)
r(231,0,8,1317)
w(231,1,8,1317)
w(236,5,1,1321)
r(233,1,1,1321)
w(234,5,1,1321)
w(236,6,1,1321)
w(234,6,1,1321)
w(234,7,1,1321)
w(233,2,1,1321)
r(231,1,0,1322)
r(214,5,0,1322)
w(231,4,0,1322)
w(231,5,0,1322)
r(231,5,0,1322)
w(231,6,0,1322)
r(231,6,0,1322)
r(231,6,4,1327)
w(231,7,4,1327)
w(231,8,4,1327)
r(231,8,4,1327)
w(236,8,1,1328)
r(208,3,1,1328)
r(234,7,1,1328)
w(234,8,1,1328)
r(236,8,1,1328)
r(208,3,1,1328)
r(236,8,1,1328)
w(208,7,2,1330)
r(234,7,2,1330)
w(233,4,2,1330)
w(237,1,2,1330)
r(234,7,2,1330)
w(237,2,2,1330)
r(237,0,0,1331)
r(237,0,0,1331)
r(237,0,0,1331)
r(234,8,0,1331)
r(237,0,0,1331)
w(237,3,2,1333)
w(237,4,2,1333)
w(237,5,2,1333)
w(237,6,2,1333)
w(208,8,2,1333)
r(234,8,2,1333)
w(237,7,8,1336)
w(233,5,8,1336)
r(237,7,8,1336)
r(237,7,8,1336)
r(238,0,8,1336)
w(237,8,8,1336)
r(230,0,6,1337)
r(238,0,6,1337)
r(233,4,6,1337)
r(238,0,6,1337)
w(238,1,1,1339)
w(238,2,1,1339)
r(230,0,1,1339)
r(239,0,1,1339)
r(239,0,1,1339)
r(239,0,1,1339)
w(238,3,1,1339)
r(239,0,9,1343)
r(239,0,9,1343)
r(239,0,9,1343)
w(230,7,9,1343)
r(233,5,9,1343)
r(238,3,9,1343)
w(230,8,9,1343)
w(239,2,6,1345)
r(233,5,6,1345)
w(239,3,6,1345)
r(238,3,6,1345)
r(239,3,9,1347)
w(233,6,9,1347)
r(233,6,9,1347)
r(240,0,9,1347)
w(239,4,5,1352)
w(239,5,5,1352)
r(239,5,5,1352)
w(239,6,5,1352)
w(233,7,9,1355)
w(241,1,9,1355)
r(233,7,9,1355)
w(241,2,9,1355)
w(241,3,9,1355)
w(241,4,9,1355)
w(241,5,9,1355)
r(240,0,9,1355)
r(238,3,7,1359)
r(241,5,7,1359)
r(233,7,7,1359)
w(241,6,7,1359)
w(238,5,7,1359)
r(241,6,7,1359)
r(241,6,7,1359)
r(240,0,8,1361)
r(241,6,8,1361)
r(241,6,8,1361)
w(238,6,8,1361)
r(240,0,8,1361)
w(241,8,3,1363)
r(241,8,3,1363)
r(240,0,3,1363)
r(238,6,3,1363)
w(238,7,3,1363)
w(238,8,0,1365)
r(240,0,0,1365)
r(242,0,0,1365)
r(242,0,0,1365)
r(242,0,0,1365)
r(242,0,0,1365)
r(242,0,7,1367)
r(240,0,7,1367)
r(238,8,7,1367)
r(242,0,7,1367)
r(242,0,7,1367)
r(240,0,7,1367)
r(240,0,7,1369)
w(242,1,7,1369)
r(243,0,7,1369)
w(244,1,7,1369)
w(242,2,7,1369)
r(240,0,7,1369)
w(244,2,7,1369)
w(242,3,7,1369)
r(242,3,6,1373)
r(233,7,6,1373)
r(242,3,6,1373)
r(244,2,6,1373)
w(244,3,6,1373)
r(240,0,6,1373)
w(244,4,6,1373)
r(233,7,6,1373)
w(242,4,5,1377)
w(233,8,5,1377)
w(240,2,5,1377)
w(242,5,5,1377)
w(240,3,5,1377)
w(242,6,5,1377)
r(242,6,5,1377)
r(242,6,5,1377)
w(245,2,0,1379)
w(245,3,0,1379)
w(245,4,0,1379)
w(245,5,0,1379)
w(245,6,4,1381)
w(245,7,4,1381)
r(245,7,4,1381)
r(245,7,4,1381)
w(244,8,4,1381)
w(245,8,4,1381)
w(240,4,4,1381)
w(246,1,2,1385)
r(247,0,2,1385)
r(240,4,2,1385)
w(246,2,2,1385)
w(246,3,2,1385)
r(246,3,1,1387)
w(246,7,1,1387)
r(247,0,1,1387)
w(246,8,1,1387)
w(240,5,1,1387)
w(240,6,1,1387)
r(247,0,1,1387)
r(246,8,1,1387)
r(240,6,7,1389)
r(246,8,7,1389)
r(247,0,7,1389)
w(247,1,7,1389)
w(248,1,7,1389)
r(248,1,7,1389)
r(248,1,7,1389)
w(248,2,7,1389)
r(240,6,9,1393)
w(240,7,9,1393)
r(240,7,9,1393)
r(248,2,9,1393)
r(248,2,9,1393)
w(247,2,9,1393)
w(248,3,9,1393)
w(248,4,2,1397)
r(247,2,2,1397)
w(247,6,2,1397)
w(248,5,2,1397)
w(247,7,2,1397)
r(247,7,2,1397)
r(248,5,0,1400)
w(248,6,0,1400)
r(248,6,0,1400)
w(248,7,0,1400)
w(249,1,0,1400)
r(248,7,0,1400)
w(248,8,0,1400)
r(248,5,5,1401)
r(240,7,5,1401)
r(250,0,5,1401)
r(240,7,5,1401)
w(250,1,5,1401)
w(250,2,5,1401)
w(250,3,5,1405)
w(249,2,5,1405)
r(251,0,5,1405)
w(250,4,5,1405)
r(250,4,5,1405)
r(250,4,5,1405)
r(250,4,5,1405)
w(250,7,3,1409)
w(250,8,3,1409)
r(251,0,3,1409)
w(243,1,3,1409)
r(253,0,3,1409)
w(253,1,3,1409)
r(252,0,7,1413)
w(243,2,7,1413)
w(253,2,7,1413)
w(253,3,7,1413)
r(249,2,7,1413)
r(249,2,7,1413)
r(253,3,7,1413)
r(249,2,6,1415)
r(249,2,6,1415)
w(249,8,6,1415)
r(249,8,6,1415)
r(253,3,6,1418)
r(253,3,6,1418)
r(249,8,6,1418)
r(249,8,6,1418)
w(243,3,6,1418)
w(253,5,6,1418)
w(253,6,6,1418)
r(249,8,4,1421)
w(252,1,4,1421)
r(253,6,4,1421)
r(252,1,4,1421)
r(253,6,4,1421)
r(249,8,4,1421)
r(249,8,0,1423)
r(254,0,0,1423)
w(251,4,0,1423)
r(251,4,0,1423)
w(254,1,1,1432)
w(254,2,1,1432)
w(254,3,1,1432)
w(254,4,1,1432)
w(243,4,1,1432)
r(255,0,4,1434)
r(251,4,4,1434)
r(255,0,4,1434)
w(251,6,4,1434)
r(252,1,4,1434)
r(255,0,4,1434)
r(255,0,8,1435)
r(255,0,8,1435)
r(255,0,8,1435)
r(254,4,8,1435)
r(254,4,8,1435)
w(254,6,8,1435)
w(254,7,8,1435)
r(255,0,8,1435)
r(254,7,2,1439)
w(254,8,2,1439)
w(255,5,2,1439)
r(254,8,2,1439)
r(256,0,4,1443)
w(256,4,4,1443)
r(255,5,4,1443)
r(251,6,4,1443)
w(255,8,8,1445)
r(251,6,8,1445)
r(256,4,8,1445)
r(256,4,8,1445)
r(256,4,8,1445)
r(256,4,8,1445)
w(256,5,8,1445)
r(256,5,7,1447)
r(255,8,7,1447)
r(256,5,7,1447)
w(256,6,7,1447)
w(252,2,7,1447)
r(256,6,7,1447)
r(256,6,7,1447)
w(256,7,7,1449)
w(243,7,7,1449)
w(257,1,7,1449)
r(256,7,7,1449)
w(256,8,7,1449)
r(258,0,7,1452)
r(257,1,7,1452)
w(258,1,7,1452)
w(259,1,7,1452)
w(243,8,6,1456)
r(259,1,6,1456)
w(259,5,6,1456)
r(258,1,6,1456)
r(252,2,6,1456)
w(258,3,6,1456)
r(258,3,7,1460)
w(259,7,7,1460)
r(259,7,7,1460)
r(259,7,7,1460)
w(259,8,6,1465)
r(259,8,6,1465)
r(260,0,6,1465)
w(260,1,6,1465)
w(260,2,6,1465)
r(260,2,6,1465)
r(252,2,6,1465)
r(258,3,6,1465)
r(252,2,8,1467)
r(258,3,8,1467)
w(257,4,8,1467)
r(252,2,8,1467)
r(243,8,8,1467)
r(252,2,8,1467)
r(252,2,8,1467)
r(257,1,4,1468)
w(258,4,4,1468)
r(260,2,4,1468)
w(258,5,4,1468)
r(261,0,4,1468)
r(260,2,4,1468)
r(257,1,4,1468)
w(258,6,4,1468)
r(260,2,2,1471)
w(257,6,2,1471)
r(260,2,2,1471)
r(260,2,2,1471)
w(257,7,2,1471)
w(260,5,2,1471)
w(260,6,2,1471)
w(260,7,2,1473)
r(258,6,2,1473)
r(258,6,2,1473)
r(257,7,2,1473)
r(260,7,2,1473)
w(258,7,6,1478)
r(260,7,6,1478)
w(260,8,6,1478)
w(258,8,6,1478)
r(258,8,6,1478)
r(257,7,6,1478)
w(262,1,7,1479)
r(257,7,7,1479)
w(262,2,7,1479)
w(262,3,7,1479)
w(263,1,7,1479)
w(252,5,7,1479)
w(257,8,7,1479)
r(257,8,7,1479)
w(262,7,1,1482)
r(257,8,1,1482)
w(262,8,1,1482)
r(262,8,1,1482)
w(265,1,1,1482)
r(265,1,1,1482)
r(263,1,1,1482)
r(265,1,8,1488)
r(265,1,8,1488)
r(261,0,8,1488)
w(265,4,8,1488)
r(263,1,8,1488)
r(265,4,8,1488)
w(265,5,8,1488)
w(265,6,8,1488)
w(264,1,1,1489)
w(265,7,1,1489)
r(265,7,1,1489)
r(265,7,1,1489)
w(265,8,1,1489)
r(261,0,6,1491)
w(264,2,6,1491)
r(265,8,6,1491)
w(263,5,6,1491)
r(266,0,5,1493)
r(266,0,5,1493)
w(266,1,5,1493)
r(263,5,5,1493)
r(252,5,5,1493)
w(264,3,5,1493)
r(263,5,5,1493)
r(264,3,1,1499)
r(266,1,1,1499)
r(252,5,1,1499)
r(263,5,1,1499)
w(266,5,1,1499)
r(266,5,1,1499)
w(263,8,3,1502)
r(266,5,3,1502)
r(266,5,3,1502)
r(266,5,3,1502)
r(263,8,3,1502)
r(266,5,3,1502)
r(266,5,3,1502)
w(267,1,8,1503)
r(266,5,8,1503)
r(267,1,8,1503)
r(267,1,8,1503)
w(261,2,8,1503)
w(267,2,8,1503)
w(266,6,8,1503)
w(264,7,2,1507)
r(264,7,2,1507)
r(264,7,2,1507)
r(267,2,2,1507)
w(266,7,2,1507)
w(264,8,2,1507)
r(267,2,1,1509)
w(268,1,1,1509)
w(267,4,1,1509)
r(268,1,1,1509)
w(269,1,1,1509)
r(261,2,1,1509)
w(269,2,1,1509)
r(268,1,2,1511)
r(267,4,2,1511)
r(269,2,2,1511)
w(268,2,2,1511)
r(268,2,2,1511)
w(267,5,2,1511)
r(267,5,2,1511)
r(267,5,2,1511)
w(268,3,7,1515)
r(267,5,7,1515)
w(267,6,7,1515)
r(268,3,7,1515)
w(268,4,7,1515)
w(267,8,4,1519)
w(268,7,4,1519)
w(268,8,4,1519)
r(268,8,4,1519)
r(268,8,4,1519)
r(270,0,4,1519)
w(272,2,0,1523)
w(270,2,0,1523)
w(270,3,0,1523)
w(270,4,0,1523)
w(272,3,0,1523)
w(270,5,0,1523)
w(270,6,6,1526)
w(270,7,6,1526)
r(270,7,6,1526)
w(270,8,6,1526)
r(272,3,6,1526)
r(272,3,6,1526)
r(270,5,9,1527)
r(261,2,9,1527)
r(273,0,9,1527)
r(270,5,9,1527)
r(274,0,9,1527)
w(274,1,9,1527)
w(273,1,9,1527)
w(273,2,3,1529)
r(272,3,3,1529)
r(273,2,3,1529)
r(274,1,3,1529)
w(261,3,3,1529)
r(274,1,3,1529)
w(273,3,3,1529)
r(274,1,3,1529)
w(274,2,9,1531)
r(273,3,9,1531)
w(272,4,9,1531)
w(273,4,9,1531)
w(274,3,9,1531)
w(274,4,2,1534)
r(274,4,2,1534)
w(274,5,2,1534)
r(274,5,2,1534)
w(274,6,2,1534)
w(274,7,2,1534)
r(273,4,1,1537)
r(272,4,1,1537)
r(272,4,1,1537)
r(272,4,1,1537)
w(275,1,1,1537)
r(275,1,1,1537)
r(275,1,4,1539)
r(272,4,4,1539)
w(272,7,4,1539)
r(272,7,4,1539)
r(275,1,4,1539)
r(275,1,0,1541)
r(275,1,0,1541)
r(275,1,0,1541)
r(261,3,0,1541)
r(275,1,7,1544)
r(273,4,7,1544)
r(275,1,7,1544)
r(271,0,7,1544)
r(275,1,7,1544)
r(272,7,7,1544)
w(275,2,7,1544)
w(275,4,7,1547)
w(275,5,7,1547)
r(276,0,7,1547)
r(275,5,7,1547)
r(275,5,7,1547)
w(271,1,7,1547)
r(275,5,7,1547)
w(275,6,9,1550)
r(275,6,9,1550)
r(275,6,9,1550)
r(276,0,9,1550)
r(273,4,9,1553)
r(277,0,9,1553)
w(273,6,9,1553)
r(277,0,9,1553)
r(261,3,9,1553)
w(276,4,9,1553)
r(271,1,9,1553)
r(261,3,4,1555)
w(277,1,4,1555)
r(277,1,4,1555)
r(276,4,4,1555)
r(277,1,0,1558)
w(261,4,0,1558)
r(276,4,0,1558)
r(277,1,0,1558)
w(276,5,0,1558)
w(277,2,6,1559)
w(277,3,6,1559)
r(277,3,6,1559)
r(277,3,6,1559)
r(277,3,6,1559)
w(271,2,9,1561)
w(277,4,9,1561)
w(277,5,9,1561)
r(276,5,9,1561)
w(277,6,9,1561)
w(277,7,0,1564)
r(277,7,0,1564)
r(277,7,0,1564)
w(277,8,0,1564)
r(277,8,0,1564)
r(276,5,0,1564)
r(277,6,5,1565)
r(277,6,5,1565)
r(276,5,5,1565)
w(276,6,5,1565)
w(278,1,2,1567)
w(271,3,2,1567)
w(278,2,2,1567)
r(271,3,2,1567)
w(276,7,2,1567)
r(276,7,1,1570)
r(276,7,1,1570)
r(278,2,1,1570)
w(278,3,1,1570)
r(271,3,1,1570)
r(278,3,1,1570)
r(273,6,1,1570)
w(273,7,1,1570)
r(278,2,8,1571)
r(278,2,8,1571)
r(278,2,8,1571)
w(276,8,8,1571)
w(278,4,0,1577)
r(278,4,0,1577)
r(261,4,0,1577)
r(278,4,0,1577)
r(278,4,0,1577)
w(279,1,0,1577)
w(278,5,0,1577)
r(278,5,0,1577)
w(279,4,5,1581)
w(261,5,5,1581)
w(280,1,5,1581)
r(279,4,5,1581)
r(279,4,5,1581)
r(273,7,5,1581)
r(279,4,5,1584)
w(279,7,5,1584)
r(280,1,5,1584)
r(280,1,5,1584)
r(271,3,5,1584)
w(261,6,1,1586)
w(279,8,1,1586)
r(280,1,1,1586)
w(271,5,1,1586)
r(273,7,1,1586)
w(281,2,8,1591)
r(281,2,8,1591)
r(281,2,8,1591)
r(282,0,8,1591)
w(280,4,9,1592)
w(280,5,9,1592)
r(273,7,9,1592)
r(279,7,9,1592)
w(280,6,9,1592)
w(280,7,9,1592)
w(273,8,9,1592)
r(280,7,9,1592)
r(282,0,1,1596)
r(273,8,1,1596)
r(282,0,1,1596)
w(281,4,1,1596)
r(282,0,0,1597)
w(282,4,0,1597)
w(282,5,0,1597)
r(271,5,0,1597)
r(281,4,6,1614)
r(271,5,6,1614)
w(282,7,6,1614)
w(282,8,6,1614)
r(282,8,6,1614)
r(285,0,7,1615)
r(284,0,7,1615)
w(285,1,7,1615)
w(281,6,7,1615)
w(285,2,7,1615)
w(283,1,7,1615)
r(285,2,7,1615)
r(283,1,3,1620)
r(283,1,3,1620)
r(261,6,3,1620)
r(284,0,3,1620)
r(286,0,3,1620)
w(286,8,3,1620)
r(287,0,3,1620)
r(288,0,3,1620)
r(287,0,6,1621)
w(287,3,6,1621)
w(288,1,6,1621)
w(288,2,6,1621)
r(288,2,6,1621)
w(288,3,7,1625)
r(288,3,7,1625)
w(287,4,7,1625)
w(288,4,7,1625)
r(288,4,7,1625)
r(288,4,7,1625)
w(287,5,7,1625)
w(287,6,7,1625)
w(285,3,0,1626)
r(283,1,0,1626)
w(285,4,0,1626)
w(284,2,0,1626)
w(285,5,0,1626)
r(283,1,0,1626)
w(285,6,0,1626)
w(261,8,0,1626)
r(281,6,9,1628)
r(281,6,9,1628)
r(286,8,9,1628)
w(281,8,9,1628)
r(286,8,9,1628)
r(288,4,4,1631)
w(288,5,4,1631)
w(288,6,4,1631)
w(283,4,4,1631)
w(288,7,4,1631)
w(288,8,4,1631)
r(288,4,6,1632)
r(287,6,6,1632)
r(283,1,6,1632)
w(287,8,6,1632)
w(289,1,6,1632)
r(289,1,6,1632)
w(289,2,6,1632)
w(290,1,6,1632)
r(286,8,2,1634)
r(284,0,2,1634)
w(287,1,2,1634)
r(286,8,2,1634)
w(289,3,0,1635)
r(289,3,0,1635)
r(290,1,0,1635)
r(290,1,0,1635)
w(289,4,0,1635)
w(290,2,0,1635)
r(284,2,0,1635)
r(290,2,0,1635)
w(289,5,0,1637)
w(284,4,0,1637)
r(283,4,0,1637)
r(283,4,0,1637)
r(289,5,0,1637)
w(290,3,0,1643)
r(290,3,0,1643)
r(283,4,0,1643)
w(290,4,0,1643)
r(289,5,0,1643)
r(290,4,0,1643)
r(284,4,8,1645)
r(289,5,8,1645)
r(284,4,8,1645)
r(289,5,8,1645)
r(290,4,8,1645)
r(290,4,8,1645)
w(289,8,8,1645)
r(284,4,8,1645)
r(283,4,9,1647)
w(290,7,9,1647)
r(290,7,9,1647)
w(290,8,9,1647)
w(292,1,9,1647)
w(283,5,9,1647)
w(293,1,1,1649)
r(283,5,1,1649)
r(293,1,1,1649)
w(293,2,1,1649)
w(292,2,1,1649)
r(293,2,1,1649)
r(284,4,1,1649)
r(292,2,1,1649)
r(293,2,3,1651)
w(292,3,3,1651)
r(283,5,3,1651)
r(293,2,3,1651)
r(283,5,3,1651)
w(292,4,3,1651)
w(292,5,3,1651)
w(293,3,3,1651)
w(283,6,4,1658)
r(293,3,4,1658)
r(283,6,4,1658)
r(292,5,4,1658)
w(293,4,4,1658)
r(293,4,4,1658)
w(292,6,4,1658)
w(293,5,4,1658)
r(294,0,7,1659)
r(294,0,7,1659)
r(295,0,7,1659)
r(283,5,7,1659)
w(284,5,7,1659)
w(295,1,7,1659)
w(283,7,6,1661)
r(294,0,6,1661)
w(295,2,6,1661)
r(295,2,6,1661)
w(294,3,0,1665)
w(294,4,0,1665)
w(294,5,0,1665)
w(295,3,0,1665)
r(295,3,0,1665)
r(294,5,0,1665)
r(295,3,6,1667)
r(284,5,6,1667)
w(284,6,6,1667)
r(294,5,6,1667)
r(283,7,6,1667)
w(283,8,9,1669)
w(294,8,9,1669)
r(294,8,9,1669)
r(294,8,9,1669)
r(294,8,8,1671)
r(294,8,8,1671)
r(284,6,8,1671)
r(294,8,8,1671)
w(295,5,8,1671)
w(284,7,8,1671)
w(296,1,0,1676)
w(296,2,0,1676)
w(295,6,0,1676)
r(296,2,0,1676)
r(283,8,0,1676)
w(296,3,0,1676)
r(296,3,3,1679)
w(296,5,3,1679)
r(297,0,3,1679)
r(296,5,3,1679)
w(296,6,3,1679)
w(296,7,3,1679)
w(297,1,3,1679)
r(296,7,9,1681)
r(297,1,9,1681)
r(297,1,9,1681)
w(296,8,9,1681)
w(297,3,3,1686)
w(297,4,3,1686)
r(297,4,3,1686)
r(291,0,3,1686)
r(297,4,3,1686)
w(297,5,3,1686)
w(297,6,3,1686)
r(283,8,2,1687)
r(291,0,2,1687)
r(298,0,2,1687)
w(298,2,2,1687)
w(298,3,2,1687)
r(298,3,2,1687)
w(298,4,2,1687)
r(283,8,2,1687)
w(297,7,8,1689)
w(298,5,8,1689)
r(297,7,8,1689)
r(297,7,8,1689)
r(299,0,8,1689)
r(284,7,8,1689)
r(298,5,8,1689)
w(300,1,5,1693)
r(299,0,5,1693)
r(300,1,5,1693)
r(300,1,5,1693)
r(299,0,5,1693)
w(300,2,5,1693)
r(299,0,3,1694)
w(298,6,3,1694)
w(298,7,3,1694)
r(297,7,3,1694)
w(298,8,3,1694)
w(299,1,3,1694)
r(297,7,3,1694)
r(300,0,4,1695)
r(299,0,4,1695)
w(297,8,4,1695)
r(300,0,4,1695)
r(300,2,9,1699)
r(284,7,9,1699)
w(300,3,9,1699)
w(291,1,9,1699)
w(300,4,9,1699)
w(300,5,9,1699)
r(301,0,5,1701)
w(299,2,5,1701)
r(301,0,5,1701)
r(301,0,5,1701)
w(301,1,9,1703)
r(300,5,9,1703)
r(302,0,9,1703)
r(299,2,9,1703)
r(299,2,9,1703)
r(302,0,9,1703)
r(302,0,9,1703)
w(301,2,9,1703)
w(284,8,5,1705)
r(302,0,5,1705)
w(302,1,5,1705)
w(302,2,5,1705)
w(301,3,5,1705)
r(301,3,4,1707)
r(302,2,4,1707)
w(299,3,4,1707)
w(301,4,4,1707)
w(301,5,4,1707)
w(301,6,4,1707)
r(302,2,0,1710)
r(299,3,0,1710)
w(302,3,0,1710)
r(302,3,0,1710)
w(302,5,6,1715)
r(301,6,6,1715)
w(302,6,6,1715)
r(302,6,6,1715)
r(303,0,9,1718)
r(299,3,9,1718)
w(305,1,9,1718)
r(305,1,9,1718)
w(305,2,9,1718)
r(305,0,0,1719)
w(303,1,0,1719)
w(303,2,0,1719)
w(299,5,0,1719)
r(305,0,0,1719)
w(291,2,0,1719)
r(304,0,0,1719)
w(305,3,3,1721)
r(303,2,3,1721)
w(305,4,3,1721)
r(305,4,3,1721)
w(305,5,3,1721)
r(305,5,3,1721)
r(303,2,3,1721)
r(303,2,7,1723)
w(305,6,7,1723)
w(305,7,7,1723)
r(303,2,7,1723)
r(303,2,8,1725)
w(305,8,8,1725)
r(299,5,8,1725)
r(304,0,8,1725)
w(303,3,8,1725)
w(306,1,8,1725)
r(299,5,8,1725)
w(306,2,8,1725)
r(303,3,5,1728)
w(306,3,5,1728)
r(303,3,5,1728)
r(306,3,5,1728)
w(291,3,5,1728)
w(303,4,5,1728)
w(303,5,5,1728)
w(306,7,0,1731)
w(306,8,0,1731)
w(304,1,0,1731)
r(303,5,0,1731)
w(303,8,0,1731)
w(299,6,0,1731)
w(307,1,4,1733)
r(303,8,4,1733)
r(303,8,4,1733)
r(299,6,4,1733)
w(307,2,4,1733)
w(307,3,4,1733)
r(299,6,4,1733)
r(303,8,4,1733)
r(299,6,8,1735)
r(303,8,8,1735)
r(307,3,8,1735)
r(307,3,8,1735)
r(307,3,4,1737)
w(307,4,4,1737)
r(307,4,4,1737)
w(307,5,4,1737)
r(307,5,2,1739)
r(307,5,2,1739)
r(307,5,2,1739)
w(299,7,2,1739)
r(291,3,2,1739)
r(303,8,8,1741)
w(307,6,8,1741)
r(291,3,8,1741)
w(308,1,8,1741)
w(307,7,8,1741)
r(307,7,9,1743)
r(307,7,9,1743)
r(308,1,9,1743)
w(307,8,9,1743)
w(309,2,7,1747)
w(308,2,7,1747)
w(308,3,7,1747)
w(308,4,7,1747)
r(309,2,1,1749)
w(304,3,1,1749)
w(308,5,1,1749)
r(310,0,1,1749)
w(310,1,1,1749)
r(309,2,1,1749)
r(308,5,1,1749)
r(308,5,4,1752)
r(308,5,4,1752)
r(309,2,4,1752)
r(309,2,4,1752)
r(304,3,9,1753)
r(309,2,9,1753)
w(308,6,9,1753)
r(308,6,9,1753)
w(304,4,6,1755)
r(309,2,6,1755)
w(309,3,6,1755)
r(309,3,6,1755)
w(309,4,6,1755)
r(310,1,6,1755)
w(309,5,6,1755)
w(309,6,6,1755)
w(311,2,0,1759)
r(304,4,0,1759)
r(311,2,0,1759)
r(308,6,0,1759)
w(310,2,4,1766)
w(311,3,4,1766)
r(308,6,4,1766)
w(311,4,4,1766)
r(308,6,4,1766)
r(311,4,4,1766)
r(311,4,4,1766)
w(308,8,4,1766)
w(311,6,4,1771)
w(311,7,4,1771)
w(311,8,4,1771)
r(311,8,4,1771)
r(311,4,0,1773)
r(313,0,0,1773)
w(310,5,0,1773)
w(312,1,0,1773)
w(312,2,0,1773)
w(291,4,0,1773)
r(313,0,0,1773)
w(313,1,4,1775)
w(313,2,4,1775)
w(310,7,4,1775)
r(313,2,4,1775)
w(313,3,4,1775)
r(313,3,4,1775)
w(291,5,4,1775)
r(310,7,5,1777)
r(312,2,5,1777)
r(313,3,5,1777)
r(313,3,5,1777)
r(291,5,5,1777)
r(312,2,0,1779)
w(313,4,0,1779)
r(313,4,0,1779)
r(312,2,0,1779)
w(312,3,0,1779)
w(291,6,3,1781)
r(313,4,3,1781)
w(313,5,3,1781)
r(312,3,3,1781)
r(312,3,0,1783)
w(313,6,0,1783)
w(313,7,0,1783)
w(313,8,0,1783)
r(312,3,4,1785)
r(314,0,4,1785)
w(312,4,4,1785)
r(314,0,4,1785)
w(314,1,2,1788)
r(310,7,2,1788)
w(314,2,2,1788)
w(312,5,2,1788)
r(314,2,2,1788)
w(312,6,2,1788)
w(314,4,2,1793)
r(314,4,2,1793)
r(312,6,2,1793)
r(310,7,2,1793)
r(291,6,2,1793)
r(314,4,2,1793)
w(314,8,2,1795)
r(312,6,2,1795)
r(310,7,2,1795)
w(316,1,2,1795)
w(316,2,2,1795)
r(315,0,2,1795)
w(312,7,2,1795)
r(312,7,2,1795)
w(312,8,3,1798)
r(316,2,3,1798)
r(316,2,3,1798)
w(316,3,3,1798)
w(291,8,3,1798)
w(318,1,3,1798)
w(316,6,2,1801)
w(318,2,2,1801)
w(316,7,2,1801)
r(318,2,2,1801)
r(316,7,2,1801)
r(316,7,2,1801)
w(316,8,2,1801)
r(318,2,2,1801)
r(319,0,5,1803)
w(319,1,5,1803)
w(318,3,5,1803)
w(317,1,5,1803)
w(319,2,5,1803)
r(319,2,0,1807)
r(319,2,0,1807)
w(319,3,0,1807)
w(319,4,0,1807)
r(319,4,0,1807)
w(318,4,0,1807)
w(319,5,0,1807)
r(317,1,0,1807)
r(318,4,8,1811)
w(317,4,8,1811)
r(317,4,8,1811)
r(317,4,8,1811)
r(318,4,8,1811)
r(319,5,8,1811)
r(320,0,0,1813)
r(291,8,0,1813)
w(315,1,0,1813)
r(320,0,0,1813)
w(320,2,0,1813)
r(320,2,0,1813)
r(315,1,0,1813)
w(320,3,0,1813)
r(317,4,5,1815)
r(318,4,5,1815)
r(320,3,5,1815)
w(320,4,5,1815)
w(318,8,5,1815)
w(320,5,5,1815)
w(320,6,5,1815)
r(320,6,5,1815)
r(317,4,8,1817)
w(321,1,8,1817)
w(321,2,8,1817)
r(317,4,8,1817)
r(317,4,8,1817)
r(317,4,2,1820)
w(320,8,2,1820)
r(321,2,2,1820)
r(320,8,2,1820)
r(322,0,7,1824)
w(322,1,7,1824)
r(322,1,7,1824)
r(321,2,7,1824)
r(322,1,7,1824)
w(321,4,7,1824)
r(322,1,7,1824)
w(322,2,7,1824)
w(317,6,3,1825)
r(322,2,3,1825)
w(322,3,3,1825)
r(322,3,3,1825)
r(291,8,3,1825)
r(322,3,3,1825)
r(315,1,1,1827)
r(317,6,1,1827)
r(322,3,1,1827)
w(321,5,1,1827)
r(322,3,1,1827)
r(322,3,1,1827)
r(322,3,1,1827)
r(322,3,9,1829)
w(322,4,9,1829)
w(322,5,9,1829)
r(322,5,9,1829)
w(321,6,9,1829)
w(322,6,9,1829)
w(317,7,1,1831)
r(322,6,1,1831)
w(322,7,1,1831)
w(321,7,1,1831)
w(321,8,1,1831)
r(322,7,1,1831)
r(322,7,1,1831)
w(317,8,1,1831)
w(323,1,0,1834)
r(323,1,0,1834)
w(323,2,0,1834)
w(322,8,0,1834)
r(322,8,0,1834)
r(322,8,7,1837)
r(323,2,7,1837)
w(323,7,7,1837)
w(323,8,7,1837)
r(322,8,7,1837)
r(323,8,7,1837)
r(323,8,0,1839)
r(325,0,0,1839)
w(324,1,0,1839)
w(325,1,0,1839)
r(325,1,0,1839)
r(291,8,0,1839)
w(325,2,0,1841)
w(325,3,0,1841)
w(325,4,0,1841)
w(324,2,0,1841)
r(326,0,0,1841)
r(325,4,0,1841)
w(326,1,0,1841)
r(325,4,0,1845)
w(325,5,0,1845)
w(326,2,0,1845)
w(324,3,0,1845)
w(325,6,0,1845)
r(325,6,0,1845)
w(326,3,0,1845)
r(324,3,0,1849)
w(326,4,0,1849)
w(315,3,0,1849)
r(327,0,0,1849)
r(327,0,8,1851)
r(324,3,8,1851)
r(324,3,8,1851)
r(326,4,8,1851)
r(328,0,8,1851)
r(326,4,3,1854)
w(326,6,3,1854)
r(327,0,3,1854)
w(327,2,3,1854)
w(326,7,3,1854)
w(324,6,5,1857)
r(324,6,5,1857)
r(329,0,5,1857)
r(315,3,5,1857)
r(327,2,2,1861)
r(327,2,2,1861)
r(324,6,2,1861)
r(324,6,2,1861)
w(327,5,2,1861)
r(329,0,2,1861)
r(329,0,2,1861)
w(327,6,2,1861)
r(324,6,7,1867)
r(329,0,7,1867)
w(330,2,7,1867)
w(330,3,7,1867)
w(330,4,7,1867)
w(330,5,7,1867)
r(330,5,9,1873)
r(330,5,9,1873)
w(329,8,9,1873)
r(329,8,9,1873)
r(330,5,9,1873)
w(328,2,4,1876)
r(330,5,4,1876)
r(331,0,4,1876)
w(332,1,4,1876)
r(332,1,4,1876)
r(332,1,4,1876)
w(332,3,5,1879)
w(315,5,5,1879)
w(332,4,5,1879)
w(333,1,5,1879)
r(331,0,5,1879)
r(331,0,5,1879)
r(332,4,5,1879)
w(332,5,5,1879)
w(333,2,0,1881)
r(333,2,0,1881)
r(333,2,0,1881)
w(332,6,0,1881)
r(331,0,0,1883)
w(333,3,0,1883)
r(331,0,0,1883)
w(332,7,0,1883)
w(333,4,6,1885)
r(331,0,6,1885)
w(332,8,6,1885)
w(331,1,6,1885)
w(333,5,6,1885)
r(333,5,8,1889)
w(334,1,8,1889)
w(333,6,8,1889)
w(331,2,8,1889)
r(334,1,8,1889)
w(315,6,8,1889)
w(333,7,8,1889)
w(331,3,9,1904)
w(334,3,9,1904)
r(334,3,9,1904)
r(331,3,9,1904)
w(331,4,9,1904)
r(315,6,9,1904)
w(336,3,1,1906)
w(335,7,1,1906)
r(335,7,1,1906)
w(336,4,1,1906)
r(336,4,1,1906)
w(328,5,1,1906)
r(336,4,1,1906)
r(336,4,3,1909)
r(336,4,3,1909)
r(335,7,3,1909)
r(336,4,3,1909)
w(335,6,3,1909)
r(337,0,9,1912)
w(331,8,9,1912)
w(337,2,9,1912)
r(339,0,9,1912)
w(337,3,9,1912)
r(338,0,9,1912)
r(339,0,9,1912)
w(340,1,8,1914)
w(339,1,8,1914)
r(338,0,8,1914)
w(339,2,8,1914)
r(339,2,8,1914)
w(339,3,8,1914)
w(338,3,8,1914)
w(340,2,9,1919)
r(338,3,9,1919)
r(339,3,9,1919)
w(340,3,9,1919)
w(339,6,9,1919)
r(339,6,9,1919)
w(339,7,9,1919)
w(334,6,4,1921)
w(334,7,4,1921)
w(335,3,4,1921)
w(334,8,4,1921)
w(335,4,4,1921)
r(334,8,4,1921)
r(315,6,4,1921)
w(339,8,8,1923)
w(338,4,8,1923)
w(340,4,8,1923)
r(341,0,8,1923)
w(341,1,8,1923)
r(341,1,8,1923)
w(341,2,8,1923)
r(338,4,7,1926)
r(337,3,7,1926)
r(338,4,7,1926)
w(338,2,7,1926)
w(341,5,4,1931)
r(338,2,4,1931)
w(340,5,4,1931)
w(328,6,4,1931)
w(341,6,4,1931)
r(338,2,7,1936)
r(338,2,7,1936)
r(341,6,7,1936)
w(342,1,7,1936)
w(328,7,7,1936)
r(340,5,7,1936)
r(340,5,0,1937)
w(338,7,0,1937)
w(340,6,0,1937)
r(342,0,0,1937)
r(342,0,0,1937)
w(340,8,0,1939)
r(343,0,0,1939)
r(342,1,0,1939)
r(343,0,0,1939)
w(342,3,0,1939)
w(343,1,7,1942)
r(344,0,7,1942)
w(328,8,7,1942)
w(342,4,7,1942)
w(344,1,7,1942)
r(344,1,7,1942)
r(342,4,16,1945)
r(343,1,16,1945)
w(342,6,16,1945)
w(344,2,16,1945)
r(344,2,16,1945)
w(342,7,16,1945)
r(344,2,16,1945)
r(342,7,16,1945)
w(344,3,8,1947)
r(344,3,8,1947)
w(344,4,8,1947)
r(342,7,8,1947)
r(337,3,8,1947)
w(343,3,8,1947)
w(342,8,2,1949)
r(343,3,2,1949)
w(345,1,2,1949)
w(345,2,2,1949)
r(328,8,2,1949)
w(345,3,2,1953)
r(344,4,2,1953)
w(344,5,2,1953)
w(345,4,2,1953)
w(343,4,2,1953)
w(345,5,2,1953)
w(345,6,2,1953)
w(343,5,4,1955)
r(346,0,4,1955)
r(343,5,4,1955)
w(344,6,4,1955)
r(346,0,4,1955)
r(346,0,7,1957)
w(346,5,7,1957)
w(337,4,7,1957)
r(343,5,7,1957)
r(344,6,7,1957)
w(346,6,7,1957)
w(343,6,4,1959)
r(346,6,4,1959)
w(343,7,4,1959)
r(344,6,4,1959)
r(337,4,4,1959)
r(343,7,5,1961)
w(346,7,5,1961)
w(346,8,5,1961)
r(343,7,5,1961)
w(343,8,5,1961)
r(346,8,5,1961)
w(347,1,5,1961)
r(347,1,7,1963)
w(347,2,7,1963)
r(337,4,7,1963)
r(347,2,7,1963)
r(348,0,9,1965)
r(348,0,9,1965)
r(347,2,9,1965)
w(347,3,9,1965)
w(347,4,9,1965)
r(348,0,9,1965)
r(347,4,7,1968)
r(347,4,7,1968)
r(328,8,7,1968)
r(347,4,7,1968)
w(344,7,7,1968)
w(347,5,7,1968)
w(344,8,9,1971)
r(347,5,9,1971)
w(347,7,9,1971)
w(347,8,9,1971)
r(347,8,9,1971)
r(348,0,4,1974)
r(347,8,4,1974)
r(348,0,4,1974)
r(347,8,4,1974)
r(347,8,1,1975)
w(349,1,1,1975)
w(349,2,1,1975)
r(349,2,1,1975)
r(347,8,1,1975)
r(348,0,1,1975)
r(347,8,1,1975)
r(348,0,5,1979)
r(348,0,5,1979)
r(349,2,5,1979)
w(350,1,5,1979)
w(337,5,5,1979)
r(350,1,5,1979)
w(350,2,5,1979)
w(350,3,5,1979)
w(349,3,4,1981)
w(350,6,4,1981)
r(348,0,4,1981)
w(337,6,4,1981)
r(350,6,4,1981)
r(349,3,4,1981)
r(337,6,4,1981)
r(350,6,8,1983)
r(350,6,8,1983)
w(350,7,8,1983)
w(350,8,8,1983)
w(349,4,8,1983)
r(350,8,8,1983)
w(349,5,8,1983)
r(348,0,9,1986)
r(348,0,9,1986)
r(352,0,9,1986)
w(349,6,9,1986)
r(337,6,9,1986)
w(348,2,9,1986)
w(337,7,3,1989)
r(352,0,3,1989)
r(349,6,3,1989)
r(337,7,3,1989)
r(348,0,2,1990)
w(352,1,2,1990)
r(337,6,2,1990)
w(352,2,2,1990)
r(352,2,2,1990)
r(352,2,2,1990)
w(352,3,2,1990)
r(352,3,2,1990)
r(354,0,8,1996)
r(353,0,8,1996)
r(348,2,8,1996)
r(354,0,8,1996)
w(348,7,8,1996)
r(355,0,8,1996)
w(354,3,0,2003)
w(355,2,0,2003)
r(354,3,0,2003)
r(354,3,0,2003)
w(354,4,0,2003)
w(348,8,0,2003)
w(351,1,4,2005)
r(355,2,4,2005)
r(354,4,4,2005)
w(354,6,4,2005)
r(354,6,4,2005)
r(354,6,4,2005)
w(356,1,4,2005)
w(356,2,4,2005)
w(354,7,2,2009)
w(354,8,2,2009)
w(353,2,2,2009)
r(354,8,2,2009)
r(355,2,8,2010)
w(355,4,8,2010)
r(353,0,8,2010)
w(357,1,8,2010)
r(355,4,8,2010)
r(356,2,8,2010)
r(357,1,8,2010)
r(355,4,8,2010)
r(353,2,8,2013)
w(357,3,8,2013)
r(356,2,8,2013)
r(356,2,8,2013)
r(357,3,9,2016)
r(357,3,9,2016)
r(356,2,9,2016)
r(357,3,9,2016)
r(356,2,7,2017)
r(356,2,7,2017)
r(356,2,7,2017)
r(357,3,7,2017)
r(355,4,7,2017)
r(356,2,7,2017)
w(356,5,7,2017)
w(357,4,9,2019)
w(357,5,9,2019)
r(357,5,9,2019)
w(353,3,9,2019)
w(353,4,3,2022)
r(357,5,3,2022)
r(358,0,3,2022)
r(358,0,3,2022)
r(358,0,3,2022)
r(356,5,3,2022)
r(356,5,3,2022)
w(356,6,7,2023)
r(356,6,7,2023)
w(357,6,7,2023)
w(357,7,7,2023)
w(357,8,7,2023)
r(356,6,7,2023)
r(356,6,7,2023)
w(356,7,9,2025)
r(355,4,9,2025)
r(353,4,9,2025)
w(356,8,9,2025)
w(358,1,9,2025)
w(358,2,9,2025)
r(358,2,9,2025)
r(358,2,9,2025)
r(358,2,5,2027)
r(351,1,5,2027)
r(358,2,5,2027)
r(355,4,5,2027)
r(353,4,5,2027)
r(355,4,3,2029)
r(353,4,3,2029)
w(358,3,3,2029)
r(358,3,3,2029)
w(358,4,3,2029)
w(358,5,3,2029)
w(358,6,3,2029)
w(358,7,3,2029)
r(355,4,7,2033)
r(358,7,7,2033)
w(359,1,7,2033)
r(358,7,7,2033)
w(355,6,7,2033)
r(355,6,7,2033)
w(358,8,7,2033)
w(360,2,0,2036)
r(360,2,0,2036)
r(359,1,0,2036)
r(360,2,0,2036)
w(360,3,0,2036)
r(359,1,0,2036)
w(359,3,7,2039)
r(351,1,7,2039)
r(359,3,7,2039)
w(351,2,7,2039)
r(360,0,7,2039)
r(360,0,7,2039)
w(362,2,8,2045)
r(362,2,8,2045)
w(362,3,8,2045)
w(361,1,8,2045)
w(361,2,8,2045)
r(361,2,8,2045)
w(363,1,8,2047)
w(363,2,8,2047)
w(363,3,8,2047)
r(361,2,8,2047)
r(362,3,8,2047)
r(362,3,8,2047)
r(362,3,1,2049)
w(362,4,1,2049)
w(362,5,1,2049)
r(363,3,1,2049)
r(363,3,8,2051)
r(363,3,8,2051)
w(363,4,8,2051)
r(362,5,8,2051)
r(362,5,8,2051)
r(361,2,0,2053)
w(362,6,0,2053)
w(362,7,0,2053)
w(351,4,0,2053)
w(363,5,0,2053)
r(362,7,0,2053)
r(361,2,3,2055)
r(362,7,3,2055)
w(363,6,3,2055)
r(363,6,3,2055)
w(363,7,8,2057)
r(363,7,8,2057)
w(363,8,8,2057)
w(361,3,8,2057)
r(362,7,8,2057)
w(361,4,9,2059)
w(362,8,9,2059)
w(361,5,9,2059)
w(364,1,9,2059)
w(365,1,9,2059)
r(361,5,4,2061)
w(364,2,4,2061)
w(364,3,4,2061)
r(364,3,4,2061)
w(364,4,4,2061)
r(351,4,4,2061)
w(364,5,9,2065)
r(365,1,9,2065)
w(351,5,9,2065)
r(361,5,9,2065)
r(364,5,16,2067)
w(351,6,16,2067)
r(364,5,16,2067)
r(364,5,16,2067)
w(364,7,16,2067)
w(364,8,16,2067)
w(365,3,16,2067)
r(361,5,16,2067)
r(366,0,4,2069)
w(365,4,4,2069)
w(366,1,4,2069)
r(361,5,4,2069)
w(366,2,4,2069)
r(361,5,4,2069)
w(366,3,4,2069)
r(366,3,4,2069)
r(361,5,1,2071)
r(366,3,1,2071)
w(366,4,1,2071)
w(365,5,1,2071)
r(365,5,1,2071)
w(366,5,1,2071)
w(366,6,2,2076)
r(366,6,2,2076)
r(351,6,2,2076)
w(366,7,2,2076)
w(361,6,2,2076)
w(366,8,2,2076)
r(365,5,2,2076)
w(351,7,2,2076)
r(365,5,16,2077)
r(365,5,16,2077)
r(365,5,16,2077)
w(365,6,16,2077)
w(367,1,16,2077)
w(367,2,16,2077)
w(365,7,16,2077)
w(367,3,16,2077)
w(367,4,1,2079)
r(367,4,1,2079)
r(365,7,1,2079)
w(365,8,1,2079)
r(365,8,1,2081)
w(367,5,1,2081)
r(365,8,1,2081)
r(369,0,1,2081)
w(369,1,1,2083)
r(368,0,1,2083)
r(367,5,1,2083)
w(367,6,1,2083)
r(367,6,1,2083)
w(367,7,1,2083)
r(367,7,5,2088)
r(353,4,5,2088)
r(367,7,5,2088)
w(369,2,5,2088)
w(371,1,5,2088)
r(369,1,4,2089)
w(353,6,4,2089)
w(367,8,4,2089)
r(370,0,4,2089)
r(367,8,4,2089)
w(353,7,4,2089)
r(368,0,3,2093)
w(371,3,3,2093)
r(371,3,3,2093)
r(368,0,3,2093)
r(369,2,3,2093)
w(371,4,3,2093)
w(371,5,3,2093)
r(369,2,3,2093)
r(353,7,16,2097)
w(369,4,16,2097)
w(369,5,16,2097)
r(353,7,16,2097)
r(368,0,16,2097)
w(353,8,16,2097)
w(368,1,16,2097)
w(369,6,16,2097)
w(372,1,16,2099)
w(372,2,16,2099)
r(369,6,16,2099)
r(372,2,16,2099)
r(368,1,16,2099)
r(372,2,7,2101)
r(372,2,7,2101)
w(372,3,7,2101)
r(372,3,7,2101)
w(368,2,7,2101)
r(369,6,7,2101)
r(372,3,7,2101)
w(372,4,7,2101)
r(372,4,2,2106)
r(373,0,2,2106)
w(372,7,2,2106)
w(372,8,2,2106)
w(374,1,2,2106)
r(372,8,2,2106)
r(374,1,7,2107)
w(368,5,7,2107)
r(373,0,7,2107)
r(372,8,7,2107)
r(372,8,7,2107)
w(374,2,16,2109)
r(375,0,16,2109)
w(375,1,16,2109)
w(368,6,16,2109)
w(375,2,7,2111)
r(374,2,7,2111)
r(375,2,7,2111)
r(374,2,7,2111)
r(375,2,7,2115)
w(374,3,7,2115)
w(375,3,7,2115)
w(375,4,7,2115)
w(375,8,16,2117)
r(374,3,16,2117)
r(376,0,16,2117)
w(376,1,16,2117)
w(374,4,16,2117)
r(376,1,16,2117)
r(376,1,16,2117)
w(374,5,9,2119)
r(376,1,9,2119)
r(374,5,9,2119)
r(376,1,9,2119)
r(376,1,9,2119)
r(376,1,1,2122)
w(376,4,1,2122)
r(376,4,1,2122)
r(368,6,1,2122)
r(376,4,0,2126)
w(374,6,0,2126)
r(376,4,0,2126)
r(370,0,0,2126)
r(376,4,0,2126)
r(376,4,0,2126)
r(373,0,2,2132)
r(377,0,2,2132)
r(377,0,2,2132)
r(368,6,2,2132)
r(376,4,4,2133)
w(373,2,4,2133)
r(376,4,4,2133)
w(376,8,4,2133)
w(378,1,4,2135)
w(377,1,4,2135)
w(368,7,4,2135)
r(368,7,4,2135)
r(378,1,4,2135)
w(378,2,4,2135)
r(377,1,4,2135)
w(373,3,16,2141)
r(373,3,16,2141)
r(377,1,16,2141)
w(378,3,16,2141)
r(377,1,16,2141)
w(368,8,16,2141)
w(377,5,1,2142)
r(377,5,1,2142)
r(377,5,1,2142)
r(377,5,1,2142)
w(377,6,1,2142)
r(368,7,1,2142)
r(377,1,8,2144)
r(373,3,8,2144)
r(379,0,8,2144)
w(379,1,8,2144)
w(377,7,4,2145)
w(377,8,4,2145)
w(378,6,4,2145)
w(373,4,4,2145)
r(378,6,4,2145)
r(373,4,4,2145)
w(380,1,4,2145)
w(378,7,4,2145)
w(370,2,7,2148)
w(380,2,7,2148)
w(380,3,7,2148)
w(380,4,7,2148)
r(380,4,7,2148)
r(378,7,7,2148)
r(380,4,16,2151)
r(379,1,16,2151)
r(380,4,16,2151)
r(380,4,16,2151)
w(380,7,16,2151)
w(380,8,16,2151)
r(378,7,16,2151)
w(378,8,16,2151)
r(381,0,3,2155)
r(381,0,3,2155)
r(381,0,3,2155)
r(381,0,3,2155)
w(381,1,3,2155)
w(381,2,3,2155)
r(381,2,3,2155)
w(381,3,3,2155)
w(381,5,1,2157)
r(381,5,1,2157)
r(382,0,1,2157)
w(382,2,1,2157)
r(381,5,1,2157)
r(381,5,1,2157)
w(382,3,1,2160)
r(381,5,1,2160)
r(379,1,1,2160)
r(382,3,1,2160)
r(382,3,1,2160)
w(379,4,1,2160)
w(381,6,1,2160)
r(383,0,0,2163)
r(383,0,0,2163)
r(382,3,0,2163)
w(383,1,0,2163)
w(383,2,0,2163)
w(383,3,16,2166)
r(382,3,16,2166)
w(383,4,16,2166)
w(379,5,16,2166)
w(383,6,1,2170)
w(382,8,1,2170)
r(383,6,1,2170)
w(383,7,1,2170)
r(383,7,1,2170)
r(379,5,4,2184)
w(383,8,4,2184)
r(383,8,4,2184)
r(373,4,4,2184)
w(384,1,4,2184)
r(383,8,4,2184)
r(383,8,4,2184)
r(384,1,4,2186)
r(384,1,4,2186)
r(387,0,4,2186)
w(384,7,4,2186)
r(388,0,4,2188)
r(384,7,4,2188)
r(387,0,4,2188)
r(387,0,4,2188)
r(387,0,4,2190)
r(387,0,4,2190)
w(387,8,4,2190)
r(387,8,4,2190)
w(389,1,4,2190)
r(373,4,1,2192)
r(386,0,1,2192)
r(384,0,1,2192)
r(384,0,1,2192)
r(389,1,4,2193)
w(389,2,4,2193)
r(389,2,4,2193)
r(389,2,4,2193)
r(388,0,4,2193)
r(389,2,4,2193)
w(385,3,16,2194)
w(385,4,16,2194)
r(385,4,16,2194)
w(385,5,16,2194)
w(379,7,16,2194)
r(385,5,16,2194)
w(389,3,1,2198)
r(389,3,1,2198)
r(384,7,1,2198)
r(370,2,1,2198)
r(389,3,1,2198)
w(384,5,3,2200)
w(386,1,3,2200)
r(386,1,3,2200)
r(387,8,3,2200)
w(389,4,0,2202)
r(389,4,0,2202)
r(388,0,0,2202)
w(389,5,0,2202)
r(389,5,0,2202)
w(389,6,0,2202)
w(389,7,0,2202)
r(389,7,0,2202)
w(390,1,0,2207)
r(390,1,0,2207)
w(390,2,0,2207)
r(390,2,0,2207)
w(390,3,0,2207)
w(390,4,0,2207)
r(384,5,0,2207)
w(388,1,0,2207)
w(391,1,16,2208)
r(390,0,16,2208)
w(386,2,16,2208)
r(391,1,16,2208)
r(370,2,9,2209)
r(386,1,9,2209)
w(387,4,9,2209)
w(387,5,9,2209)
r(384,5,9,2209)
r(387,5,9,2209)
w(384,6,9,2209)
r(387,5,9,2209)
w(386,3,3,2214)
w(390,5,3,2214)
w(390,6,3,2214)
r(370,2,3,2214)
w(390,7,3,2214)
w(390,8,3,2214)
r(390,8,3,2214)
r(390,4,5,2220)
w(370,4,5,2220)
w(392,1,5,2220)
w(392,2,5,2220)
r(391,1,5,2220)
w(392,3,5,2220)
w(392,4,5,2220)
r(393,0,2,2225)
r(386,3,2,2225)
w(391,6,2,2225)
r(386,3,2,2225)
w(391,8,4,2229)
w(393,7,4,2229)
w(394,1,4,2229)
w(393,8,4,2229)
r(393,8,4,2229)
r(394,1,0,2231)
w(386,7,0,2231)
w(394,2,0,2231)
r(393,8,0,2231)
r(395,0,0,2231)
r(386,7,1,2233)
r(395,0,1,2233)
r(395,0,1,2233)
w(394,3,1,2233)
r(394,3,16,2235)
r(395,0,16,2235)
r(395,0,16,2235)
w(395,1,16,2235)
r(394,3,16,2235)
r(395,1,16,2235)
w(395,2,3,2237)
w(395,3,3,2237)
r(395,3,3,2237)
w(370,7,3,2237)
r(388,1,4,2239)
w(395,4,4,2239)
r(388,1,4,2239)
w(395,5,4,2239)
r(395,5,5,2243)
r(395,5,5,2243)
w(395,6,5,2243)
r(395,6,5,2243)
r(386,7,5,2243)
w(396,1,5,2247)
r(396,1,5,2247)
r(396,1,5,2247)
r(397,0,5,2247)
r(396,1,5,2247)
w(397,1,5,2247)
w(397,2,5,2247)
w(388,4,1,2249)
w(396,5,1,2249)
r(394,3,1,2249)
r(397,2,1,2249)
w(396,6,1,2249)
w(396,7,1,2256)
w(396,8,1,2256)
w(397,3,1,2256)
r(396,8,1,2256)
w(397,4,1,2256)
r(370,7,1,2256)
w(397,5,1,2256)
w(394,5,9,2257)
r(370,7,9,2257)
w(394,6,9,2257)
r(396,6,9,2257)
r(394,6,7,2261)
r(398,0,7,2261)
r(398,0,7,2261)
r(398,0,7,2261)
r(398,0,5,2263)
r(398,0,5,2263)
w(398,4,5,2263)
r(394,6,5,2263)
w(398,5,5,2263)
r(394,6,5,2263)
w(397,7,2,2265)
r(398,5,2,2265)
w(398,6,2,2265)
w(398,7,2,2265)
r(398,7,2,2265)
r(398,7,2,2265)
w(370,8,2,2265)
w(399,1,5,2267)
r(398,7,5,2267)
r(399,1,5,2267)
w(398,8,5,2267)
r(370,8,3,2270)
r(370,8,3,2270)
r(401,0,3,2270)
r(401,0,3,2270)
r(401,0,3,2270)
w(399,3,3,2270)
r(399,3,9,2273)
r(401,0,9,2273)
r(401,0,9,2273)
w(399,4,9,2273)
w(399,5,9,2273)
w(400,2,9,2273)
r(401,0,9,2273)
w(399,6,1,2275)
w(401,1,1,2275)
w(399,7,1,2275)
r(399,7,1,2275)
r(399,7,1,2275)
r(400,2,1,2275)
w(400,3,5,2277)
r(401,1,5,2277)
r(401,1,5,2277)
r(400,3,5,2277)
w(399,8,8,2280)
r(401,1,8,2280)
r(400,3,8,2280)
r(400,3,8,2280)
w(401,2,2,2282)
r(401,2,2,2282)
w(402,1,2,2282)
w(401,3,2,2282)
r(401,3,2,2282)
w(401,4,0,2285)
w(401,5,0,2285)
r(402,1,0,2285)
w(401,6,0,2285)
w(401,7,0,2285)
r(401,7,0,2285)
r(400,3,0,2285)
r(402,1,1,2287)
w(403,1,1,2287)
r(403,1,1,2287)
w(403,2,1,2287)
r(403,2,3,2290)
r(400,3,3,2290)
r(403,2,3,2290)
w(403,3,3,2290)
w(403,4,3,2290)
w(403,5,3,2290)
r(403,5,3,2290)
w(403,6,3,2290)
w(402,2,7,2291)
r(403,2,7,2291)
r(403,2,7,2291)
r(403,2,7,2291)
w(402,3,7,2291)
r(403,6,5,2293)
w(402,4,5,2293)
r(400,3,5,2293)
w(403,7,5,2293)
r(403,7,5,2293)
w(403,8,5,2293)
r(402,4,5,2293)
r(402,4,4,2295)
r(403,8,4,2295)
w(400,4,4,2295)
r(400,4,4,2295)
r(400,4,3,2298)
w(402,5,3,2298)
w(405,1,3,2298)
w(405,2,3,2298)
r(405,2,3,2298)
r(405,2,3,2298)
w(405,3,3,2298)
r(405,3,0,2299)
r(400,4,0,2299)
w(402,6,0,2299)
w(405,4,0,2299)
r(405,4,8,2301)
w(402,7,8,2301)
r(405,4,8,2301)
w(405,5,8,2301)
r(388,4,8,2301)
r(402,7,8,2301)
w(405,6,8,2301)
r(405,6,8,2303)
w(405,7,8,2303)
r(400,4,8,2303)
r(388,4,8,2303)
w(402,8,8,2303)
w(405,8,8,2305)
r(406,0,8,2305)
w(406,1,8,2305)
r(406,1,8,2305)
r(406,1,8,2305)
w(407,1,5,2307)
r(388,4,5,2307)
w(407,2,5,2307)
r(404,0,5,2307)
r(400,4,5,2307)
w(407,3,5,2307)
r(407,3,5,2309)
w(406,2,5,2309)
w(406,3,5,2309)
r(406,3,5,2309)
r(406,3,5,2309)
r(406,3,5,2313)
w(406,4,5,2313)
w(407,4,5,2313)
w(406,5,5,2313)
r(400,4,5,2313)
r(400,4,9,2315)
w(404,1,9,2315)
r(407,4,9,2315)
w(406,7,9,2315)
r(406,7,9,2315)
w(406,8,7,2317)
r(408,0,7,2317)
r(388,4,7,2317)
w(407,7,7,2317)
r(408,0,7,2317)
r(408,0,7,2317)
w(408,1,4,2320)
r(408,1,4,2320)
w(408,2,4,2320)
w(400,6,4,2320)
w(407,8,4,2320)
r(400,6,4,2320)
w(408,3,4,2320)
r(409,0,0,2323)
w(408,5,0,2323)
w(408,6,0,2323)
w(400,8,0,2323)
w(408,7,0,2323)
w(408,8,0,2323)
r(408,8,0,2323)
w(410,1,7,2326)
r(410,1,7,2326)
w(410,2,7,2326)
w(409,2,7,2326)
r(409,2,7,2326)
r(400,8,7,2326)
r(388,4,7,2326)
r(410,2,2,2330)
r(410,2,2,2330)
w(409,5,2,2330)
w(404,3,2,2330)
r(409,5,2,2330)
r(400,8,2,2330)
w(409,6,2,2330)
w(409,7,2,2330)
r(400,8,1,2333)
r(410,2,1,2333)
r(410,2,1,2333)
w(411,3,1,2333)
w(388,5,1,2333)
r(410,2,1,2333)
r(411,3,1,2333)
r(410,2,0,2335)
r(388,5,0,2335)
w(411,4,0,2335)
w(410,6,0,2335)
w(410,7,0,2335)
w(410,8,0,2335)
w(412,1,16,2337)
w(411,5,16,2337)
r(412,1,16,2337)
w(411,6,16,2337)
r(412,1,16,2337)
w(411,7,16,2337)
w(411,8,16,2337)
w(412,2,1,2339)
r(412,2,1,2339)
r(412,2,1,2339)
r(411,8,1,2339)
r(400,8,1,2339)
r(412,2,1,2339)
r(412,2,0,2341)
r(411,8,0,2341)
r(412,2,0,2341)
w(388,6,0,2341)
r(412,2,8,2346)
r(411,8,8,2346)
w(388,8,8,2346)
r(412,2,8,2346)
w(412,7,8,2346)
w(412,8,8,2346)
r(411,8,8,2346)
w(414,1,8,2346)
w(415,1,16,2350)
r(414,1,16,2350)
w(414,3,16,2350)
r(414,3,16,2350)
w(414,6,3,2353)
r(415,1,3,2353)
r(414,6,3,2353)
r(414,6,3,2353)
w(414,7,3,2353)
w(415,2,3,2353)
r(414,7,5,2355)
w(414,8,5,2355)
r(414,8,5,2355)
r(417,0,5,2355)
r(417,0,5,2355)
r(417,0,5,2355)
r(417,0,1,2357)
w(417,1,1,2357)
r(415,2,1,2357)
r(417,1,1,2357)
r(404,3,1,2357)
r(417,1,1,2357)
w(415,3,1,2357)
r(417,1,1,2357)
r(413,0,5,2359)
w(417,2,5,2359)
r(415,3,5,2359)
w(417,3,5,2359)
r(415,3,5,2359)
r(413,0,5,2359)
r(417,3,5,2359)
w(415,4,5,2359)
w(417,6,0,2364)
r(404,3,0,2364)
r(417,6,0,2364)
r(415,4,0,2364)
w(417,7,0,2364)
r(417,7,0,2364)
w(415,6,0,2364)
w(418,2,9,2371)
w(418,3,9,2371)
w(413,3,9,2371)
w(415,7,9,2371)
r(418,3,1,2375)
r(419,0,1,2375)
w(418,5,1,2375)
r(418,5,1,2375)
w(418,6,1,2375)
r(416,0,1,2375)
r(416,0,16,2377)
w(416,6,16,2377)
r(419,0,16,2377)
r(419,0,16,2377)
w(416,7,16,2377)
r(404,3,16,2377)
r(418,3,16,2377)
r(419,0,16,2377)
r(418,6,16,2379)
w(419,2,16,2379)
r(419,2,16,2379)
r(419,2,16,2379)
r(419,2,16,2379)
r(418,6,4,2381)
w(419,3,4,2381)
r(413,3,4,2381)
r(416,7,4,2381)
r(418,6,4,2381)
r(404,3,4,2381)
r(418,6,1,2384)
w(418,7,1,2384)
r(418,7,1,2384)
r(419,3,1,2384)
w(418,8,1,2384)
w(416,8,4,2385)
r(419,3,4,2385)
r(419,3,4,2385)
w(419,4,4,2385)
w(420,1,4,2385)
r(420,1,0,2387)
r(419,4,0,2387)
r(420,1,0,2387)
w(420,2,0,2387)
r(420,2,4,2389)
w(420,3,4,2389)
w(419,5,4,2389)
w(421,1,4,2389)
w(420,4,4,2389)
w(419,6,4,2389)
r(419,6,16,2393)
w(421,2,16,2393)
w(420,5,16,2393)
r(420,5,16,2393)
w(420,6,16,2393)
r(419,6,16,2393)
w(420,7,16,2393)
w(421,3,16,2393)
w(421,5,2,2395)
r(413,3,2,2395)
w(422,2,2,2395)
r(419,6,2,2395)
r(422,2,2,2395)
w(404,6,2,2395)
r(419,6,1,2397)
r(422,2,1,2397)
w(419,7,1,2397)
r(422,2,1,2397)
w(422,3,1,2397)
r(422,3,1,2397)
r(413,3,1,2397)
r(422,3,1,2400)
w(422,4,1,2400)
r(421,5,1,2400)
w(422,5,1,2400)
w(419,8,1,2400)
r(419,8,1,2400)
r(422,5,1,2400)
w(421,7,7,2403)
r(421,7,7,2403)
w(424,1,7,2403)
r(424,1,7,2403)
r(413,3,7,2403)
w(424,2,7,2403)
w(413,4,7,2403)
w(424,3,4,2405)
r(423,0,4,2405)
r(424,3,4,2405)
w(424,4,4,2405)
r(424,4,7,2407)
r(413,4,7,2407)
r(424,4,7,2407)
r(424,4,7,2407)
r(423,0,7,2407)
r(424,4,7,2407)
r(424,4,7,2407)
r(421,7,7,2407)
w(424,5,9,2410)
r(423,0,9,2410)
r(424,5,9,2410)
r(424,5,9,2410)
w(423,1,9,2410)
r(421,7,9,2410)
r(421,7,9,2410)
r(423,1,1,2413)
w(424,8,1,2413)
r(424,8,1,2413)
w(423,3,1,2413)
w(423,4,1,2413)
w(423,5,1,2413)
r(424,8,1,2413)
w(425,1,7,2416)
w(425,2,7,2416)
r(421,7,7,2416)
r(425,2,7,2416)
r(425,2,7,2419)
r(425,2,7,2419)
r(413,4,7,2419)
r(425,2,7,2419)
r(423,5,5,2421)
w(421,8,5,2421)
w(413,5,5,2421)
r(425,2,5,2421)
r(421,8,5,2421)
r(404,6,5,2421)
w(425,4,5,2421)
w(413,6,5,2421)
w(425,5,9,2423)
w(425,6,9,2423)
r(425,6,9,2423)
w(425,7,9,2423)
r(425,7,0,2425)
r(425,7,0,2425)
r(425,7,0,2425)
r(425,7,0,2425)
r(425,7,0,2425)
r(421,8,0,2425)
r(426,0,16,2429)
r(423,5,16,2429)
r(425,7,16,2429)
w(427,1,16,2429)
r(423,5,8,2431)
r(413,6,8,2431)
r(413,6,8,2431)
w(425,8,8,2431)
r(425,8,8,2431)
r(423,5,8,2431)
r(428,0,9,2435)
w(427,3,9,2435)
w(427,4,9,2435)
w(427,5,9,2435)
r(428,0,9,2435)
r(426,0,16,2443)
r(429,0,16,2443)
w(429,2,16,2443)
w(431,1,16,2443)
r(429,2,16,2443)
w(429,3,16,2443)
w(431,2,16,2443)
w(429,4,3,2447)
r(429,4,3,2447)
w(429,5,3,2447)
r(431,2,3,2447)
w(429,6,3,2447)
w(426,1,1,2449)
r(432,0,1,2449)
w(432,1,1,2449)
w(432,2,1,2449)
r(430,0,1,2449)
w(432,3,1,2449)
w(426,2,1,2449)
w(431,4,1,2452)
r(432,3,1,2452)
w(431,5,1,2452)
r(426,2,1,2452)
r(432,3,16,2453)
r(432,3,16,2453)
w(432,4,16,2453)
w(432,5,16,2453)
r(432,5,16,2453)
w(413,7,3,2455)
r(426,2,3,2455)
r(432,5,3,2455)
w(431,6,3,2455)
w(432,6,3,2455)
w(413,8,3,2455)
r(413,8,3,2455)
r(426,2,2,2458)
r(426,2,2,2458)
w(431,7,2,2458)
r(432,6,2,2458)
w(431,8,2,2458)
r(432,6,8,2460)
w(432,7,8,2460)
r(432,7,8,2460)
r(432,7,8,2460)
w(432,8,8,2460)
r(432,8,8,2460)
w(426,3,8,2460)
r(433,0,3,2474)
r(433,0,3,2474)
r(433,0,3,2474)
w(434,1,3,2474)
w(434,2,3,2474)
w(434,3,3,2474)
r(426,3,8,2480)
r(438,0,8,2480)
w(437,2,8,2480)
r(438,0,8,2480)
w(437,3,8,2480)
r(438,0,8,2480)
r(438,0,8,2480)
r(426,3,8,2486)
r(438,0,8,2486)
r(430,0,8,2486)
w(426,7,8,2486)
w(438,7,8,2486)
w(438,8,8,2486)
w(436,1,3,2488)
r(438,0,3,2488)
w(430,5,3,2488)
w(437,5,3,2488)
w(437,6,3,2488)
r(437,6,3,2488)
r(437,6,3,2488)
w(433,7,9,2490)
w(435,3,9,2490)
r(433,7,9,2490)
r(435,3,9,2490)
r(435,3,9,2490)
r(433,7,9,2490)
w(436,3,9,2494)
r(437,6,9,2494)
r(437,6,9,2494)
r(439,0,9,2494)
w(439,4,9,2494)
r(439,4,9,2499)
r(430,5,9,2499)
r(439,4,9,2499)
r(437,6,9,2499)
r(436,3,9,2499)
r(439,4,3,2503)
w(437,8,3,2503)
r(440,0,3,2503)
w(439,5,3,2503)
r(440,0,3,2503)
r(439,5,3,2503)
w(439,6,8,2504)
r(439,6,8,2504)
r(437,8,8,2504)
r(437,8,8,2504)
r(437,8,8,2504)
r(431,8,4,2506)
r(433,0,4,2506)
r(426,3,4,2506)
r(430,0,4,2506)
r(434,0,4,2506)
r(434,0,4,2506)
r(434,0,4,2506)
r(434,0,4,2506)
r(437,8,8,2508)
w(436,4,8,2508)
w(439,7,8,2508)
w(440,1,8,2508)
r(439,7,8,2508)
r(440,1,8,2508)
w(436,5,8,2508)
w(440,2,7,2513)
r(439,7,7,2513)
r(436,5,7,2513)
r(439,7,7,2513)
r(439,7,7,2513)
w(441,1,7,2513)
r(440,2,0,2515)
r(441,1,0,2515)
r(441,1,0,2515)
r(441,1,0,2515)
r(441,1,0,2515)
r(441,1,0,2515)
w(430,6,0,2515)
w(442,1,0,2515)
r(442,1,9,2517)
w(440,3,9,2517)
r(442,1,9,2517)
r(442,1,9,2517)
r(440,3,8,2519)
r(442,1,8,2519)
w(441,2,8,2519)
r(442,1,8,2519)
w(442,2,8,2522)
w(441,3,8,2522)
r(442,2,8,2522)
r(442,2,8,2522)
w(441,7,8,2525)
r(442,2,8,2525)
w(441,8,8,2525)
w(442,4,8,2525)
w(442,5,2,2528)
r(441,8,2,2528)
w(442,6,2,2528)
r(442,6,2,2528)
r(440,3,2,2528)
w(442,8,9,2530)
r(442,8,9,2530)
r(442,8,9,2530)
r(443,0,9,2530)
r(443,0,5,2534)
w(443,1,5,2534)
w(436,6,5,2534)
r(443,1,5,2534)
w(443,2,5,2534)
r(444,0,1,2537)
r(443,2,1,2537)
w(443,4,1,2537)
w(443,5,1,2537)
r(440,3,0,2539)
r(443,5,0,2539)
r(443,5,0,2539)
r(443,5,0,2539)
w(443,6,0,2539)
r(443,6,0,2539)
r(444,0,0,2539)
w(440,5,0,2539)
w(444,3,9,2545)
w(443,7,9,2545)
w(443,8,9,2545)
r(443,8,9,2545)
w(445,1,9,2545)
w(445,2,9,2545)
r(444,3,9,2545)
r(444,3,16,2548)
w(445,4,16,2548)
w(445,5,16,2548)
r(445,5,16,2548)
w(445,6,16,2548)
w(445,7,16,2548)
w(445,8,16,2548)
w(446,1,1,2549)
w(446,2,1,2549)
w(444,5,1,2549)
w(444,6,1,2549)
w(446,5,8,2554)
r(446,5,8,2554)
r(446,5,8,2554)
w(444,7,8,2554)
r(446,5,8,2554)
r(440,5,8,2554)
r(449,0,3,2559)
w(449,5,3,2559)
w(449,6,3,2559)
r(449,6,3,2559)
w(448,1,3,2559)
r(446,5,3,2559)
r(440,5,3,2559)
r(446,5,3,2561)
r(446,5,3,2561)
w(440,6,3,2561)
r(446,5,3,2561)
w(440,7,9,2565)
r(449,6,9,2565)
r(446,5,9,2565)
r(449,6,9,2565)
r(446,5,9,2565)
r(449,6,9,2565)
r(450,0,4,2567)
w(449,7,4,2567)
r(450,0,4,2567)
w(450,4,4,2567)
w(450,5,0,2569)
w(449,8,0,2569)
w(448,2,0,2569)
r(440,7,0,2569)
w(450,6,0,2569)
r(447,0,0,2569)
r(450,6,0,2569)
w(447,1,0,2569)
w(450,7,16,2571)
w(450,8,16,2571)
r(450,8,16,2571)
r(440,7,16,2571)
r(449,8,8,2573)
r(452,0,8,2573)
r(450,8,8,2573)
w(452,1,8,2573)
w(452,2,8,2573)
w(452,3,5,2575)
w(453,1,5,2575)
w(452,4,5,2575)
r(451,0,5,2575)
w(453,2,1,2581)
r(452,4,1,2581)
w(453,3,1,2581)
r(453,3,1,2581)
w(448,3,1,2581)
r(453,3,1,2581)
r(453,3,1,2581)
r(454,0,8,2584)
w(452,7,8,2584)
r(454,0,8,2584)
r(454,0,8,2584)
w(447,3,8,2584)
w(448,5,8,2584)
r(451,0,8,2584)
w(452,8,1,2588)
r(455,0,1,2588)
r(447,3,1,2588)
r(454,0,1,2588)
w(455,1,1,2588)
r(455,1,1,2588)
r(454,0,1,2588)
w(454,4,1,2588)
w(454,5,4,2591)
w(455,3,4,2591)
r(454,5,4,2591)
r(447,3,4,2591)
w(454,6,4,2591)
r(451,0,4,2591)
w(451,3,4,2591)
w(455,4,4,2591)
w(455,5,3,2593)
w(454,7,3,2593)
w(455,6,3,2593)
r(454,7,3,2593)
r(455,6,3,2593)
w(455,7,3,2593)
r(454,7,3,2593)
w(455,8,3,2593)
r(456,0,0,2600)
w(456,2,0,2600)
w(456,3,0,2600)
r(455,8,0,2600)
w(456,4,0,2600)
w(456,5,0,2600)
w(447,5,16,2604)
w(457,2,16,2604)
w(457,3,16,2604)
w(448,8,16,2604)
w(457,4,16,2604)
r(459,0,9,2611)
w(451,4,9,2611)
r(457,4,9,2611)
w(458,2,9,2611)
w(451,5,9,2611)
w(457,6,9,2611)
w(457,7,9,2611)
w(458,3,9,2611)
r(460,0,2,2614)
r(461,0,2,2614)
w(460,3,2,2614)
r(451,5,2,2614)
r(460,0,3,2615)
r(447,5,3,2615)
w(458,7,3,2615)
w(458,8,3,2615)
r(447,5,3,2615)
w(447,7,3,2615)
w(460,4,0,2617)
r(461,0,0,2617)
r(461,0,0,2617)
r(460,4,0,2617)
w(447,8,0,2617)
r(451,5,1,2619)
w(460,5,1,2619)
w(461,1,1,2619)
r(460,5,1,2619)
w(451,7,1,2619)
w(460,6,7,2623)
r(460,6,7,2623)
w(460,7,7,2623)
r(461,1,7,2623)
r(460,7,7,2623)
w(461,3,9,2625)
r(447,8,9,2625)
w(451,8,9,2625)
r(461,3,9,2625)
w(462,1,9,2625)
w(462,2,5,2627)
r(462,2,5,2627)
w(462,3,5,2627)
w(461,4,5,2627)
w(462,4,2,2630)
r(447,8,2,2630)
r(462,4,2,2630)
r(451,8,2,2630)
w(462,5,2,2630)
r(451,8,2,2630)
w(461,6,2,2634)
w(461,7,2,2634)
r(462,5,2,2634)
r(461,7,2,2634)
r(461,7,2,2634)
r(465,0,8,2637)
w(465,2,8,2637)
w(465,3,8,2637)
r(464,0,8,2637)
w(464,1,1,2640)
r(465,3,1,2640)
w(465,4,1,2640)
w(463,3,1,2640)
w(465,5,1,2640)
r(465,5,1,2640)
r(465,5,1,2640)
r(465,5,2,2643)
r(464,1,2,2643)
r(465,5,2,2643)
r(465,5,2,2643)
w(465,7,2,2643)
r(459,0,2,2643)
w(465,8,2,2643)
r(465,8,5,2645)
r(465,8,5,2645)
r(465,8,5,2645)
r(463,3,5,2645)
r(463,3,5,2645)
w(466,1,5,2645)
r(467,0,5,2645)
w(459,2,2,2647)
r(464,1,2,2647)
w(463,4,2,2647)
r(464,1,2,2647)
r(467,0,2,2647)
w(464,4,2,2647)
r(467,0,2,2647)
r(464,4,5,2651)
w(467,1,5,2651)
r(463,4,5,2651)
w(463,5,5,2651)
w(467,2,5,2651)
r(463,5,5,2651)
w(467,3,5,2651)
w(459,3,5,2651)
w(467,5,8,2655)
w(464,6,8,2655)
r(467,5,8,2655)
w(466,2,8,2655)
r(467,5,8,2655)
r(464,6,8,2655)
r(463,5,8,2655)
r(467,5,8,2657)
w(464,7,8,2657)
r(467,5,8,2657)
r(459,3,8,2657)
r(467,5,8,2657)
w(467,8,8,2657)
r(468,0,0,2659)
r(466,2,0,2659)
r(464,7,0,2659)
r(468,0,0,2659)
w(463,6,0,2659)
r(464,7,0,2659)
r(464,7,3,2661)
w(464,8,3,2661)
w(468,1,3,2661)
r(468,1,3,2661)
r(464,8,3,2661)
r(464,8,3,2661)
r(468,1,0,2663)
w(468,2,0,2663)
r(468,2,0,2663)
w(468,3,0,2663)
r(468,3,2,2665)
r(469,0,2,2665)
w(469,1,2,2665)
r(466,2,2,2665)
r(468,3,2,2665)
r(466,2,2,2665)
w(463,7,7,2667)
r(469,1,7,2667)
r(466,2,7,2667)
w(469,2,7,2667)
r(468,3,7,2667)
r(463,7,7,2667)
r(468,3,7,2667)
w(469,3,4,2671)
w(468,4,4,2671)
r(468,4,4,2671)
w(463,8,4,2671)
r(468,4,4,2671)
w(468,5,4,2671)
r(468,5,9,2675)
r(468,5,9,2675)
r(470,0,9,2675)
r(469,3,9,2675)
w(468,8,2,2676)
r(468,8,2,2676)
r(468,8,2,2676)
r(468,8,2,2676)
r(469,3,8,2677)
r(471,0,8,2677)
w(471,1,8,2677)
r(470,0,8,2677)
r(471,1,0,2679)
w(471,2,0,2679)
r(469,3,0,2679)
r(471,2,0,2679)
r(470,0,0,2679)
w(471,4,3,2684)
w(469,5,3,2684)
w(470,2,3,2684)
w(470,3,3,2684)
w(472,2,8,2687)
r(472,2,8,2687)
r(469,5,8,2687)
r(472,2,8,2687)
r(470,3,8,2687)
r(472,2,8,2687)
r(472,2,8,2687)
w(471,5,0,2688)
w(466,6,0,2688)
w(471,6,0,2688)
w(471,7,0,2688)
r(470,3,7,2691)
r(470,3,7,2691)
w(472,3,7,2691)
r(472,3,7,2691)
w(469,7,7,2691)
w(459,4,7,2691)
r(472,3,7,2691)
w(469,8,9,2696)
w(472,4,9,2696)
r(472,4,9,2696)
w(473,1,9,2696)
r(473,1,9,2696)
w(473,2,9,2696)
w(472,5,9,2696)
w(472,6,9,2696)
w(466,7,8,2700)
r(474,0,8,2700)
w(470,6,8,2700)
r(474,0,8,2700)
w(474,4,4,2701)
w(474,5,4,2701)
r(474,5,4,2701)
w(474,6,4,2701)
r(474,6,4,2701)
w(474,7,4,2701)
w(474,8,4,2701)
r(459,4,4,2701)
r(473,2,8,2703)
r(470,6,8,2703)
r(473,2,8,2703)
r(470,6,8,2703)
r(459,4,8,2703)
w(473,5,8,2703)
w(473,6,8,2703)
r(474,8,8,2703)
w(475,1,1,2706)
w(459,5,1,2706)
w(475,2,1,2706)
w(470,7,1,2706)
w(475,3,1,2706)
r(470,7,1,2706)
r(475,3,16,2709)
r(475,3,16,2709)
w(475,6,16,2709)
r(473,6,16,2709)
w(473,8,16,2709)
w(475,7,16,2709)
w(475,8,7,2711)
r(470,7,7,2711)
r(477,0,7,2711)
w(459,6,7,2711)
r(477,0,7,2711)
w(477,1,7,2711)
r(477,1,7,2711)
w(470,8,7,2711)
r(470,8,16,2714)
w(477,2,16,2714)
r(473,8,16,2714)
w(477,3,16,2714)
w(459,7,16,2714)
r(477,3,16,2714)
r(473,8,16,2714)
r(476,0,16,2714)
r(477,3,7,2717)
w(477,7,7,2717)
r(473,8,7,2717)
r(477,7,7,2717)
w(477,8,7,2719)
r(473,8,7,2719)
r(470,8,7,2719)
r(473,8,7,2719)
r(470,8,7,2719)
w(478,1,9,2721)
r(478,1,9,2721)
r(478,1,9,2721)
r(476,0,9,2721)
r(473,8,9,2721)
r(478,1,9,2721)
r(476,0,9,2721)
r(478,1,8,2723)
w(478,2,8,2723)
r(476,0,8,2723)
r(478,2,8,2723)
r(478,2,8,2723)
w(478,3,8,2723)
r(478,3,8,2723)
r(479,0,1,2726)
r(479,0,1,2726)
r(479,0,1,2726)
w(478,4,1,2726)
w(478,7,8,2730)
w(478,8,8,2730)
r(479,0,8,2730)
r(479,0,8,2730)
w(459,8,8,2730)
r(479,0,7,2732)
r(479,0,7,2732)
r(478,4,7,2732)
r(478,4,7,2732)
r(480,0,7,2732)
w(480,1,7,2732)
r(480,1,9,2735)
w(481,1,9,2735)
w(476,2,9,2735)
w(479,3,9,2735)
r(479,3,9,2735)
r(476,2,9,2735)
r(479,3,9,2735)
r(479,3,3,2738)
r(480,1,3,2738)
r(480,1,3,2738)
w(480,3,3,2738)
r(481,1,3,2738)
r(481,1,3,2738)
r(479,3,3,2738)
r(480,3,2,2741)
w(481,2,2,2741)
w(480,5,2,2741)
r(480,5,2,2741)
r(476,2,2,2741)
r(480,5,16,2744)
r(481,2,16,2744)
w(480,6,16,2744)
r(480,6,16,2744)
w(481,3,16,2744)
r(480,6,8,2747)
r(482,0,8,2747)
r(482,0,8,2747)
w(482,1,8,2747)
r(479,3,8,2747)
w(481,4,8,2747)
w(476,4,8,2747)
r(479,3,8,2747)
r(482,1,0,2749)
r(479,3,0,2749)
w(482,2,0,2749)
w(482,3,0,2749)
r(476,4,0,2749)
r(479,3,0,2749)
w(482,4,0,2749)
w(481,5,5,2751)
r(479,3,5,2751)
w(481,6,5,2751)
w(479,7,5,2751)
w(482,5,5,2751)
w(482,6,5,2751)
r(479,7,5,2751)
r(482,6,5,2751)
r(479,7,5,2753)
r(482,6,5,2753)
r(482,6,5,2753)
w(479,8,5,2753)
r(481,6,5,2753)
r(479,8,5,2753)
r(482,6,5,2753)
w(482,7,5,2753)
r(482,7,9,2755)
w(481,7,9,2755)
r(482,7,9,2755)
w(483,1,9,2755)
w(482,8,9,2755)
w(483,2,9,2755)
r(482,8,7,2758)
r(485,0,7,2758)
w(483,3,7,2758)
w(483,4,7,2758)
w(483,7,5,2761)
r(485,0,5,2761)
r(476,4,5,2761)
w(483,8,5,2761)
r(485,0,5,2761)
w(485,2,5,2761)
w(485,3,5,2761)
r(485,3,8,2763)
w(485,4,8,2763)
w(485,5,8,2763)
r(476,4,8,2763)
r(485,5,8,2763)
w(485,6,7,2765)
r(485,6,7,2765)
r(486,0,7,2765)
r(485,6,7,2765)
r(486,0,1,2767)
w(485,7,1,2767)
w(487,1,1,2767)
w(487,2,1,2767)
r(488,0,1,2789)
r(487,2,1,2789)
r(488,0,1,2789)
w(488,1,1,2789)
w(486,1,1,2789)
r(476,4,1,2789)
r(487,2,1,2789)
w(487,3,5,2793)
w(487,4,5,2793)
r(487,4,5,2793)
r(484,0,5,2793)
r(491,0,2,2795)
r(490,0,2,2795)
w(491,5,2,2795)
w(491,6,2,2795)
w(491,7,2,2795)
r(486,1,1,2798)
r(490,0,1,2798)
r(491,7,1,2798)
w(490,8,1,2798)
r(491,7,1,2798)
w(491,8,2,2799)
r(491,8,2,2799)
r(490,0,2,2799)
r(492,0,2,2799)
w(493,1,2,2799)
w(488,4,9,2803)
r(487,4,9,2803)
r(487,4,9,2803)
r(486,1,9,2803)
w(488,5,9,2803)
w(487,7,9,2803)
r(492,0,1,2804)
w(486,5,1,2804)
r(476,4,1,2804)
w(492,1,1,2804)
w(493,2,1,2804)
w(493,4,1,2808)
r(492,1,1,2808)
w(492,3,1,2808)
w(486,7,1,2808)
w(492,4,1,2808)
r(492,4,1,2808)
w(476,7,1,2808)
r(492,4,16,2812)
r(494,0,16,2812)
r(492,4,16,2812)
r(493,4,16,2812)
w(492,6,16,2812)
w(493,6,16,2812)
w(492,7,16,2812)
w(492,8,4,2816)
w(494,2,4,2816)
r(492,8,4,2816)
r(493,6,4,2816)
r(493,6,4,2816)
r(493,6,9,2818)
w(476,8,9,2818)
r(493,6,9,2818)
w(495,1,9,2818)
w(495,2,9,2818)
w(495,3,9,2818)
r(495,3,4,2821)
w(495,4,4,2821)
r(495,4,4,2821)
w(495,5,4,2821)
r(495,5,4,2821)
w(495,7,4,2825)
w(495,8,4,2825)
r(494,2,4,2825)
w(494,5,4,2825)
r(495,8,4,2825)
w(493,7,4,2825)
w(493,8,4,2825)
r(496,0,4,2825)
w(496,1,1,2826)
r(493,6,1,2826)
w(496,2,1,2826)
r(498,0,1,2826)
r(496,2,1,2826)
r(484,0,16,2828)
r(498,0,16,2828)
r(496,2,16,2828)
w(496,3,16,2828)
r(496,3,16,2828)
r(496,3,16,2828)
r(494,5,16,2828)
r(496,3,8,2832)
r(498,0,8,2832)
w(496,5,8,2832)
r(496,5,8,2832)
w(496,6,8,2832)
w(496,7,8,2832)
w(498,3,7,2834)
w(494,6,7,2834)
r(498,3,7,2834)
r(496,7,7,2834)
r(496,7,7,2834)
w(498,4,9,2836)
w(494,7,9,2836)
r(496,7,9,2836)
r(498,4,9,2836)
r(498,4,9,2836)
w(496,8,9,2836)
r(496,8,2,2838)
r(494,7,2,2838)
w(498,5,2,2838)
r(499,0,2,2838)
w(499,1,2,2838)
r(499,1,2,2841)
r(498,5,2,2841)
w(499,2,2,2841)
w(498,6,2,2841)
r(499,2,2,2841)
w(497,2,2,2841)
w(497,3,2,2841)
w(499,3,2,2841)
r(499,3,7,2844)
w(499,7,7,2844)
r(499,7,7,2844)
w(494,8,7,2844)
r(494,8,7,2844)
r(498,6,7,2844)
r(498,6,7,2844)
r(500,0,16,2848)
r(500,0,16,2848)
w(500,2,16,2848)
r(500,2,16,2848)
w(500,3,16,2848)
w(501,1,16,2848)
r(484,0,16,2848)
r(500,3,4,2850)
r(497,3,4,2850)
r(501,1,4,2850)
r(497,3,4,2850)
w(500,4,4,2850)
w(500,5,4,2850)
w(501,2,4,2850)
w(502,1,4,2850)
w(500,6,2,2853)
r(501,2,2,2853)
w(500,7,2,2853)
r(500,7,2,2853)
w(500,8,2,2853)
r(501,2,2,2853)
r(501,2,2,2853)
w(501,3,1,2856)
w(501,4,1,2856)
r(500,8,1,2856)
r(497,3,1,2856)
r(501,2,2,2857)
r(502,1,2,2857)
w(503,1,2,2857)
r(501,2,2,2857)
w(503,2,2,2857)
r(503,2,5,2860)
r(503,2,5,2860)
w(503,3,5,2860)
w(497,4,5,2860)
r(501,4,5,2860)
r(503,3,5,2860)
w(503,4,5,2860)
r(503,4,5,2860)
r(503,4,1,2863)
r(503,4,1,2863)
r(503,4,1,2863)
r(503,4,1,2863)
r(503,4,16,2866)
r(502,1,16,2866)
r(503,4,16,2866)
r(503,4,16,2866)
w(503,5,10,2867)
w(502,2,10,2867)
r(497,4,10,2867)
w(501,6,10,2867)
r(501,6,9,2869)
w(503,6,9,2869)
w(503,7,9,2869)
r(497,4,9,2869)
w(503,8,9,2869)
r(504,0,9,2869)
r(484,0,3,2872)
r(501,6,3,2872)
r(501,6,3,2872)
r(501,6,3,2872)
w(497,6,8,2874)
w(501,7,8,2874)
r(504,0,8,2874)
w(501,8,8,2874)
r(501,8,8,2874)
r(504,0,8,2874)
w(504,1,2,2875)
r(504,1,2,2875)
r(504,1,2,2875)
w(504,2,2,2875)
r(504,2,2,2875)
w(504,3,2,2875)
r(504,3,16,2877)
r(502,2,16,2877)
r(505,0,16,2877)
w(502,3,16,2877)
w(502,4,16,2877)
w(504,4,5,2880)
w(504,5,5,2880)
r(504,5,5,2880)
r(504,5,5,2880)
r(504,3,16,2881)
r(505,0,16,2881)
r(504,3,16,2881)
r(502,4,16,2881)
w(505,1,16,2881)
r(504,3,16,2881)
r(504,5,3,2883)
w(504,6,3,2883)
w(504,7,3,2883)
r(504,7,3,2883)
r(505,1,3,2883)
w(502,5,3,2883)
r(504,7,9,2887)
w(504,8,9,2887)
r(497,6,9,2887)
w(502,6,9,2887)
r(505,1,4,2890)
w(506,3,4,2890)
w(506,4,4,2890)
w(505,2,4,2890)
r(505,2,8,2891)
r(497,6,8,2891)
w(505,3,8,2891)
r(506,4,8,2891)
w(506,5,8,2891)
w(505,4,8,2891)
r(484,0,8,2891)
r(505,4,1,2893)
r(506,5,1,2893)
r(502,6,1,2893)
r(506,5,1,2893)
r(505,4,1,2893)
r(506,5,1,2893)
w(506,6,9,2895)
w(506,7,9,2895)
w(506,8,9,2895)
r(505,4,9,2895)
r(506,8,9,2895)
w(505,5,1,2897)
w(497,7,1,2897)
r(507,0,1,2897)
r(506,8,1,2897)
r(507,0,1,2897)
r(506,8,16,2901)
w(484,2,16,2901)
r(505,5,16,2901)
r(506,8,16,2901)
r(505,5,16,2901)
w(497,8,16,2901)
r(506,8,16,2901)
r(505,5,7,2902)
w(505,7,7,2902)
r(508,0,7,2902)
r(508,0,7,2902)
r(505,7,7,2902)
w(508,2,2,2905)
w(508,3,2,2905)
r(508,3,2,2905)
r(508,3,2,2905)
r(505,7,8,2907)
w(505,8,8,2907)
r(505,8,8,2907)
w(508,4,8,2907)
r(508,4,9,2913)
r(508,4,9,2913)
w(509,1,9,2913)
r(509,1,9,2913)
w(508,5,9,2913)
w(509,2,9,2913)
w(508,6,9,2913)
w(508,7,9,2913)
w(510,3,2,2921)
r(510,3,2,2921)
r(509,2,2,2921)
w(509,6,2,2921)
w(507,2,2,2921)
w(510,4,2,2921)
w(510,5,2,2921)
w(510,6,2,2921)
r(512,0,4,2925)
r(511,0,4,2925)
w(484,3,4,2925)
r(512,0,4,2925)
w(512,3,4,2925)
w(511,3,4,2925)
r(507,2,5,2927)
w(511,4,5,2927)
r(507,2,5,2927)
r(507,2,5,2927)
r(512,3,9,2930)
r(512,3,9,2930)
r(512,3,9,2930)
w(512,4,9,2930)
r(507,2,9,2930)
r(511,4,9,2930)
r(512,4,9,2930)
w(512,7,10,2937)
w(511,6,10,2937)
w(512,8,10,2937)
r(513,0,10,2937)
w(507,5,10,2937)
r(513,0,5,2939)
w(513,4,5,2939)
w(513,5,5,2939)
r(513,5,5,2939)
w(513,6,9,2941)
r(513,6,9,2941)
r(513,6,9,2941)
r(513,6,9,2941)
w(513,7,9,2941)
r(513,7,1,2944)
r(511,6,1,2944)
w(513,8,1,2944)
r(511,6,1,2944)
w(511,8,1,2944)
r(513,7,9,2947)
w(484,5,9,2947)
r(513,7,9,2947)
w(515,1,9,2947)
w(516,1,9,2947)
w(516,2,9,2947)
r(515,1,9,2947)
w(515,2,9,2947)
w(515,5,16,2951)
r(515,5,16,2951)
w(516,3,16,2951)
r(515,5,16,2951)
r(515,5,16,2951)
w(515,6,16,2951)
w(516,4,16,2951)
r(515,6,16,2951)
r(515,6,9,2953)
w(516,7,9,2953)
w(515,8,9,2953)
r(515,8,9,2953)
r(516,7,9,2953)
r(517,0,9,2953)
w(517,1,9,2953)
r(516,7,9,2953)
r(517,1,16,2955)
w(516,8,16,2955)
w(517,2,16,2955)
r(516,8,16,2955)
r(517,2,16,2955)
r(517,2,8,2959)
r(517,2,8,2959)
w(517,3,8,2959)
r(517,3,8,2959)
w(518,1,8,2959)
w(518,2,8,2959)
w(517,4,8,2959)
r(514,0,3,2961)
r(518,2,3,2961)
w(517,8,3,2961)
r(517,8,3,2961)
r(519,0,3,2961)
r(516,8,3,2961)
r(519,0,3,2961)
w(514,1,3,2964)
r(519,0,3,2964)
r(519,0,3,2964)
w(519,1,3,2964)
r(518,2,3,2964)
r(518,2,7,2967)
w(519,4,7,2967)
w(519,5,7,2967)
r(514,1,7,2967)
w(519,6,7,2967)
r(519,6,7,2967)
r(519,6,7,2967)
w(519,7,8,2970)
w(518,3,8,2970)
w(514,2,8,2970)
w(520,1,8,2970)
w(519,8,8,2970)
r(518,3,8,2970)
r(518,3,8,2970)
w(518,4,5,2973)
w(521,3,5,2973)
r(521,3,5,2973)
w(521,4,5,2973)
r(521,4,5,2973)
r(520,1,5,2973)
r(514,2,5,2973)
r(521,4,5,2973)
w(520,3,4,2976)
r(520,3,4,2976)
r(521,4,4,2976)
r(520,3,4,2976)
w(520,4,4,2976)
w(521,5,9,2977)
r(520,1,9,2977)
w(521,6,9,2977)
w(521,7,9,2977)
w(520,5,2,2979)
r(520,5,2,2979)
w(520,6,2,2979)
r(520,6,2,2979)
r(518,4,2,2979)
w(521,8,2,2979)
w(518,5,2,2979)
r(521,8,2,2979)
r(520,6,3,2981)
w(520,7,3,2981)
r(522,0,3,2981)
r(520,7,3,2981)
w(522,1,3,2981)
r(522,1,10,2986)
r(522,1,10,2986)
w(522,4,10,2986)
r(522,4,10,2986)
r(522,4,10,2986)
w(522,5,10,2986)
w(518,7,10,2986)
w(523,1,10,2986)
r(522,5,3,2989)
r(518,7,3,2989)
w(523,2,3,2989)
w(523,3,3,2989)
w(524,1,3,2989)
w(523,4,1,2992)
r(525,0,1,2992)
w(525,1,1,2992)
w(523,5,1,2992)
r(524,1,1,2992)
w(523,6,1,2992)
w(484,6,10,2996)
r(525,1,10,2996)
r(525,1,10,2996)
r(524,1,10,2996)
r(525,1,10,2996)
w(514,5,10,2996)
r(525,1,10,2996)
r(525,1,10,2996)
w(525,5,8,2999)
r(525,5,8,2999)
r(525,5,8,2999)
r(525,5,8,2999)
w(525,6,16,3002)
w(525,7,16,3002)
r(525,7,16,3002)
w(514,6,16,3002)
r(525,7,16,3002)
w(525,8,16,3002)
r(527,0,16,3002)
w(527,1,7,3003)
r(526,0,7,3003)
w(527,2,7,3003)
w(524,2,7,3003)
w(527,4,10,3009)
w(527,5,10,3009)
r(526,0,10,3009)
r(526,0,10,3009)
w(527,6,10,3009)
w(527,7,10,3009)
r(527,7,10,3009)
w(514,8,3,3013)
w(528,1,3,3013)
w(526,4,3,3013)
r(526,4,3,3013)
r(526,4,3,3013)
w(526,5,3,3013)
w(528,2,3,3013)
r(528,2,3,3013)
r(526,5,9,3015)
w(528,4,9,3015)
r(526,5,9,3015)
w(524,5,9,3015)
r(528,4,9,3015)
w(528,5,9,3015)
w(528,6,8,3019)
w(529,1,8,3019)
w(528,7,8,3019)
w(524,6,8,3019)
w(530,1,4,3022)
w(524,7,4,3022)
w(526,7,4,3022)
r(531,0,4,3022)
w(526,8,4,3022)
w(524,8,4,3022)
r(531,0,4,3022)
w(531,1,1,3024)
w(531,2,1,3024)
w(531,3,1,3024)
r(531,3,1,3024)
w(531,4,1,3024)
r(531,4,1,3024)
w(532,1,9,3027)
r(531,4,9,3027)
w(531,6,9,3027)
r(531,6,9,3027)
r(532,1,10,3029)
w(531,7,10,3029)
w(532,2,10,3029)
r(533,0,10,3029)
w(529,4,10,3029)
w(532,3,10,3029)
w(529,5,16,3031)
r(532,3,16,3031)
r(530,1,16,3031)
w(530,2,16,3031)
w(532,4,16,3031)
w(529,6,1,3033)
w(532,5,1,3033)
r(529,6,1,3033)
r(533,0,1,3033)
w(531,8,1,3033)
r(529,6,10,3036)
r(532,5,10,3036)
w(533,2,10,3036)
w(532,6,10,3036)
w(530,3,10,3036)
w(534,1,10,3036)
w(533,3,10,3036)
w(534,2,10,3036)
r(532,6,9,3039)
w(534,5,9,3039)
w(534,6,9,3039)
r(534,6,9,3039)
r(534,6,9,3039)
r(529,6,9,3039)
w(534,7,9,3041)
r(534,7,9,3041)
w(534,8,9,3041)
w(529,7,9,3041)
r(530,3,10,3043)
w(535,1,10,3043)
r(535,1,10,3043)
r(535,1,10,3043)
r(535,1,5,3046)
w(535,2,5,3046)
w(533,4,5,3046)
r(535,2,5,3046)
r(535,2,5,3046)
r(535,2,5,3046)
r(530,3,5,3046)
w(535,3,7,3049)
w(535,4,7,3049)
w(529,8,7,3049)
w(535,5,7,3049)
r(536,0,5,3053)
w(533,6,5,3053)
w(536,2,5,3053)
r(529,8,5,3053)
r(529,8,5,3053)
r(536,2,5,3053)
r(533,6,5,3053)
r(536,2,4,3055)
r(536,2,4,3055)
r(537,0,4,3055)
r(537,0,4,3055)
r(536,2,8,3058)
w(537,1,8,3058)
w(537,2,8,3058)
r(530,3,8,3058)
r(537,2,8,3058)
w(537,3,8,3058)
w(537,6,10,3061)
r(536,2,10,3061)
w(537,7,10,3061)
r(533,6,10,3061)
r(537,7,10,3061)
r(537,7,10,3061)
w(537,8,7,3064)
r(536,2,7,3064)
w(536,3,7,3064)
r(537,8,7,3064)
r(538,0,7,3064)
w(538,4,9,3068)
r(533,6,9,3068)
w(533,8,9,3068)
w(538,5,9,3068)
w(538,6,9,3068)
r(538,6,9,3068)
r(536,3,9,3068)
r(538,0,4,3070)
w(536,5,4,3070)
r(538,0,4,3070)
w(539,1,4,3070)
r(538,0,4,3070)
r(538,0,4,3070)
r(538,0,4,3070)
r(538,6,7,3071)
w(536,6,7,3071)
r(536,6,7,3071)
w(536,7,7,3071)
w(538,7,7,3071)
r(538,7,4,3073)
r(533,8,4,3073)
r(540,0,4,3073)
w(539,2,4,3073)
r(538,7,1,3076)
w(538,8,1,3076)
w(540,1,1,3076)
r(541,0,1,3076)
r(540,1,8,3079)
w(541,1,8,3079)
w(536,8,8,3079)
r(536,8,8,3079)
w(541,2,8,3079)
r(536,8,8,3079)
w(540,2,8,3079)
r(544,0,7,3092)
w(544,1,7,3092)
r(544,1,7,3092)
r(540,2,7,3092)
r(542,0,3,3100)
w(544,7,3,3100)
r(544,7,3,3100)
r(542,0,3,3100)
r(544,7,3,3100)
r(542,0,3,3100)
r(542,0,3,3100)
r(544,7,3,3100)
