r(3,0,4,5)
r(3,0,4,5)
r(3,0,4,5)
w(3,2,4,5)
r(3,2,5,11)
r(4,0,5,11)
r(4,0,5,11)
r(3,2,5,11)
w(3,7,7,17)
w(4,5,7,17)
r(4,5,7,17)
r(3,7,7,17)
r(1,0,7,17)
r(3,7,9,24)
r(5,0,9,24)
w(3,8,9,24)
r(5,0,9,24)
w(1,2,9,24)
r(2,0,9,24)
w(7,1,0,37)
r(7,1,0,37)
w(2,3,0,37)
w(7,2,0,37)
r(7,2,0,37)
w(7,3,0,37)
w(7,4,0,37)
w(1,4,0,37)
r(9,0,5,42)
r(10,0,5,42)
w(10,1,5,42)
w(9,4,5,42)
r(2,3,2,46)
w(10,4,2,46)
r(10,4,2,46)
w(2,5,2,46)
r(10,4,2,46)
w(10,5,2,46)
r(11,0,7,50)
r(0,0,7,50)
r(11,0,7,50)
r(1,4,7,50)
w(10,7,9,53)
w(2,8,9,53)
w(9,6,9,53)
w(0,4,9,53)
r(1,4,9,53)
w(10,8,9,53)
r(9,6,9,53)
w(11,1,9,53)
w(11,4,0,57)
w(11,5,0,57)
w(12,1,0,57)
r(12,1,0,57)
w(0,5,6,60)
w(11,8,6,60)
r(12,1,6,60)
w(13,1,6,60)
r(13,1,6,60)
r(14,0,6,60)
r(14,0,8,63)
r(12,1,8,63)
r(12,1,8,63)
r(12,1,8,63)
r(14,0,8,63)
w(12,2,8,63)
r(12,2,8,63)
r(12,1,7,65)
r(12,1,7,65)
w(14,1,7,65)
r(12,1,7,65)
r(13,0,7,65)
w(14,2,7,65)
w(14,3,7,65)
r(13,0,7,65)
r(12,2,5,71)
r(15,0,5,71)
r(12,2,5,71)
w(16,4,5,71)
r(16,0,1,77)
w(0,6,1,77)
r(16,0,1,77)
r(12,2,1,77)
w(12,5,1,77)
w(13,3,1,77)
r(12,5,1,77)
w(12,6,1,77)
r(17,0,5,80)
r(13,1,5,80)
r(18,0,5,80)
w(18,1,5,80)
w(18,3,2,84)
w(17,2,2,84)
r(13,3,2,84)
r(18,3,2,84)
r(17,2,2,84)
w(17,3,2,84)
r(17,3,2,84)
w(18,4,2,84)
w(13,6,9,89)
r(18,4,9,89)
r(17,3,9,89)
r(18,4,9,89)
r(18,4,6,90)
r(13,3,6,90)
r(18,4,6,90)
w(18,6,6,90)
r(15,0,6,90)
w(18,7,6,90)
r(17,3,2,91)
r(18,4,2,91)
r(17,3,2,91)
r(0,6,2,91)
r(17,3,2,91)
r(18,4,2,91)
r(13,6,2,91)
w(19,2,5,97)
r(15,0,5,97)
w(15,2,5,97)
w(19,3,5,97)
w(19,4,5,97)
w(19,5,5,97)
r(13,6,3,99)
r(17,3,3,99)
w(19,8,3,99)
r(19,8,3,99)
r(19,8,3,99)
w(13,8,3,99)
r(19,8,3,99)
r(15,2,6,106)
w(17,5,6,106)
r(19,8,6,106)
r(17,5,6,106)
w(15,3,6,106)
w(0,7,6,106)
w(20,3,3,108)
r(20,3,3,108)
w(20,4,3,108)
r(20,4,3,108)
r(17,5,4,109)
r(20,0,4,109)
r(20,0,4,109)
w(17,7,4,109)
r(20,0,4,109)
r(17,7,4,109)
w(17,8,0,116)
w(20,5,0,116)
w(20,6,0,116)
r(23,0,0,116)
w(20,7,0,116)
r(20,7,0,116)
r(20,7,0,116)
r(21,0,0,116)
w(23,1,9,118)
r(22,0,9,118)
r(15,3,9,118)
w(22,2,9,118)
r(21,0,9,118)
w(24,2,9,118)
w(24,3,9,118)
w(24,4,9,118)
r(22,0,6,121)
r(24,0,6,121)
r(22,0,6,121)
w(25,1,6,121)
w(25,2,6,121)
w(25,3,6,121)
r(27,0,1,138)
w(27,2,1,138)
r(27,2,1,138)
w(27,3,1,138)
r(21,0,1,138)
w(27,4,1,138)
r(26,0,0,140)
w(26,7,0,140)
r(26,7,0,140)
w(26,8,0,140)
w(21,5,0,140)
r(26,8,0,140)
r(26,8,0,140)
r(26,8,0,140)
w(27,8,9,144)
r(27,8,9,144)
w(28,3,9,144)
r(28,3,9,144)
w(28,4,9,144)
r(29,0,9,149)
w(21,8,9,149)
w(29,1,9,149)
w(29,2,9,149)
r(21,8,9,149)
w(28,6,9,149)
r(23,1,9,149)
r(29,2,9,149)
r(29,2,0,152)
r(28,6,0,152)
r(28,6,0,152)
w(31,1,0,152)
r(30,0,0,152)
w(30,1,0,152)
r(30,1,0,152)
r(31,1,9,155)
r(31,1,9,155)
r(30,1,9,155)
w(31,3,9,155)
w(31,6,0,162)
r(31,6,0,162)
w(30,3,0,162)
w(30,4,0,162)
w(31,7,0,162)
r(31,7,0,162)
w(32,2,4,166)
w(33,2,4,166)
r(32,2,4,166)
w(30,5,4,166)
w(33,3,4,166)
r(30,5,4,166)
w(33,4,4,166)
r(33,4,4,166)
r(33,4,8,170)
w(33,7,8,170)
r(32,2,8,170)
r(32,2,8,170)
r(32,2,8,170)
r(33,7,8,170)
r(33,7,8,170)
r(30,5,0,172)
r(33,4,0,172)
r(33,4,0,172)
r(33,4,0,172)
r(30,5,0,172)
w(30,8,0,172)
r(33,4,0,172)
w(32,4,0,172)
r(33,7,4,174)
r(33,7,4,174)
w(33,8,4,174)
r(33,8,4,174)
r(33,8,4,174)
r(32,2,4,174)
r(33,8,4,174)
r(33,8,4,174)
r(33,7,8,175)
r(32,4,8,175)
r(33,7,8,175)
r(32,4,8,175)
r(33,7,8,175)
w(32,5,8,175)
w(32,6,7,178)
r(33,8,7,178)
w(32,7,7,178)
w(34,1,7,178)
w(15,6,7,178)
r(35,0,7,178)
r(35,0,7,178)
w(32,8,8,186)
r(35,0,8,186)
w(35,2,8,186)
r(36,0,8,186)
w(35,3,8,186)
w(15,7,6,191)
r(34,1,6,191)
r(35,3,6,191)
r(35,3,6,191)
w(36,2,6,191)
w(37,1,8,195)
r(23,1,8,195)
w(36,4,8,195)
r(35,3,8,195)
r(35,3,0,199)
r(36,4,0,199)
r(36,4,0,199)
r(35,3,0,199)
w(36,5,9,200)
r(35,3,9,200)
w(36,6,9,200)
r(36,6,9,200)
r(38,0,1,204)
r(15,7,1,204)
w(38,4,1,204)
r(36,6,1,204)
r(36,6,1,204)
r(37,1,1,204)
r(38,4,1,204)
w(38,5,1,204)
r(37,1,5,207)
w(38,8,5,207)
w(23,4,5,207)
r(37,1,5,207)
r(40,0,5,207)
w(40,2,8,219)
r(39,0,8,219)
w(39,3,8,219)
w(40,3,8,219)
r(40,3,8,219)
r(39,3,8,219)
w(40,4,8,219)
w(40,5,8,219)
r(42,0,7,223)
r(41,0,7,223)
r(23,4,7,223)
w(41,7,7,223)
r(41,7,1,226)
w(37,7,1,226)
r(42,0,1,226)
r(41,7,1,226)
w(41,8,1,226)
w(43,1,1,226)
w(44,1,7,228)
r(44,1,7,228)
r(44,1,7,228)
r(44,1,7,228)
w(44,2,7,228)
w(44,3,7,228)
r(42,0,9,232)
r(37,7,9,232)
r(44,3,9,232)
w(44,5,9,232)
r(43,1,6,233)
r(23,4,6,233)
r(44,3,6,233)
r(42,0,6,233)
r(46,0,0,247)
r(43,1,0,247)
w(42,8,0,247)
r(42,8,0,247)
r(46,0,0,247)
w(45,4,0,247)
w(47,1,0,247)
w(45,5,0,247)
r(45,5,8,249)
r(45,5,8,249)
r(46,0,8,249)
r(46,0,8,249)
r(47,1,8,249)
r(46,0,8,249)
w(45,7,3,253)
w(45,8,3,253)
r(47,1,3,253)
r(48,0,3,253)
r(48,0,3,253)
w(43,3,3,253)
w(48,1,3,253)
r(47,1,5,262)
w(48,5,5,262)
w(23,6,5,262)
r(46,0,5,262)
w(49,3,4,271)
w(49,4,4,271)
w(50,2,4,271)
w(50,3,4,271)
w(49,5,4,271)
r(49,5,1,274)
r(49,5,1,274)
r(49,5,1,274)
r(46,0,1,274)
r(46,0,1,274)
w(49,7,1,274)
w(46,5,1,274)
r(49,7,8,275)
r(50,3,8,275)
r(50,3,8,275)
r(50,3,8,275)
w(50,5,7,281)
r(50,5,7,281)
w(50,6,7,281)
w(50,7,7,281)
w(49,8,7,281)
w(52,5,3,289)
w(53,3,3,289)
r(53,3,3,289)
r(43,3,3,289)
r(53,3,3,289)
r(52,5,6,292)
r(53,3,6,292)
w(52,6,6,292)
r(53,3,6,292)
r(52,6,6,292)
w(46,8,6,292)
r(53,3,8,296)
w(53,4,8,296)
w(53,5,8,296)
w(53,6,8,296)
r(23,6,8,296)
w(53,7,8,296)
r(53,7,8,296)
w(53,8,8,296)
r(53,3,7,298)
w(55,1,7,298)
w(52,7,7,298)
r(55,1,7,298)
r(52,7,8,302)
w(55,4,8,302)
w(55,5,8,302)
r(55,5,8,302)
r(55,5,8,302)
r(43,3,8,302)
r(56,0,7,309)
r(56,0,7,309)
w(43,7,7,309)
r(56,0,7,309)
r(56,0,7,309)
w(57,4,7,309)
r(57,4,7,309)
w(43,8,6,315)
w(57,5,6,315)
r(57,5,6,315)
w(56,1,6,315)
w(56,2,6,315)
r(57,5,6,315)
r(56,2,6,315)
w(23,8,6,315)
w(59,3,0,320)
r(59,3,0,320)
w(59,4,0,320)
r(59,4,0,320)
w(56,4,0,320)
w(59,5,0,320)
r(59,5,0,320)
w(59,6,1,326)
r(56,4,1,326)
r(59,6,1,326)
w(56,6,1,326)
w(58,3,1,326)
w(59,7,1,326)
r(59,7,1,326)
w(58,4,1,326)
r(61,0,4,332)
r(61,0,4,332)
r(54,0,4,332)
w(62,1,4,332)
r(60,0,8,334)
w(54,5,8,334)
r(56,6,8,334)
w(61,2,8,334)
w(61,3,8,334)
w(61,4,8,334)
w(61,5,8,334)
w(54,6,8,334)
w(62,2,3,341)
r(62,2,3,341)
r(62,2,3,341)
w(62,3,3,341)
w(62,7,8,345)
w(62,8,8,345)
r(65,0,8,345)
r(65,0,8,345)
r(63,0,8,345)
r(65,0,7,347)
r(64,0,7,347)
r(65,0,7,347)
r(63,0,7,347)
r(65,0,7,347)
w(63,4,6,351)
w(65,1,6,351)
w(65,2,6,351)
r(65,2,6,351)
r(65,2,1,357)
r(65,2,1,357)
w(58,8,1,357)
r(63,4,1,357)
r(65,2,1,357)
r(64,0,1,357)
w(63,6,1,357)
r(65,2,1,357)
w(64,1,5,358)
r(65,2,5,358)
w(65,5,5,358)
r(63,4,5,358)
w(64,2,5,358)
r(63,4,5,358)
w(65,8,1,362)
w(63,8,1,362)
r(66,0,1,362)
r(66,0,1,362)
w(60,2,1,362)
r(66,0,9,365)
w(66,1,9,365)
w(66,2,9,365)
r(66,2,9,365)
w(67,1,9,365)
w(66,3,9,365)
r(66,3,9,365)
w(66,6,8,370)
w(67,3,8,370)
r(64,2,8,370)
r(66,6,8,370)
r(66,6,8,370)
r(64,2,8,370)
r(66,6,8,370)
w(60,3,8,370)
r(66,6,4,373)
r(64,2,4,373)
r(67,3,4,373)
r(64,2,4,373)
r(67,3,4,373)
r(66,6,4,373)
r(68,0,4,373)
r(58,8,4,373)
r(67,3,2,377)
r(67,3,2,377)
r(67,3,2,377)
w(68,2,2,377)
r(67,3,2,377)
w(68,3,2,377)
r(68,3,2,377)
r(64,2,2,377)
r(68,3,0,383)
r(68,3,0,383)
r(68,3,0,383)
r(68,3,0,383)
r(67,3,0,383)
w(67,8,0,383)
w(60,4,6,384)
w(68,4,6,384)
r(68,4,6,384)
r(67,3,6,384)
w(68,5,6,384)
r(67,3,6,384)
r(68,5,6,384)
r(68,5,6,384)
r(68,3,4,386)
r(64,2,4,386)
r(70,0,4,386)
w(70,1,4,386)
w(64,4,4,386)
w(64,5,4,386)
w(69,2,4,386)
r(70,1,4,386)
w(69,3,7,392)
w(70,3,7,392)
r(69,3,7,392)
r(69,3,7,392)
r(64,5,7,392)
w(69,4,7,392)
w(72,1,3,399)
w(71,1,3,399)
w(64,8,3,399)
w(72,2,3,399)
r(72,2,3,399)
w(72,3,3,399)
r(69,4,3,399)
r(69,4,7,403)
w(72,5,7,403)
w(71,2,7,403)
r(69,4,7,403)
r(69,4,7,403)
w(69,7,7,403)
w(73,3,1,420)
r(74,0,1,420)
w(76,1,1,420)
r(76,1,1,420)
w(76,2,1,420)
w(76,3,1,420)
w(76,4,1,420)
r(74,0,3,421)
r(73,0,3,421)
r(76,0,3,421)
r(76,0,3,421)
r(76,0,3,421)
w(74,5,3,421)
r(76,4,4,425)
w(74,6,4,425)
r(76,4,4,425)
r(74,6,4,425)
r(74,5,9,427)
r(71,2,9,427)
w(76,7,9,427)
w(76,8,9,427)
w(73,5,9,427)
r(78,0,0,433)
w(79,2,0,433)
w(79,3,0,433)
r(78,0,0,433)
w(78,3,8,435)
r(78,3,8,435)
w(79,4,8,435)
w(73,8,8,435)
w(79,5,5,440)
w(78,4,5,440)
r(80,0,5,440)
r(79,5,5,440)
w(79,6,5,440)
r(78,4,5,440)
w(81,1,8,445)
r(71,2,8,445)
r(81,1,8,445)
w(80,3,8,445)
r(81,1,8,445)
w(78,8,8,445)
r(80,3,8,445)
w(81,4,7,448)
w(81,5,7,448)
r(71,2,7,448)
r(81,5,7,448)
r(84,0,6,455)
r(84,0,6,455)
r(82,0,6,455)
r(84,0,6,455)
r(82,0,7,457)
r(71,2,7,457)
w(82,2,7,457)
r(71,2,7,457)
w(82,3,7,457)
r(81,5,7,457)
w(82,4,7,457)
w(81,7,3,458)
r(80,3,3,458)
r(81,7,3,458)
r(81,7,3,458)
r(81,7,3,458)
w(80,7,3,458)
r(82,0,3,458)
w(83,2,2,462)
r(84,0,2,462)
r(84,0,2,462)
w(80,8,2,462)
r(85,0,2,462)
w(84,4,2,462)
w(84,5,2,462)
w(84,6,2,462)
r(84,0,9,464)
w(60,8,9,464)
w(82,7,9,464)
r(82,7,9,464)
w(85,1,9,464)
w(82,8,9,467)
r(85,1,9,467)
r(85,1,9,467)
r(82,8,9,467)
r(82,8,9,467)
r(82,8,9,467)
r(83,2,8,472)
w(87,1,8,472)
r(87,1,8,472)
w(87,2,8,472)
r(85,1,8,472)
r(87,2,8,472)
r(87,2,8,472)
r(87,2,8,472)
r(88,0,2,473)
r(87,0,2,473)
w(85,3,2,473)
r(85,3,2,473)
r(88,0,3,479)
r(88,0,3,479)
r(87,2,3,479)
r(83,2,3,479)
w(85,4,3,479)
w(88,2,1,482)
w(87,7,1,482)
r(87,7,1,482)
w(88,3,1,482)
r(87,7,1,482)
r(85,4,7,486)
w(89,1,7,486)
r(89,1,7,486)
w(86,1,7,486)
r(90,0,7,486)
w(91,1,8,494)
r(91,1,8,494)
r(91,1,8,494)
r(90,0,8,494)
w(91,2,8,494)
w(88,8,8,494)
w(86,2,8,494)
r(88,8,8,494)
r(88,3,0,495)
r(92,0,0,495)
r(91,0,0,495)
r(90,0,0,495)
r(91,0,0,495)
r(91,0,0,495)
r(91,0,0,495)
r(92,0,8,498)
w(83,4,8,498)
r(91,2,8,498)
r(90,0,8,498)
r(90,0,8,498)
r(91,2,2,502)
r(92,0,2,502)
r(92,0,2,502)
r(93,0,2,502)
r(83,4,7,504)
r(91,2,7,504)
r(91,2,7,504)
r(83,4,7,504)
w(91,7,7,504)
r(91,7,7,504)
w(90,1,7,504)
w(92,1,7,504)
w(83,5,0,505)
r(86,2,0,505)
w(93,1,0,505)
r(92,0,0,505)
r(90,1,2,508)
r(92,1,2,508)
w(90,4,2,508)
r(90,4,2,508)
r(93,1,2,508)
r(93,1,4,511)
r(93,1,4,511)
r(92,1,4,511)
r(93,1,4,511)
w(83,6,4,511)
w(93,4,5,518)
w(93,5,5,518)
w(93,6,5,518)
r(93,6,5,518)
r(93,1,3,520)
r(93,1,3,520)
w(92,5,3,520)
w(92,6,3,520)
r(93,1,3,520)
r(90,4,3,520)
w(92,7,3,520)
w(90,5,2,523)
r(90,5,2,523)
r(92,7,2,523)
r(94,0,2,523)
r(92,7,2,523)
w(90,6,2,523)
r(94,0,6,528)
w(95,1,6,528)
w(94,1,6,528)
w(94,2,6,528)
w(90,7,6,528)
r(94,2,6,528)
w(94,3,6,528)
w(96,1,2,534)
r(95,1,2,534)
r(96,1,2,534)
w(96,2,2,534)
r(96,2,2,534)
r(96,2,2,534)
w(94,8,3,536)
w(90,8,3,536)
r(83,6,3,536)
w(95,4,3,536)
w(86,4,3,536)
r(96,0,3,536)
r(95,4,3,536)
r(96,0,3,536)
r(96,2,0,538)
r(96,2,0,538)
r(95,4,0,538)
w(95,5,0,538)
w(95,6,0,538)
r(90,7,0,538)
r(95,6,0,538)
r(95,6,0,538)
r(95,4,9,541)
r(95,4,9,541)
w(96,4,9,541)
w(96,5,9,541)
w(96,6,9,541)
r(90,8,9,541)
r(90,8,3,544)
w(95,8,3,544)
r(90,8,3,544)
r(95,8,3,544)
w(97,2,1,547)
w(97,3,1,547)
w(97,4,1,547)
w(97,5,1,547)
w(97,6,1,547)
r(98,0,1,547)
r(86,4,9,549)
w(99,1,9,549)
r(99,1,9,549)
r(98,0,9,549)
r(99,1,9,549)
r(99,1,9,549)
r(99,1,9,549)
w(99,2,9,552)
r(99,2,9,552)
r(90,8,9,552)
r(83,6,9,552)
r(90,8,9,552)
r(99,2,9,552)
r(98,0,9,552)
w(99,3,9,552)
r(99,3,7,555)
r(98,0,7,555)
r(99,3,7,555)
r(99,3,7,555)
w(99,5,7,555)
r(99,5,7,555)
w(98,5,4,558)
r(99,5,4,558)
w(99,6,4,558)
r(100,0,4,558)
r(99,6,0,563)
r(98,5,0,563)
w(98,6,0,563)
r(98,6,0,563)
r(98,6,0,563)
w(100,1,0,563)
r(98,6,0,563)
w(99,8,0,563)
w(102,1,9,566)
r(102,1,9,566)
r(101,0,9,566)
r(102,1,9,566)
w(102,2,9,566)
w(102,3,9,566)
w(102,8,4,573)
r(102,8,4,573)
r(102,8,4,573)
r(102,8,4,573)
r(100,1,4,573)
r(100,1,4,573)
r(102,3,1,574)
r(100,1,1,574)
w(100,3,1,574)
r(98,6,1,574)
w(98,8,1,574)
r(102,3,1,574)
r(98,8,1,574)
r(104,0,0,583)
r(104,0,0,583)
r(101,0,0,583)
r(103,0,0,583)
r(103,0,0,583)
w(103,7,0,583)
w(103,8,0,583)
r(103,8,0,583)
w(105,3,1,589)
w(104,4,1,589)
w(104,5,1,589)
r(105,3,1,589)
r(106,0,4,595)
w(106,4,4,595)
r(106,4,4,595)
r(106,4,4,595)
r(106,4,4,595)
w(107,1,9,600)
w(106,5,9,600)
r(107,1,9,600)
w(106,6,9,600)
r(86,4,9,600)
r(106,4,8,601)
r(106,4,8,601)
r(106,4,8,601)
w(101,3,8,601)
r(106,6,1,603)
w(107,3,1,603)
r(106,6,1,603)
r(100,3,1,603)
w(107,4,1,603)
r(109,0,3,607)
r(107,4,3,607)
r(101,3,3,607)
r(108,0,3,607)
w(108,1,3,607)
w(108,2,3,607)
r(108,2,3,607)
w(107,5,1,611)
w(100,8,1,611)
r(107,5,1,611)
r(101,3,1,611)
w(107,6,1,611)
w(107,7,1,611)
r(108,0,1,611)
w(86,8,5,612)
r(107,4,5,612)
r(107,4,5,612)
r(101,3,5,612)
w(108,6,6,615)
r(108,6,6,615)
w(110,2,6,615)
r(109,0,6,615)
w(108,7,6,615)
r(109,0,6,615)
r(110,2,1,618)
w(111,1,1,618)
r(86,8,1,618)
w(111,2,1,618)
r(111,2,3,622)
w(110,4,3,622)
r(111,2,3,622)
r(111,2,3,622)
w(111,4,3,622)
r(111,4,3,622)
w(110,5,3,625)
r(111,4,3,625)
r(101,3,3,625)
r(110,5,3,625)
r(110,5,4,627)
r(111,4,4,627)
r(111,4,4,627)
r(111,4,4,627)
w(113,3,4,630)
r(113,3,4,630)
r(113,3,4,630)
w(113,4,4,630)
r(112,0,4,630)
r(110,5,4,630)
r(112,0,4,630)
r(113,4,8,635)
r(113,4,8,635)
r(113,4,8,635)
w(113,5,8,635)
r(110,5,8,635)
w(113,6,8,635)
r(114,0,0,639)
r(110,5,0,639)
w(114,1,0,639)
w(110,7,0,639)
r(114,1,0,639)
w(110,8,0,639)
w(101,7,0,639)
w(114,4,0,643)
w(109,4,0,643)
r(114,4,0,643)
w(101,8,0,643)
r(109,4,0,643)
w(115,2,2,648)
w(115,3,2,648)
w(115,4,2,648)
r(109,4,2,648)
r(109,4,8,649)
r(115,0,8,649)
r(110,8,8,649)
r(115,0,8,649)
r(115,0,8,649)
r(115,0,8,649)
r(117,0,0,653)
r(117,0,0,653)
w(117,2,0,653)
w(109,8,0,653)
w(117,3,0,653)
r(117,3,0,653)
r(115,0,0,653)
w(117,4,0,653)
w(115,8,1,655)
w(117,6,1,655)
r(117,6,1,655)
r(109,8,1,655)
r(117,6,0,657)
w(117,7,0,657)
r(117,7,0,657)
r(115,8,0,657)
r(117,7,0,659)
r(116,0,0,659)
r(109,8,0,659)
r(115,8,0,659)
r(119,0,0,659)
r(119,0,0,659)
w(118,1,0,659)
r(112,0,0,659)
w(117,8,9,661)
r(116,0,9,661)
r(119,0,9,661)
w(119,1,9,661)
w(120,2,7,667)
w(118,2,7,667)
r(116,0,7,667)
w(112,1,7,667)
r(119,1,7,667)
w(120,3,7,667)
r(120,3,7,667)
w(119,4,1,674)
r(120,3,1,674)
w(118,4,1,674)
r(118,4,1,674)
r(120,3,7,676)
r(119,1,7,676)
r(119,1,7,676)
w(116,2,7,676)
w(119,5,4,677)
r(119,5,4,677)
r(120,3,4,677)
r(119,5,4,677)
r(119,5,3,681)
r(119,5,3,681)
r(119,5,3,681)
w(119,8,3,681)
r(116,2,1,685)
r(121,0,1,685)
r(121,0,1,685)
r(120,3,1,685)
w(118,6,1,685)
w(120,8,2,686)
r(119,8,2,686)
r(118,4,2,686)
r(119,8,2,686)
w(121,1,2,686)
r(121,1,2,686)
r(121,1,2,686)
w(116,4,5,691)
r(122,0,5,691)
w(118,7,5,691)
r(122,0,5,691)
w(118,8,5,691)
r(121,1,5,696)
r(121,1,5,696)
r(124,0,5,696)
w(124,1,5,696)
r(124,1,5,699)
w(123,1,5,699)
w(122,6,5,699)
r(123,1,5,699)
w(124,2,1,701)
w(124,3,1,701)
r(124,3,1,701)
r(124,3,1,701)
r(124,3,1,701)
r(124,3,1,701)
r(122,6,1,701)
r(124,3,1,701)
w(124,4,1,704)
r(124,4,1,704)
w(122,7,1,704)
w(122,8,1,704)
r(122,8,1,704)
r(124,3,3,705)
r(122,6,3,705)
r(116,4,3,705)
w(125,1,3,705)
r(124,3,3,705)
r(124,3,3,705)
r(124,3,3,705)
w(124,6,2,709)
w(124,7,2,709)
w(116,7,2,709)
r(125,1,2,709)
w(123,3,3,712)
w(124,8,3,712)
r(124,8,3,712)
r(125,1,3,712)
r(126,0,3,712)
w(126,1,1,714)
w(126,2,1,714)
r(125,1,1,714)
r(126,2,1,714)
w(126,3,1,714)
r(123,1,1,714)
w(125,2,1,714)
w(125,3,4,719)
w(116,8,4,719)
w(112,2,4,719)
r(126,3,4,719)
r(126,3,5,722)
w(126,5,5,722)
w(126,6,5,722)
r(126,6,5,722)
w(126,7,5,722)
r(126,7,5,722)
w(126,8,5,722)
r(126,8,5,722)
w(125,6,8,725)
w(127,3,8,725)
w(125,7,8,725)
r(116,8,8,725)
w(125,8,8,725)
r(127,3,6,730)
w(128,1,6,730)
r(127,3,6,730)
w(127,5,6,730)
w(127,6,6,730)
r(128,1,6,730)
r(123,3,0,731)
w(127,8,0,731)
r(127,8,0,731)
r(128,1,0,731)
r(129,0,0,731)
r(129,0,9,739)
r(129,0,9,739)
r(129,0,9,739)
r(131,0,9,739)
r(131,0,6,742)
r(129,0,6,742)
r(129,0,6,742)
r(129,0,6,742)
r(129,0,6,742)
r(129,0,6,742)
r(131,0,6,742)
w(128,7,4,743)
w(129,2,4,743)
w(129,3,4,743)
w(128,8,4,743)
w(123,7,4,743)
w(129,4,4,743)
w(129,5,4,743)
r(129,5,4,743)
r(129,5,3,746)
r(129,5,3,746)
r(131,0,3,746)
r(132,0,3,746)
r(130,0,3,746)
w(131,1,3,746)
w(132,2,9,755)
r(131,1,9,755)
w(132,3,9,755)
r(132,3,9,755)
w(132,4,9,755)
w(132,5,9,755)
r(133,0,9,755)
w(134,3,5,756)
w(131,3,5,756)
r(133,0,5,756)
w(134,4,5,756)
w(134,7,3,760)
r(134,7,3,760)
w(134,8,3,760)
w(135,1,3,760)
w(133,2,3,760)
r(135,0,8,761)
r(135,0,8,761)
r(135,0,8,761)
r(135,0,8,761)
r(131,3,9,765)
w(131,5,9,765)
r(133,2,9,765)
r(135,1,9,765)
w(130,1,9,765)
r(133,2,9,765)
r(131,5,9,765)
r(133,2,0,769)
r(135,1,0,769)
r(133,2,0,769)
r(135,1,0,769)
r(135,1,7,772)
w(131,7,7,772)
w(135,4,7,772)
w(131,8,7,772)
r(131,8,7,772)
r(136,0,9,774)
w(130,2,9,774)
r(137,0,9,774)
r(136,0,9,774)
w(136,1,9,774)
r(133,2,9,774)
w(136,2,9,774)
w(137,1,8,777)
w(137,2,8,777)
r(136,2,8,777)
w(137,3,8,777)
r(133,2,8,777)
r(136,2,8,777)
r(133,2,8,777)
r(137,3,7,783)
r(137,3,7,783)
r(136,2,7,783)
w(138,1,7,783)
w(133,4,7,783)
w(136,4,7,783)
w(133,5,7,783)
r(136,4,7,783)
w(138,3,7,791)
w(136,5,7,791)
r(138,3,7,791)
w(112,4,7,791)
w(136,6,7,791)
w(140,2,3,804)
w(112,6,3,804)
r(139,0,3,804)
w(140,3,3,804)
w(140,4,3,804)
r(140,0,7,806)
w(139,8,7,806)
r(139,8,7,806)
w(133,7,7,806)
w(130,5,7,806)
w(142,7,5,817)
r(141,0,5,817)
w(142,8,5,817)
w(141,5,5,817)
r(142,8,5,817)
r(142,8,5,817)
r(133,7,5,817)
r(141,5,5,817)
r(146,0,8,823)
r(146,0,8,823)
w(130,6,8,823)
w(146,1,8,823)
w(143,2,7,851)
w(146,5,7,851)
w(146,6,7,851)
r(146,6,7,851)
w(146,7,7,851)
w(143,3,7,851)
w(150,1,5,852)
r(150,1,5,852)
w(150,2,5,852)
r(150,2,5,852)
r(148,0,5,852)
w(147,7,0,855)
r(147,7,0,855)
w(147,8,0,855)
r(130,6,0,855)
r(147,8,0,855)
r(147,8,0,855)
r(147,8,0,855)
w(151,1,9,857)
w(151,2,9,857)
w(151,3,9,857)
r(153,0,9,857)
r(152,0,9,868)
w(151,5,9,868)
r(151,5,9,868)
r(154,0,9,868)
w(151,6,9,868)
r(153,0,9,868)
w(154,2,7,869)
r(153,0,7,869)
r(153,0,7,869)
r(153,0,7,869)
r(153,0,7,869)
r(153,0,7,869)
w(152,4,7,869)
r(151,3,7,869)
r(153,0,7,872)
r(152,4,7,872)
r(153,0,7,872)
r(153,0,7,872)
r(153,0,7,872)
r(153,0,7,872)
w(154,7,5,880)
w(151,7,5,880)
w(152,8,5,880)
w(153,8,5,880)
r(153,8,5,880)
r(156,0,8,884)
r(156,0,8,884)
r(156,0,8,884)
w(155,3,8,884)
w(149,1,8,884)
w(157,1,8,884)
r(154,2,9,886)
w(156,1,9,886)
w(156,2,9,886)
r(156,2,9,886)
w(156,3,9,886)
r(156,3,9,886)
w(156,4,9,886)
r(154,7,8,890)
r(158,0,8,890)
w(158,5,8,890)
r(155,3,8,890)
r(157,1,8,890)
r(158,5,8,890)
w(158,6,8,893)
w(155,5,8,893)
r(155,5,8,893)
r(158,6,8,893)
w(158,7,8,893)
r(158,7,8,893)
r(155,5,8,893)
r(157,1,16,894)
r(155,5,16,894)
r(155,5,16,894)
r(158,7,16,894)
w(158,8,16,896)
r(158,8,16,896)
w(155,6,16,896)
r(158,8,16,896)
r(155,6,1,899)
w(157,3,1,899)
w(160,1,1,899)
r(157,3,1,899)
r(160,1,1,899)
r(160,1,7,904)
r(160,1,7,904)
w(155,7,7,904)
w(160,4,7,904)
w(155,8,7,904)
w(157,5,7,904)
r(157,5,7,907)
w(157,7,7,907)
w(160,8,7,907)
r(159,0,7,907)
r(162,0,7,907)
r(159,0,7,907)
w(157,8,7,907)
w(162,1,2,910)
w(161,1,2,910)
r(162,1,2,910)
r(162,1,2,910)
r(162,1,2,910)
r(162,1,2,910)
r(162,1,2,910)
w(161,3,2,914)
r(162,1,2,914)
r(162,1,2,914)
w(162,3,2,914)
r(162,3,2,914)
r(162,3,2,914)
w(159,2,2,914)
r(161,3,5,920)
w(162,6,5,920)
w(163,1,5,920)
r(162,6,5,920)
r(162,6,7,925)
r(162,6,7,925)
r(162,6,7,925)
w(163,4,7,925)
r(163,4,7,925)
r(161,3,1,927)
r(164,0,1,927)
r(164,0,1,927)
w(165,1,1,927)
w(164,1,1,927)
r(163,1,1,927)
r(164,1,1,927)
w(165,2,1,927)
r(164,1,7,934)
r(164,1,7,934)
w(163,7,7,934)
r(164,1,7,934)
w(164,4,7,934)
r(164,4,0,938)
w(164,6,0,938)
r(164,6,0,938)
r(164,6,0,938)
r(164,6,0,938)
w(164,7,0,938)
r(167,0,16,941)
r(166,0,16,941)
r(166,0,16,941)
w(159,4,16,941)
r(166,0,16,941)
w(166,2,16,941)
r(167,0,16,941)
r(165,2,7,943)
r(165,2,7,943)
w(159,5,7,943)
w(166,3,7,943)
w(166,4,7,943)
r(165,2,7,943)
w(166,5,2,949)
w(165,5,2,949)
w(166,6,2,949)
w(166,7,2,949)
r(159,5,2,951)
r(166,7,2,951)
w(149,3,2,951)
r(165,5,2,951)
r(165,5,2,951)
r(167,0,2,951)
r(168,0,5,953)
r(168,0,5,953)
r(165,5,5,953)
r(168,0,5,953)
w(165,7,5,953)
r(149,3,4,956)
r(168,0,4,956)
r(159,5,4,956)
w(159,6,4,956)
w(149,4,4,956)
w(168,1,4,956)
r(167,0,5,961)
w(168,5,5,961)
r(168,5,5,961)
w(168,6,5,961)
w(168,7,5,961)
r(168,7,5,961)
w(167,2,5,961)
r(168,7,5,961)
w(167,4,0,970)
r(170,0,0,970)
w(167,5,0,970)
w(170,2,0,970)
w(167,6,0,970)
r(169,0,0,970)
w(167,7,0,970)
r(169,0,7,972)
r(170,0,7,972)
w(169,4,7,972)
w(171,1,7,972)
r(171,1,7,972)
r(169,4,7,972)
r(171,1,7,972)
r(171,1,16,975)
r(172,0,16,975)
r(169,4,16,975)
w(169,5,16,975)
r(171,1,16,975)
r(171,1,0,980)
w(171,3,0,980)
w(171,4,0,980)
r(167,7,0,980)
w(171,5,0,980)
r(171,5,0,980)
r(169,5,0,980)
r(171,5,0,980)
r(173,0,0,984)
w(173,3,0,984)
w(169,8,0,984)
w(149,5,0,984)
r(169,8,0,984)
r(167,7,0,984)
r(167,7,0,984)
w(174,1,1,989)
r(167,7,1,989)
r(173,3,1,989)
r(174,1,1,989)
w(175,3,8,1002)
r(175,3,8,1002)
w(174,8,8,1002)
r(176,0,8,1002)
r(175,3,8,1002)
w(176,3,8,1002)
w(176,4,8,1002)
w(175,4,8,1002)
r(175,4,9,1006)
w(177,2,9,1006)
r(175,4,9,1006)
w(177,3,9,1006)
r(175,4,9,1006)
w(178,3,7,1013)
w(177,7,7,1013)
r(178,3,7,1013)
r(178,3,7,1013)
w(178,4,7,1013)
r(178,4,7,1013)
r(180,0,8,1018)
r(179,0,8,1018)
w(180,2,8,1018)
w(176,8,8,1018)
r(180,2,4,1022)
r(180,2,4,1022)
w(180,4,4,1022)
w(180,5,4,1022)
w(180,6,4,1022)
w(181,1,5,1025)
r(180,6,5,1025)
w(179,2,5,1025)
r(180,6,5,1025)
r(180,6,13,1027)
r(180,6,13,1027)
w(180,8,13,1027)
r(179,2,13,1027)
w(182,1,13,1027)
w(179,4,9,1034)
w(181,4,9,1034)
w(182,2,9,1034)
w(182,3,9,1034)
w(182,4,9,1034)
w(182,5,9,1034)
r(182,5,9,1034)
r(179,4,9,1034)
r(179,2,1,1036)
w(183,1,1,1036)
w(172,3,1,1036)
r(179,2,1,1036)
w(183,2,1,1036)
w(183,4,16,1040)
r(183,4,16,1040)
r(183,4,16,1040)
w(179,6,16,1040)
r(183,4,16,1040)
w(181,7,9,1041)
r(183,2,9,1041)
r(183,2,9,1041)
r(183,2,9,1041)
r(183,4,0,1047)
w(183,6,0,1047)
r(179,6,0,1047)
w(179,8,0,1047)
w(172,4,0,1047)
w(183,8,4,1050)
w(181,8,4,1050)
r(184,0,4,1050)
r(181,8,4,1050)
r(149,5,4,1050)
w(149,7,4,1050)
w(184,1,16,1052)
r(185,0,16,1052)
w(185,1,16,1052)
r(185,1,16,1052)
w(185,2,16,1052)
w(185,4,16,1057)
r(184,1,16,1057)
r(185,4,16,1057)
r(172,4,16,1057)
w(185,5,16,1057)
r(185,5,16,1057)
r(185,5,16,1057)
w(185,8,4,1061)
w(187,1,4,1061)
w(184,3,4,1061)
w(186,1,4,1061)
w(187,6,0,1064)
w(184,4,0,1064)
r(187,6,0,1064)
w(186,2,0,1064)
r(187,6,0,1064)
r(184,4,0,1064)
r(184,4,0,1064)
r(172,4,13,1068)
w(184,6,13,1068)
r(172,4,13,1068)
r(187,6,13,1068)
r(189,0,13,1072)
r(189,0,13,1072)
w(189,1,13,1072)
r(190,0,13,1072)
r(190,0,13,1072)
r(189,1,13,1072)
r(189,1,13,1072)
w(189,2,13,1072)
r(190,0,4,1075)
r(189,2,4,1075)
r(189,2,4,1075)
r(189,2,4,1075)
r(186,2,4,1075)
r(190,0,4,1075)
r(189,2,4,1075)
w(189,5,13,1078)
r(190,0,13,1078)
w(190,2,13,1078)
r(189,5,13,1078)
r(186,2,9,1082)
r(190,2,9,1082)
w(172,6,9,1082)
r(189,5,9,1082)
w(189,8,9,1082)
w(191,1,9,1082)
r(191,1,9,1082)
r(172,6,9,1082)
w(191,3,1,1085)
w(186,3,1,1085)
r(190,2,1,1085)
r(191,3,1,1085)
w(191,4,1,1085)
r(191,4,7,1090)
w(190,4,7,1090)
w(191,5,7,1090)
w(190,5,7,1090)
r(191,5,16,1095)
w(190,8,16,1095)
r(191,5,16,1095)
w(191,6,16,1095)
r(193,0,1,1099)
w(193,1,1,1099)
w(193,2,1,1099)
r(193,2,1,1099)
w(193,3,1,1099)
r(186,3,1,1099)
r(192,0,4,1101)
r(172,6,4,1101)
w(192,2,4,1101)
r(193,0,4,1101)
w(186,4,16,1105)
r(188,0,16,1105)
r(186,4,16,1105)
w(192,6,16,1105)
w(192,7,16,1105)
r(193,3,16,1105)
r(193,3,5,1107)
w(193,5,5,1107)
r(193,5,5,1107)
r(193,5,5,1107)
w(193,6,5,1107)
w(186,5,16,1111)
w(194,1,16,1111)
w(194,2,16,1111)
w(192,8,16,1111)
w(188,1,16,1111)
r(194,2,16,1117)
r(194,2,16,1117)
w(195,1,16,1117)
r(194,2,16,1117)
w(195,2,16,1117)
w(186,7,16,1117)
w(194,5,16,1117)
r(194,5,16,1117)
r(196,0,2,1125)
r(197,0,2,1125)
r(195,2,2,1125)
r(195,2,2,1125)
w(195,6,9,1129)
w(195,7,9,1129)
w(195,8,9,1129)
r(196,0,9,1129)
w(198,1,9,1129)
r(196,0,9,1129)
w(196,7,9,1129)
w(199,1,5,1132)
r(199,1,5,1132)
r(198,1,5,1132)
w(197,3,5,1132)
r(196,7,5,1132)
r(199,1,9,1136)
r(188,1,9,1136)
w(199,2,9,1136)
r(200,0,9,1136)
r(199,2,9,1136)
w(200,1,1,1138)
r(200,1,1,1138)
w(200,2,1,1138)
r(198,1,1,1138)
r(200,2,1,1138)
r(200,2,16,1142)
r(200,2,16,1142)
w(197,5,16,1142)
r(200,2,16,1142)
r(199,2,16,1142)
w(198,3,16,1142)
w(200,6,7,1145)
w(200,7,7,1145)
r(200,7,7,1145)
r(199,2,7,1145)
w(200,8,7,1145)
w(201,2,0,1147)
r(201,2,0,1147)
r(198,3,0,1147)
r(201,2,0,1147)
w(201,3,16,1150)
w(201,4,16,1150)
r(201,4,16,1150)
r(201,4,16,1150)
r(199,2,13,1153)
r(188,1,13,1153)
r(199,2,13,1153)
r(201,2,13,1153)
w(199,4,13,1153)
w(199,5,13,1153)
r(201,2,13,1153)
r(201,2,13,1153)
w(201,5,9,1157)
w(201,6,9,1157)
w(197,7,9,1157)
r(201,6,9,1157)
r(198,3,9,1157)
r(201,6,9,1157)
r(201,6,9,1157)
r(202,0,7,1159)
w(199,6,7,1159)
r(188,1,7,1159)
r(199,6,7,1159)
w(202,2,1,1163)
w(202,3,1,1163)
r(202,3,1,1163)
r(198,3,1,1163)
r(202,3,1,1163)
w(188,3,1,1163)
r(199,6,1,1163)
r(202,3,16,1165)
r(202,3,16,1165)
w(202,6,16,1165)
w(203,1,16,1165)
r(202,6,16,1165)
r(203,1,8,1167)
r(199,6,8,1167)
w(202,7,8,1167)
r(198,3,8,1167)
r(202,7,8,1170)
w(202,8,8,1170)
r(202,8,8,1170)
r(203,1,8,1170)
r(199,6,8,1170)
w(203,2,8,1170)
r(203,2,8,1170)
r(204,0,9,1175)
w(204,1,9,1175)
w(204,2,9,1175)
r(203,2,9,1175)
r(204,2,9,1175)
r(204,2,2,1177)
w(204,5,2,1177)
r(204,5,2,1177)
r(203,2,2,1177)
r(205,0,7,1180)
w(203,5,7,1180)
r(204,5,7,1180)
w(203,6,7,1180)
w(205,1,7,1180)
r(205,1,7,1180)
r(204,5,13,1184)
w(204,7,13,1184)
r(205,1,13,1184)
r(204,7,13,1184)
w(205,3,9,1186)
w(203,7,9,1186)
r(203,7,9,1186)
r(204,5,9,1186)
r(204,5,9,1186)
r(205,3,9,1186)
w(203,8,7,1188)
r(188,3,7,1188)
w(204,8,7,1188)
r(205,3,7,1188)
r(204,8,7,1188)
r(203,8,7,1188)
r(204,7,5,1191)
r(188,3,5,1191)
w(205,4,5,1191)
w(205,5,5,1191)
r(206,0,5,1191)
r(208,0,0,1197)
r(205,5,0,1197)
r(208,0,0,1197)
r(208,0,0,1197)
w(208,1,0,1197)
r(206,0,2,1200)
r(206,0,2,1200)
w(206,7,2,1200)
w(206,8,2,1200)
r(206,8,2,1200)
w(205,8,2,1200)
r(205,8,2,1200)
r(207,0,2,1200)
r(205,8,1,1206)
w(208,2,1,1206)
w(208,3,1,1206)
r(205,8,1,1206)
w(208,4,1,1206)
w(198,7,1,1206)
r(207,0,16,1208)
r(208,4,16,1208)
r(208,4,16,1208)
w(208,7,16,1208)
w(209,1,1,1211)
r(198,7,1,1211)
w(208,8,1,1211)
w(210,1,1,1211)
w(210,2,1,1211)
r(209,1,4,1214)
r(210,2,4,1214)
w(210,5,4,1214)
w(210,6,4,1214)
r(198,7,4,1214)
w(198,8,1,1216)
r(210,2,1,1216)
r(210,2,1,1216)
r(210,2,1,1216)
w(209,4,7,1220)
r(209,4,7,1220)
w(210,7,7,1220)
w(207,1,7,1220)
w(210,8,7,1220)
r(210,8,7,1220)
r(188,3,7,1220)
r(209,4,7,1220)
w(211,2,7,1225)
r(209,4,7,1225)
r(211,2,7,1225)
r(211,2,7,1225)
w(211,3,7,1225)
w(211,4,7,1225)
w(188,6,7,1225)
r(211,4,7,1225)
w(211,6,2,1230)
r(209,4,2,1230)
w(209,8,2,1230)
r(207,1,2,1230)
r(209,8,2,1230)
w(211,7,2,1230)
r(211,7,2,1230)
r(209,4,8,1231)
w(207,3,8,1231)
r(212,0,8,1231)
w(213,1,8,1231)
r(211,4,8,1231)
r(211,4,8,1231)
r(211,4,8,1231)
r(214,0,0,1236)
r(214,0,0,1236)
w(214,1,0,1236)
w(214,2,0,1236)
w(207,4,0,1236)
w(214,6,7,1241)
w(214,7,7,1241)
r(213,1,7,1241)
w(214,8,7,1241)
w(215,2,2,1245)
r(213,1,2,1245)
w(213,2,2,1245)
w(215,3,2,1245)
w(213,3,2,1245)
w(215,4,2,1245)
r(215,4,2,1245)
r(213,1,13,1247)
r(215,0,13,1247)
w(188,7,13,1247)
r(213,1,13,1247)
r(216,0,2,1260)
w(216,2,2,1260)
r(207,4,2,1260)
r(216,2,2,1260)
w(216,3,2,1260)
w(216,4,2,1260)
w(207,7,2,1260)
r(216,4,2,1260)
w(218,1,16,1262)
r(218,1,16,1262)
w(218,2,16,1262)
r(207,4,16,1262)
w(218,5,5,1265)
w(217,3,5,1265)
r(217,3,5,1265)
r(218,5,5,1265)
w(218,6,5,1265)
w(218,7,9,1267)
w(217,4,9,1267)
r(218,7,9,1267)
r(218,7,9,1267)
w(212,3,9,1267)
r(220,0,13,1271)
r(220,0,13,1271)
r(220,0,13,1271)
w(220,3,13,1271)
w(217,5,13,1271)
r(217,5,13,1271)
w(220,4,2,1274)
r(220,4,2,1274)
r(217,5,2,1274)
r(217,5,2,1274)
w(220,5,2,1274)
r(220,5,2,1274)
w(217,6,2,1274)
r(220,5,5,1278)
r(220,5,5,1278)
r(207,7,5,1278)
r(220,5,5,1278)
r(222,0,4,1281)
w(222,1,4,1281)
r(222,1,4,1281)
w(221,2,4,1281)
r(207,7,4,1281)
w(222,2,4,1281)
w(221,3,8,1287)
w(221,4,8,1287)
r(223,0,8,1287)
w(212,5,8,1287)
r(222,2,16,1290)
w(222,5,16,1290)
r(212,3,16,1290)
r(222,5,16,1290)
r(221,2,16,1290)
w(222,6,16,1290)
w(222,7,16,1290)
r(223,0,16,1290)
r(224,0,5,1292)
r(224,0,5,1292)
w(224,1,5,1292)
w(224,2,5,1292)
r(224,2,5,1292)
r(221,4,13,1299)
r(226,0,13,1299)
r(226,0,13,1299)
r(226,0,13,1299)
w(225,1,13,1299)
w(219,2,4,1302)
w(224,4,4,1302)
w(224,5,4,1302)
w(224,6,4,1302)
w(224,7,4,1302)
r(224,7,4,1302)
r(224,7,4,1302)
r(212,5,4,1302)
w(225,2,8,1306)
w(226,1,8,1306)
w(212,6,8,1306)
w(223,5,8,1306)
w(225,3,8,1306)
w(225,4,8,1306)
r(226,1,4,1309)
r(225,4,4,1309)
w(223,7,4,1309)
r(226,1,4,1309)
w(227,1,4,1309)
r(227,1,4,1309)
w(226,3,5,1312)
w(227,2,5,1312)
r(226,3,5,1312)
r(219,2,5,1312)
r(223,7,5,1312)
r(227,2,5,1312)
w(226,4,5,1312)
r(227,2,5,1312)
r(227,2,2,1317)
w(227,5,2,1317)
w(227,6,2,1317)
w(226,5,2,1317)
w(227,7,2,1317)
w(226,6,2,1317)
w(228,1,2,1317)
r(229,0,0,1320)
w(229,1,0,1320)
w(219,3,0,1320)
r(229,1,0,1320)
r(229,1,1,1322)
w(229,2,1,1322)
r(229,2,1,1322)
w(229,3,1,1322)
r(223,7,1,1322)
r(226,6,1,1322)
w(229,4,1,1322)
r(228,1,7,1327)
r(231,0,7,1327)
r(230,0,7,1327)
r(230,0,7,1327)
w(230,1,7,1327)
w(229,7,1,1328)
r(223,7,1,1328)
r(229,7,1,1328)
r(228,1,1,1328)
r(223,7,1,1328)
w(229,8,1,1328)
r(223,7,1,1328)
w(231,1,2,1331)
w(231,2,2,1331)
w(231,3,2,1331)
r(231,3,2,1331)
r(231,3,2,1331)
r(230,0,2,1331)
r(231,3,2,1331)
w(231,4,2,1331)
r(231,4,4,1334)
r(230,1,4,1334)
w(228,2,4,1334)
w(219,4,4,1334)
r(230,1,4,1334)
r(223,7,4,1334)
w(230,4,4,1334)
r(231,4,4,1334)
w(232,2,2,1339)
r(230,4,2,1339)
w(232,3,2,1339)
r(223,7,2,1339)
w(232,4,2,1339)
r(232,4,2,1339)
r(232,4,2,1339)
w(230,8,2,1339)
r(219,4,1,1342)
r(232,4,1,1342)
r(232,4,1,1342)
r(230,8,1,1342)
r(219,4,1,1342)
w(233,1,7,1347)
w(233,2,7,1347)
r(233,2,7,1347)
r(233,2,7,1347)
r(230,8,7,1347)
w(228,3,7,1347)
r(233,2,7,1347)
r(234,0,7,1347)
w(235,2,16,1350)
r(219,4,16,1350)
w(233,8,16,1350)
r(234,0,16,1350)
r(234,0,16,1350)
r(234,0,16,1350)
r(233,8,1,1352)
r(233,8,1,1352)
w(235,3,1,1352)
w(235,4,1,1352)
r(236,0,1,1352)
r(236,0,1,1352)
w(234,3,1,1352)
r(234,3,1,1352)
w(237,1,13,1372)
r(236,0,13,1372)
w(236,8,13,1372)
w(228,6,13,1372)
r(235,4,13,1372)
r(237,1,13,1372)
r(236,8,13,1372)
r(238,0,9,1373)
w(238,3,9,1373)
r(238,3,9,1373)
r(239,0,9,1373)
r(238,3,9,1373)
r(219,4,1,1376)
r(239,0,1,1376)
r(239,0,1,1376)
r(228,3,1,1376)
w(238,5,9,1381)
r(237,1,9,1381)
w(238,6,9,1381)
w(237,4,9,1381)
w(239,3,9,1381)
w(238,7,9,1381)
r(239,3,9,1381)
r(239,0,13,1384)
w(240,1,13,1384)
r(237,1,13,1384)
r(228,6,13,1384)
w(239,6,8,1388)
w(239,7,8,1388)
r(240,1,8,1388)
r(240,1,8,1388)
r(241,0,13,1391)
w(240,2,13,1391)
r(239,7,13,1391)
r(241,0,13,1391)
r(228,6,9,1393)
r(237,4,9,1393)
r(240,1,9,1393)
w(241,1,9,1393)
w(239,8,9,1393)
r(238,7,0,1396)
r(238,7,0,1396)
w(238,1,0,1396)
r(238,1,0,1396)
r(238,1,0,1396)
r(237,4,0,1396)
r(238,1,0,1396)
w(240,4,1,1400)
r(241,1,1,1400)
w(241,2,1,1400)
w(240,5,1,1400)
w(240,6,1,1400)
r(228,6,13,1403)
w(242,4,13,1403)
r(241,2,13,1403)
r(242,4,13,1403)
r(245,0,9,1414)
w(245,1,9,1414)
w(245,2,9,1414)
r(241,2,9,1414)
w(246,1,9,1414)
w(243,2,9,1414)
w(219,6,7,1415)
r(245,0,7,1415)
r(245,0,7,1415)
r(245,0,7,1415)
w(244,2,7,1415)
w(244,3,7,1415)
r(245,0,7,1415)
w(245,8,9,1424)
w(244,4,9,1424)
r(243,2,9,1424)
r(243,2,9,1424)
w(246,4,9,1424)
w(247,1,9,1424)
r(247,1,9,1424)
r(247,1,9,1424)
r(250,0,2,1445)
r(251,0,2,1445)
r(243,2,2,1445)
r(250,0,2,1445)
r(249,0,0,1446)
w(248,4,0,1446)
w(249,1,0,1446)
r(248,4,0,1446)
w(248,5,0,1446)
r(244,4,0,1446)
w(249,2,0,1446)
r(249,2,0,1446)
w(250,3,26,1452)
r(250,3,26,1452)
w(251,1,26,1452)
r(243,2,26,1452)
w(250,4,26,1452)
w(250,5,26,1452)
r(243,2,26,1458)
r(251,1,26,1458)
w(244,6,26,1458)
w(253,1,26,1458)
w(253,2,26,1458)
w(243,8,1,1464)
r(253,2,1,1464)
w(251,8,1,1464)
r(253,2,1,1464)
r(253,2,1,1464)
r(253,2,1,1464)
r(253,2,1,1464)
w(253,6,1,1464)
w(254,2,14,1467)
w(252,1,14,1467)
r(254,2,14,1467)
r(253,2,14,1467)
r(254,2,14,1467)
r(254,2,14,1467)
r(253,2,14,1467)
r(256,0,9,1471)
r(256,0,9,1471)
w(256,4,9,1471)
w(256,5,9,1471)
r(256,5,9,1471)
w(256,6,9,1471)
w(244,8,13,1473)
r(257,0,13,1473)
r(254,2,13,1473)
r(254,2,13,1473)
r(257,0,13,1477)
r(257,0,13,1477)
r(257,0,13,1477)
w(257,1,13,1477)
r(254,2,13,1477)
r(257,1,1,1480)
w(257,4,1,1480)
r(257,4,1,1480)
r(258,0,1,1480)
w(254,4,7,1481)
r(257,0,7,1481)
w(255,1,7,1481)
r(257,0,7,1481)
r(257,0,7,1481)
r(254,4,7,1481)
r(254,4,2,1488)
w(257,5,2,1488)
w(254,5,2,1488)
w(257,6,2,1488)
w(257,7,2,1488)
r(257,7,2,1488)
r(259,0,2,1494)
w(259,4,2,1494)
w(259,5,2,1494)
w(252,2,2,1494)
r(258,0,2,1494)
w(259,6,2,1494)
w(260,1,0,1499)
r(258,0,0,1499)
r(261,0,0,1499)
w(261,1,0,1499)
w(255,4,0,1499)
w(258,3,0,1499)
w(255,6,14,1503)
r(261,1,14,1503)
r(260,1,14,1503)
r(261,1,14,1503)
r(255,6,14,1503)
r(261,1,14,1503)
w(261,4,1,1508)
w(261,5,1,1508)
w(261,6,1,1508)
w(261,7,1,1508)
w(261,8,1,1508)
r(262,0,7,1510)
w(262,1,7,1510)
w(260,5,7,1510)
w(262,2,7,1510)
r(262,2,7,1510)
r(260,5,7,1510)
w(262,3,7,1510)
w(262,8,5,1519)
w(255,7,5,1519)
r(263,0,5,1519)
w(252,3,5,1519)
r(264,0,14,1522)
r(255,7,14,1522)
r(263,0,14,1522)
r(263,0,14,1522)
r(255,7,14,1522)
w(260,8,7,1523)
w(263,1,7,1523)
r(264,0,7,1523)
w(264,1,7,1523)
w(264,2,7,1523)
w(258,7,26,1526)
r(263,1,26,1526)
w(263,7,26,1526)
r(258,7,26,1526)
r(263,7,26,1526)
w(263,8,26,1526)
w(258,8,26,1528)
r(264,2,26,1528)
r(265,0,26,1528)
r(258,8,26,1528)
r(252,3,26,1528)
w(255,8,14,1529)
r(252,3,14,1529)
w(264,7,14,1529)
r(255,8,14,1529)
r(265,0,14,1529)
w(265,1,14,1529)
r(264,7,14,1529)
w(265,2,14,1529)
r(264,7,1,1537)
w(265,3,1,1537)
r(264,7,1,1537)
w(265,4,1,1537)
w(265,5,1,1537)
r(265,2,2,1540)
w(266,1,2,1540)
w(269,1,2,1540)
w(266,2,2,1540)
r(269,1,2,1540)
r(269,1,2,1540)
r(266,2,2,1540)
w(269,2,2,1540)
r(267,0,5,1543)
r(269,2,5,1543)
r(266,2,5,1543)
r(268,0,5,1543)
w(269,3,9,1546)
w(269,4,9,1546)
r(269,4,9,1546)
w(267,3,9,1546)
w(267,4,9,1546)
r(269,4,9,1546)
r(269,4,9,1546)
w(269,7,5,1550)
r(269,7,5,1550)
w(269,8,5,1550)
w(267,8,5,1550)
r(269,8,5,1550)
r(266,2,9,1551)
r(267,4,9,1551)
r(269,4,9,1551)
r(267,4,9,1551)
r(267,4,9,1551)
r(270,0,5,1554)
w(270,1,5,1554)
w(266,4,5,1554)
r(270,1,5,1554)
w(271,1,5,1554)
w(270,2,5,1554)
r(270,2,5,1554)
w(270,3,0,1564)
w(270,4,0,1564)
r(271,1,0,1564)
w(271,3,0,1564)
w(270,5,0,1564)
r(270,5,0,1564)
r(272,0,14,1570)
r(272,0,14,1570)
r(272,0,14,1570)
w(272,7,14,1570)
r(272,7,14,1570)
w(272,8,14,1570)
w(273,3,26,1576)
w(274,2,26,1576)
w(273,4,26,1576)
w(266,6,26,1576)
w(274,5,2,1582)
w(268,5,2,1582)
r(266,6,2,1582)
w(252,6,2,1582)
w(274,6,2,1582)
w(268,6,2,1582)
w(275,1,2,1582)
w(273,8,2,1582)
r(276,0,9,1586)
w(276,3,9,1586)
r(275,1,9,1586)
r(277,0,9,1586)
r(268,6,9,1586)
r(276,3,9,1586)
r(276,3,9,1586)
r(276,3,9,1586)
r(276,3,14,1591)
w(277,3,14,1591)
w(276,5,14,1591)
r(276,5,14,1591)
r(276,5,1,1594)
r(276,5,1,1594)
r(277,3,1,1594)
r(276,5,1,1594)
r(276,5,1,1594)
r(276,5,1,1594)
w(277,5,5,1597)
w(277,6,5,1597)
r(276,5,5,1597)
r(276,5,5,1597)
w(276,8,5,1597)
r(276,8,5,1597)
w(278,1,5,1597)
r(278,1,5,1597)
w(278,3,7,1606)
r(277,6,7,1606)
r(277,6,7,1606)
r(278,3,7,1606)
r(278,3,7,1606)
r(278,1,13,1608)
r(279,0,13,1608)
w(279,2,13,1608)
w(268,7,13,1608)
r(278,1,13,1608)
r(280,0,14,1609)
r(275,1,14,1609)
r(275,1,14,1609)
r(280,0,14,1609)
w(280,1,14,1609)
r(280,1,14,1609)
r(268,6,14,1609)
r(280,1,13,1617)
r(275,1,13,1617)
w(279,3,13,1617)
w(280,2,13,1617)
w(280,3,13,1617)
w(280,4,13,1617)
w(275,5,13,1617)
r(281,0,5,1621)
r(280,4,5,1621)
r(275,5,5,1621)
r(281,0,5,1621)
w(280,6,5,1621)
r(275,5,14,1625)
r(280,6,14,1625)
w(281,3,14,1625)
w(280,8,14,1625)
w(283,1,9,1632)
w(283,2,9,1632)
r(275,5,9,1632)
w(281,7,9,1632)
w(282,1,9,1632)
r(283,2,9,1632)
r(283,2,0,1638)
r(284,0,0,1638)
w(284,4,0,1638)
r(283,2,0,1638)
w(282,2,0,1638)
w(283,8,0,1638)
w(285,1,0,1638)
r(284,4,0,1638)
w(285,3,5,1642)
r(285,3,5,1642)
r(285,3,5,1642)
r(285,3,5,1642)
w(285,4,5,1642)
r(286,0,5,1642)
r(285,4,5,1642)
r(284,4,5,1642)
r(284,4,14,1646)
w(285,8,14,1646)
w(284,8,14,1646)
r(286,0,14,1646)
w(252,7,14,1646)
w(287,3,1,1659)
w(288,3,1,1659)
r(282,2,1,1659)
w(287,4,1,1659)
w(287,5,1,1659)
r(252,7,1,1659)
w(289,3,26,1664)
r(288,3,26,1664)
r(289,3,26,1664)
r(289,3,26,1664)
w(289,4,26,1664)
w(286,1,26,1664)
r(288,3,26,1664)
r(289,4,26,1664)
w(289,6,13,1665)
r(289,6,13,1665)
w(288,7,13,1665)
w(288,8,13,1665)
r(289,6,8,1670)
r(290,0,8,1670)
w(289,8,8,1670)
r(290,0,8,1670)
r(286,1,8,1670)
w(290,1,8,1670)
r(290,0,9,1672)
w(292,1,9,1672)
w(282,7,9,1672)
r(292,1,9,1672)
w(292,2,9,1672)
w(292,3,9,1672)
w(292,6,9,1676)
r(292,6,9,1676)
r(290,1,9,1676)
w(292,7,9,1676)
r(286,1,9,1676)
r(290,1,9,1676)
r(290,1,9,1676)
r(292,7,9,1676)
r(290,1,8,1679)
r(286,1,8,1679)
r(290,1,8,1679)
r(293,0,8,1679)
r(293,0,8,1679)
w(293,1,8,1679)
r(290,1,8,1679)
r(290,1,8,1679)
r(293,1,9,1684)
w(293,2,9,1684)
w(282,8,9,1684)
r(293,2,9,1684)
r(286,1,9,1684)
w(293,3,9,1684)
r(291,0,9,1684)
w(293,4,9,1684)
r(291,0,1,1690)
w(295,1,1,1690)
w(295,2,1,1690)
w(290,5,1,1690)
w(295,5,8,1694)
r(291,0,8,1694)
r(295,5,8,1694)
r(295,5,8,1694)
w(295,6,8,1694)
r(296,0,9,1697)
w(297,1,9,1697)
w(298,1,9,1697)
r(297,1,9,1697)
r(298,1,0,1703)
r(298,1,0,1703)
r(296,0,0,1703)
r(299,0,0,1703)
r(298,1,7,1708)
w(298,4,7,1708)
w(298,5,7,1708)
r(299,0,7,1708)
w(299,1,7,1708)
r(299,1,7,1708)
w(299,2,7,1708)
r(298,5,2,1711)
w(298,6,2,1711)
r(298,6,2,1711)
r(298,6,2,1711)
r(298,6,26,1714)
r(299,2,26,1714)
r(298,6,26,1714)
r(296,0,26,1714)
w(298,7,26,1714)
w(294,4,1,1715)
r(294,4,1,1715)
w(299,5,1,1715)
r(299,5,1,1715)
r(294,4,14,1718)
w(299,6,14,1718)
r(298,7,14,1718)
w(299,7,14,1718)
r(296,0,14,1718)
r(294,4,14,1718)
w(298,8,2,1721)
r(299,7,2,1721)
r(296,0,2,1721)
r(298,8,2,1721)
r(300,0,2,1721)
r(296,0,5,1728)
w(301,4,5,1728)
r(301,4,5,1728)
w(301,5,5,1728)
r(301,5,5,1728)
r(300,0,9,1729)
r(301,5,9,1729)
r(301,5,9,1729)
r(301,5,9,1729)
r(300,0,9,1729)
w(301,8,13,1732)
r(301,8,13,1732)
r(301,8,13,1732)
r(300,0,13,1732)
w(300,1,13,1732)
r(301,8,13,1732)
r(301,8,13,1732)
r(296,0,13,1732)
r(302,0,1,1737)
r(302,0,1,1737)
r(294,4,1,1737)
r(294,4,1,1737)
r(302,0,1,1737)
w(300,3,1,1737)
w(302,2,1,1737)
r(296,0,9,1742)
w(302,7,9,1742)
r(300,3,9,1742)
w(300,8,9,1742)
r(302,7,9,1742)
r(302,7,9,1742)
w(294,6,7,1743)
r(303,0,7,1743)
r(302,2,7,1743)
r(302,2,7,1743)
r(302,2,7,1743)
r(296,0,7,1743)
w(303,1,7,1750)
w(296,6,7,1750)
w(296,7,7,1750)
w(303,2,7,1750)
r(304,0,8,1753)
r(294,6,8,1753)
w(304,6,8,1753)
r(303,0,8,1753)
w(304,7,8,1756)
w(303,6,8,1756)
r(304,7,8,1756)
w(304,8,8,1756)
r(296,7,8,1756)
w(305,1,8,1756)
r(306,0,13,1759)
r(306,0,13,1759)
r(306,0,13,1759)
r(305,1,13,1759)
r(303,2,9,1760)
w(306,1,9,1760)
r(306,1,9,1760)
r(305,0,9,1760)
w(306,2,9,1760)
r(306,2,2,1764)
r(303,6,2,1764)
r(294,6,2,1764)
r(306,2,2,1764)
w(305,2,2,1764)
w(306,5,2,1764)
w(305,3,2,1764)
w(307,3,7,1768)
w(294,7,7,1768)
r(308,0,7,1768)
r(305,3,7,1768)
w(308,1,7,1768)
w(308,2,7,1768)
w(294,8,7,1768)
r(309,0,0,1773)
r(309,0,0,1773)
w(309,1,0,1773)
r(307,3,0,1773)
r(291,0,0,1773)
r(310,0,0,1773)
r(310,0,0,1773)
w(308,5,26,1775)
w(308,6,26,1775)
w(308,7,26,1775)
w(308,8,26,1775)
r(305,3,26,1775)
r(305,3,26,1775)
r(307,3,26,1775)
w(291,3,26,1775)
r(310,0,1,1782)
w(307,8,1,1782)
w(310,3,1,1782)
r(307,8,1,1782)
w(305,7,1,1782)
w(310,4,1,1782)
w(311,1,0,1786)
r(311,1,0,1786)
r(311,1,0,1786)
r(312,0,0,1786)
w(311,2,0,1786)
r(312,0,2,1791)
w(311,5,2,1791)
r(312,0,2,1791)
r(309,1,2,1791)
w(311,6,2,1791)
r(311,6,2,1791)
w(314,1,5,1794)
r(312,0,5,1794)
r(314,1,5,1794)
r(314,1,5,1794)
r(314,1,5,1794)
r(314,1,5,1794)
w(314,2,5,1794)
r(312,0,1,1800)
r(312,0,1,1800)
w(314,4,1,1800)
r(313,0,1,1800)
r(314,4,1,1800)
w(314,5,1,1800)
r(313,0,1,1800)
w(314,6,1,1800)
r(312,0,13,1804)
r(312,0,13,1804)
w(313,1,13,1804)
r(313,1,13,1804)
w(312,6,13,1804)
r(315,0,13,1804)
w(291,6,13,1810)
r(315,0,13,1810)
r(315,0,13,1810)
r(312,6,13,1810)
r(312,6,5,1812)
w(313,4,5,1812)
r(309,1,5,1812)
r(315,0,5,1812)
r(315,0,5,1812)
r(316,0,5,1812)
r(291,6,8,1818)
w(315,3,8,1818)
w(313,5,8,1818)
w(315,4,8,1818)
r(315,4,8,1818)
w(313,6,8,1818)
r(315,4,8,1818)
r(316,0,5,1820)
w(316,3,5,1820)
r(317,0,5,1820)
r(316,3,5,1820)
r(316,3,9,1824)
r(313,6,9,1824)
w(317,1,9,1824)
r(316,3,9,1824)
r(317,1,9,1824)
r(317,1,9,1824)
w(317,2,9,1824)
w(291,7,5,1827)
r(313,6,5,1827)
r(317,2,5,1827)
w(317,3,5,1827)
r(319,0,5,1832)
r(318,0,5,1832)
w(316,5,5,1832)
w(313,8,5,1832)
r(316,5,5,1832)
r(313,6,1,1835)
w(318,1,1,1835)
r(318,1,1,1835)
r(313,6,1,1835)
r(318,1,1,1835)
w(318,2,1,1835)
r(316,3,1,1835)
w(318,3,1,1835)
r(318,3,1,1838)
w(316,6,1,1838)
r(318,3,1,1838)
w(316,7,1,1838)
r(322,0,14,1843)
r(321,0,14,1843)
r(319,0,14,1843)
r(322,0,14,1843)
w(321,1,14,1843)
w(320,1,26,1846)
r(316,7,26,1846)
w(318,7,26,1846)
w(318,8,26,1846)
w(320,2,26,1846)
r(318,8,26,1846)
r(321,0,26,1846)
w(319,1,26,1846)
r(322,0,5,1850)
r(322,0,5,1850)
w(321,5,5,1850)
r(322,0,5,1850)
w(322,6,5,1850)
r(320,2,5,1850)
w(323,1,2,1853)
r(321,5,2,1853)
w(323,2,2,1853)
w(323,3,2,1853)
w(321,6,2,1860)
w(323,4,2,1860)
w(320,7,2,1860)
r(319,1,2,1860)
w(323,5,2,1860)
r(323,5,2,1860)
w(319,2,2,1860)
w(323,6,2,1860)
r(291,7,5,1861)
r(321,5,5,1861)
r(321,5,5,1861)
w(324,1,5,1861)
r(321,5,5,1861)
r(324,1,5,1861)
w(324,2,5,1861)
r(324,2,2,1865)
r(324,2,2,1865)
r(324,2,2,1865)
r(324,2,2,1865)
w(324,5,2,1865)
r(324,5,2,1865)
w(325,1,14,1873)
w(327,1,14,1873)
r(327,1,14,1873)
r(327,1,14,1873)
r(327,1,14,1873)
w(324,6,14,1873)
w(324,7,14,1873)
r(327,1,1,1878)
r(328,0,1,1878)
w(328,6,1,1878)
r(327,1,1,1878)
r(327,1,1,1878)
r(325,1,1,1878)
r(329,0,0,1884)
w(329,2,0,1884)
r(327,1,0,1884)
w(326,1,0,1884)
r(329,2,0,1884)
r(329,2,0,1884)
r(329,2,0,1884)
w(329,5,1,1891)
r(329,5,1,1891)
r(319,2,1,1891)
w(330,1,1,1891)
w(329,6,1,1891)
w(329,7,1,1891)
r(329,7,1,1891)
w(319,5,7,1894)
w(325,8,7,1894)
r(326,1,7,1894)
r(325,8,7,1894)
r(331,0,2,1895)
w(331,1,2,1895)
r(331,1,2,1895)
r(331,1,2,1895)
r(331,1,2,1895)
r(331,1,9,1900)
r(330,1,9,1900)
w(331,2,9,1900)
r(331,2,9,1900)
w(331,3,9,1900)
w(330,3,9,1900)
w(331,4,9,1900)
r(332,0,0,1907)
w(330,5,0,1907)
w(331,7,0,1907)
w(331,8,0,1907)
r(333,0,9,1911)
r(332,0,9,1911)
r(333,0,9,1911)
w(333,7,9,1911)
r(334,0,7,1916)
w(334,1,7,1916)
r(335,0,7,1916)
r(334,1,7,1916)
w(332,3,26,1917)
w(333,8,26,1917)
r(330,5,26,1917)
r(334,0,26,1917)
r(332,3,26,1917)
w(332,5,9,1919)
r(334,1,9,1919)
w(334,5,9,1919)
r(335,0,9,1919)
w(336,1,0,1923)
r(319,5,0,1923)
r(335,0,0,1923)
w(332,6,0,1923)
w(334,6,8,1924)
r(335,0,8,1924)
r(334,6,8,1924)
r(332,5,8,1924)
w(334,7,8,1924)
w(334,8,8,1924)
w(336,3,13,1929)
w(335,2,13,1929)
r(336,3,13,1929)
w(336,4,13,1929)
w(332,8,13,1929)
r(319,5,13,1929)
w(335,5,14,1935)
r(337,0,14,1935)
w(337,1,14,1935)
w(335,6,14,1935)
r(338,0,14,1935)
r(335,6,14,1935)
r(335,6,14,1935)
r(338,0,14,1935)
r(338,0,5,1938)
w(338,3,5,1938)
r(338,3,5,1938)
w(338,4,5,1938)
w(335,8,5,1938)
