w(2,2,3,15)
w(1,1,3,15)
r(4,0,3,15)
w(3,1,3,15)
r(4,0,3,15)
w(4,2,8,18)
r(3,0,8,18)
w(4,3,8,18)
w(4,4,8,18)
r(4,4,8,18)
r(4,4,8,18)
r(4,4,8,18)
r(3,0,8,18)
r(6,0,8,28)
r(6,0,8,28)
r(6,0,8,28)
r(3,1,8,28)
r(3,1,6,29)
w(3,3,6,29)
r(5,0,6,29)
w(2,8,6,29)
w(5,8,6,29)
r(6,0,3,31)
w(7,1,3,31)
r(6,0,3,31)
r(7,1,3,31)
w(0,2,8,37)
r(6,0,8,37)
r(3,3,8,37)
w(3,6,8,37)
w(3,7,8,37)
w(9,2,1,46)
r(8,0,1,46)
w(9,3,1,46)
r(8,0,1,46)
w(1,5,5,50)
r(7,1,5,50)
r(9,3,5,50)
r(9,3,5,50)
w(9,6,5,50)
r(9,3,7,52)
r(1,1,7,52)
w(7,2,7,52)
r(8,0,7,52)
r(9,3,7,52)
r(9,3,7,52)
r(9,6,0,57)
r(0,2,0,57)
w(7,3,0,57)
w(9,8,0,57)
r(7,3,0,57)
r(1,5,0,57)
r(10,0,0,57)
r(8,0,1,60)
r(7,3,1,60)
r(8,0,1,60)
r(8,0,1,60)
r(7,3,1,60)
r(10,0,1,60)
r(10,0,4,62)
w(10,1,4,62)
w(10,2,4,62)
r(10,2,4,62)
w(0,6,4,62)
w(10,3,4,62)
w(1,6,4,62)
r(10,3,4,62)
r(10,3,8,68)
w(10,6,8,68)
r(10,6,8,68)
r(10,6,8,68)
w(10,7,8,68)
w(10,8,8,68)
r(10,8,8,68)
r(7,3,0,69)
r(0,6,0,69)
r(11,0,0,69)
r(11,0,0,69)
w(7,5,3,70)
r(7,5,3,70)
r(11,0,3,70)
r(7,5,3,70)
r(11,0,3,70)
w(12,2,8,77)
w(12,3,8,77)
w(12,4,8,77)
w(12,5,8,77)
r(12,5,8,77)
r(12,5,8,77)
w(12,6,8,77)
r(11,0,3,81)
w(1,7,3,81)
w(13,1,3,81)
r(11,0,3,81)
r(1,7,3,81)
r(11,0,3,81)
r(0,6,3,81)
w(11,4,3,81)
r(11,4,4,85)
r(11,4,4,85)
r(13,1,4,85)
r(11,4,4,85)
r(11,4,4,85)
r(13,1,4,85)
r(13,1,4,85)
r(14,0,4,85)
r(0,6,9,86)
w(13,6,9,86)
w(13,7,9,86)
r(13,7,9,86)
r(11,4,9,86)
w(13,8,9,86)
r(1,7,9,86)
w(14,1,9,86)
w(15,1,4,89)
r(11,4,4,89)
r(15,1,4,89)
r(11,4,4,89)
r(15,1,4,89)
r(11,4,4,89)
r(14,1,4,89)
r(15,1,4,89)
w(11,8,6,93)
r(11,8,6,93)
r(11,8,6,93)
w(15,2,6,93)
w(16,1,6,93)
r(16,1,6,98)
w(16,3,6,98)
w(15,6,6,98)
r(16,3,6,98)
r(14,1,6,98)
r(15,6,6,98)
r(1,7,6,98)
r(15,6,8,104)
r(16,3,8,104)
r(15,6,8,104)
r(15,6,8,104)
w(15,8,8,104)
r(17,0,8,104)
w(16,4,8,104)
r(18,0,0,107)
r(18,0,0,107)
r(18,0,0,107)
w(18,1,0,107)
r(17,0,3,109)
w(17,1,3,109)
r(17,1,3,109)
w(17,2,3,109)
r(14,1,3,109)
w(17,3,3,109)
r(17,3,3,109)
w(17,4,3,109)
w(19,2,4,115)
r(18,1,4,115)
r(18,1,4,115)
w(0,7,4,115)
r(18,1,4,115)
r(19,2,9,120)
w(20,2,9,120)
w(20,3,9,120)
r(19,2,9,120)
r(20,3,9,120)
r(18,1,9,120)
w(19,3,9,120)
w(19,7,3,125)
w(0,8,3,125)
r(18,1,3,125)
r(19,7,3,125)
r(21,0,8,126)
r(19,3,8,126)
w(21,1,8,126)
r(21,1,8,126)
r(21,1,8,126)
r(22,0,8,126)
r(21,1,8,126)
r(23,0,8,126)
w(21,2,2,130)
w(21,3,2,130)
r(20,3,2,130)
w(21,4,2,130)
r(21,4,2,130)
w(23,1,2,130)
r(20,3,7,134)
w(23,3,7,134)
w(21,7,7,134)
w(21,8,7,134)
w(20,6,8,137)
r(25,0,8,137)
r(25,0,8,137)
r(25,0,8,137)
w(25,1,2,141)
w(25,2,2,141)
w(25,3,2,141)
r(25,3,2,141)
r(23,3,2,141)
w(25,4,2,141)
w(25,5,2,141)
w(24,1,6,143)
r(24,1,6,143)
r(22,0,6,143)
r(25,0,6,143)
w(25,8,2,146)
w(24,2,2,146)
r(26,0,2,146)
r(26,0,2,146)
w(26,1,5,149)
w(26,2,5,149)
r(22,0,5,149)
r(26,2,5,149)
r(24,1,5,149)
r(26,2,5,149)
r(23,3,5,149)
w(23,5,5,149)
r(23,5,7,153)
r(23,5,7,153)
w(26,4,7,153)
w(23,7,7,153)
w(27,5,1,160)
r(26,4,1,160)
r(26,4,1,160)
r(28,0,1,160)
r(27,5,1,160)
r(28,0,1,160)
r(27,5,1,160)
r(27,5,1,160)
r(27,5,5,166)
r(20,6,5,166)
r(28,0,5,166)
r(28,0,5,166)
r(28,0,5,166)
w(28,1,7,167)
w(28,2,7,167)
w(22,2,7,167)
r(28,2,7,167)
r(27,5,7,167)
r(20,6,7,167)
w(20,8,7,167)
r(27,5,7,167)
r(30,0,1,170)
w(28,6,1,170)
w(28,7,1,170)
r(28,7,1,170)
w(29,2,7,174)
w(31,5,7,174)
w(31,6,7,174)
w(31,7,7,174)
w(31,8,0,179)
r(30,0,0,179)
w(29,4,0,179)
w(24,6,0,179)
w(24,7,7,188)
r(32,0,7,188)
r(29,4,7,188)
w(32,2,7,188)
w(22,4,7,188)
w(32,3,7,188)
w(29,7,7,188)
r(30,0,0,193)
r(35,0,0,193)
r(34,0,0,193)
r(35,0,0,193)
w(35,1,0,193)
r(35,1,0,193)
w(34,1,0,193)
w(30,4,6,195)
w(32,8,6,195)
r(30,4,6,195)
w(30,5,6,195)
r(30,5,6,195)
r(33,0,6,195)
w(36,2,5,203)
r(34,1,5,203)
w(36,3,5,203)
w(36,4,5,203)
w(34,5,5,203)
w(34,6,5,203)
r(33,0,0,205)
r(36,0,0,205)
r(36,0,0,205)
r(36,0,0,205)
r(36,0,0,205)
r(34,1,0,205)
r(36,0,0,205)
w(37,1,0,205)
r(37,1,1,209)
r(38,0,1,209)
w(34,8,1,209)
r(38,0,1,209)
r(36,4,8,211)
w(36,8,8,211)
r(38,0,8,211)
w(38,1,8,211)
w(38,2,8,211)
w(37,2,8,211)
r(34,6,8,211)
r(34,6,8,211)
r(33,0,2,214)
w(38,5,2,214)
r(34,8,2,214)
r(33,0,2,214)
w(38,6,2,214)
r(39,0,6,217)
r(40,0,6,217)
r(33,0,6,217)
r(40,0,6,217)
r(37,2,4,222)
w(40,1,4,222)
w(39,3,4,222)
w(40,2,4,222)
r(40,2,4,222)
w(37,5,4,222)
r(40,2,4,222)
w(33,4,4,222)
r(40,2,0,229)
w(40,5,0,229)
w(40,6,0,229)
w(40,7,0,229)
w(40,8,0,229)
r(40,8,0,229)
r(40,8,0,229)
r(37,5,2,231)
w(33,5,2,231)
r(41,0,2,231)
r(39,3,2,231)
w(37,7,2,231)
w(42,1,2,231)
r(41,0,2,231)
w(37,8,2,231)
r(41,0,3,235)
w(41,6,3,235)
r(37,8,3,235)
r(41,6,3,235)
w(43,2,6,244)
r(45,0,6,244)
w(45,1,6,244)
r(44,0,6,244)
r(44,0,6,244)
w(44,1,6,244)
r(44,1,9,248)
r(44,1,9,248)
r(43,2,9,248)
r(45,1,9,248)
r(44,1,9,248)
w(44,8,9,248)
r(44,8,9,248)
r(45,1,3,250)
w(45,5,3,250)
r(43,2,3,250)
r(44,8,3,250)
r(46,0,3,250)
r(46,0,3,250)
w(46,1,3,250)
r(45,5,3,250)
w(45,7,1,254)
r(45,7,1,254)
w(46,3,1,254)
r(46,3,1,254)
r(22,4,1,254)
r(46,3,1,254)
w(22,5,1,254)
r(33,5,1,254)
r(45,5,5,255)
r(46,1,5,255)
r(46,1,5,255)
r(33,5,5,255)
w(33,7,5,255)
r(46,3,9,257)
r(46,3,9,257)
r(46,3,9,257)
w(46,4,9,257)
w(46,5,6,261)
r(46,5,6,261)
w(46,6,6,261)
r(46,6,6,261)
w(45,8,6,261)
w(46,7,6,261)
r(46,7,6,261)
r(22,5,9,267)
w(48,2,9,267)
r(48,2,9,267)
w(22,6,9,267)
w(47,1,9,267)
r(43,2,1,271)
w(48,7,1,271)
w(47,6,1,271)
r(48,7,1,271)
r(43,2,1,271)
r(48,7,7,273)
r(48,7,7,273)
r(47,6,7,273)
w(47,7,7,273)
r(22,6,7,276)
w(48,8,7,276)
r(47,7,7,276)
w(47,8,7,276)
w(43,7,7,276)
r(49,0,7,276)
r(50,0,7,276)
w(51,1,7,276)
r(51,1,0,279)
w(51,2,0,279)
r(51,2,0,279)
w(22,7,0,279)
r(51,2,2,286)
w(50,6,2,286)
r(50,6,2,286)
r(22,7,2,286)
w(49,2,2,286)
w(52,2,2,286)
w(51,5,2,286)
r(52,2,2,289)
r(51,5,2,289)
r(51,5,2,289)
r(51,5,2,289)
r(50,6,7,292)
w(50,8,7,292)
r(53,0,7,292)
w(53,1,7,292)
r(49,2,7,292)
r(22,7,7,292)
r(52,2,7,292)
r(50,8,7,292)
r(53,0,9,294)
w(49,4,9,294)
r(53,0,9,294)
w(52,5,9,294)
r(53,0,9,294)
r(49,4,7,300)
r(53,1,7,300)
w(53,7,7,300)
w(52,7,7,300)
w(53,8,7,300)
r(49,4,7,300)
r(53,8,4,302)
r(53,8,4,302)
r(53,8,4,302)
w(54,1,4,302)
w(52,8,4,302)
r(54,0,7,303)
r(53,8,7,303)
w(55,1,7,303)
w(55,2,7,303)
r(55,2,3,305)
w(54,2,3,305)
r(55,2,3,305)
w(55,3,3,305)
w(55,4,0,309)
w(54,3,0,309)
w(55,5,0,309)
w(56,1,0,309)
w(55,6,0,309)
r(55,6,9,312)
w(55,8,9,312)
r(55,8,9,312)
r(55,8,9,312)
r(56,1,9,312)
r(55,6,1,316)
w(49,6,1,316)
r(49,6,1,316)
w(54,4,1,316)
r(56,1,1,316)
r(54,4,1,316)
r(54,4,1,316)
w(54,5,1,316)
w(57,5,9,321)
w(57,6,9,321)
r(57,6,9,321)
r(54,5,9,321)
r(57,6,9,321)
w(54,7,9,321)
w(57,7,9,321)
w(59,3,0,327)
r(58,0,0,327)
w(58,2,0,327)
w(59,4,0,327)
r(22,7,0,327)
w(56,3,0,327)
w(59,5,0,327)
r(59,5,0,327)
w(58,5,4,331)
r(58,5,4,331)
r(58,5,4,331)
w(56,5,4,331)
w(56,7,0,337)
r(58,5,0,337)
r(58,5,0,337)
w(59,8,0,337)
w(58,8,0,337)
r(59,8,0,337)
w(61,4,1,340)
r(56,7,1,340)
r(61,4,1,340)
w(62,1,1,340)
r(62,1,1,340)
r(64,0,0,345)
r(64,0,0,345)
r(64,0,0,345)
r(64,0,0,345)
w(64,2,7,348)
r(64,2,7,348)
r(63,0,7,348)
w(64,3,7,348)
w(62,3,7,348)
r(62,3,7,348)
w(62,4,7,348)
r(64,3,2,352)
r(64,3,2,352)
r(64,3,2,352)
w(64,6,2,352)
r(64,6,2,352)
r(64,6,4,355)
r(62,4,4,355)
r(63,0,4,355)
w(63,3,4,355)
w(63,4,4,355)
r(62,4,4,355)
r(64,6,6,359)
r(63,4,6,359)
w(62,6,6,359)
w(62,7,6,359)
w(62,8,6,359)
w(60,2,6,359)
r(65,0,7,360)
w(22,8,7,360)
r(62,4,7,360)
r(63,4,7,360)
r(63,4,4,361)
r(65,0,4,361)
w(65,1,4,361)
r(65,1,4,361)
w(63,5,4,361)
r(65,1,4,361)
r(65,1,1,364)
w(65,2,1,364)
w(65,3,1,364)
r(65,3,1,364)
r(65,3,4,368)
w(65,8,4,368)
r(66,0,4,368)
w(66,1,4,368)
w(66,5,2,373)
w(63,6,2,373)
r(67,0,2,373)
r(66,5,2,373)
r(66,5,2,373)
r(60,2,4,376)
r(66,1,4,376)
r(60,2,4,376)
r(63,5,4,376)
w(67,3,4,376)
w(67,4,4,376)
w(63,8,5,378)
r(66,5,5,378)
w(66,8,5,378)
w(68,1,5,378)
r(68,1,5,378)
r(63,8,5,378)
w(68,2,5,378)
r(68,0,2,379)
r(68,0,2,379)
r(68,0,2,379)
w(67,5,2,379)
r(68,0,2,379)
r(67,5,2,379)
w(68,3,0,387)
w(67,6,0,387)
w(68,4,0,387)
w(68,5,0,387)
w(67,7,0,387)
r(68,5,0,387)
r(63,8,0,387)
w(69,2,7,389)
r(67,5,7,389)
r(67,5,7,389)
w(70,1,7,389)
r(60,2,7,389)
r(71,0,7,389)
r(69,0,3,390)
r(71,0,3,390)
r(71,0,3,390)
r(70,0,3,390)
r(69,0,3,390)
w(71,1,3,390)
r(69,2,4,391)
r(71,0,4,391)
r(71,0,4,391)
r(71,0,4,391)
r(70,1,4,391)
r(70,1,7,397)
w(71,2,7,397)
w(70,2,7,397)
w(69,3,7,397)
r(69,3,7,397)
r(22,8,9,403)
r(69,3,9,403)
w(69,5,9,403)
r(71,2,9,403)
r(70,2,9,403)
r(71,2,9,403)
w(71,7,9,403)
r(70,2,9,403)
r(72,0,3,406)
r(60,2,3,406)
w(72,2,3,406)
w(70,7,3,406)
w(72,3,3,406)
r(72,3,1,407)
w(72,4,1,407)
r(69,5,1,407)
r(22,8,1,407)
r(72,4,1,407)
r(72,4,5,413)
r(72,4,5,413)
r(72,4,5,413)
r(72,4,5,413)
w(72,5,9,414)
r(70,7,9,414)
r(69,5,9,414)
r(72,5,9,414)
w(70,8,9,414)
r(72,5,1,418)
r(60,2,1,418)
r(60,2,1,418)
r(72,5,1,418)
r(73,0,1,418)
r(73,0,1,418)
w(72,8,1,418)
r(69,5,1,418)
r(73,0,5,421)
w(69,6,5,421)
w(73,3,5,421)
r(74,0,5,421)
w(74,1,5,421)
r(74,1,8,423)
w(69,7,8,423)
r(69,7,8,423)
r(73,3,8,423)
r(74,1,8,423)
w(73,6,8,423)
r(69,7,2,427)
r(73,6,2,427)
r(69,7,2,427)
w(73,7,2,427)
r(74,1,2,427)
r(74,1,2,427)
r(74,1,2,427)
w(74,2,2,427)
r(74,2,1,430)
r(60,2,1,430)
r(69,7,1,430)
r(73,7,1,430)
r(74,2,1,430)
r(69,7,7,431)
r(73,7,7,431)
r(69,7,7,431)
r(74,2,7,431)
r(73,7,7,433)
w(74,4,7,433)
r(74,4,7,433)
w(60,5,7,433)
w(74,8,8,439)
w(76,1,8,439)
r(74,8,8,439)
r(74,8,8,439)
r(77,0,8,439)
w(77,1,9,440)
w(77,2,9,440)
w(77,3,9,440)
w(77,4,9,440)
r(73,7,9,440)
r(76,1,6,446)
w(77,6,6,446)
r(77,6,6,446)
w(77,7,6,446)
w(60,7,9,449)
w(76,3,9,449)
w(79,3,9,449)
w(79,4,9,449)
w(60,8,9,449)
w(78,2,2,453)
r(81,0,2,453)
r(78,2,2,453)
w(81,2,2,453)
r(76,3,2,453)
w(81,3,2,453)
r(81,3,2,453)
w(81,8,7,459)
r(82,0,7,459)
w(82,1,7,459)
r(82,1,7,459)
r(82,1,7,459)
w(82,3,7,462)
w(80,2,7,462)
w(82,4,7,462)
w(82,5,7,462)
r(82,5,7,462)
r(82,5,7,462)
w(82,6,7,462)
w(82,8,1,465)
r(78,2,1,465)
r(76,3,1,465)
r(80,2,1,465)
r(78,2,1,465)
r(78,2,1,465)
w(78,4,1,465)
r(78,4,9,467)
w(78,5,9,467)
w(78,6,9,467)
w(80,3,9,467)
r(80,3,1,470)
r(76,3,1,470)
r(78,6,1,470)
w(75,3,1,470)
r(76,3,1,470)
r(83,0,1,470)
w(78,7,0,472)
w(78,8,0,472)
r(83,0,0,472)
r(83,0,0,472)
w(83,1,0,472)
w(83,2,0,472)
r(83,2,0,472)
r(83,2,0,472)
w(80,4,5,475)
r(83,2,5,475)
w(83,7,5,475)
r(78,8,5,475)
r(75,3,5,475)
r(78,8,5,475)
r(78,8,5,475)
r(76,3,5,475)
w(75,4,6,478)
r(83,7,6,478)
r(83,7,6,478)
w(76,7,6,478)
r(80,4,6,478)
w(80,5,6,478)
r(85,0,9,483)
w(80,7,9,483)
r(85,0,9,483)
r(76,7,9,483)
r(85,0,9,483)
r(84,0,9,483)
r(84,0,9,483)
w(84,8,3,492)
r(84,8,3,492)
r(85,0,3,492)
r(85,0,3,492)
w(85,2,6,494)
w(86,1,6,494)
r(84,0,6,494)
w(86,2,6,494)
w(85,3,6,494)
w(75,5,6,494)
r(84,8,9,495)
r(80,7,9,495)
r(86,0,9,495)
r(87,0,9,495)
r(87,0,9,495)
w(87,1,9,495)
r(84,8,9,495)
w(87,2,4,498)
w(87,3,4,498)
w(87,4,4,498)
r(87,4,4,498)
w(86,3,4,498)
r(87,4,4,498)
r(88,0,1,501)
w(88,1,1,501)
r(75,5,1,501)
r(87,4,1,501)
r(87,4,5,502)
r(87,4,5,502)
r(87,4,5,502)
w(87,8,5,502)
r(89,0,3,510)
r(86,3,3,510)
w(89,2,3,510)
w(86,4,3,510)
r(89,2,3,510)
r(89,2,3,510)
r(88,1,3,510)
w(88,6,8,511)
r(80,7,8,511)
r(88,6,8,511)
r(89,0,8,511)
r(88,6,9,514)
w(89,5,9,514)
w(88,7,9,514)
r(80,7,9,514)
r(89,5,6,520)
w(89,8,6,520)
r(86,4,6,520)
w(90,1,6,520)
w(90,2,6,520)
r(90,2,6,520)
w(86,5,6,520)
w(91,1,0,526)
w(90,5,0,526)
r(90,5,0,526)
r(90,5,0,526)
r(86,5,0,526)
r(91,1,0,526)
w(90,6,0,526)
w(92,1,9,535)
r(93,0,9,535)
r(92,1,9,535)
w(92,2,9,535)
r(86,5,9,535)
w(92,3,9,535)
w(86,8,9,535)
w(95,1,5,539)
w(95,2,5,539)
r(95,2,5,539)
r(95,2,5,539)
w(95,3,5,539)
w(95,4,5,539)
w(95,5,5,539)
r(94,0,5,539)
w(96,1,1,545)
r(91,1,1,545)
w(91,7,1,545)
r(96,1,1,545)
r(96,1,1,545)
r(94,0,1,545)
w(96,2,1,545)
r(96,2,1,545)
w(94,3,8,547)
w(94,4,8,547)
w(97,2,8,547)
r(96,2,8,547)
r(98,0,5,549)
r(98,0,5,549)
r(94,4,5,549)
r(98,0,5,549)
r(94,4,5,552)
w(93,2,5,552)
r(98,0,5,552)
w(98,1,5,552)
r(97,2,1,554)
w(93,3,1,554)
r(98,1,1,554)
r(94,4,1,554)
w(98,2,1,554)
w(97,3,1,554)
r(97,3,1,554)
r(98,2,1,558)
w(97,5,1,558)
r(98,2,1,558)
w(97,6,1,558)
r(98,2,1,558)
r(94,4,1,558)
r(98,2,1,558)
w(97,7,1,558)
r(99,0,2,561)
r(93,3,2,561)
w(98,5,2,561)
r(99,0,2,561)
r(98,5,2,561)
r(98,5,2,561)
r(98,5,2,561)
w(98,6,1,568)
w(98,7,1,568)
r(98,7,1,568)
w(98,8,1,568)
w(75,7,5,569)
r(98,5,5,569)
r(99,0,5,569)
w(99,1,5,569)
w(94,7,5,569)
r(94,7,5,569)
r(99,0,3,570)
r(93,3,3,570)
w(101,1,3,570)
w(101,2,3,570)
r(100,0,8,572)
r(99,0,8,572)
r(98,5,8,572)
r(101,0,8,572)
w(100,1,8,572)
r(75,5,8,572)
w(100,2,8,572)
r(100,2,8,572)
w(101,3,6,575)
r(101,3,6,575)
r(99,1,6,575)
r(101,3,6,575)
w(101,4,6,575)
r(101,4,6,575)
w(101,5,6,575)
w(93,5,5,580)
r(102,0,5,580)
r(99,1,5,580)
w(102,1,5,580)
r(99,1,5,580)
r(99,1,5,580)
w(100,3,5,586)
r(99,1,5,586)
r(75,7,5,586)
w(100,4,5,586)
w(102,6,5,586)
w(102,7,5,586)
r(102,1,8,589)
r(99,1,8,589)
r(93,5,8,589)
r(102,1,8,589)
r(99,1,6,591)
r(103,0,6,591)
r(103,0,6,591)
r(99,1,6,591)
r(103,0,6,591)
r(100,4,6,591)
w(103,1,6,591)
w(103,6,9,596)
w(103,7,9,596)
w(93,6,9,596)
w(100,8,9,596)
r(103,7,9,596)
r(99,1,9,601)
r(105,0,9,601)
r(105,0,9,601)
w(106,1,9,601)
r(104,0,1,604)
w(93,7,1,604)
r(93,7,1,604)
w(104,1,1,604)
r(105,0,1,604)
r(93,7,1,604)
w(105,6,2,609)
r(104,1,2,609)
r(106,1,2,609)
w(106,3,2,609)
w(104,2,2,609)
w(106,4,2,609)
r(105,6,2,609)
w(105,7,2,609)
r(104,2,1,612)
r(108,0,1,612)
r(106,4,1,612)
w(109,3,1,612)
w(109,4,1,612)
r(106,4,1,612)
r(109,4,1,612)
r(106,4,0,613)
w(106,5,0,613)
r(109,4,0,613)
w(109,5,0,613)
w(109,6,0,613)
w(109,7,6,619)
r(109,7,6,619)
r(106,5,6,619)
w(104,3,6,619)
r(106,5,6,619)
w(104,4,6,619)
w(110,3,5,621)
r(108,0,5,621)
w(106,7,5,621)
r(110,3,5,621)
w(110,5,4,627)
r(106,7,4,627)
w(110,6,4,627)
w(110,7,4,627)
r(106,7,4,627)
r(110,7,4,627)
w(110,8,4,627)
r(111,0,4,627)
w(112,1,5,630)
w(112,2,5,630)
r(111,0,5,630)
r(111,0,5,630)
r(112,2,5,630)
r(111,0,5,630)
w(111,1,5,630)
r(113,0,4,634)
w(111,4,4,634)
r(113,0,4,634)
w(113,1,4,634)
w(111,5,4,634)
w(104,5,4,634)
r(107,0,0,641)
r(111,5,0,641)
w(113,5,0,641)
w(113,6,0,641)
r(113,6,0,641)
w(111,8,0,641)
r(107,0,2,644)
w(114,2,2,644)
r(104,5,2,644)
r(111,8,2,644)
r(114,2,2,644)
w(114,3,2,644)
w(114,4,2,644)
r(114,4,8,648)
w(108,3,8,648)
r(114,4,8,648)
r(115,0,8,648)
r(114,4,8,648)
r(114,4,7,652)
r(114,4,7,652)
r(114,4,7,652)
w(114,8,7,652)
r(115,0,7,652)
r(116,0,7,652)
w(116,1,7,652)
w(117,3,2,659)
r(117,3,2,659)
w(117,4,2,659)
r(117,4,2,659)
w(104,8,2,659)
w(115,2,6,660)
r(117,0,6,660)
r(117,0,6,660)
w(115,3,6,660)
w(115,4,6,660)
r(117,0,6,660)
r(117,0,6,660)
r(117,4,9,666)
r(104,8,9,666)
r(115,4,9,666)
w(117,7,9,666)
w(118,2,8,671)
w(115,8,8,671)
r(119,0,8,671)
r(120,0,8,671)
r(107,0,5,675)
w(119,6,5,675)
w(119,7,5,675)
w(119,8,5,675)
w(120,3,9,678)
w(108,5,9,678)
w(118,5,9,678)
r(120,3,9,678)
r(121,0,9,678)
r(120,3,9,678)
r(107,0,2,681)
w(121,1,2,681)
r(120,0,2,681)
r(121,1,2,681)
w(121,2,2,681)
w(121,3,2,681)
r(121,3,2,681)
w(121,6,5,684)
w(121,7,5,684)
r(121,7,5,684)
r(121,7,5,684)
w(120,5,5,684)
r(120,5,3,688)
r(122,0,3,688)
w(108,6,3,688)
r(118,5,3,688)
r(120,5,3,688)
r(122,0,6,689)
r(122,0,6,689)
w(122,1,6,689)
r(120,5,6,689)
r(120,5,6,689)
r(122,1,6,689)
r(118,5,6,689)
w(118,6,5,692)
w(122,2,5,692)
r(107,0,5,692)
w(120,7,5,692)
r(122,2,5,692)
r(122,2,5,692)
r(120,7,8,696)
r(122,2,8,696)
w(122,4,8,696)
w(120,8,8,696)
r(120,8,8,696)
r(120,8,6,699)
r(118,6,6,699)
w(122,5,6,699)
w(122,6,6,699)
r(120,8,6,699)
r(120,8,4,702)
w(118,7,4,702)
w(123,1,4,702)
r(123,1,4,702)
r(123,1,4,702)
w(123,2,4,702)
r(123,2,4,705)
r(123,2,4,705)
r(123,2,4,705)
w(123,4,4,705)
w(123,5,4,705)
r(124,0,5,710)
r(126,0,5,710)
r(125,0,5,710)
r(125,0,5,710)
r(108,6,4,711)
w(123,6,4,711)
r(123,6,4,711)
w(123,7,4,711)
r(120,8,4,711)
w(124,2,3,715)
r(124,2,3,715)
r(125,0,3,715)
w(124,3,3,715)
r(126,0,3,715)
r(126,0,3,715)
r(125,0,3,715)
r(124,0,4,716)
w(108,7,4,716)
r(124,0,4,716)
w(126,2,4,716)
w(126,3,4,716)
w(126,4,4,716)
r(126,4,0,719)
r(125,0,0,719)
r(126,4,0,719)
r(126,4,0,719)
r(126,4,0,719)
w(124,4,0,719)
w(125,4,6,727)
r(127,0,6,727)
r(127,0,6,727)
w(127,5,6,727)
r(124,4,6,727)
r(127,5,6,727)
w(125,5,6,727)
r(127,5,6,727)
r(124,4,0,728)
w(107,4,0,728)
r(124,4,0,728)
r(127,0,0,728)
w(124,5,2,735)
w(124,6,2,735)
r(128,0,2,735)
r(128,0,2,735)
r(129,0,9,745)
r(125,5,9,745)
r(125,5,9,745)
r(129,0,9,745)
r(130,0,9,745)
r(128,0,2,748)
r(124,6,2,748)
w(129,1,2,748)
w(129,2,2,748)
r(129,2,2,748)
r(130,0,4,750)
w(125,8,4,750)
w(124,8,4,750)
r(130,0,4,750)
r(130,0,4,750)
w(130,1,1,752)
r(130,1,1,752)
r(130,1,1,752)
w(132,1,1,752)
r(130,1,1,752)
w(131,1,1,752)
r(130,1,2,755)
r(131,1,2,755)
r(130,1,2,755)
r(130,1,2,755)
r(131,1,2,762)
r(130,1,2,762)
r(131,1,2,762)
r(130,1,2,762)
w(132,3,2,762)
w(132,4,2,762)
w(131,2,2,762)
w(131,5,4,765)
r(133,0,4,765)
r(131,5,4,765)
r(130,1,4,765)
w(132,8,4,768)
w(131,6,4,768)
w(107,5,4,768)
r(132,8,4,768)
w(130,7,4,768)
r(130,7,4,768)
w(107,7,3,773)
r(135,0,3,773)
r(134,0,3,773)
w(135,1,3,773)
r(135,1,3,773)
r(133,0,3,773)
r(135,1,3,773)
w(135,5,1,775)
r(134,0,1,775)
w(135,6,1,775)
w(135,7,1,775)
r(133,0,1,775)
r(135,7,1,775)
r(136,0,7,787)
r(134,0,7,787)
w(136,1,7,787)
w(135,8,7,787)
r(135,8,7,787)
r(135,8,7,787)
w(136,2,7,787)
w(137,1,7,787)
r(138,0,5,791)
r(136,2,5,791)
r(136,2,5,791)
r(138,0,5,791)
r(134,0,8,794)
r(138,0,8,794)
w(139,1,8,794)
r(134,0,8,794)
w(139,2,8,794)
w(138,4,5,797)
r(138,4,5,797)
r(138,4,5,797)
w(138,5,5,797)
r(140,0,7,799)
r(139,2,7,799)
r(134,0,7,799)
w(133,2,7,799)
r(140,0,7,799)
r(134,0,7,799)
r(140,0,7,799)
w(140,1,5,803)
r(139,2,5,803)
w(139,4,5,803)
w(139,5,5,803)
w(140,2,5,803)
r(142,0,8,818)
r(142,0,8,818)
r(142,0,8,818)
r(134,0,8,818)
r(107,7,8,818)
r(142,0,8,818)
r(143,0,8,820)
r(133,2,8,820)
r(143,0,8,820)
r(143,0,8,820)
r(143,0,8,824)
r(144,0,8,824)
w(143,4,8,824)
r(133,2,8,824)
w(143,5,8,824)
r(143,5,9,834)
w(143,8,9,834)
r(142,0,9,834)
r(144,0,9,834)
r(143,8,9,834)
w(144,1,9,834)
r(133,2,9,834)
r(140,2,2,838)
r(140,2,2,838)
r(141,0,2,838)
w(141,1,2,838)
r(141,1,2,838)
r(147,0,3,842)
r(146,0,3,842)
w(147,1,3,842)
w(146,4,3,842)
w(146,5,3,842)
w(147,2,3,842)
r(147,2,5,849)
w(148,2,5,849)
r(147,2,5,849)
r(144,1,5,849)
r(148,2,5,849)
r(148,2,5,849)
r(147,2,9,852)
r(148,2,9,852)
r(147,2,9,852)
r(148,2,9,852)
w(144,2,9,852)
r(147,2,9,852)
w(148,3,8,855)
r(147,2,8,855)
w(148,4,8,855)
w(144,3,8,855)
r(145,0,8,859)
w(133,8,8,859)
w(148,7,8,859)
r(148,7,8,859)
w(148,8,8,859)
r(147,2,1,861)
r(150,0,1,861)
r(147,2,1,861)
r(150,0,1,861)
r(150,0,1,861)
w(147,8,2,862)
w(150,1,2,862)
r(147,8,2,862)
w(150,2,2,862)
w(149,1,2,862)
r(151,0,0,873)
w(151,1,0,873)
w(151,2,0,873)
r(149,1,0,873)
r(144,3,0,873)
w(151,3,0,873)
w(144,6,2,877)
w(152,1,2,877)
r(151,0,2,877)
w(144,7,2,877)
w(152,2,2,877)
r(145,0,7,883)
r(151,3,7,883)
w(151,8,7,883)
r(153,0,7,883)
r(154,0,7,883)
r(154,0,7,883)
r(154,0,7,883)
w(154,2,9,886)
w(153,1,9,886)
r(154,2,9,886)
r(154,2,9,886)
w(154,5,8,893)
w(155,2,8,893)
r(154,5,8,893)
r(153,1,8,893)
w(154,6,8,893)
w(154,7,8,893)
r(155,2,8,893)
w(154,8,8,893)
w(153,2,16,898)
r(155,0,16,898)
w(156,1,16,898)
w(156,2,16,898)
w(153,5,4,904)
w(155,8,4,904)
r(157,0,4,904)
r(157,0,4,904)
r(158,0,0,905)
w(158,1,0,905)
w(158,2,0,905)
r(158,2,0,905)
r(157,0,9,910)
w(153,6,9,910)
r(157,0,9,910)
r(157,0,9,910)
r(158,2,9,910)
w(153,7,9,910)
r(158,2,9,910)
r(158,2,3,912)
w(158,3,3,912)
w(159,1,3,912)
w(157,1,3,912)
r(157,1,3,912)
w(158,5,3,919)
w(145,2,3,919)
w(149,6,3,919)
r(157,1,3,919)
r(157,1,3,919)
w(158,6,3,919)
r(157,1,3,919)
w(157,8,5,924)
r(157,8,5,924)
r(158,6,5,924)
r(161,0,5,924)
r(161,0,2,932)
r(163,0,2,932)
r(163,0,2,932)
r(161,0,2,932)
r(161,0,2,932)
w(162,1,1,934)
w(160,2,1,934)
r(160,2,1,934)
r(161,0,1,934)
r(161,0,1,934)
w(161,4,1,934)
w(161,5,1,934)
w(161,6,1,934)
r(161,6,8,939)
w(161,8,8,939)
r(163,0,8,939)
r(164,0,8,939)
r(164,0,8,939)
r(164,0,8,939)
w(164,1,8,939)
w(164,2,8,939)
r(159,1,5,943)
r(164,2,5,943)
r(164,2,5,943)
r(164,2,5,943)
r(159,1,5,943)
r(164,2,4,946)
r(163,0,4,946)
r(165,0,4,946)
r(145,2,4,946)
r(162,1,4,946)
w(162,2,4,946)
w(165,1,4,946)
w(145,5,4,946)
r(159,1,4,961)
w(163,5,4,961)
r(163,5,4,961)
r(145,5,4,961)
w(165,4,4,961)
w(162,3,4,961)
w(165,5,4,961)
w(166,1,16,964)
r(165,1,16,964)
r(165,1,16,964)
r(166,1,16,964)
r(165,1,16,964)
r(167,0,2,965)
w(167,3,2,965)
r(167,3,2,965)
r(168,0,2,965)
r(167,3,2,969)
r(167,3,2,969)
r(167,3,2,969)
w(167,4,2,969)
r(167,4,2,969)
w(168,1,2,969)
r(168,1,2,969)
w(167,5,2,969)
r(169,0,9,972)
r(169,0,9,972)
w(168,2,9,972)
r(168,2,9,972)
w(168,3,9,972)
r(168,3,9,972)
r(166,1,1,979)
w(162,4,1,979)
w(166,2,1,979)
w(168,6,1,979)
r(162,4,1,979)
w(166,3,1,979)
r(169,0,1,979)
r(145,5,7,983)
w(168,8,7,983)
r(168,8,7,983)
r(169,0,7,983)
r(162,4,7,983)
r(168,8,7,983)
r(169,0,7,983)
w(169,5,7,983)
w(169,6,2,985)
r(169,6,2,985)
r(162,4,2,985)
r(169,6,2,985)
w(169,7,2,985)
w(169,8,2,985)
r(169,8,2,985)
r(169,8,2,985)
w(166,5,4,989)
r(168,8,4,989)
r(169,8,4,989)
w(170,1,4,989)
r(169,8,4,989)
r(169,8,4,989)
w(171,1,4,989)
w(171,2,4,989)
w(171,7,8,992)
r(171,7,8,992)
r(171,7,8,992)
w(170,4,8,992)
r(166,5,8,992)
w(171,8,8,992)
w(172,1,5,996)
r(170,4,5,996)
r(170,4,5,996)
r(166,5,5,996)
w(172,2,5,996)
w(170,5,5,996)
r(172,2,5,996)
r(170,5,5,996)
w(162,7,9,1004)
r(170,5,9,1004)
r(166,5,9,1004)
r(172,2,9,1004)
w(172,5,9,1004)
w(170,7,9,1004)
w(172,6,9,1004)
w(166,6,9,1004)
r(173,0,5,1008)
w(174,2,5,1008)
w(174,3,5,1008)
r(173,0,5,1008)
w(173,6,5,1008)
w(173,7,5,1008)
w(173,8,5,1008)
w(145,8,7,1009)
r(176,0,7,1009)
r(175,0,7,1009)
r(175,0,7,1009)
r(176,0,0,1012)
r(176,0,0,1012)
r(174,3,0,1012)
w(176,1,0,1012)
r(176,1,0,1012)
r(174,3,0,1012)
w(176,2,8,1013)
r(176,2,8,1013)
r(174,3,8,1013)
r(174,3,8,1013)
w(176,3,0,1020)
w(175,1,0,1020)
w(175,2,0,1020)
w(174,4,0,1020)
r(175,2,3,1024)
r(178,0,3,1024)
w(177,1,3,1024)
r(174,4,3,1024)
r(177,1,1,1027)
w(175,4,1,1027)
r(178,0,1,1027)
r(178,0,1,1027)
r(174,4,1,1027)
r(174,4,0,1029)
r(174,4,0,1029)
r(174,4,0,1029)
r(145,8,0,1029)
r(174,4,0,1029)
w(178,4,9,1031)
r(177,1,9,1031)
r(178,4,9,1031)
r(178,4,9,1031)
r(174,4,9,1031)
r(178,4,3,1034)
r(174,4,3,1034)
r(177,1,3,1034)
r(177,1,3,1034)
w(174,8,5,1036)
w(178,5,5,1036)
w(175,5,5,1036)
w(178,6,5,1036)
r(178,6,5,1036)
r(178,6,5,1036)
w(180,1,3,1043)
w(180,2,3,1043)
r(180,2,3,1043)
r(181,0,3,1043)
r(177,1,3,1043)
w(181,4,5,1045)
r(181,4,5,1045)
w(180,8,5,1045)
r(181,4,5,1045)
r(177,1,5,1045)
w(179,1,9,1048)
w(181,5,9,1048)
w(181,6,9,1048)
r(182,0,9,1048)
w(179,3,1,1052)
w(181,7,1,1052)
r(181,7,1,1052)
r(182,0,1,1052)
w(182,1,1,1052)
w(177,4,0,1055)
w(177,5,0,1055)
w(181,8,0,1055)
r(181,8,0,1055)
r(181,8,4,1058)
w(182,4,4,1058)
w(177,6,4,1058)
r(181,8,4,1058)
r(181,8,4,1058)
r(182,4,4,1058)
r(184,0,0,1075)
w(185,2,0,1075)
r(177,6,0,1075)
r(184,0,0,1075)
w(187,1,0,1075)
r(187,1,0,1075)
w(184,8,5,1079)
r(177,6,5,1079)
r(177,6,5,1079)
r(187,1,5,1079)
r(188,0,5,1079)
r(187,1,5,1079)
w(187,2,5,1079)
w(185,3,7,1082)
w(177,8,7,1082)
r(187,1,7,1082)
w(185,4,7,1082)
r(187,1,7,1082)
r(188,0,2,1083)
r(187,2,2,1083)
r(188,0,2,1083)
r(187,2,2,1083)
r(188,0,9,1087)
w(187,3,9,1087)
w(187,4,9,1087)
w(188,1,9,1087)
w(187,5,9,1087)
w(188,2,9,1087)
w(188,3,9,1087)
r(187,5,9,1087)
r(187,5,1,1090)
r(188,3,1,1090)
r(187,5,1,1090)
w(187,8,1,1090)
r(187,8,1,1090)
w(188,5,1,1090)
r(189,0,0,1095)
r(190,0,0,1095)
r(179,3,0,1095)
w(190,3,0,1095)
r(185,4,0,1095)
w(185,5,5,1098)
r(190,3,5,1098)
r(190,3,5,1098)
r(189,0,5,1098)
r(191,0,5,1098)
r(190,3,5,1098)
w(190,4,2,1101)
r(191,0,2,1101)
w(191,1,2,1101)
r(190,4,2,1101)
w(190,5,2,1101)
r(190,5,2,1101)
r(190,5,7,1105)
w(191,4,7,1105)
w(190,7,7,1105)
r(190,7,7,1105)
w(190,8,7,1105)
r(191,1,8,1106)
r(185,5,8,1106)
w(192,1,8,1106)
r(191,1,8,1106)
r(192,1,7,1109)
w(192,5,7,1109)
w(192,6,7,1109)
r(192,6,7,1109)
r(191,4,7,1109)
r(192,6,7,1109)
r(191,4,8,1112)
w(193,1,8,1112)
r(193,1,8,1112)
r(191,4,8,1112)
r(193,1,8,1112)
w(192,7,4,1114)
w(192,8,4,1114)
r(189,0,4,1114)
r(193,0,4,1114)
r(179,3,4,1114)
r(193,1,8,1116)
w(185,7,8,1116)
r(193,1,8,1116)
w(191,6,8,1116)
w(193,2,16,1118)
w(189,3,16,1118)
w(179,4,16,1118)
r(193,2,16,1118)
w(189,4,16,1118)
r(185,5,16,1118)
r(193,2,16,1118)
r(191,6,0,1121)
r(179,4,0,1121)
w(189,5,0,1121)
r(191,6,0,1121)
r(191,6,2,1126)
w(193,6,2,1126)
r(191,6,2,1126)
r(191,6,2,1126)
w(193,7,2,1126)
r(189,5,2,1126)
r(185,7,2,1126)
r(193,7,2,1126)
w(194,2,3,1132)
r(194,2,3,1132)
r(194,2,3,1132)
w(194,3,3,1132)
w(194,4,3,1132)
r(191,6,3,1132)
r(191,6,8,1133)
r(195,0,8,1133)
r(179,4,8,1133)
r(185,7,8,1133)
w(195,3,4,1139)
w(195,4,4,1139)
w(189,8,4,1139)
w(195,5,4,1139)
r(194,4,4,1139)
w(179,5,4,1139)
r(197,0,9,1142)
r(197,0,9,1142)
r(198,0,9,1142)
w(197,1,9,1142)
w(194,8,3,1143)
w(196,1,3,1143)
r(194,8,3,1143)
r(194,8,3,1143)
r(194,8,3,1143)
w(195,8,3,1143)
r(195,8,3,1143)
r(197,0,3,1143)
r(179,5,0,1146)
w(196,3,0,1146)
r(198,0,0,1146)
r(198,0,0,1146)
r(197,1,0,1146)
r(189,8,0,1146)
r(197,1,2,1152)
r(198,0,2,1152)
r(198,0,2,1152)
w(198,8,2,1152)
w(199,1,4,1158)
r(189,8,4,1158)
r(199,1,4,1158)
r(199,1,4,1158)
w(200,1,4,1158)
r(200,1,4,1158)
w(200,2,4,1158)
w(199,2,4,1158)
r(202,0,9,1163)
w(201,2,9,1163)
r(202,0,9,1163)
r(202,0,9,1163)
r(200,2,0,1164)
r(200,2,0,1164)
w(199,3,0,1164)
w(200,5,0,1164)
w(200,6,0,1164)
w(199,4,0,1164)
w(200,7,0,1164)
r(179,5,3,1168)
r(199,4,3,1168)
w(199,6,3,1168)
r(202,0,3,1168)
r(199,6,3,1168)
r(202,0,3,1168)
w(199,8,7,1171)
r(202,0,7,1171)
r(202,0,7,1171)
r(199,8,7,1171)
r(202,0,0,1173)
r(199,8,0,1173)
w(201,4,0,1173)
r(196,3,0,1173)
r(203,0,1,1177)
r(202,0,1,1177)
w(203,2,1,1177)
r(202,0,1,1177)
r(203,2,7,1183)
r(179,5,7,1183)
w(201,6,7,1183)
r(203,2,7,1183)
r(204,0,4,1184)
r(203,2,4,1184)
w(203,3,4,1184)
w(204,3,4,1184)
r(204,3,4,1184)
r(203,3,3,1193)
w(204,5,3,1193)
r(179,5,3,1193)
w(204,6,3,1193)
r(179,5,3,1193)
r(203,3,3,1193)
w(204,7,3,1193)
w(203,5,1,1195)
w(196,6,1,1195)
r(204,3,1,1195)
r(201,6,1,1195)
w(196,7,1,1195)
r(206,0,5,1203)
r(206,0,5,1203)
r(205,0,5,1203)
w(207,1,5,1203)
w(206,1,5,1203)
w(205,2,1,1204)
r(205,2,1,1204)
w(203,8,1,1204)
w(201,8,1,1204)
r(206,0,1,1204)
w(205,3,1,1204)
w(208,3,0,1216)
w(208,4,0,1216)
r(206,1,0,1216)
w(206,4,0,1216)
w(206,5,0,1216)
w(179,7,0,1216)
r(210,0,1,1221)
w(210,3,1,1221)
w(211,2,1,1221)
r(209,0,1,1221)
r(209,0,1,1221)
w(209,5,8,1222)
r(210,0,8,1222)
r(210,0,8,1222)
r(210,0,8,1222)
r(207,1,8,1222)
w(211,6,0,1226)
w(211,7,0,1226)
r(211,7,0,1226)
r(211,7,0,1226)
w(211,8,0,1226)
r(210,3,0,1226)
r(210,3,0,1226)
w(207,7,0,1226)
w(210,8,3,1230)
r(209,5,3,1230)
w(209,6,3,1230)
w(213,1,3,1230)
r(214,0,3,1230)
w(214,1,3,1230)
r(214,1,3,1230)
r(214,1,3,1230)
r(213,1,16,1239)
w(209,7,16,1239)
r(213,1,16,1239)
w(214,2,16,1239)
r(207,7,16,1239)
w(213,4,16,1239)
w(207,8,16,1239)
r(212,0,2,1242)
r(215,0,2,1242)
r(215,0,2,1242)
r(218,0,2,1242)
w(212,2,7,1244)
r(214,1,7,1244)
r(214,1,7,1244)
r(214,1,7,1244)
r(209,6,7,1244)
w(215,2,7,1244)
w(215,3,7,1244)
w(218,2,1,1246)
r(218,2,1,1246)
w(217,1,1,1246)
r(215,0,1,1246)
r(212,0,1,1246)
r(218,2,1,1246)
w(218,3,1,1246)
w(218,4,1,1246)
r(217,0,9,1248)
r(217,0,9,1248)
w(215,4,9,1248)
w(215,5,9,1248)
r(215,5,9,1248)
w(218,7,0,1254)
w(218,8,0,1254)
w(215,8,0,1254)
w(216,1,0,1254)
r(216,1,4,1255)
r(216,1,4,1255)
w(217,3,4,1255)
r(216,1,4,1255)
r(212,2,4,1255)
w(219,1,3,1259)
r(212,2,3,1259)
w(220,1,3,1259)
r(216,1,3,1259)
w(216,2,3,1259)
r(216,2,3,1259)
w(219,5,0,1266)
w(219,6,0,1266)
w(220,2,0,1266)
r(219,6,0,1266)
r(217,3,0,1266)
w(221,1,8,1267)
r(221,1,8,1267)
r(220,1,8,1267)
w(216,3,8,1267)
r(220,1,8,1267)
r(221,1,1,1273)
w(221,4,1,1273)
w(221,5,1,1273)
w(216,8,1,1273)
w(221,6,1,1273)
r(220,2,1,1273)
r(220,2,2,1277)
w(217,4,2,1277)
w(222,2,2,1277)
w(220,3,2,1277)
r(220,3,2,1282)
r(220,3,2,1282)
r(222,2,2,1282)
r(222,2,2,1282)
w(222,6,2,1282)
w(222,7,2,1282)
r(222,7,2,1282)
r(222,7,2,1282)
r(224,0,9,1286)
r(212,2,9,1286)
r(217,4,9,1286)
r(224,0,9,1286)
r(224,0,9,1286)
r(224,0,4,1294)
w(224,4,4,1294)
r(223,0,4,1294)
w(224,5,4,1294)
w(224,6,4,1294)
w(223,2,4,1294)
r(220,3,4,1294)
w(224,7,4,1294)
r(225,0,0,1297)
w(225,7,0,1297)
w(225,8,0,1297)
r(226,0,0,1297)
w(223,6,4,1300)
r(226,0,4,1300)
w(226,2,4,1300)
w(227,1,4,1300)
r(227,1,5,1309)
w(227,6,5,1309)
r(223,6,5,1309)
w(227,7,5,1309)
r(226,2,5,1309)
w(217,6,5,1309)
w(226,5,5,1309)
w(226,6,5,1309)
r(226,6,2,1311)
r(228,0,2,1311)
r(217,6,2,1311)
r(228,0,2,1311)
r(230,0,16,1314)
r(228,0,16,1314)
r(228,0,16,1314)
w(228,2,16,1314)
w(230,1,16,1314)
w(229,1,16,1314)
w(230,2,16,1314)
r(231,0,1,1319)
w(229,3,1,1319)
w(228,7,1,1319)
w(228,8,1,1319)
r(232,0,1,1319)
r(232,0,1,1319)
w(229,4,1,1319)
w(232,4,5,1323)
r(232,4,5,1323)
r(229,4,5,1323)
r(232,4,5,1323)
w(231,1,5,1323)
r(229,4,4,1324)
r(232,0,4,1324)
r(232,0,4,1324)
r(232,0,4,1324)
r(229,4,4,1324)
r(232,4,16,1328)
w(232,8,16,1328)
r(232,8,16,1328)
r(232,8,16,1328)
w(230,5,7,1329)
r(232,4,7,1329)
r(232,4,7,1329)
r(232,4,7,1329)
r(212,2,1,1332)
r(231,1,1,1332)
w(231,2,1,1332)
w(233,1,1,1332)
r(233,1,1,1332)
w(233,2,8,1335)
r(212,2,8,1335)
r(233,2,8,1335)
r(233,2,8,1335)
w(233,3,8,1335)
r(233,3,8,1335)
w(231,4,9,1347)
r(235,0,9,1347)
w(234,3,9,1347)
r(234,3,9,1347)
w(236,2,9,1347)
r(236,2,9,1347)
w(234,4,9,1347)
w(237,3,1,1348)
r(237,3,1,1348)
w(237,4,1,1348)
r(237,4,1,1348)
r(237,4,0,1351)
r(234,4,0,1351)
r(237,4,0,1351)
w(237,5,0,1351)
w(237,6,4,1356)
w(237,7,4,1356)
r(237,7,4,1356)
w(237,8,4,1356)
w(231,5,4,1356)
w(238,1,2,1362)
r(234,4,2,1362)
r(234,4,2,1362)
w(238,2,2,1362)
r(236,2,2,1362)
w(238,3,2,1362)
r(238,3,2,1362)
w(239,4,1,1363)
r(239,4,1,1363)
r(234,4,1,1363)
r(239,4,1,1363)
r(239,4,1,1363)
w(239,5,3,1369)
r(239,5,3,1369)
r(236,2,3,1369)
w(239,6,3,1369)
w(236,5,5,1370)
w(236,6,5,1370)
r(212,2,5,1370)
w(234,8,5,1370)
r(240,0,9,1371)
r(240,0,9,1371)
r(234,4,9,1371)
w(240,1,9,1371)
w(240,2,9,1371)
w(240,3,7,1375)
w(240,4,7,1375)
r(240,4,7,1375)
r(234,8,7,1375)
r(234,8,7,1375)
r(234,8,7,1375)
w(241,1,5,1379)
r(240,4,5,1379)
w(240,7,5,1379)
w(240,8,5,1379)
r(242,0,5,1379)
r(242,0,5,1379)
r(243,0,8,1380)
r(212,2,8,1380)
r(242,0,8,1380)
r(242,0,8,1380)
r(241,0,8,1380)
w(242,4,5,1385)
r(243,0,5,1385)
r(242,4,5,1385)
w(243,2,5,1385)
r(243,2,5,1385)
w(242,5,5,1385)
r(242,5,5,1385)
r(241,1,8,1388)
r(241,1,8,1388)
r(242,5,8,1388)
w(242,8,8,1388)
r(241,1,8,1388)
w(244,1,3,1393)
r(231,5,3,1393)
r(231,5,3,1393)
w(243,4,3,1393)
r(244,1,3,1393)
r(244,1,3,1393)
w(244,2,3,1393)
w(244,3,3,1393)
r(244,0,7,1396)
r(244,0,7,1396)
r(244,0,7,1396)
r(231,5,7,1396)
r(241,1,7,1396)
r(244,0,7,1396)
r(241,1,7,1396)
r(244,0,7,1396)
r(241,1,4,1397)
r(243,4,4,1397)
r(241,1,4,1397)
w(244,6,4,1397)
w(244,7,4,1397)
r(245,0,4,1397)
r(243,4,5,1412)
r(247,0,5,1412)
r(241,1,5,1412)
w(241,5,5,1412)
r(244,7,4,1415)
w(244,8,4,1415)
r(247,0,4,1415)
w(243,5,4,1415)
w(247,1,4,1415)
w(247,2,4,1415)
r(247,2,4,1415)
r(250,0,5,1419)
w(248,7,5,1419)
r(248,7,5,1419)
w(248,8,5,1419)
r(250,0,5,1419)
w(250,2,5,1419)
r(249,0,5,1419)
w(251,1,0,1424)
w(249,4,0,1424)
r(251,1,0,1424)
w(251,2,0,1424)
w(251,3,0,1424)
w(251,4,0,1424)
w(249,8,4,1430)
w(252,1,4,1430)
r(249,8,4,1430)
r(252,1,4,1430)
r(253,0,4,1430)
w(252,2,4,1430)
r(252,2,4,1430)
w(250,4,0,1435)
r(253,0,0,1435)
r(253,0,0,1435)
w(245,1,0,1435)
r(250,4,9,1442)
r(252,2,9,1442)
r(250,4,9,1442)
w(252,8,9,1442)
r(252,8,9,1442)
r(254,0,9,1442)
w(254,1,9,1442)
w(245,2,0,1444)
r(250,4,0,1444)
w(253,4,0,1444)
w(253,5,0,1444)
r(253,5,0,1444)
r(248,8,1,1447)
r(243,4,1,1447)
r(249,8,1,1447)
w(248,1,1,1447)
r(249,8,1,1447)
r(248,1,1,1447)
r(249,8,1,1447)
w(248,2,1,1447)
r(254,1,16,1450)
r(253,5,16,1450)
r(246,0,16,1450)
r(254,1,16,1450)
r(250,4,16,1450)
r(254,1,16,1450)
r(245,2,5,1452)
w(246,4,5,1452)
r(254,1,5,1452)
r(254,1,5,1452)
w(245,3,5,1452)
w(253,6,5,1452)
w(254,5,5,1452)
w(245,4,5,1452)
r(250,4,1,1457)
w(254,7,1,1457)
r(253,6,1,1457)
r(253,6,1,1457)
r(254,7,1,1457)
r(254,7,1,1457)
r(250,4,3,1459)
r(256,0,3,1459)
r(256,0,3,1459)
w(255,1,3,1459)
w(255,2,8,1467)
w(255,3,8,1467)
w(256,1,8,1467)
w(257,1,8,1467)
w(255,4,8,1467)
r(256,1,8,1467)
r(256,1,7,1470)
w(257,2,7,1470)
w(256,2,7,1470)
r(257,2,7,1470)
r(258,0,1,1475)
r(256,2,1,1475)
r(258,0,1,1475)
w(245,6,1,1475)
w(256,5,1,1475)
w(256,6,1,1475)
r(256,6,16,1481)
r(256,6,16,1481)
r(256,6,16,1481)
w(256,7,16,1481)
w(256,8,16,1481)
r(258,0,16,1481)
w(259,5,2,1487)
r(257,2,2,1487)
r(258,0,2,1487)
r(258,0,2,1487)
r(258,0,2,1487)
r(258,0,2,1487)
r(258,0,2,1487)
r(258,0,5,1490)
w(257,5,5,1490)
r(258,0,5,1490)
w(245,7,5,1490)
r(259,0,5,1490)
w(257,6,5,1490)
w(245,8,5,1490)
r(258,0,5,1490)
r(260,0,1,1492)
w(260,1,1,1492)
r(257,2,1,1492)
r(260,1,1,1492)
r(259,5,1,1492)
r(260,1,1,1492)
w(260,2,1,1492)
r(246,4,8,1496)
r(260,2,8,1496)
r(260,2,8,1496)
w(260,5,8,1496)
w(260,6,8,1496)
r(262,0,8,1496)
r(260,6,8,1496)
r(263,0,5,1506)
w(264,2,5,1506)
w(263,1,5,1506)
w(262,1,5,1506)
w(263,2,5,1506)
r(264,2,5,1506)
r(265,0,1,1511)
w(265,1,1,1511)
r(265,1,1,1511)
r(263,0,1,1511)
w(265,2,1,1511)
r(263,2,16,1513)
w(262,3,16,1513)
r(263,2,16,1513)
r(265,0,16,1513)
r(265,2,2,1516)
r(265,2,2,1516)
w(265,8,2,1516)
r(263,2,2,1516)
r(263,2,2,1516)
r(266,0,2,1516)
r(266,0,2,1516)
w(266,1,2,1516)
r(266,0,8,1518)
w(263,7,8,1518)
w(262,4,8,1518)
w(263,8,8,1518)
r(266,1,16,1520)
r(266,1,16,1520)
w(246,7,16,1520)
r(267,0,16,1520)
w(266,2,16,1520)
r(261,0,16,1520)
w(262,5,2,1523)
w(266,3,2,1523)
r(267,0,2,1523)
w(266,4,2,1523)
r(266,4,2,1523)
w(266,5,2,1523)
w(266,8,4,1526)
r(266,8,4,1526)
r(267,0,4,1526)
w(261,3,4,1526)
r(268,0,4,1526)
r(268,0,4,1526)
r(268,0,5,1529)
r(268,0,5,1529)
r(268,0,5,1529)
w(261,4,5,1529)
r(268,0,5,1529)
r(268,0,2,1531)
r(262,5,2,1531)
r(267,0,2,1531)
r(267,0,2,1531)
r(261,3,2,1531)
r(268,0,2,1531)
r(267,0,16,1532)
r(267,0,16,1532)
r(261,3,16,1532)
r(267,0,16,1532)
w(267,5,16,1532)
r(268,0,16,1532)
r(268,0,16,1532)
w(268,1,16,1532)
w(268,6,9,1536)
w(268,7,9,1536)
w(261,5,9,1536)
w(268,8,9,1536)
w(267,6,9,1536)
r(262,5,2,1543)
r(269,0,2,1543)
w(269,2,2,1543)
r(269,2,2,1543)
w(269,3,2,1543)
r(262,5,2,1543)
r(269,3,2,1543)
r(271,0,16,1555)
w(261,8,16,1555)
w(270,8,16,1555)
r(271,0,16,1555)
r(271,0,2,1556)
r(271,0,2,1556)
w(271,4,2,1556)
r(271,4,2,1556)
r(271,4,1,1563)
r(271,4,1,1563)
r(272,0,1,1563)
r(271,4,1,1563)
r(271,4,1,1563)
w(275,1,1,1563)
r(271,4,16,1566)
w(271,5,16,1566)
r(273,0,16,1566)
r(272,0,16,1566)
w(271,6,16,1566)
w(273,3,16,1566)
w(273,4,16,1566)
w(271,7,16,1566)
w(275,3,3,1570)
r(273,4,3,1570)
r(274,0,3,1570)
w(272,2,3,1570)
r(272,2,3,1570)
r(272,2,9,1578)
w(274,2,9,1578)
w(272,3,9,1578)
w(274,3,9,1578)
w(275,7,9,1578)
w(277,5,1,1585)
r(278,0,1,1585)
r(278,0,1,1585)
r(278,0,1,1585)
r(277,0,5,1588)
w(278,2,5,1588)
r(272,3,5,1588)
r(278,2,5,1588)
r(272,3,0,1592)
r(279,0,0,1592)
r(279,0,0,1592)
r(279,0,0,1592)
r(279,0,0,1592)
r(278,2,9,1595)
w(278,6,9,1595)
w(278,7,9,1595)
w(272,8,9,1595)
r(278,7,9,1595)
r(277,5,9,1595)
r(278,7,9,1595)
w(278,8,9,1595)
r(279,0,0,1596)
r(279,0,0,1596)
r(279,0,0,1596)
r(274,3,0,1596)
w(276,3,2,1598)
r(277,5,2,1598)
w(277,8,2,1598)
w(279,1,2,1598)
r(279,1,2,1598)
r(279,1,2,1601)
w(274,6,2,1601)
r(279,1,2,1601)
r(279,1,2,1601)
r(281,0,1,1606)
w(279,4,1,1606)
w(279,5,1,1606)
w(279,6,1,1606)
r(279,6,1,1606)
r(280,0,9,1611)
w(274,7,9,1611)
r(282,0,9,1611)
r(282,0,9,1611)
w(282,1,9,1611)
w(274,8,9,1611)
w(281,1,9,1611)
w(282,2,9,1611)
r(281,1,9,1614)
w(282,5,9,1614)
r(282,5,9,1614)
r(280,0,9,1614)
w(281,5,9,1614)
r(281,5,4,1616)
r(282,5,4,1616)
r(282,5,4,1616)
r(282,5,4,1616)
r(282,5,4,1616)
r(282,5,1,1618)
w(281,6,1,1618)
w(281,7,1,1618)
r(276,3,1,1618)
w(281,8,1,1618)
r(282,5,1,1618)
r(284,0,16,1620)
r(283,0,16,1620)
r(284,0,16,1620)
r(285,0,16,1620)
w(285,1,16,1620)
r(276,3,1,1622)
r(285,1,1,1622)
r(280,0,1,1622)
r(285,1,1,1622)
r(284,0,1,1622)
w(284,1,0,1623)
r(283,0,0,1623)
r(284,1,0,1623)
w(282,6,0,1623)
w(282,7,0,1623)
r(280,0,0,1623)
w(282,8,0,1623)
w(284,2,0,1623)
w(285,2,9,1628)
w(284,3,9,1628)
w(285,3,9,1628)
r(276,3,9,1628)
r(276,3,16,1630)
r(285,3,16,1630)
r(280,0,16,1630)
r(280,0,16,1630)
w(285,4,16,1630)
r(285,4,16,1630)
w(280,2,16,1630)
r(284,3,16,1630)
w(283,1,9,1632)
r(280,2,9,1632)
r(284,3,9,1632)
r(280,2,9,1632)
r(286,0,9,1632)
w(285,5,2,1635)
w(285,6,2,1635)
w(284,6,2,1635)
r(285,6,2,1635)
w(284,7,2,1635)
w(285,7,2,1635)
w(285,8,2,1635)
w(284,8,2,1635)
w(286,1,16,1640)
r(286,1,16,1640)
w(286,2,16,1640)
r(284,3,16,1640)
r(287,0,16,1640)
w(283,2,16,1640)
r(287,0,16,1640)
r(286,2,16,1640)
r(288,0,2,1644)
r(288,0,2,1644)
r(287,0,2,1644)
r(288,0,2,1644)
r(288,0,2,1644)
r(280,2,2,1644)
w(288,3,8,1649)
w(276,4,8,1649)
r(287,0,8,1649)
w(287,5,8,1649)
r(280,2,16,1651)
r(288,3,16,1651)
w(288,4,16,1651)
r(288,4,16,1651)
w(288,5,16,1651)
r(288,5,16,1651)
w(288,6,8,1654)
r(283,2,8,1654)
r(288,6,8,1654)
r(280,2,8,1654)
w(288,7,8,1654)
r(280,2,8,1654)
r(288,7,8,1654)
w(291,1,2,1664)
r(289,0,2,1664)
w(283,4,2,1664)
r(291,1,2,1664)
r(289,0,2,1664)
r(280,2,2,1664)
w(290,5,3,1667)
r(289,0,3,1667)
w(290,6,3,1667)
w(289,4,3,1667)
w(290,7,3,1667)
r(290,7,3,1667)
w(276,6,3,1667)
w(291,2,1,1672)
r(291,2,1,1672)
r(291,2,1,1672)
w(291,3,1,1672)
w(293,2,0,1678)
r(283,4,0,1678)
r(289,4,0,1678)
w(293,3,0,1678)
r(293,3,0,1678)
r(293,3,0,1684)
w(293,6,0,1684)
r(293,6,0,1684)
w(294,5,0,1684)
r(293,6,0,1684)
r(283,4,0,1684)
w(294,6,0,1684)
r(292,0,0,1684)
w(295,4,16,1689)
r(295,4,16,1689)
w(295,5,16,1689)
r(294,6,16,1689)
r(294,6,16,1689)
r(294,6,1,1692)
r(295,5,1,1692)
w(295,6,1,1692)
w(295,7,1,1692)
w(283,7,5,1694)
r(295,5,5,1694)
r(294,6,5,1694)
r(295,5,5,1694)
w(295,8,1,1695)
r(295,8,1,1695)
r(295,8,1,1695)
r(294,6,1,1695)
r(292,0,1,1695)
r(295,8,1,1695)
r(295,8,1,1695)
r(295,8,1,1697)
r(295,8,1,1697)
r(295,8,1,1697)
r(295,8,1,1697)
r(295,8,1,1697)
r(292,0,1,1697)
r(296,0,1,1697)
w(296,3,9,1706)
r(297,0,9,1706)
r(296,3,9,1706)
r(296,3,9,1706)
r(297,0,9,1706)
w(297,3,9,1706)
r(296,3,4,1717)
w(298,2,4,1717)
r(283,7,4,1717)
w(292,8,4,1717)
w(298,3,4,1717)
w(298,4,4,1717)
w(298,5,4,1717)
w(302,1,3,1720)
w(300,1,3,1720)
w(299,2,3,1720)
r(301,0,3,1720)
w(299,8,0,1724)
r(301,0,0,1724)
r(300,1,0,1724)
w(301,4,0,1724)
r(301,4,0,1724)
r(304,0,0,1724)
w(304,1,0,1724)
r(301,4,0,1724)
w(301,5,2,1729)
r(301,5,2,1729)
r(304,1,2,1729)
w(301,6,2,1729)
w(301,7,2,1729)
w(305,3,4,1732)
r(304,1,4,1732)
r(305,3,4,1732)
w(304,3,4,1732)
r(300,1,4,1732)
w(305,4,9,1737)
r(300,1,9,1737)
w(305,5,9,1737)
w(302,5,9,1737)
r(305,5,9,1737)
r(305,5,9,1737)
r(302,5,9,1737)
w(302,6,9,1737)
r(306,0,4,1740)
r(304,3,4,1740)
r(302,6,4,1740)
r(306,0,4,1740)
r(306,0,4,1740)
w(306,2,4,1740)
w(306,3,4,1740)
w(304,7,2,1744)
w(306,4,2,1744)
w(306,5,2,1744)
r(306,5,2,1744)
r(302,6,2,1744)
w(302,8,2,1744)
w(300,7,1,1748)
r(306,5,1,1748)
r(300,7,1,1748)
r(304,7,1,1748)
w(306,8,1,1748)
r(300,1,0,1750)
r(306,5,0,1750)
r(304,7,0,1750)
r(309,0,0,1750)
w(307,1,0,1750)
w(308,1,5,1752)
r(309,0,5,1752)
r(308,1,5,1752)
w(300,8,5,1752)
w(309,1,5,1752)
r(309,1,5,1752)
r(309,1,0,1758)
w(307,2,0,1758)
w(308,2,0,1758)
w(309,3,0,1758)
w(308,3,0,1758)
w(309,4,0,1758)
r(309,4,0,1758)
r(308,3,0,1758)
r(310,0,0,1764)
r(307,2,0,1764)
w(310,1,0,1764)
r(307,2,0,1764)
r(310,1,0,1764)
w(310,2,0,1764)
r(303,0,0,1764)
r(308,3,2,1768)
r(308,3,2,1768)
r(310,2,2,1768)
w(307,3,2,1768)
r(310,2,2,1768)
w(310,5,2,1768)
r(310,5,2,1768)
r(310,2,4,1769)
w(308,5,4,1769)
r(308,5,4,1769)
r(307,2,4,1769)
r(310,5,1,1772)
w(310,6,1,1772)
r(308,5,1,1772)
r(308,5,1,1772)
r(310,6,1,1772)
w(303,1,5,1779)
r(312,0,5,1779)
r(312,0,5,1779)
w(312,1,5,1779)
w(312,2,5,1779)
w(312,3,5,1779)
w(308,7,5,1779)
w(308,8,5,1779)
r(312,3,5,1782)
w(313,1,5,1782)
w(313,2,5,1782)
r(308,8,5,1782)
w(313,3,5,1782)
r(308,8,5,1782)
r(313,0,1,1785)
r(313,0,1,1785)
r(313,0,1,1785)
w(314,1,1,1785)
w(314,2,1,1785)
r(314,2,1,1785)
w(315,1,9,1796)
r(315,1,9,1796)
w(315,2,9,1796)
w(315,3,9,1796)
r(315,3,9,1796)
w(314,5,9,1796)
r(317,0,7,1797)
r(317,0,7,1797)
w(316,1,7,1797)
r(317,0,7,1797)
r(317,0,7,1797)
w(317,1,7,1797)
w(316,2,3,1800)
r(316,2,3,1800)
w(307,5,3,1800)
r(317,1,3,1800)
r(307,5,8,1804)
r(316,2,8,1804)
r(317,1,8,1804)
r(317,1,8,1804)
r(311,0,8,1804)
r(311,0,8,1804)
w(317,5,8,1804)
w(307,6,8,1804)
w(316,4,0,1808)
r(311,0,0,1808)
r(317,5,0,1808)
r(311,0,0,1808)
r(317,5,0,1808)
w(311,6,5,1811)
w(316,5,5,1811)
w(318,1,5,1811)
w(316,6,5,1811)
w(318,2,5,1811)
r(316,6,5,1811)
r(318,2,5,1811)
w(318,3,5,1811)
w(318,5,4,1816)
r(311,6,4,1816)
w(318,6,4,1816)
r(318,6,4,1816)
w(316,7,4,1816)
r(318,6,4,1816)
w(318,7,4,1816)
r(311,6,7,1817)
r(319,0,7,1817)
w(307,7,7,1817)
r(316,6,7,1817)
r(319,0,7,1817)
r(319,0,7,1817)
r(319,0,3,1819)
r(319,0,3,1819)
r(311,6,3,1819)
r(303,1,3,1819)
w(320,1,5,1823)
w(320,2,5,1823)
r(311,6,5,1823)
w(319,1,5,1823)
r(311,6,5,1823)
r(320,2,5,1823)
r(320,2,5,1823)
w(319,2,5,1823)
r(320,2,5,1827)
r(319,2,5,1827)
w(320,5,5,1827)
r(319,2,5,1827)
r(319,2,5,1827)
r(311,6,5,1827)
r(311,6,5,1827)
w(307,8,4,1829)
r(320,5,4,1829)
r(311,6,4,1829)
r(311,6,4,1829)
w(319,5,0,1832)
w(319,6,0,1832)
w(319,7,0,1832)
r(319,7,0,1832)
w(319,8,0,1832)
r(303,1,0,1832)
w(322,1,5,1834)
r(324,0,5,1834)
r(322,1,5,1834)
r(321,0,5,1834)
r(321,0,5,1834)
w(321,1,5,1834)
w(324,1,5,1834)
w(324,4,5,1838)
w(324,5,5,1838)
w(324,6,5,1838)
r(321,1,5,1838)
r(321,1,5,1838)
w(321,4,5,1838)
r(324,6,16,1845)
w(322,3,16,1845)
w(325,1,16,1845)
r(325,1,16,1845)
w(325,2,16,1845)
w(321,6,16,1845)
w(325,3,16,1845)
r(322,3,16,1845)
w(325,6,4,1848)
r(325,6,4,1848)
r(326,0,4,1848)
r(322,3,4,1848)
r(325,6,4,1848)
r(325,6,4,1848)
w(325,7,4,1848)
w(326,2,0,1852)
w(322,5,0,1852)
w(326,3,0,1852)
w(303,2,0,1852)
w(327,3,7,1853)
r(323,0,7,1853)
w(327,4,7,1853)
r(327,4,7,1853)
r(327,4,7,1853)
r(322,3,7,1853)
r(327,4,3,1855)
w(327,5,3,1855)
r(327,5,3,1855)
r(322,5,3,1855)
w(327,6,3,1855)
r(327,6,3,1855)
r(326,3,16,1857)
r(327,6,16,1857)
r(322,5,16,1857)
r(327,6,16,1857)
w(327,8,2,1861)
r(322,5,2,1861)
r(322,5,2,1861)
r(327,8,2,1861)
r(327,8,2,1861)
w(328,1,5,1863)
r(303,2,5,1863)
w(328,2,5,1863)
r(322,5,5,1863)
r(322,5,5,1868)
w(328,4,5,1868)
r(322,5,5,1868)
r(328,4,5,1868)
r(322,5,5,1868)
r(322,5,5,1868)
r(328,4,5,1868)
r(328,4,5,1868)
r(322,5,2,1872)
w(323,5,2,1872)
r(328,4,2,1872)
r(322,5,2,1872)
r(329,0,8,1877)
r(323,5,8,1877)
r(331,0,8,1877)
r(331,0,8,1877)
w(329,1,3,1879)
w(329,2,3,1879)
w(329,3,3,1879)
w(329,4,3,1879)
w(329,5,3,1879)
w(329,6,3,1879)
r(331,0,0,1885)
w(326,6,0,1885)
w(331,1,0,1885)
w(331,2,0,1885)
w(331,3,0,1885)
w(326,7,0,1885)
w(323,6,0,1885)
w(332,2,8,1890)
r(323,5,8,1890)
w(332,3,8,1890)
r(330,0,8,1890)
w(332,4,8,1890)
w(332,5,8,1890)
r(332,5,8,1890)
w(334,4,2,1900)
r(330,0,2,1900)
w(334,5,2,1900)
w(334,6,2,1900)
r(334,6,2,1900)
w(330,4,2,1900)
r(330,4,16,1903)
r(334,6,16,1903)
r(323,6,16,1903)
r(330,4,16,1903)
r(323,6,16,1903)
r(333,0,16,1903)
r(335,0,16,1903)
w(335,1,16,1903)
r(330,4,7,1906)
r(335,1,7,1906)
r(335,1,7,1906)
w(335,2,7,1906)
r(335,2,3,1909)
w(333,1,3,1909)
r(303,2,3,1909)
r(335,2,3,1909)
r(336,0,3,1912)
r(330,4,3,1912)
r(336,0,3,1912)
w(336,1,3,1912)
r(330,4,3,1912)
w(335,6,1,1914)
w(335,7,1,1914)
w(335,8,1,1914)
w(323,7,1,1914)
r(330,4,1,1914)
r(336,0,1,1914)
r(336,0,1,1914)
w(330,8,8,1916)
w(336,2,8,1916)
w(336,3,8,1916)
r(336,3,8,1916)
r(330,8,8,1916)
r(333,1,8,1916)
r(323,6,8,1916)
r(333,1,3,1917)
r(337,0,3,1917)
w(323,8,3,1917)
r(337,0,3,1917)
r(333,1,3,1917)
r(336,1,3,1917)
w(337,1,4,1920)
r(336,3,4,1920)
w(336,4,4,1920)
r(336,4,4,1920)
r(323,8,4,1920)
w(336,5,4,1920)
r(333,1,4,1920)
w(336,6,4,1920)
w(339,1,2,1924)
r(337,1,2,1924)
r(338,0,2,1924)
r(333,1,2,1924)
r(339,1,2,1924)
r(337,1,2,1924)
r(333,1,2,1928)
w(338,1,2,1928)
r(333,1,2,1928)
w(338,2,2,1928)
w(338,3,2,1928)
r(338,0,1,1930)
r(338,0,1,1930)
w(339,2,1,1930)
w(333,2,1,1930)
r(337,1,1,1930)
w(337,3,1,1930)
r(338,0,1,1930)
r(338,3,4,1933)
w(339,3,4,1933)
r(339,3,4,1933)
w(338,4,4,1933)
r(337,3,1,1939)
r(337,3,1,1939)
w(337,5,1,1939)
w(338,7,1,1939)
r(338,7,1,1939)
w(337,6,1,1939)
r(340,0,9,1942)
w(337,8,9,1942)
r(337,8,9,1942)
w(339,4,9,1942)
w(333,5,2,1948)
w(340,3,2,1948)
w(340,4,2,1948)
w(341,1,2,1948)
r(303,2,2,1948)
r(340,4,2,1948)
w(341,7,2,1960)
w(342,5,2,1960)
w(341,8,2,1960)
r(343,0,2,1960)
r(343,0,2,1960)
w(342,6,2,1960)
r(342,6,2,1960)
r(333,5,9,1964)
w(342,8,9,1964)
r(343,0,9,1964)
r(342,8,9,1964)
w(343,4,9,1964)
r(343,4,9,1964)
w(343,5,9,1964)
w(344,1,3,1967)
r(343,0,3,1967)
r(344,1,3,1967)
w(333,7,3,1967)
r(343,0,3,1967)
r(303,2,3,1967)
w(344,2,3,1967)
w(343,6,9,1971)
r(344,2,9,1971)
r(346,0,9,1971)
r(343,6,9,1971)
r(346,0,9,1971)
r(346,0,9,1971)
