r(3,0,0,16)
w(4,3,0,16)
w(3,1,0,16)
w(3,2,0,16)
r(2,0,0,16)
r(1,0,0,16)
w(5,3,4,18)
w(5,4,4,18)
r(5,4,4,18)
r(0,0,4,18)
w(5,5,4,18)
w(1,2,1,22)
r(6,0,1,22)
r(2,0,1,22)
r(2,0,1,22)
w(6,1,1,22)
w(6,3,6,26)
r(6,3,6,26)
r(3,2,6,26)
r(2,0,6,26)
w(6,4,6,26)
w(6,5,6,26)
r(6,5,4,30)
r(0,0,4,30)
r(0,0,4,30)
r(8,0,4,30)
w(7,4,4,30)
w(8,1,4,30)
w(2,7,9,37)
r(2,7,9,37)
w(0,2,9,37)
w(0,3,9,37)
w(8,2,9,37)
w(8,3,9,37)
r(0,3,9,42)
w(10,1,9,42)
r(9,0,9,42)
w(10,2,9,42)
r(10,2,9,42)
w(10,3,0,45)
r(9,0,0,45)
r(10,3,0,45)
r(10,3,0,45)
r(2,7,2,51)
r(11,0,2,51)
r(9,0,2,51)
r(11,0,2,51)
r(2,7,2,51)
r(11,0,2,51)
r(11,0,2,51)
r(11,0,2,51)
r(10,3,9,53)
r(9,0,9,53)
w(9,3,9,53)
r(1,2,9,53)
w(9,4,9,53)
w(9,5,9,53)
r(9,5,9,53)
r(10,3,9,53)
w(11,6,1,59)
w(11,7,1,59)
w(2,8,1,59)
r(9,5,1,59)
r(11,7,1,59)
w(13,4,8,65)
r(11,7,8,65)
r(13,4,8,65)
r(14,0,8,65)
r(13,4,6,68)
r(14,0,6,68)
w(1,8,6,68)
w(0,6,6,68)
w(14,1,5,73)
w(13,7,5,73)
r(14,1,5,73)
w(14,2,5,73)
r(13,7,5,73)
r(12,0,5,73)
w(13,8,5,73)
r(12,0,5,73)
r(12,0,1,76)
w(14,7,1,76)
r(14,7,1,76)
r(12,0,1,76)
w(16,1,1,76)
r(12,0,8,81)
w(12,3,8,81)
r(17,0,8,81)
r(17,0,8,81)
w(17,1,8,81)
r(15,0,8,81)
w(18,8,9,99)
w(0,8,9,99)
r(19,0,9,99)
w(20,1,9,99)
w(19,2,9,99)
w(12,7,3,102)
r(20,1,3,102)
w(20,4,3,102)
w(20,5,3,102)
r(20,5,3,102)
w(20,6,3,102)
r(20,6,3,102)
w(20,8,9,107)
r(20,8,9,107)
r(12,7,9,107)
r(22,0,9,107)
w(22,1,9,107)
w(23,1,9,107)
r(22,1,2,110)
w(22,4,2,110)
r(22,4,2,110)
w(22,5,2,110)
w(22,6,2,110)
r(22,6,2,110)
w(19,5,2,110)
w(19,7,1,115)
w(24,1,1,115)
r(24,1,1,115)
r(23,1,1,115)
r(16,1,8,118)
r(24,1,8,118)
w(19,8,8,118)
r(24,1,8,118)
w(23,2,2,122)
w(16,6,2,122)
r(24,1,2,122)
r(19,8,2,122)
w(24,6,2,122)
w(25,1,2,122)
w(23,3,2,122)
r(25,1,2,122)
r(23,3,7,128)
r(23,3,7,128)
w(26,1,7,128)
r(26,1,7,128)
r(26,1,7,128)
r(23,3,1,131)
r(26,1,1,131)
r(25,1,1,131)
w(26,6,1,131)
r(26,6,8,134)
r(26,6,8,134)
r(26,6,8,134)
r(26,6,8,134)
r(26,6,7,137)
w(23,5,7,137)
r(26,6,7,137)
r(25,1,7,137)
w(26,7,7,137)
r(26,7,7,137)
w(25,5,7,137)
r(27,0,3,140)
w(25,7,3,140)
w(27,1,3,140)
w(27,2,3,140)
r(27,0,2,142)
w(23,6,2,142)
r(27,0,2,142)
r(27,0,2,142)
r(27,0,2,142)
w(16,8,5,144)
r(23,6,5,144)
r(27,2,5,144)
r(25,7,5,144)
w(25,8,3,146)
r(16,6,3,146)
r(27,2,3,146)
w(27,3,3,146)
w(27,5,5,152)
r(27,5,5,152)
w(29,1,5,152)
w(27,6,5,152)
r(27,6,5,152)
r(23,6,5,152)
w(30,2,8,156)
r(29,1,8,156)
r(29,1,8,156)
r(30,2,8,156)
w(30,8,4,164)
r(30,8,4,164)
r(30,8,4,164)
r(30,8,4,164)
w(29,8,4,164)
w(31,3,8,166)
r(31,3,8,166)
r(32,0,8,166)
r(32,0,8,166)
w(21,3,8,166)
r(32,0,8,166)
r(31,0,3,168)
w(32,1,3,168)
r(29,8,3,168)
r(32,1,3,168)
w(32,2,3,168)
r(32,2,9,170)
r(32,2,9,170)
r(32,2,9,170)
w(32,3,9,170)
r(32,3,0,173)
w(21,4,0,173)
w(32,4,0,173)
w(32,5,0,173)
r(32,5,0,173)
w(32,7,3,178)
w(33,1,3,178)
w(21,5,3,178)
w(33,2,3,178)
w(32,8,3,178)
r(33,2,3,178)
r(31,3,3,178)
r(34,0,9,179)
r(31,3,9,179)
r(31,3,9,179)
w(34,1,9,179)
r(33,0,9,179)
w(21,6,0,183)
r(34,1,0,183)
w(28,3,0,183)
w(34,2,0,183)
w(31,4,0,183)
r(34,2,3,188)
r(31,4,3,188)
r(31,4,3,188)
r(34,2,3,188)
w(34,5,3,188)
w(31,5,3,188)
r(35,0,4,192)
r(35,0,4,192)
r(33,2,4,192)
r(35,0,4,192)
w(33,7,8,196)
w(31,8,8,196)
w(35,3,8,196)
r(33,7,8,196)
w(33,8,8,196)
w(35,4,8,196)
r(28,3,7,199)
r(37,0,7,199)
w(37,1,7,199)
w(37,2,7,199)
r(37,2,7,199)
r(33,8,7,199)
r(37,2,7,199)
r(21,6,1,201)
r(36,0,1,201)
r(33,8,1,201)
r(36,0,1,201)
r(33,8,1,201)
w(38,1,1,209)
w(39,1,1,209)
r(38,1,1,209)
r(39,1,1,209)
r(39,1,1,209)
w(37,3,9,211)
w(37,4,9,211)
r(37,4,9,211)
r(36,0,9,211)
r(28,3,9,211)
w(37,5,9,211)
r(38,0,9,211)
r(37,5,9,211)
w(39,5,7,216)
w(38,2,7,216)
r(36,0,7,216)
w(39,6,7,216)
w(38,3,7,216)
w(38,4,7,216)
w(40,1,4,220)
r(36,0,4,220)
w(38,8,4,220)
r(28,3,4,220)
w(36,4,4,220)
r(36,4,4,220)
r(40,1,4,220)
w(40,3,5,224)
r(41,0,5,224)
w(36,5,5,224)
w(28,8,5,224)
r(40,3,5,224)
w(40,6,7,230)
r(42,0,7,230)
r(40,6,7,230)
w(42,1,7,230)
r(36,5,7,230)
r(41,0,7,230)
r(40,6,7,230)
r(42,1,7,230)
r(40,3,8,232)
r(40,3,8,232)
r(40,3,8,232)
r(40,3,8,232)
w(41,3,8,232)
r(43,0,8,232)
w(43,1,8,232)
r(36,5,6,237)
r(43,1,6,237)
r(36,5,6,237)
r(41,3,6,237)
w(43,3,6,237)
w(43,4,6,237)
r(41,3,6,237)
r(43,4,6,237)
w(21,8,1,240)
r(43,1,1,240)
w(42,2,1,240)
r(43,1,1,240)
w(41,7,1,240)
r(43,4,8,241)
r(43,4,8,241)
r(43,4,8,241)
w(43,6,8,241)
w(43,7,1,245)
w(43,8,1,245)
w(41,8,1,245)
r(43,8,1,245)
w(45,1,5,247)
r(43,6,5,247)
r(21,8,5,247)
w(46,1,5,247)
w(46,2,5,247)
w(46,7,5,257)
w(45,7,5,257)
r(46,7,5,257)
r(46,7,5,257)
r(46,7,5,257)
w(44,3,5,257)
r(46,7,9,259)
r(46,7,9,259)
r(44,3,9,259)
r(42,2,9,259)
r(46,7,0,265)
w(45,8,0,265)
r(46,7,0,265)
w(48,1,0,265)
w(44,5,0,265)
w(49,3,1,270)
r(49,3,1,270)
w(48,5,1,270)
w(44,7,1,270)
w(49,4,1,270)
w(49,7,3,273)
r(49,7,3,273)
w(49,8,3,273)
r(48,5,3,273)
r(48,5,3,273)
r(49,8,3,273)
r(49,8,3,273)
r(48,5,1,275)
r(50,0,1,275)
r(49,8,1,275)
r(49,8,1,275)
r(48,5,1,275)
w(48,8,4,277)
r(51,0,4,277)
r(48,8,4,277)
r(42,2,4,277)
r(51,0,7,282)
r(48,8,7,282)
w(51,1,7,282)
r(51,1,7,282)
w(51,2,7,282)
w(52,1,7,282)
w(47,2,7,282)
r(51,2,7,282)
w(51,6,9,289)
w(51,7,9,289)
r(51,7,9,289)
w(42,5,9,289)
w(53,3,4,301)
r(52,1,4,301)
r(53,3,4,301)
r(52,1,4,301)
w(53,4,4,301)
w(53,5,4,301)
w(50,2,4,301)
r(47,2,4,301)
r(52,1,3,302)
w(54,1,3,302)
r(50,0,3,302)
w(52,6,3,302)
r(55,0,5,307)
w(54,5,5,307)
r(54,5,5,307)
w(54,6,5,307)
r(54,1,3,309)
w(56,1,3,309)
r(54,1,3,309)
r(54,1,3,309)
r(50,2,3,309)
r(54,6,3,312)
w(54,8,3,312)
r(55,0,3,312)
r(54,8,3,312)
r(55,0,3,312)
r(54,8,3,312)
r(54,8,3,312)
w(55,4,3,312)
r(54,8,7,316)
w(56,2,7,316)
r(54,8,7,316)
r(47,2,7,316)
w(50,7,7,316)
r(54,8,7,316)
r(56,2,7,316)
w(55,6,7,316)
r(54,8,2,320)
r(57,0,2,320)
w(57,1,2,320)
r(54,8,2,320)
r(47,2,2,320)
w(58,1,6,325)
r(57,0,6,325)
w(50,8,6,325)
w(58,2,6,325)
w(56,3,6,325)
w(56,6,9,331)
w(58,6,9,331)
w(58,7,9,331)
r(59,0,9,331)
r(57,1,8,333)
r(56,6,8,333)
r(57,1,8,333)
w(59,1,8,333)
r(57,1,8,333)
w(57,5,8,333)
r(58,7,8,333)
r(58,7,8,333)
w(57,6,7,337)
w(60,1,7,337)
w(57,7,7,337)
w(60,2,7,337)
r(47,2,7,337)
r(60,2,7,337)
r(60,2,7,337)
r(57,7,7,337)
w(61,2,2,341)
r(62,0,2,341)
r(61,2,2,341)
r(62,0,2,341)
w(60,5,0,344)
w(57,8,0,344)
r(60,5,0,344)
w(59,2,0,344)
w(60,6,0,344)
w(60,7,0,344)
r(47,2,0,344)
r(60,7,0,344)
r(62,0,3,346)
r(59,1,3,346)
w(62,2,3,346)
w(62,3,3,346)
r(56,6,4,348)
w(59,3,4,348)
w(56,8,4,348)
r(62,0,4,348)
r(62,3,6,351)
w(61,3,6,351)
r(62,3,6,351)
r(62,3,6,351)
w(62,4,6,351)
w(59,5,6,357)
w(63,1,6,357)
r(64,0,6,357)
w(61,6,6,357)
w(64,1,6,357)
w(64,2,6,357)
w(64,3,6,357)
r(61,6,1,360)
w(64,5,1,360)
w(64,6,1,360)
w(64,7,1,360)
r(64,7,1,360)
w(65,2,9,366)
r(65,2,9,366)
r(65,2,9,366)
r(66,0,9,366)
r(65,2,9,366)
r(65,2,9,366)
r(65,2,9,366)
w(59,7,9,366)
w(63,3,7,372)
w(65,6,7,372)
r(65,6,7,372)
w(59,8,7,372)
w(65,7,7,372)
r(65,2,3,376)
w(67,1,3,376)
r(66,0,3,376)
r(66,0,3,376)
r(66,0,3,376)
w(68,1,3,376)
r(67,1,3,376)
r(66,0,5,382)
r(68,1,5,382)
r(63,3,5,382)
r(68,1,5,382)
w(63,5,5,382)
r(67,1,5,382)
r(66,0,5,382)
w(68,7,5,382)
r(68,7,1,388)
w(66,7,1,388)
w(67,2,1,388)
w(66,8,1,388)
r(69,0,4,390)
r(67,2,4,390)
r(67,2,4,390)
r(67,2,4,390)
r(47,2,4,390)
r(69,0,4,390)
r(67,2,4,390)
r(69,0,4,390)
r(70,0,4,396)
w(69,6,4,396)
w(69,7,4,396)
r(47,2,4,396)
w(47,7,4,396)
w(69,8,7,399)
w(70,3,7,399)
r(67,2,7,399)
w(67,4,7,399)
r(70,3,7,399)
r(71,0,7,399)
w(47,8,7,399)
w(70,5,8,408)
w(67,6,8,408)
r(70,5,8,408)
w(73,1,8,408)
r(73,1,8,408)
r(71,0,9,410)
w(71,5,9,410)
w(71,6,9,410)
r(72,0,9,410)
w(71,7,9,410)
w(71,8,9,410)
r(72,0,9,410)
r(70,3,9,410)
r(73,1,2,412)
w(73,6,2,412)
w(73,7,2,412)
r(73,7,2,412)
w(73,8,2,412)
w(67,7,8,417)
r(70,5,8,417)
r(73,1,8,417)
r(73,1,8,417)
w(70,8,8,417)
w(74,1,8,417)
w(75,1,8,417)
w(75,2,8,417)
w(76,1,6,419)
w(74,2,6,419)
r(75,2,6,419)
w(77,1,6,419)
w(77,3,3,430)
w(72,2,3,430)
r(76,1,3,430)
w(76,4,3,430)
w(76,5,3,430)
r(77,3,3,430)
w(77,4,3,430)
r(76,1,5,432)
w(78,2,5,432)
w(79,3,5,432)
w(74,3,5,432)
r(79,3,5,432)
w(79,4,5,432)
r(80,0,8,435)
r(78,2,8,435)
w(79,7,8,435)
r(74,3,8,435)
w(79,8,8,435)
r(80,0,1,438)
r(78,2,1,438)
w(78,5,1,438)
r(78,5,1,438)
r(79,8,1,438)
w(81,1,1,438)
r(81,1,8,444)
w(81,2,8,444)
r(72,2,8,444)
r(80,0,8,444)
w(81,3,8,444)
r(80,0,9,448)
w(78,6,9,448)
w(82,1,9,448)
w(82,2,9,448)
w(78,7,9,448)
w(82,4,6,454)
w(82,5,6,454)
r(82,5,6,454)
w(82,6,6,454)
r(72,2,6,454)
r(82,6,6,454)
r(80,0,6,454)
r(82,6,6,454)
w(80,6,6,458)
w(74,5,6,458)
r(80,6,6,458)
r(83,0,6,458)
w(83,1,6,458)
r(80,6,6,458)
r(82,6,6,458)
r(84,0,6,458)
r(84,0,4,464)
w(80,8,4,464)
r(84,0,4,464)
r(84,0,4,464)
w(84,3,1,467)
r(74,5,1,467)
w(84,4,1,467)
w(84,5,1,467)
r(80,6,1,467)
w(86,1,9,470)
r(86,1,9,470)
w(86,2,9,470)
r(86,2,9,470)
r(83,1,9,470)
w(86,3,9,470)
r(86,3,9,470)
r(83,1,4,473)
r(86,0,4,473)
r(86,0,4,473)
w(85,1,4,473)
w(83,4,4,473)
w(85,2,4,473)
w(86,8,0,482)
w(88,1,0,482)
r(85,2,0,482)
w(88,2,0,482)
w(88,3,0,482)
r(88,3,0,482)
r(88,3,0,482)
w(88,4,0,482)
w(89,2,5,490)
w(89,3,5,490)
r(72,2,5,490)
r(85,2,5,490)
r(89,3,5,490)
r(87,0,5,490)
r(89,3,5,490)
r(85,2,5,490)
r(91,0,9,494)
w(89,5,9,494)
w(89,6,9,494)
w(87,5,9,494)
r(91,0,9,494)
r(89,6,9,494)
w(89,7,9,494)
w(92,1,5,501)
w(91,1,5,501)
r(90,0,5,501)
w(92,2,5,501)
w(92,3,5,501)
r(92,3,5,501)
w(92,4,5,501)
r(92,4,5,501)
w(92,7,4,506)
r(72,2,4,506)
w(90,2,4,506)
r(87,5,4,506)
r(92,7,4,506)
w(91,4,4,506)
w(91,5,4,506)
r(87,5,0,511)
w(93,2,0,511)
r(94,0,0,511)
r(94,0,0,511)
r(94,0,0,511)
r(72,2,0,511)
r(94,0,0,511)
w(94,1,3,513)
w(94,2,3,513)
w(87,8,3,513)
r(94,2,3,513)
r(94,2,1,517)
r(94,2,1,517)
w(94,8,1,517)
r(94,8,1,517)
r(93,2,2,519)
r(96,0,2,519)
r(96,0,2,519)
r(95,0,2,519)
r(96,0,2,519)
w(96,1,2,519)
r(93,2,2,519)
w(93,7,0,523)
r(90,2,0,523)
r(93,7,0,523)
r(96,1,0,523)
r(90,2,0,523)
r(96,1,0,523)
r(72,2,2,528)
r(72,2,2,528)
w(96,3,2,528)
w(90,5,2,528)
r(95,0,2,528)
w(90,6,2,528)
w(96,4,2,528)
w(96,5,2,528)
r(72,2,8,529)
r(97,0,8,529)
r(98,0,8,529)
r(97,0,8,529)
w(98,1,8,529)
r(90,2,8,529)
r(97,0,8,529)
r(95,0,8,529)
r(98,1,4,535)
r(97,0,4,535)
w(98,2,4,535)
w(97,1,4,535)
w(97,2,4,535)
w(90,7,4,535)
r(72,2,4,537)
r(98,2,4,537)
r(98,2,4,537)
r(95,0,4,537)
r(98,2,4,537)
w(99,1,0,540)
r(97,2,0,540)
w(95,1,0,540)
r(100,0,0,540)
r(97,2,0,540)
r(100,0,0,540)
r(95,1,0,540)
r(97,2,8,541)
w(97,5,8,541)
w(97,6,8,541)
w(98,7,8,541)
w(98,8,8,541)
w(100,1,9,545)
r(99,1,9,545)
r(97,6,9,545)
r(100,1,9,545)
w(97,7,9,545)
w(100,4,1,548)
w(100,5,1,548)
r(99,1,1,548)
w(100,6,1,548)
w(100,7,1,548)
w(99,2,1,548)
w(97,8,5,550)
r(99,1,5,550)
r(101,0,5,550)
r(100,1,5,550)
r(101,0,5,550)
r(100,1,5,550)
w(101,1,5,550)
r(100,7,8,551)
r(72,2,8,551)
w(100,8,8,551)
r(101,0,8,551)
r(100,8,8,551)
w(101,3,0,556)
w(99,3,0,556)
r(102,0,0,556)
r(102,0,0,556)
w(101,6,0,562)
r(102,0,0,562)
w(101,7,0,562)
r(95,1,0,562)
w(99,5,0,562)
w(102,3,4,565)
r(102,3,4,565)
w(102,4,4,565)
w(102,5,4,565)
w(102,8,8,569)
w(103,1,8,569)
w(104,1,8,569)
w(103,2,8,569)
r(104,0,6,571)
w(95,3,6,571)
r(104,0,6,571)
r(103,0,6,571)
r(104,1,4,575)
r(104,1,4,575)
w(103,4,4,575)
r(103,4,4,575)
r(104,1,4,575)
r(104,1,2,580)
w(104,5,2,580)
w(104,6,2,580)
w(95,5,2,580)
r(104,6,2,580)
w(104,8,8,585)
r(103,4,8,585)
w(103,6,8,585)
w(106,1,8,585)
r(106,0,5,588)
w(107,1,5,588)
r(106,0,5,588)
r(103,4,5,588)
r(103,4,5,588)
w(107,2,5,588)
r(107,2,7,597)
w(109,2,7,597)
w(109,3,7,597)
r(109,3,7,597)
w(109,4,7,597)
r(109,4,7,597)
w(108,1,7,597)
w(108,2,1,600)
r(109,4,1,600)
w(105,1,1,600)
w(105,2,1,600)
r(110,0,1,600)
r(110,0,7,606)
w(107,4,7,606)
w(110,1,7,606)
r(108,2,7,606)
w(110,2,7,606)
w(108,4,6,613)
w(110,5,6,613)
r(108,4,6,613)
w(110,6,6,613)
w(110,7,6,613)
w(110,8,6,613)
r(111,0,6,613)
w(111,6,4,618)
w(107,6,4,618)
w(111,7,4,618)
w(108,8,4,618)
r(108,8,4,618)
w(105,5,4,618)
r(111,7,4,618)
r(114,0,5,623)
r(112,0,5,623)
w(114,4,5,623)
w(114,5,5,623)
w(114,6,2,628)
w(114,7,2,628)
w(113,1,2,628)
w(114,8,2,628)
r(114,5,7,630)
w(112,3,7,630)
w(112,4,7,630)
r(114,5,7,630)
w(112,5,7,630)
w(112,6,7,630)
r(115,0,4,631)
r(115,0,4,631)
r(115,0,4,631)
r(115,0,4,631)
r(112,6,4,631)
r(115,0,4,631)
w(117,1,4,631)
w(117,2,4,631)
w(115,1,7,637)
w(115,2,7,637)
w(117,3,7,637)
w(115,3,7,637)
r(115,3,7,637)
w(105,6,7,637)
w(117,4,7,637)
r(116,0,5,639)
r(115,3,5,639)
r(117,4,5,639)
r(117,4,5,639)
r(118,0,7,644)
w(118,1,7,644)
r(117,4,7,644)
w(118,2,7,644)
w(118,3,7,644)
r(118,3,7,644)
r(118,3,7,644)
w(116,1,8,647)
r(117,4,8,647)
r(118,0,8,647)
r(118,0,8,647)
w(116,3,7,651)
r(116,3,7,651)
w(105,7,7,651)
w(118,8,7,651)
w(116,5,4,655)
r(120,0,4,655)
w(113,2,4,655)
w(120,1,4,655)
r(120,1,4,655)
r(116,5,4,655)
w(120,2,4,655)
r(117,4,8,658)
w(117,7,8,658)
r(116,5,8,658)
r(120,2,8,658)
w(117,8,8,658)
w(120,3,8,658)
r(120,3,8,658)
w(116,6,8,658)
w(120,5,4,662)
r(121,0,4,662)
w(120,6,4,662)
r(116,6,4,662)
r(113,2,4,662)
r(113,2,9,665)
r(121,0,9,665)
r(120,6,9,665)
r(120,6,9,665)
r(121,0,9,665)
r(121,0,9,668)
r(121,0,9,668)
w(120,8,9,668)
r(113,2,9,668)
w(122,1,9,668)
r(122,1,9,668)
r(121,0,9,668)
w(122,4,7,674)
r(122,4,7,674)
w(116,7,7,674)
w(122,5,7,674)
r(122,5,7,674)
w(122,6,7,674)
w(122,7,7,674)
w(121,4,2,676)
w(121,5,2,676)
r(121,5,2,676)
w(123,2,2,676)
w(113,5,2,676)
r(116,6,2,676)
r(123,2,2,676)
r(125,0,0,684)
w(125,1,0,684)
r(125,1,0,684)
r(125,1,0,684)
r(126,0,0,684)
r(125,1,0,684)
w(113,7,9,685)
w(124,1,9,685)
w(123,6,9,685)
r(123,6,9,685)
w(121,7,9,685)
r(113,7,4,687)
r(125,1,4,687)
r(125,1,4,687)
r(124,1,4,687)
w(126,1,1,690)
r(124,1,1,690)
w(126,2,1,690)
w(124,2,1,690)
r(126,2,1,690)
r(124,2,0,694)
w(125,3,0,694)
w(127,1,0,694)
r(125,3,0,694)
r(125,3,0,694)
r(125,3,0,694)
r(124,2,0,694)
w(126,5,6,697)
w(125,6,6,697)
r(125,6,6,697)
r(125,6,6,697)
r(125,6,6,697)
w(124,3,8,704)
w(125,7,8,704)
w(125,8,8,704)
r(126,5,8,704)
r(128,0,8,704)
w(127,2,1,708)
w(128,1,1,708)
w(126,6,1,708)
r(124,2,1,708)
r(128,1,1,708)
w(128,2,1,708)
r(126,6,1,708)
r(128,2,1,708)
r(130,0,3,715)
w(130,3,3,715)
w(129,3,3,715)
w(129,4,3,715)
w(130,4,3,715)
w(130,6,3,717)
r(129,4,3,717)
w(130,7,3,717)
w(130,8,3,717)
w(129,6,1,719)
r(124,3,1,719)
r(124,3,1,719)
r(131,0,1,719)
r(131,0,1,719)
w(129,7,2,726)
w(131,1,2,726)
r(129,7,2,726)
r(131,1,2,726)
w(129,8,2,726)
r(131,1,2,726)
w(132,1,2,726)
w(124,5,2,726)
w(132,5,8,731)
r(132,5,8,731)
r(132,5,8,731)
r(131,1,8,731)
r(131,1,8,731)
w(124,6,8,731)
w(131,8,8,731)
r(124,5,3,734)
r(133,0,3,734)
r(127,2,3,734)
w(133,2,3,734)
r(132,5,3,737)
w(133,5,3,737)
r(127,2,3,737)
r(133,5,3,737)
w(124,7,9,740)
r(133,5,9,740)
w(133,6,9,740)
w(133,7,9,740)
w(132,8,9,740)
w(135,2,2,746)
w(127,8,2,746)
w(135,3,2,746)
r(135,3,2,746)
r(119,0,2,746)
r(135,3,2,746)
r(127,8,2,746)
r(135,3,5,749)
r(135,3,5,749)
r(135,3,5,749)
r(135,3,5,749)
w(135,7,5,749)
w(135,8,5,753)
r(136,0,5,753)
r(135,8,5,753)
r(135,8,5,753)
r(136,0,5,753)
r(135,8,5,753)
w(136,1,5,753)
r(136,0,4,755)
r(138,0,4,755)
w(138,1,4,755)
w(138,2,4,755)
r(138,2,9,758)
w(138,5,9,758)
w(136,3,9,758)
r(138,5,9,758)
w(138,6,9,758)
w(138,7,9,758)
r(138,2,4,759)
w(137,1,4,759)
r(138,2,4,759)
r(136,1,4,759)
w(119,5,4,759)
r(138,2,4,759)
w(136,4,6,762)
w(138,8,6,762)
r(138,8,6,762)
r(119,5,6,762)
r(138,8,6,762)
r(138,8,6,762)
r(134,0,6,762)
w(134,3,6,762)
w(139,1,5,763)
r(119,5,5,763)
r(136,3,5,763)
w(139,2,5,763)
r(139,2,5,763)
r(136,3,5,763)
r(139,2,5,763)
w(139,3,2,765)
r(139,3,2,765)
w(136,5,2,765)
r(139,3,2,765)
w(140,3,7,777)
w(140,4,7,777)
w(134,7,7,777)
r(140,4,7,777)
r(137,1,7,777)
r(136,5,7,777)
r(140,0,4,778)
r(134,3,4,778)
r(134,3,4,778)
w(141,1,4,778)
r(136,5,5,779)
r(119,5,5,779)
r(136,5,5,779)
w(136,6,5,779)
w(139,4,5,779)
w(139,5,5,779)
w(139,6,5,779)
w(142,2,4,786)
r(134,7,4,786)
r(142,2,4,786)
r(142,2,4,786)
r(119,5,4,786)
w(142,8,1,800)
r(142,8,1,800)
r(141,1,1,800)
r(141,1,1,800)
r(141,1,1,800)
r(143,0,1,800)
w(144,1,1,800)
r(141,1,6,802)
w(141,8,6,802)
w(143,4,6,802)
w(137,2,6,802)
r(144,0,6,802)
w(143,5,6,802)
r(144,0,6,802)
w(145,3,1,804)
r(146,0,1,804)
r(145,3,1,804)
w(145,4,1,804)
w(145,5,1,804)
w(145,6,1,804)
r(119,5,1,804)
w(146,2,6,807)
w(146,3,6,807)
r(119,5,6,807)
w(146,4,6,807)
r(143,0,0,812)
r(143,0,0,812)
r(143,0,0,812)
r(137,1,0,812)
w(143,7,6,814)
w(147,1,6,814)
r(146,4,6,814)
w(148,1,6,814)
w(148,3,0,820)
w(137,4,0,820)
r(147,1,0,820)
w(149,1,0,820)
r(147,1,0,820)
r(147,1,1,821)
w(147,4,1,821)
w(147,5,1,821)
r(147,5,1,821)
r(147,5,1,821)
w(137,6,8,827)
r(147,5,8,827)
r(149,1,8,827)
r(148,3,8,827)
w(147,8,8,827)
w(148,6,6,829)
w(148,7,6,829)
w(148,8,6,829)
r(150,0,6,829)
r(150,0,6,829)
w(151,1,5,832)
r(149,1,5,832)
w(151,2,5,832)
r(151,2,5,832)
w(149,2,5,832)
r(150,0,5,843)
w(150,2,5,843)
w(151,5,5,843)
r(151,5,5,843)
w(150,3,5,843)
r(151,5,5,843)
r(150,3,5,843)
r(152,0,4,850)
r(152,0,4,850)
w(154,3,4,850)
w(154,4,4,850)
r(149,2,4,850)
r(154,4,4,850)
w(154,5,4,853)
r(154,5,4,853)
w(149,8,4,853)
r(152,0,4,853)
r(152,0,4,853)
r(154,5,12,860)
r(155,0,12,860)
r(152,0,12,860)
r(119,5,12,860)
w(152,3,12,860)
w(119,8,12,860)
r(152,3,12,860)
r(119,8,12,860)
r(154,5,4,866)
r(154,5,4,866)
w(152,8,4,866)
r(154,5,4,866)
r(152,3,19,869)
r(152,3,19,869)
w(156,1,19,869)
r(156,1,19,869)
w(155,1,19,869)
w(156,2,19,869)
w(153,1,19,869)
w(156,4,0,875)
w(156,5,0,875)
w(157,1,0,875)
r(156,5,0,875)
w(155,2,0,875)
w(159,1,19,880)
w(153,5,19,880)
r(155,2,19,880)
w(157,8,19,880)
r(159,1,19,880)
r(158,0,19,880)
w(159,2,19,880)
r(159,2,19,883)
r(159,2,19,883)
r(160,0,19,883)
w(158,1,19,883)
w(159,4,5,886)
w(153,6,5,886)
w(159,5,5,886)
w(159,6,5,886)
w(153,7,5,886)
r(160,0,5,886)
w(155,4,13,895)
r(159,6,13,895)
w(160,3,13,895)
r(159,6,13,895)
w(155,5,13,895)
w(159,8,13,895)
w(160,4,13,895)
r(162,0,12,899)
r(162,0,12,899)
r(162,0,12,899)
r(160,4,12,899)
w(162,2,12,899)
r(162,2,12,899)
r(162,2,19,901)
r(162,2,19,901)
w(162,3,19,901)
r(153,7,19,901)
r(160,4,19,901)
r(164,0,6,905)
r(162,3,6,905)
r(164,0,6,905)
r(163,0,6,905)
r(164,0,6,905)
w(164,1,0,906)
w(162,5,0,906)
r(162,5,0,906)
r(162,5,0,906)
r(162,5,0,906)
r(162,5,0,906)
r(162,5,1,912)
r(158,1,1,912)
r(164,1,1,912)
r(162,5,1,912)
w(162,7,1,912)
r(164,1,1,912)
w(162,8,1,912)
r(162,5,19,913)
r(162,5,19,913)
w(153,8,19,913)
r(164,1,19,913)
r(165,0,19,919)
r(165,0,19,919)
r(165,0,19,919)
w(163,2,19,919)
w(158,2,19,919)
r(164,1,19,919)
r(164,1,4,922)
r(165,0,4,922)
w(165,3,4,922)
r(165,3,4,922)
w(165,4,4,922)
r(164,1,4,922)
r(164,1,0,925)
r(166,0,0,925)
r(167,0,0,925)
r(164,1,0,925)
r(167,0,0,925)
w(166,2,0,925)
w(167,2,19,929)
w(166,3,19,929)
r(167,2,19,929)
r(167,2,19,929)
r(167,2,19,929)
r(167,2,19,929)
r(167,2,19,929)
r(163,2,5,932)
w(167,8,5,932)
r(168,0,5,932)
w(158,4,5,932)
w(168,1,5,932)
r(168,1,1,939)
w(168,4,1,939)
w(168,5,1,939)
r(158,4,1,939)
w(168,6,1,939)
w(158,5,1,939)
w(169,1,17,942)
r(164,1,17,942)
w(164,3,17,942)
r(163,2,17,942)
r(169,1,17,942)
r(169,1,4,950)
w(164,4,4,950)
r(169,1,4,950)
w(169,4,4,950)
r(164,4,4,950)
w(164,5,4,950)
w(169,5,4,950)
r(169,5,4,950)
r(164,5,13,952)
r(164,5,13,952)
w(164,7,13,952)
r(170,0,13,952)
r(163,2,19,953)
r(170,0,19,953)
w(170,1,19,953)
w(170,2,19,953)
w(170,3,19,953)
r(164,3,19,953)
w(170,4,19,953)
w(170,5,19,955)
w(164,8,19,955)
r(170,5,19,955)
r(164,8,19,955)
r(170,5,19,955)
w(170,8,12,959)
r(171,0,12,959)
w(171,2,12,959)
r(172,0,12,959)
w(171,3,8,965)
r(171,3,8,965)
r(171,3,8,965)
r(171,3,8,965)
w(172,1,8,965)
r(172,1,8,965)
w(173,1,0,967)
w(172,4,0,967)
r(172,4,0,967)
w(172,5,0,967)
r(172,5,4,970)
w(172,6,4,970)
w(172,7,4,970)
r(172,7,4,970)
r(171,3,4,970)
r(172,7,4,970)
r(172,7,4,970)
r(175,0,5,980)
w(175,4,5,980)
r(173,1,5,980)
w(175,5,5,980)
w(175,6,5,980)
r(175,6,5,980)
r(175,6,5,980)
r(175,6,1,981)
r(175,6,1,981)
r(175,6,1,981)
w(176,6,1,981)
r(176,6,13,989)
w(178,1,13,989)
w(173,3,13,989)
r(177,0,13,989)
w(178,2,13,989)
w(178,3,13,989)
r(176,6,8,990)
r(177,0,8,990)
w(177,3,8,990)
w(177,4,8,990)
r(177,4,8,990)
r(177,4,8,990)
w(176,8,8,990)
w(177,5,8,990)
r(174,0,19,992)
r(173,1,19,992)
r(178,0,19,992)
r(177,0,19,992)
r(174,0,19,992)
w(174,3,17,996)
w(173,5,17,996)
w(178,4,17,996)
r(178,4,17,996)
w(178,5,17,996)
r(179,0,0,1000)
r(179,0,0,1000)
w(179,3,0,1000)
r(179,3,0,1000)
r(179,3,0,1000)
r(178,3,0,1000)
r(178,5,19,1002)
r(179,3,19,1002)
r(179,3,19,1002)
r(179,3,19,1002)
r(179,3,19,1002)
r(173,5,19,1002)
w(158,8,1,1004)
w(178,7,1,1004)
r(178,7,1,1004)
r(173,5,1,1004)
w(179,4,1,1004)
r(179,4,1,1004)
w(173,6,1,1004)
r(178,7,1,1004)
r(178,7,5,1008)
w(179,7,5,1008)
r(178,7,5,1008)
r(179,7,5,1008)
r(174,3,5,1008)
r(178,7,5,1008)
r(180,0,12,1013)
w(174,6,12,1013)
r(174,6,12,1013)
r(181,0,12,1013)
w(180,7,19,1016)
w(180,8,19,1016)
r(180,8,19,1016)
r(173,6,19,1016)
r(174,6,5,1017)
r(180,0,5,1017)
r(181,0,5,1017)
r(181,0,5,1017)
r(173,6,5,1017)
r(182,0,5,1017)
w(181,1,5,1017)
w(182,1,1,1019)
r(182,1,1,1019)
r(182,1,1,1019)
r(181,1,1,1019)
r(181,1,8,1024)
w(182,2,8,1024)
r(181,1,8,1024)
w(182,3,8,1024)
r(158,8,8,1024)
r(182,3,8,1024)
r(181,1,8,1024)
r(182,3,8,1024)
w(173,8,12,1030)
w(181,4,12,1030)
w(183,1,12,1030)
r(181,4,12,1030)
r(183,1,12,1030)
w(181,5,12,1030)
r(183,1,12,1030)
r(183,1,12,1030)
w(183,3,0,1036)
w(181,7,0,1036)
w(183,4,0,1036)
w(183,5,0,1036)
w(183,6,0,1036)
w(174,7,0,1036)
r(183,6,0,1036)
r(174,6,5,1041)
r(181,5,5,1041)
w(186,1,5,1041)
w(186,2,5,1041)
r(181,5,5,1041)
w(186,3,5,1041)
r(181,5,5,1041)
w(188,4,0,1047)
r(188,4,0,1047)
w(188,5,0,1047)
w(188,6,0,1047)
w(188,7,0,1047)
w(189,2,0,1047)
r(188,7,0,1047)
w(184,1,17,1050)
r(187,0,17,1050)
w(190,3,17,1050)
w(190,4,17,1050)
w(187,1,17,1050)
r(190,4,19,1052)
r(185,0,19,1052)
w(189,4,19,1052)
r(184,1,19,1052)
r(190,4,1,1054)
w(190,5,1,1054)
w(190,6,1,1054)
w(190,7,1,1054)
w(187,2,1,1054)
w(190,8,1,1054)
r(191,0,19,1059)
r(187,2,19,1059)
r(184,1,19,1059)
r(184,1,19,1059)
r(187,2,19,1059)
w(191,1,1,1061)
w(191,2,1,1061)
r(191,2,1,1061)
w(187,4,1,1061)
w(191,4,8,1065)
r(189,4,8,1065)
r(191,4,8,1065)
r(187,4,8,1065)
w(187,6,8,1065)
r(184,1,4,1068)
w(189,6,4,1068)
r(185,0,4,1068)
w(184,2,4,1068)
r(191,2,4,1068)
w(184,3,4,1068)
w(191,8,19,1073)
w(187,7,19,1073)
r(191,8,19,1073)
w(184,4,19,1073)
r(191,8,19,1073)
r(187,7,19,1073)
r(189,6,19,1073)
w(189,8,19,1073)
w(192,1,8,1077)
w(192,2,8,1077)
r(192,2,8,1077)
r(192,2,8,1077)
w(192,3,8,1077)
r(193,0,8,1083)
w(194,3,8,1083)
r(193,0,8,1083)
r(193,0,8,1083)
r(192,3,12,1085)
r(187,7,12,1085)
r(187,7,12,1085)
r(187,7,12,1085)
w(184,6,12,1085)
w(192,8,12,1085)
r(192,8,12,1085)
r(187,7,12,1085)
w(195,7,1,1098)
w(196,2,1,1098)
r(196,2,1,1098)
r(196,2,1,1098)
w(195,8,1,1098)
w(193,6,1,1098)
w(196,3,1,1098)
r(196,3,1,1098)
w(196,8,12,1102)
w(197,2,12,1102)
r(197,2,12,1102)
w(197,3,12,1102)
w(197,4,12,1102)
w(193,8,13,1104)
w(198,1,13,1104)
r(198,1,13,1104)
r(198,1,13,1104)
r(184,6,13,1104)
r(198,1,5,1108)
r(198,1,5,1108)
w(198,4,5,1108)
r(198,4,5,1108)
w(198,5,5,1108)
r(198,5,12,1111)
r(199,0,12,1111)
r(198,5,12,1111)
w(198,7,12,1111)
r(198,7,12,1111)
w(198,8,0,1113)
r(199,0,0,1113)
r(197,4,0,1113)
r(198,8,0,1113)
r(198,8,0,1113)
r(199,0,0,1113)
w(197,7,19,1115)
w(197,8,19,1115)
r(197,8,19,1115)
r(197,8,19,1115)
r(200,0,19,1115)
w(200,1,1,1117)
w(200,2,1,1117)
w(202,1,1,1117)
r(200,2,1,1117)
r(202,1,1,1117)
r(202,1,12,1122)
w(200,3,12,1122)
w(200,4,12,1122)
r(200,4,12,1122)
w(200,5,12,1122)
r(200,5,12,1122)
w(199,1,12,1130)
w(200,8,12,1130)
w(202,2,12,1130)
w(199,2,12,1130)
r(200,8,12,1130)
r(204,0,19,1145)
r(204,0,19,1145)
w(201,5,19,1145)
r(204,0,19,1145)
w(202,6,13,1147)
w(204,5,13,1147)
w(204,6,13,1147)
r(202,6,13,1147)
w(202,7,13,1147)
w(204,7,13,1147)
r(185,0,1,1155)
r(205,0,1,1155)
r(201,5,1,1155)
r(205,0,1,1155)
w(199,6,1,1155)
r(206,0,0,1156)
r(201,5,0,1156)
w(206,1,0,1156)
w(206,2,0,1156)
r(201,5,0,1161)
r(206,2,0,1161)
r(205,0,0,1161)
w(205,6,0,1161)
w(205,7,0,1161)
r(205,7,8,1166)
r(206,2,8,1166)
r(205,7,8,1166)
w(206,4,8,1166)
w(206,5,8,1166)
r(201,5,8,1166)
r(207,0,8,1166)
r(201,5,0,1171)
w(207,5,0,1171)
r(207,5,0,1171)
r(201,5,0,1171)
r(185,0,6,1176)
r(207,5,6,1176)
w(209,1,6,1176)
r(207,5,6,1176)
r(207,5,6,1176)
r(207,5,6,1176)
r(201,5,6,1176)
w(209,2,6,1176)
w(207,6,0,1177)
w(207,7,0,1177)
r(207,7,0,1177)
r(209,0,0,1177)
r(207,7,0,1177)
w(208,1,0,1177)
w(210,1,17,1182)
r(210,1,17,1182)
r(208,1,17,1182)
r(208,1,17,1182)
w(209,4,19,1184)
r(208,1,19,1184)
w(209,5,19,1184)
r(210,0,19,1184)
r(210,0,19,1184)
w(210,2,8,1187)
w(210,3,8,1187)
w(210,4,8,1187)
r(210,4,8,1187)
r(210,4,8,1187)
w(210,5,8,1187)
w(210,6,8,1187)
r(208,1,0,1194)
r(211,0,0,1194)
w(211,3,0,1194)
r(208,1,0,1194)
w(211,4,0,1194)
w(211,5,0,1194)
r(211,5,0,1194)
r(211,5,1,1197)
r(213,0,1,1197)
w(211,8,1,1197)
r(211,8,1,1197)
r(211,8,1,1200)
r(211,8,1,1200)
w(209,8,1,1200)
w(213,3,1,1200)
r(185,0,17,1201)
w(214,1,17,1201)
r(211,8,17,1201)
r(213,0,17,1201)
r(213,3,13,1203)
r(211,8,13,1203)
r(213,3,13,1203)
r(214,1,13,1203)
w(213,4,13,1207)
r(214,1,13,1207)
r(215,0,13,1207)
r(213,4,13,1207)
w(214,2,13,1207)
r(212,0,13,1207)
w(212,2,13,1207)
r(215,0,8,1208)
r(215,0,8,1208)
w(215,1,8,1208)
r(215,1,8,1208)
r(215,1,0,1211)
r(215,1,0,1211)
w(215,3,0,1211)
r(215,3,0,1211)
r(215,3,0,1211)
r(213,4,0,1211)
r(215,3,0,1211)
w(213,5,0,1211)
w(214,4,13,1213)
r(213,5,13,1213)
w(213,6,13,1213)
r(215,3,13,1213)
r(213,6,13,1213)
r(213,6,6,1215)
w(215,4,6,1215)
w(215,5,6,1215)
r(215,5,6,1215)
w(214,6,19,1219)
r(215,5,19,1219)
r(185,0,19,1219)
w(216,1,19,1219)
w(185,4,4,1222)
r(216,1,4,1222)
w(213,7,4,1222)
w(213,8,4,1222)
r(216,1,4,1222)
r(214,6,8,1224)
r(216,1,8,1224)
w(214,7,8,1224)
w(216,2,8,1224)
w(214,8,8,1224)
r(214,8,8,1224)
r(216,2,0,1228)
r(217,0,0,1228)
w(212,3,0,1228)
r(216,2,0,1228)
w(217,4,0,1228)
r(216,2,0,1228)
w(216,5,0,1228)
r(216,5,0,1228)
r(217,4,4,1235)
r(218,0,4,1235)
r(219,0,4,1235)
r(219,0,4,1235)
r(216,5,0,1237)
r(217,4,0,1237)
w(216,6,0,1237)
w(217,6,0,1237)
w(216,7,0,1237)
r(216,7,0,1237)
w(212,4,0,1237)
w(219,3,13,1243)
r(218,0,13,1243)
w(219,4,13,1243)
r(219,4,13,1243)
w(219,5,13,1243)
r(219,5,13,1243)
r(220,0,19,1246)
r(219,5,19,1246)
w(220,1,19,1246)
r(185,4,19,1246)
r(219,5,19,1246)
w(219,8,13,1250)
r(219,8,13,1250)
r(218,0,13,1250)
w(212,5,13,1250)
r(219,8,13,1250)
w(221,1,8,1256)
r(212,4,8,1256)
r(212,4,8,1256)
w(220,3,8,1256)
w(221,2,8,1256)
w(218,4,8,1256)
w(220,4,8,1256)
r(221,2,6,1262)
r(221,2,6,1262)
r(221,2,6,1262)
r(221,2,6,1262)
w(218,6,6,1262)
r(220,4,6,1262)
r(222,0,6,1262)
r(222,0,6,1262)
w(220,8,12,1264)
r(221,2,12,1264)
w(221,7,12,1264)
r(221,7,12,1264)
w(221,8,12,1264)
w(222,1,17,1265)
r(222,1,17,1265)
r(220,4,17,1265)
r(222,1,17,1265)
r(223,0,17,1265)
w(222,4,12,1269)
w(223,3,12,1269)
w(222,5,12,1269)
r(222,5,12,1269)
w(223,4,12,1269)
w(222,6,12,1269)
r(223,4,12,1269)
r(223,4,12,1269)
r(224,0,0,1278)
r(223,4,0,1278)
w(212,7,0,1278)
r(218,6,0,1278)
w(224,2,0,1278)
r(212,7,0,1278)
w(223,7,0,1278)
w(224,3,0,1278)
r(224,3,8,1284)
w(224,8,8,1284)
r(228,0,8,1284)
r(227,0,8,1284)
w(228,1,8,1284)
w(228,2,8,1284)
w(228,8,4,1290)
r(229,0,4,1290)
r(226,0,4,1290)
r(225,0,4,1290)
w(227,7,4,1290)
r(228,8,4,1290)
w(229,1,8,1291)
r(228,2,8,1291)
r(226,0,8,1291)
r(228,2,8,1291)
r(228,2,8,1291)
r(229,1,8,1291)
r(228,2,8,1291)
r(225,0,8,1291)
w(230,1,8,1295)
w(230,2,8,1295)
r(227,7,8,1295)
w(227,8,8,1295)
w(230,3,8,1295)
w(226,6,12,1297)
r(229,1,12,1297)
r(230,3,12,1297)
r(230,3,12,1297)
r(230,3,12,1297)
w(231,1,6,1300)
r(230,3,6,1300)
w(226,7,6,1300)
w(225,3,6,1300)
r(231,1,6,1300)
w(231,4,17,1304)
w(231,5,17,1304)
r(230,3,17,1304)
r(230,3,17,1304)
w(230,8,17,1304)
r(232,0,6,1308)
r(232,0,6,1308)
w(232,3,6,1308)
r(225,3,6,1308)
w(226,8,6,1308)
w(231,7,17,1314)
w(232,8,17,1314)
w(229,4,17,1314)
r(231,7,17,1314)
w(233,1,17,1314)
w(233,3,6,1322)
w(233,4,6,1322)
r(233,4,6,1322)
w(233,5,6,1322)
r(233,1,12,1324)
w(229,5,12,1324)
r(235,0,12,1324)
w(234,2,12,1324)
r(235,0,4,1329)
w(233,8,4,1329)
r(233,8,4,1329)
w(235,1,4,1329)
w(235,2,4,1329)
w(236,1,4,1329)
r(236,1,4,1329)
r(234,2,4,1329)
w(236,7,5,1334)
r(234,2,5,1334)
r(236,7,5,1334)
r(236,7,5,1334)
w(236,8,5,1334)
r(237,0,5,1334)
r(237,0,5,1334)
w(237,1,5,1334)
r(235,2,5,1337)
r(234,2,5,1337)
r(235,2,5,1337)
r(229,5,5,1337)
r(237,1,5,1337)
r(234,2,5,1337)
w(237,4,5,1337)
w(237,5,0,1340)
w(237,6,0,1340)
w(225,4,0,1340)
r(237,6,0,1340)
r(234,2,17,1344)
w(234,6,17,1344)
w(235,5,17,1344)
r(229,5,17,1344)
r(237,6,6,1345)
r(237,6,6,1345)
r(237,6,6,1345)
w(237,8,6,1345)
w(238,1,1,1347)
r(238,1,1,1347)
r(234,6,1,1347)
r(238,1,1,1347)
r(234,6,1,1347)
w(235,6,1,1347)
w(234,7,1,1350)
r(238,1,1,1350)
w(238,2,1,1350)
w(238,3,1,1350)
r(229,5,1,1350)
w(234,8,1,1350)
w(238,6,6,1366)
w(238,7,6,1366)
w(235,8,6,1366)
r(238,7,6,1366)
w(243,1,6,1368)
r(243,1,6,1368)
r(244,0,6,1368)
r(244,0,6,1368)
r(244,0,6,1368)
w(240,3,6,1368)
w(244,1,6,1368)
r(243,1,6,1370)
w(244,2,6,1370)
r(243,1,6,1370)
w(225,5,6,1370)
w(243,2,6,1372)
r(244,2,6,1372)
w(243,3,6,1372)
w(243,4,6,1372)
w(244,3,6,1374)
r(240,3,6,1374)
r(243,4,6,1374)
r(229,5,6,1374)
r(243,4,6,1374)
w(244,4,6,1374)
r(243,4,6,1376)
r(243,4,6,1376)
r(240,3,6,1376)
r(244,4,6,1376)
w(244,5,6,1376)
r(243,4,6,1376)
r(244,5,6,1376)
r(242,0,8,1379)
r(225,5,8,1379)
r(229,5,8,1379)
r(242,0,8,1379)
r(239,0,8,1379)
r(239,0,8,1379)
r(242,0,19,1381)
w(239,4,19,1381)
r(242,0,19,1381)
w(242,3,19,1381)
w(242,4,19,1381)
r(244,5,4,1383)
r(244,5,4,1383)
r(244,5,4,1383)
r(244,5,4,1383)
w(245,3,8,1392)
r(245,3,8,1392)
r(245,3,8,1392)
r(245,3,8,1392)
r(243,4,8,1392)
w(243,8,8,1392)
r(245,3,8,1392)
r(245,3,8,1392)
r(241,0,12,1399)
w(241,3,12,1399)
w(240,1,12,1399)
w(241,4,12,1399)
r(240,1,12,1399)
w(241,5,12,1399)
r(241,5,12,1399)
r(241,5,12,1399)
w(248,1,6,1402)
w(245,6,6,1402)
w(248,2,6,1402)
w(245,7,6,1402)
w(247,3,8,1403)
r(248,0,8,1403)
r(245,3,8,1403)
w(247,4,8,1403)
r(248,0,8,1403)
r(248,0,8,1403)
r(249,0,8,1403)
w(249,1,19,1408)
r(247,0,19,1408)
r(249,1,19,1408)
w(249,2,19,1408)
w(248,4,19,1408)
w(249,3,19,1408)
r(247,0,19,1408)
w(248,7,4,1412)
w(246,2,4,1412)
r(246,2,4,1412)
w(248,8,4,1412)
r(246,2,4,1412)
r(246,2,13,1420)
w(225,7,13,1420)
w(225,8,13,1420)
w(247,5,13,1420)
w(250,3,12,1422)
w(250,4,12,1422)
w(251,1,12,1422)
w(251,2,12,1422)
r(251,2,12,1422)
w(252,1,17,1423)
r(252,1,17,1423)
r(252,1,17,1423)
w(247,6,17,1423)
r(251,0,17,1423)
r(252,1,17,1423)
w(252,2,17,1426)
r(247,6,17,1426)
w(252,3,17,1426)
w(252,4,17,1426)
r(252,4,17,1426)
w(252,5,17,1426)
w(252,8,13,1430)
r(251,2,13,1430)
r(251,2,13,1430)
r(252,8,13,1430)
r(246,2,13,1430)
w(254,1,13,1430)
w(247,7,13,1430)
r(254,1,13,1430)
r(253,0,1,1437)
r(254,1,1,1437)
r(254,1,1,1437)
r(254,1,1,1437)
r(251,2,1,1437)
r(254,1,1,1437)
w(254,3,17,1440)
w(251,4,17,1440)
w(246,3,17,1440)
w(254,4,17,1440)
r(251,4,17,1440)
r(254,4,17,1440)
r(251,4,17,1440)
w(254,8,1,1442)
r(251,4,1,1442)
r(254,8,1,1442)
w(251,6,1,1442)
r(254,8,1,1442)
w(256,1,19,1444)
w(255,1,19,1444)
r(255,1,19,1444)
r(246,3,19,1444)
r(251,4,19,1444)
w(246,4,12,1448)
w(246,5,12,1448)
w(251,7,12,1448)
w(251,8,12,1448)
w(256,2,12,1448)
r(246,5,12,1448)
w(256,7,19,1454)
r(246,5,19,1454)
r(246,5,19,1454)
w(257,1,19,1454)
w(246,6,19,1454)
w(255,2,19,1454)
w(256,8,19,1454)
r(257,0,13,1455)
r(256,2,13,1455)
r(257,0,13,1455)
w(258,1,13,1455)
r(258,1,13,1455)
r(257,1,5,1458)
w(258,2,5,1458)
w(258,3,5,1458)
w(258,4,5,1458)
w(258,5,5,1458)
r(246,6,5,1458)
r(258,5,5,1458)
w(255,3,8,1460)
r(246,6,8,1460)
r(258,1,8,1460)
r(258,1,8,1460)
w(257,3,8,1460)
r(258,1,8,1460)
r(257,3,8,1460)
r(246,6,19,1463)
w(258,6,19,1463)
r(258,6,19,1463)
w(258,7,19,1463)
w(246,7,19,1463)
w(258,8,19,1463)
r(258,5,8,1464)
r(259,0,8,1464)
r(259,0,8,1464)
r(257,3,8,1464)
r(255,3,8,1464)
w(259,3,17,1468)
r(259,3,17,1468)
r(257,3,17,1468)
r(255,3,17,1468)
r(257,3,17,1468)
r(259,3,5,1474)
w(260,2,5,1474)
r(257,3,5,1474)
w(261,1,5,1474)
r(257,3,5,1474)
r(261,1,5,1474)
w(257,4,8,1476)
w(259,5,8,1476)
w(259,6,8,1476)
r(259,6,8,1476)
w(259,7,8,1476)
w(257,5,8,1476)
r(257,5,8,1476)
w(259,8,8,1476)
w(260,3,12,1477)
w(261,2,12,1477)
r(261,2,12,1477)
r(261,2,12,1477)
w(257,8,5,1482)
r(260,3,5,1482)
w(261,3,5,1482)
w(262,1,5,1482)
r(261,3,5,1482)
w(262,2,5,1482)
w(262,3,5,1482)
r(260,3,5,1482)
r(262,0,13,1483)
r(262,0,13,1483)
w(260,5,13,1483)
r(261,2,13,1483)
r(261,3,6,1486)
r(261,3,6,1486)
r(262,3,6,1486)
r(263,0,6,1486)
w(262,5,1,1488)
w(261,7,1,1488)
w(261,8,1,1488)
r(261,8,1,1488)
r(261,8,1,1488)
r(262,5,1,1488)
r(261,8,1,1488)
r(263,0,13,1489)
r(262,5,13,1489)
r(263,0,13,1489)
w(262,6,13,1489)
r(255,3,13,1489)
r(263,0,13,1489)
r(260,5,13,1489)
r(262,6,12,1497)
w(263,1,12,1497)
w(262,7,12,1497)
w(263,2,12,1497)
r(263,2,12,1497)
w(262,8,12,1497)
w(265,2,6,1502)
w(264,1,6,1502)
r(264,1,6,1502)
r(264,1,6,1502)
w(265,3,6,1502)
r(260,5,6,1502)
r(265,3,6,1502)
w(264,2,0,1507)
r(264,2,0,1507)
r(265,3,0,1507)
w(264,3,0,1507)
r(264,3,0,1507)
r(265,3,5,1515)
w(260,7,5,1515)
w(265,7,5,1515)
w(260,8,5,1515)
w(266,1,5,1515)
w(265,8,5,1515)
r(267,0,5,1515)
r(265,3,0,1516)
w(267,1,0,1516)
w(267,2,0,1516)
w(267,3,0,1516)
r(253,0,0,1516)
r(266,0,0,1516)
w(268,1,0,1516)
r(255,3,0,1516)
w(268,3,5,1523)
w(268,4,5,1523)
w(255,4,5,1523)
r(268,4,5,1523)
r(268,4,5,1523)
w(268,5,5,1523)
r(270,0,13,1530)
w(269,2,13,1530)
r(270,0,13,1530)
r(269,2,13,1530)
r(269,2,13,1530)
w(269,3,13,1530)
w(269,4,13,1530)
r(269,4,13,1530)
w(270,1,19,1532)
w(270,2,19,1532)
r(270,2,19,1532)
r(270,2,19,1532)
r(269,0,19,1532)
r(269,0,19,1532)
r(269,0,19,1532)
w(267,6,19,1538)
w(270,4,19,1538)
w(269,8,19,1538)
w(270,5,19,1538)
r(267,6,19,1538)
r(269,8,19,1538)
r(255,4,1,1541)
r(271,0,1,1541)
r(267,6,1,1541)
w(271,2,1,1541)
r(267,6,1,1541)
r(271,2,1,1547)
w(270,8,1,1547)
r(271,2,1,1547)
w(271,3,1,1547)
w(253,2,1,1547)
w(271,4,1,1547)
w(271,5,1,1547)
r(274,0,13,1551)
r(272,0,13,1551)
r(273,0,13,1551)
w(274,2,13,1551)
r(274,2,13,1551)
r(274,2,13,1551)
r(273,0,19,1558)
r(275,0,19,1558)
w(273,3,19,1558)
r(275,0,19,1558)
r(273,3,19,1558)
w(272,4,19,1558)
r(272,4,17,1561)
r(255,4,17,1561)
w(275,4,17,1561)
w(275,5,17,1561)
w(275,6,1,1563)
r(275,6,1,1563)
w(275,7,1,1563)
w(272,6,1,1563)
r(275,7,1,1563)
w(273,4,6,1567)
w(255,7,6,1567)
w(275,8,6,1567)
w(273,5,6,1567)
r(275,8,6,1567)
w(273,6,6,1567)
r(275,8,6,1567)
w(277,1,4,1572)
r(276,0,4,1572)
r(276,0,4,1572)
w(276,2,4,1572)
w(276,3,4,1572)
w(276,4,4,1572)
w(277,2,4,1572)
w(253,3,4,1572)
r(276,4,19,1573)
r(276,4,19,1573)
r(276,4,19,1573)
r(276,4,19,1573)
r(276,4,19,1573)
r(276,4,19,1573)
w(277,4,19,1573)
r(276,4,19,1573)
r(277,4,17,1575)
r(276,4,17,1575)
w(277,5,17,1575)
r(255,7,17,1575)
w(277,6,17,1575)
w(276,5,19,1579)
w(276,6,19,1579)
w(277,7,19,1579)
r(276,6,19,1579)
w(276,7,19,1579)
w(277,8,19,1579)
w(272,7,19,1579)
w(278,2,8,1587)
r(272,7,8,1587)
r(278,2,8,1587)
r(278,2,8,1587)
w(279,2,8,1587)
w(278,3,8,1587)
w(279,3,8,1587)
r(278,3,8,1587)
r(255,7,1,1589)
r(278,3,1,1589)
r(278,3,1,1589)
r(278,3,1,1589)
r(278,3,12,1595)
r(278,3,12,1595)
r(281,0,12,1595)
w(278,6,12,1595)
w(278,7,12,1595)
r(278,7,12,1595)
r(278,3,19,1597)
w(280,2,19,1597)
r(282,0,19,1597)
w(282,1,19,1597)
r(280,2,19,1597)
r(282,1,19,1597)
w(280,3,19,1597)
w(280,4,6,1601)
r(282,1,6,1601)
r(280,4,6,1601)
w(282,7,6,1601)
r(281,0,6,1601)
r(282,7,6,1601)
r(282,7,19,1605)
w(281,4,19,1605)
w(284,1,19,1605)
r(284,1,19,1605)
r(283,0,19,1605)
w(284,2,13,1608)
w(284,3,13,1608)
r(281,4,13,1608)
r(284,3,13,1608)
r(281,4,13,1608)
w(281,8,19,1611)
r(283,0,19,1611)
r(280,4,19,1611)
r(284,3,19,1611)
w(284,5,19,1611)
w(284,7,17,1616)
r(284,7,17,1616)
w(284,8,17,1616)
r(285,0,17,1616)
r(285,0,17,1616)
w(286,1,17,1616)
w(287,1,17,1624)
r(253,3,17,1624)
w(283,3,17,1624)
r(285,0,17,1624)
r(286,1,17,1624)
r(286,1,4,1631)
w(287,3,4,1631)
w(287,4,4,1631)
w(286,7,4,1631)
w(286,8,4,1631)
r(285,0,4,1631)
r(287,4,4,1631)
w(287,6,5,1638)
r(288,0,5,1638)
w(289,3,5,1638)
w(288,2,5,1638)
w(289,4,5,1638)
r(289,4,5,1638)
r(283,3,5,1638)
w(288,3,19,1642)
r(290,0,19,1642)
r(290,0,19,1642)
w(288,4,19,1642)
r(290,0,5,1644)
r(290,0,5,1644)
w(290,3,5,1644)
w(290,4,5,1644)
r(290,4,5,1644)
r(290,4,5,1644)
w(290,5,5,1644)
r(288,4,0,1646)
r(290,0,0,1646)
r(288,4,0,1646)
r(290,0,0,1646)
r(290,0,0,1646)
w(290,6,13,1647)
r(288,4,13,1647)
r(290,6,13,1647)
r(290,6,13,1647)
r(288,4,13,1647)
r(290,6,13,1647)
r(290,6,13,1647)
r(287,6,4,1653)
w(288,5,4,1653)
w(290,7,4,1653)
r(288,5,4,1653)
w(288,6,4,1653)
r(290,7,4,1653)
r(292,0,5,1655)
w(292,1,5,1655)
r(291,0,5,1655)
w(253,5,5,1655)
r(292,1,5,1655)
r(292,1,13,1659)
r(291,0,13,1659)
r(292,1,13,1659)
r(292,1,13,1659)
r(292,1,13,1659)
w(253,6,4,1670)
w(291,6,4,1670)
w(291,7,4,1670)
r(294,0,4,1670)
r(294,0,4,1670)
r(291,0,17,1672)
w(294,1,17,1672)
r(294,1,17,1672)
w(283,5,17,1672)
w(294,2,17,1672)
w(294,3,17,1672)
w(283,6,17,1672)
w(293,2,13,1677)
w(295,4,13,1677)
w(283,8,13,1677)
w(295,5,13,1677)
r(296,0,13,1677)
r(296,0,0,1682)
r(296,0,0,1682)
w(295,8,0,1682)
w(296,8,0,1682)
r(253,6,0,1682)
r(297,0,0,1682)
r(297,0,0,1682)
r(295,5,13,1686)
w(297,1,13,1686)
r(283,8,13,1686)
r(295,5,13,1686)
r(297,1,13,1686)
w(297,2,13,1686)
r(297,2,13,1686)
w(297,3,13,1686)
r(297,3,6,1691)
w(297,7,6,1691)
w(297,8,6,1691)
r(297,8,6,1691)
r(297,8,6,1691)
w(298,4,6,1691)
r(299,0,6,1691)
w(299,1,6,1691)
r(299,1,8,1695)
r(293,2,8,1695)
r(298,4,8,1695)
w(299,6,8,1695)
w(293,4,12,1698)
w(300,1,12,1698)
w(300,2,12,1698)
r(300,2,12,1698)
r(299,6,13,1701)
r(253,6,13,1701)
w(299,7,13,1701)
w(298,8,13,1701)
w(299,8,13,1701)
r(299,8,13,1701)
r(293,2,13,1701)
w(300,3,19,1703)
r(300,3,19,1703)
r(298,4,19,1703)
r(253,6,19,1703)
r(300,3,19,1703)
r(301,0,6,1705)
w(301,1,6,1705)
w(300,5,6,1705)
r(293,4,6,1705)
w(302,2,1,1710)
w(302,3,1,1710)
r(293,4,1,1710)
r(302,3,1,1710)
w(253,8,1,1710)
w(293,7,0,1713)
w(293,8,0,1713)
r(301,1,0,1713)
r(303,0,0,1713)
w(303,2,5,1718)
r(303,2,5,1718)
w(303,3,5,1718)
r(304,0,5,1718)
r(301,1,5,1718)
r(303,3,5,1718)
w(301,6,5,1718)
r(303,3,5,1718)
r(303,3,6,1721)
r(303,3,6,1721)
r(303,3,6,1721)
r(301,6,6,1721)
r(253,8,6,1721)
w(303,7,1,1730)
w(303,8,1,1730)
w(306,1,1,1730)
r(301,6,1,1730)
w(306,2,1,1730)
w(304,1,1,1730)
r(304,0,0,1731)
r(301,6,0,1731)
r(306,0,0,1731)
w(307,1,0,1731)
r(306,0,0,1731)
r(306,0,0,1731)
r(308,0,13,1736)
r(307,1,13,1736)
r(308,0,13,1736)
r(308,0,13,1736)
w(308,1,4,1739)
r(308,1,4,1739)
w(304,2,4,1739)
r(308,1,4,1739)
r(308,1,4,1739)
w(308,2,4,1739)
r(308,0,6,1740)
r(308,0,6,1740)
w(307,4,6,1740)
w(307,5,6,1740)
r(308,2,17,1743)
r(308,2,17,1743)
r(304,2,17,1743)
r(308,2,17,1743)
r(308,2,17,1743)
w(308,6,19,1748)
w(307,7,19,1748)
r(307,7,19,1748)
w(308,7,19,1748)
r(308,7,19,1748)
w(305,6,0,1755)
w(310,1,0,1755)
w(309,1,0,1755)
r(310,1,0,1755)
w(305,7,0,1755)
r(309,1,0,1755)
r(310,0,1,1757)
w(311,2,1,1757)
r(311,2,1,1757)
r(309,0,1,1757)
w(309,2,17,1759)
w(305,8,17,1759)
r(310,1,17,1759)
w(310,4,17,1759)
w(310,5,1,1762)
w(309,4,1,1762)
w(310,6,1,1762)
r(310,6,1,1762)
r(312,0,1,1762)
r(304,2,1,1762)
w(309,5,19,1768)
w(310,7,19,1768)
w(309,6,19,1768)
w(312,1,19,1768)
w(310,8,19,1768)
r(310,8,19,1768)
w(312,2,19,1768)
w(313,3,0,1772)
r(313,3,0,1772)
w(313,4,0,1772)
r(304,2,0,1772)
w(304,5,0,1772)
r(312,2,13,1775)
w(314,1,13,1775)
r(313,4,13,1775)
r(304,5,13,1775)
r(314,1,13,1775)
r(313,4,13,1775)
r(315,0,19,1778)
w(315,1,19,1778)
r(315,1,19,1778)
r(311,2,19,1778)
w(315,2,19,1778)
w(314,2,19,1778)
r(315,2,19,1778)
r(314,2,19,1778)
w(315,5,6,1784)
r(315,5,6,1784)
w(315,6,6,1784)
w(315,7,6,1784)
w(316,1,8,1786)
w(316,2,8,1786)
r(316,2,8,1786)
r(316,2,8,1786)
r(316,2,8,1786)
r(316,2,8,1786)
w(314,6,8,1786)
r(316,2,8,1786)
r(314,6,6,1790)
w(316,4,6,1790)
w(316,5,6,1790)
r(314,6,6,1790)
w(314,8,6,1790)
r(312,2,6,1790)
w(316,6,6,1790)
w(316,7,6,1790)
w(318,1,19,1798)
w(312,4,19,1798)
r(312,4,19,1798)
w(318,2,19,1798)
w(312,5,19,1798)
r(318,2,19,1798)
w(318,3,19,1798)
r(319,0,19,1798)
w(318,7,12,1802)
r(318,7,12,1802)
w(317,2,12,1802)
w(318,8,12,1802)
r(319,0,17,1805)
r(320,0,17,1805)
r(320,0,17,1805)
r(317,2,17,1805)
w(320,1,19,1806)
r(320,1,19,1806)
w(319,4,19,1806)
r(320,1,19,1806)
r(320,1,19,1806)
r(319,4,19,1806)
r(317,0,19,1806)
w(320,2,19,1806)
r(320,2,6,1810)
r(320,2,6,1810)
r(320,2,6,1810)
w(317,3,6,1810)
r(320,2,17,1812)
r(317,3,17,1812)
r(320,2,17,1812)
r(319,4,17,1812)
w(319,6,12,1813)
w(312,7,12,1813)
r(320,2,12,1813)
r(320,2,12,1813)
w(311,3,12,1813)
w(320,5,12,1813)
w(320,6,19,1817)
r(320,6,19,1817)
w(317,4,19,1817)
w(320,7,19,1817)
r(319,6,19,1817)
r(322,0,12,1825)
r(321,0,12,1825)
r(322,0,12,1825)
r(321,0,12,1825)
r(322,0,12,1825)
r(321,0,12,1825)
r(321,0,12,1825)
w(322,2,12,1825)
r(321,0,4,1826)
w(321,5,4,1826)
r(323,0,4,1826)
w(321,6,4,1826)
w(321,7,4,1826)
r(321,7,4,1826)
r(321,7,12,1832)
r(322,2,12,1832)
w(324,1,12,1832)
w(323,3,12,1832)
r(324,1,12,1832)
w(323,4,12,1832)
w(324,2,12,1832)
w(323,6,5,1836)
r(323,6,5,1836)
r(323,6,5,1836)
r(324,2,5,1836)
r(323,6,5,1836)
w(323,7,17,1840)
w(324,7,17,1840)
w(317,7,17,1840)
w(324,8,17,1840)
w(317,8,17,1840)
r(322,2,17,1840)
w(325,1,6,1843)
w(326,2,6,1843)
r(326,2,6,1843)
r(326,2,6,1843)
w(326,3,6,1843)
w(326,4,6,1843)
w(327,2,19,1849)
r(327,2,19,1849)
r(327,2,19,1849)
r(327,2,19,1849)
r(328,0,19,1849)
r(311,3,1,1855)
w(322,5,1,1855)
w(325,2,1,1855)
r(325,2,1,1855)
r(327,0,1,1855)
w(325,3,1,1855)
r(327,0,1,1855)
w(322,6,1,1855)
r(327,2,4,1857)
w(328,1,4,1857)
w(327,6,4,1857)
r(327,6,4,1857)
r(322,2,4,1857)
r(325,1,4,1857)
w(325,8,5,1860)
r(329,0,5,1860)
r(329,0,5,1860)
w(322,8,5,1860)
r(322,8,5,1860)
w(329,1,5,1860)
w(329,3,8,1867)
w(329,4,8,1867)
w(329,5,8,1867)
w(329,6,8,1867)
w(329,7,8,1867)
w(331,1,8,1867)
r(332,0,17,1869)
r(331,0,17,1869)
w(332,3,17,1869)
r(331,0,17,1869)
r(331,0,17,1869)
r(332,3,17,1869)
w(331,5,1,1874)
w(328,2,1,1874)
w(332,6,1,1874)
r(311,3,1,1874)
w(332,8,13,1877)
w(331,6,13,1877)
r(332,8,13,1877)
r(330,0,13,1877)
w(333,1,6,1885)
r(328,2,6,1885)
r(328,2,6,1885)
w(333,2,6,1885)
w(333,3,6,1885)
w(330,2,6,1885)
r(333,3,6,1885)
r(311,3,0,1889)
r(333,3,0,1889)
w(333,7,0,1889)
w(333,8,0,1889)
r(331,6,0,1889)
w(331,7,0,1889)
r(334,0,13,1891)
w(334,1,13,1891)
r(334,1,13,1891)
w(334,2,13,1891)
r(334,2,5,1893)
w(311,5,5,1893)
r(334,2,5,1893)
r(311,5,5,1893)
w(334,4,1,1904)
w(330,5,1,1904)
w(334,5,1,1904)
w(334,6,1,1904)
w(334,7,1,1904)
w(334,8,1,1904)
r(335,0,12,1907)
w(335,2,12,1907)
w(335,3,12,1907)
w(335,4,12,1907)
w(336,1,12,1907)
r(330,2,12,1907)
w(336,2,12,1907)
r(337,0,6,1910)
r(337,0,6,1910)
r(311,5,6,1910)
r(311,5,6,1910)
w(337,2,6,1910)
r(338,0,19,1911)
r(338,0,19,1911)
r(338,0,19,1911)
w(338,2,19,1911)
w(338,3,19,1911)
w(339,1,13,1917)
r(339,1,13,1917)
r(337,2,13,1917)
r(340,0,13,1917)
r(339,1,13,1917)
r(328,2,13,1917)
w(338,8,4,1919)
r(338,8,4,1919)
w(336,8,4,1919)
r(337,2,4,1919)
r(339,0,4,1919)
r(328,2,4,1919)
r(336,8,4,1919)
