r(4,0,9,6)
r(2,0,9,6)
w(4,1,9,6)
w(4,2,9,6)
r(4,0,4,11)
r(4,0,4,11)
w(3,1,4,11)
w(2,1,4,11)
w(0,1,4,11)
r(4,0,4,11)
r(4,0,4,11)
r(3,1,4,11)
r(2,1,9,18)
r(5,0,9,18)
r(3,1,9,18)
w(5,8,9,18)
r(7,0,3,23)
r(1,0,3,23)
r(3,1,3,23)
r(1,0,3,23)
r(6,0,8,30)
r(6,0,8,30)
w(6,4,8,30)
r(6,4,8,30)
w(6,5,8,30)
r(6,5,8,30)
w(6,6,8,30)
w(7,5,0,36)
w(7,6,0,36)
r(2,1,0,36)
w(2,4,0,36)
r(8,0,3,40)
w(0,2,3,40)
w(9,1,3,40)
r(9,1,3,40)
w(8,1,3,40)
r(9,1,3,40)
r(9,1,3,40)
w(1,4,3,40)
r(2,4,7,47)
r(9,1,7,47)
w(9,7,7,47)
w(8,5,7,47)
r(9,7,7,47)
r(11,0,5,53)
w(10,4,5,53)
r(10,4,5,53)
w(10,5,5,53)
r(11,0,5,53)
w(11,2,2,56)
r(11,2,2,56)
r(10,5,2,56)
r(13,0,2,56)
r(11,2,2,56)
w(13,1,2,56)
w(12,1,2,56)
r(13,1,9,59)
r(13,1,9,59)
r(13,1,9,59)
w(11,5,9,59)
w(13,4,9,63)
r(12,1,9,63)
w(11,6,9,63)
r(11,6,9,63)
r(11,6,9,63)
w(11,7,9,63)
w(11,8,9,63)
r(13,4,3,69)
w(14,3,3,69)
w(14,4,3,69)
w(13,6,3,69)
w(13,7,3,69)
w(1,7,3,69)
r(13,7,3,69)
r(0,2,3,69)
r(1,7,7,73)
w(15,3,7,73)
w(14,8,7,73)
r(14,8,7,73)
r(15,3,6,80)
w(15,4,6,80)
r(1,7,6,80)
w(15,5,6,80)
r(16,0,6,80)
r(16,0,6,80)
r(1,7,6,80)
r(15,3,5,84)
r(16,0,5,84)
r(15,3,5,84)
r(16,0,5,84)
r(16,0,5,84)
w(17,1,1,85)
r(0,2,1,85)
r(15,3,1,85)
r(17,1,1,85)
r(17,1,1,85)
r(12,1,0,86)
r(15,3,0,86)
w(16,1,0,86)
w(12,5,0,86)
r(16,1,7,90)
r(12,5,7,90)
r(0,2,7,90)
w(12,7,7,90)
r(18,0,0,92)
r(16,1,0,92)
r(16,1,0,92)
r(18,0,0,92)
r(18,0,0,92)
r(16,1,0,92)
w(18,2,0,92)
w(12,8,2,95)
r(18,0,2,95)
w(16,4,2,95)
r(16,4,2,95)
r(18,0,2,95)
r(18,0,2,95)
r(0,2,0,96)
r(18,2,0,96)
r(17,1,0,96)
w(0,4,0,96)
r(18,2,0,96)
r(18,2,0,96)
r(18,2,0,96)
r(18,2,0,96)
r(18,2,1,104)
w(18,3,1,104)
w(19,1,1,104)
w(18,4,1,104)
w(19,2,1,104)
w(18,5,1,104)
w(18,6,1,104)
r(18,2,6,106)
r(17,1,6,106)
w(20,1,6,106)
w(16,7,6,106)
w(20,2,6,106)
w(21,3,8,113)
w(21,4,8,113)
r(20,2,8,113)
r(21,4,8,113)
w(20,6,8,113)
r(20,6,8,113)
w(20,7,8,113)
r(21,4,8,113)
r(19,2,0,119)
r(21,4,0,119)
w(0,7,0,119)
r(21,4,0,119)
w(22,7,1,120)
r(22,7,1,120)
r(21,4,1,120)
r(22,7,1,120)
r(22,7,1,120)
w(22,8,1,120)
r(22,0,6,121)
r(21,4,6,121)
w(21,6,6,121)
r(22,0,6,121)
w(17,3,6,121)
r(21,6,6,121)
r(22,8,4,124)
r(22,8,4,124)
r(22,8,4,124)
r(23,0,4,124)
r(21,6,9,126)
w(21,7,9,126)
r(21,7,9,126)
w(17,4,9,126)
r(22,8,9,126)
w(21,8,9,126)
w(23,1,3,128)
r(21,8,3,128)
r(21,8,3,128)
r(21,8,3,128)
r(23,1,3,128)
w(23,2,3,128)
w(23,3,3,128)
r(17,4,2,129)
r(19,2,2,129)
w(19,7,2,129)
r(19,7,2,129)
w(23,4,4,134)
w(23,5,4,134)
r(23,5,4,134)
w(23,6,4,134)
r(17,4,4,134)
w(23,7,4,134)
r(21,8,4,134)
r(23,7,4,134)
r(19,7,3,135)
r(24,0,3,135)
r(24,0,3,135)
r(17,4,3,135)
r(24,0,3,135)
w(19,8,1,140)
r(24,0,1,140)
r(25,0,1,140)
w(25,1,1,140)
r(25,1,1,140)
w(25,2,1,140)
r(24,0,1,140)
w(17,5,1,140)
r(25,2,6,145)
w(25,8,6,145)
r(27,0,6,145)
w(24,1,6,145)
w(0,8,6,145)
r(0,8,4,150)
r(27,0,4,150)
w(24,4,4,150)
w(27,5,4,150)
r(27,5,4,150)
w(30,2,6,163)
r(30,2,6,163)
r(29,0,6,163)
w(30,3,6,163)
r(30,3,6,163)
w(30,4,6,163)
w(29,3,2,166)
r(30,4,2,166)
r(29,3,2,166)
w(30,6,2,166)
w(30,7,2,166)
w(29,4,2,166)
r(30,7,2,166)
r(30,7,1,172)
w(30,8,1,172)
r(29,4,1,172)
r(30,8,1,172)
r(29,4,1,172)
w(17,6,1,172)
r(29,4,1,172)
r(31,0,1,172)
r(34,0,6,180)
w(29,8,6,180)
r(34,0,6,180)
r(29,8,6,180)
r(34,0,6,180)
w(35,1,6,180)
w(35,2,6,180)
w(34,2,5,189)
r(34,2,5,189)
w(34,3,5,189)
r(35,2,5,189)
w(34,4,5,189)
r(34,4,5,189)
r(34,4,5,189)
r(36,0,9,197)
r(36,0,9,197)
w(36,2,9,197)
w(36,3,9,197)
w(36,4,9,197)
r(26,0,9,197)
w(37,1,1,202)
r(32,0,1,202)
r(38,0,1,202)
w(38,4,1,202)
w(38,5,1,202)
r(38,5,1,202)
r(38,5,1,202)
w(32,2,0,210)
w(39,3,0,210)
w(39,4,0,210)
w(33,3,0,210)
r(37,1,0,210)
r(40,0,1,214)
w(33,4,1,214)
w(40,2,1,214)
r(37,1,1,214)
w(40,7,0,220)
r(39,4,0,220)
w(40,8,0,220)
r(32,2,0,220)
r(39,4,0,220)
w(41,2,2,225)
w(41,3,2,225)
w(32,4,2,225)
w(33,6,2,225)
r(41,3,2,225)
r(41,3,7,228)
r(41,3,7,228)
r(37,1,7,228)
r(41,3,7,228)
r(41,3,7,228)
r(37,1,7,228)
w(42,2,9,230)
w(37,6,9,230)
r(41,3,9,230)
w(41,5,9,230)
r(37,6,9,230)
w(42,3,9,230)
r(41,5,1,232)
r(41,5,1,232)
r(42,3,1,232)
w(41,6,1,232)
r(41,6,1,232)
w(42,4,1,232)
r(37,6,1,235)
w(42,6,1,235)
r(41,6,1,235)
w(41,7,1,235)
w(43,2,6,243)
r(42,6,6,243)
r(42,6,6,243)
w(37,7,6,243)
r(43,2,6,243)
w(43,3,6,243)
w(43,4,6,243)
r(43,0,4,244)
r(42,6,4,244)
r(42,6,4,244)
r(37,6,4,244)
w(46,1,3,248)
r(46,1,3,248)
r(43,4,3,248)
w(46,2,3,248)
r(46,0,0,250)
w(44,1,0,250)
r(43,4,0,250)
w(43,6,0,250)
r(47,0,6,254)
w(47,1,6,254)
w(45,3,6,254)
r(46,2,6,254)
w(47,2,6,254)
w(47,7,8,257)
r(47,7,8,257)
r(46,2,8,257)
w(45,4,8,257)
r(47,7,8,260)
r(47,7,8,260)
w(47,8,8,260)
w(45,5,8,260)
r(45,5,8,260)
r(45,5,8,260)
w(44,4,8,260)
r(47,7,7,261)
r(46,2,7,261)
r(47,7,7,261)
r(44,1,7,261)
w(46,4,9,266)
w(45,6,9,266)
w(48,1,9,266)
w(45,7,9,266)
r(48,1,9,266)
w(45,8,9,266)
w(48,2,9,266)
w(46,5,9,266)
r(46,5,1,269)
w(46,8,1,269)
r(46,8,1,269)
r(50,0,1,269)
r(49,0,1,269)
r(50,0,3,275)
r(50,0,3,275)
w(50,2,3,275)
r(49,0,3,275)
w(51,1,3,275)
r(50,2,3,275)
r(50,2,3,275)
r(50,2,3,275)
r(52,0,7,280)
r(51,1,7,280)
r(52,0,7,280)
r(52,0,7,280)
w(52,1,7,280)
w(52,2,7,280)
w(52,3,7,280)
r(44,4,2,285)
w(49,3,2,285)
r(51,1,2,285)
w(44,5,2,285)
w(51,6,2,285)
r(44,5,2,285)
r(49,3,2,285)
r(51,6,2,285)
r(53,0,2,294)
r(54,0,2,294)
w(54,1,2,294)
r(54,1,2,294)
w(54,2,2,294)
w(53,3,2,294)
r(53,3,2,294)
r(54,2,4,301)
w(44,6,4,301)
r(32,4,4,301)
r(53,3,4,301)
r(44,6,4,301)
r(54,2,4,301)
r(53,3,3,304)
w(54,7,3,304)
w(54,8,3,304)
r(54,8,3,304)
r(54,8,3,304)
w(56,3,7,308)
r(56,3,7,308)
w(55,1,7,308)
w(53,6,7,308)
r(44,5,7,308)
r(56,3,7,308)
r(55,1,7,308)
w(58,3,5,315)
r(57,0,5,315)
r(58,3,5,315)
r(58,3,5,315)
r(58,3,4,322)
r(58,3,4,322)
w(57,4,4,322)
r(57,4,4,322)
r(58,3,4,322)
w(57,5,4,322)
w(58,4,6,326)
w(58,5,6,326)
w(55,3,6,326)
w(55,4,6,326)
r(55,4,6,326)
w(55,5,6,326)
r(57,5,7,328)
w(59,4,7,328)
r(55,1,7,328)
r(59,4,7,328)
w(59,5,7,328)
r(59,5,7,328)
r(32,4,7,328)
w(59,7,2,337)
w(57,7,2,337)
w(59,8,2,337)
r(59,8,2,337)
w(60,1,2,337)
w(60,2,2,337)
r(60,2,2,337)
r(55,5,2,337)
r(60,2,2,340)
r(61,0,2,340)
w(60,5,2,340)
w(61,1,2,340)
r(60,5,2,340)
r(60,5,2,340)
w(60,6,2,340)
r(60,2,8,341)
r(60,2,8,341)
r(60,2,8,341)
w(63,1,8,341)
r(61,0,8,341)
r(60,6,8,347)
r(60,6,8,347)
r(63,1,8,347)
r(60,6,8,347)
w(62,1,8,347)
r(62,1,8,347)
r(44,6,5,348)
w(64,1,5,348)
r(61,1,5,348)
r(44,6,5,348)
w(64,2,5,348)
r(61,1,5,348)
w(61,2,2,351)
w(63,2,2,351)
r(60,6,2,351)
w(60,7,2,351)
r(62,0,2,351)
w(60,8,2,351)
r(62,0,2,351)
w(64,5,4,355)
w(62,3,4,355)
w(62,4,4,355)
r(64,5,4,355)
w(64,6,4,355)
w(66,1,6,358)
w(61,4,6,358)
r(66,1,6,358)
w(62,6,6,358)
r(66,1,4,361)
w(61,7,4,361)
r(62,6,4,361)
r(66,1,4,361)
r(65,0,5,363)
r(62,6,5,363)
r(66,1,5,363)
r(66,1,5,363)
w(66,5,5,363)
r(61,7,6,365)
r(62,6,6,365)
r(61,7,6,365)
r(61,7,6,365)
w(61,8,6,365)
r(61,8,6,365)
w(66,7,3,372)
w(66,8,3,372)
w(67,2,3,372)
w(67,3,3,372)
w(63,3,3,372)
r(66,8,3,372)
r(66,8,3,372)
r(65,0,3,372)
r(67,0,5,374)
r(67,0,5,374)
w(62,8,5,374)
w(68,3,5,374)
r(68,3,5,374)
r(67,3,1,375)
r(62,6,1,375)
r(68,0,1,375)
r(68,0,1,375)
r(68,0,1,375)
w(68,4,0,380)
r(65,0,0,380)
w(68,5,0,380)
w(68,6,0,380)
r(68,6,0,380)
r(69,0,6,385)
r(62,8,6,385)
w(69,1,6,385)
w(69,2,6,385)
w(69,3,6,385)
r(69,3,6,385)
w(69,4,6,385)
w(65,2,6,385)
r(69,0,2,388)
w(67,7,2,388)
w(67,8,2,388)
r(70,0,2,388)
r(71,0,2,388)
r(67,3,1,390)
w(71,1,1,390)
r(71,1,1,390)
w(70,2,1,390)
w(70,3,7,394)
r(71,1,7,394)
w(72,2,7,394)
w(72,3,7,394)
r(71,1,7,394)
w(71,5,1,398)
r(63,3,1,398)
r(71,5,1,398)
r(63,3,1,398)
w(71,6,1,398)
r(71,6,1,398)
w(71,7,1,398)
r(72,3,5,399)
r(72,3,5,399)
r(72,3,5,399)
w(73,1,5,399)
w(74,4,9,410)
w(74,5,9,410)
r(70,3,9,410)
w(65,8,9,410)
r(74,5,9,410)
r(70,3,9,410)
w(74,6,9,410)
r(72,3,9,413)
r(70,3,9,413)
r(74,6,9,413)
w(72,8,9,413)
r(72,8,9,413)
r(72,8,9,413)
r(72,8,9,413)
r(70,3,9,413)
w(77,7,8,427)
w(77,8,8,427)
r(76,0,8,427)
w(78,1,8,427)
r(76,0,4,429)
w(75,1,4,429)
r(78,1,4,429)
w(78,3,4,429)
w(78,4,4,429)
r(78,4,4,429)
w(78,5,9,431)
r(70,3,9,431)
r(76,0,9,431)
w(78,6,9,431)
w(79,7,3,441)
r(80,0,3,441)
w(79,8,3,441)
r(79,8,3,441)
r(81,0,3,441)
r(81,0,3,441)
w(81,1,7,442)
r(81,1,7,442)
r(81,1,7,442)
r(75,1,7,442)
r(80,0,5,444)
w(63,8,5,444)
r(81,0,5,444)
w(82,1,5,444)
w(81,2,7,446)
w(81,3,7,446)
r(81,3,7,446)
r(81,3,7,446)
r(81,3,7,446)
w(82,2,7,446)
w(81,4,7,446)
w(81,5,7,446)
w(81,8,9,449)
r(81,8,9,449)
w(82,3,9,449)
r(80,0,9,449)
r(80,0,9,449)
w(80,5,9,449)
r(84,0,9,449)
w(84,1,9,451)
r(84,1,9,451)
r(84,1,9,451)
w(84,2,9,451)
r(84,2,5,454)
w(75,4,5,454)
r(80,5,5,454)
w(84,3,5,454)
r(75,4,5,454)
w(84,4,5,454)
r(82,3,1,457)
w(84,5,1,457)
w(84,6,1,457)
w(82,4,1,457)
w(84,7,1,457)
r(82,4,0,460)
r(80,5,0,460)
r(85,0,0,460)
w(82,5,0,460)
r(85,0,0,460)
w(80,6,0,460)
r(85,0,0,460)
r(80,5,7,462)
w(85,2,7,462)
r(85,2,7,462)
r(80,5,7,462)
w(85,3,7,462)
w(85,6,8,470)
w(75,5,8,470)
r(80,6,8,470)
w(85,7,8,470)
w(85,8,8,470)
w(82,6,8,470)
r(86,0,0,472)
r(86,0,0,472)
r(82,6,0,472)
r(86,0,0,472)
r(75,5,8,476)
w(87,2,8,476)
r(87,2,8,476)
r(86,0,8,476)
r(86,0,8,476)
w(86,4,8,476)
r(82,6,8,476)
r(86,4,2,479)
w(82,8,2,479)
w(75,8,2,479)
r(82,8,2,479)
w(86,6,7,481)
r(86,6,7,481)
r(87,2,7,481)
r(88,0,7,481)
r(86,6,7,481)
w(86,7,7,481)
r(86,7,7,481)
w(86,8,2,483)
w(87,5,2,483)
r(90,0,2,483)
w(87,6,2,483)
r(90,0,6,486)
r(87,6,6,486)
w(87,7,6,486)
r(87,7,6,486)
w(87,8,6,486)
r(89,0,6,486)
r(90,0,2,487)
r(87,6,2,487)
r(88,0,2,487)
w(88,1,2,487)
w(90,1,8,492)
w(90,2,8,492)
r(90,2,8,492)
w(83,2,8,492)
r(88,1,7,495)
w(90,8,7,495)
r(90,8,7,495)
r(91,0,7,495)
r(89,0,2,498)
r(91,0,2,498)
r(92,0,2,498)
w(91,2,2,498)
r(92,0,2,498)
w(92,1,2,498)
w(92,2,2,498)
r(92,2,2,498)
w(88,3,5,499)
r(92,0,5,499)
r(92,0,5,499)
w(89,1,5,499)
w(89,2,5,499)
w(92,3,5,506)
r(91,2,5,506)
r(91,2,5,506)
r(92,3,5,506)
w(92,4,5,506)
r(92,4,5,506)
w(89,3,5,506)
w(92,5,5,506)
w(91,4,7,508)
r(92,2,7,508)
w(88,4,7,508)
r(92,2,7,508)
r(93,0,4,513)
w(93,3,4,513)
r(91,4,4,513)
w(91,6,4,513)
r(93,3,4,513)
w(91,7,4,513)
w(93,4,4,513)
w(94,1,7,518)
w(94,2,7,518)
r(88,4,7,518)
w(88,6,7,518)
w(94,3,7,518)
w(95,2,5,527)
w(94,8,5,527)
r(94,8,5,527)
w(95,3,5,527)
r(94,8,5,527)
w(97,2,9,529)
r(97,2,9,529)
r(97,2,9,529)
r(97,2,9,529)
r(97,2,9,529)
r(98,0,9,529)
r(98,0,1,531)
r(98,0,1,531)
w(96,2,1,531)
r(97,2,1,531)
r(98,0,1,531)
w(97,5,1,531)
r(98,0,1,537)
w(97,6,1,537)
w(97,7,1,537)
w(97,8,1,537)
w(99,1,1,537)
r(99,1,3,540)
r(99,1,3,540)
r(99,1,3,540)
r(99,1,3,540)
r(99,1,3,540)
w(98,3,3,540)
r(100,0,9,546)
w(100,1,9,546)
w(98,5,9,546)
r(100,1,9,546)
r(96,2,9,546)
w(98,8,4,551)
w(89,7,4,551)
r(89,7,4,551)
r(83,2,4,551)
r(100,1,4,551)
r(102,0,3,557)
r(102,0,3,557)
r(102,0,3,557)
w(96,4,3,557)
w(102,1,3,557)
r(101,0,3,557)
r(102,1,3,557)
w(102,2,3,557)
w(102,6,7,560)
r(103,0,7,560)
w(102,7,7,560)
r(102,7,7,560)
w(102,8,7,560)
r(102,8,7,560)
r(101,0,7,560)
w(101,3,7,560)
r(101,0,1,561)
r(96,4,1,561)
r(101,0,1,561)
r(96,4,1,561)
r(96,4,1,561)
r(101,0,1,561)
r(101,0,1,561)
w(103,1,7,563)
r(104,0,7,563)
r(104,0,7,563)
r(96,4,7,563)
w(104,2,9,570)
r(104,2,9,570)
w(104,3,9,570)
r(104,3,9,570)
w(104,7,0,579)
w(101,7,0,579)
w(104,8,0,579)
r(101,7,0,579)
r(103,1,0,579)
r(101,7,0,579)
r(96,4,2,582)
r(101,3,2,582)
w(103,3,2,582)
r(105,0,2,582)
r(105,0,2,582)
r(101,3,8,583)
r(105,0,8,583)
w(105,1,8,583)
r(96,4,8,583)
r(101,3,8,583)
w(105,2,8,583)
w(105,3,8,583)
w(106,4,4,592)
r(103,3,4,592)
r(106,4,4,592)
w(108,2,4,592)
r(83,2,5,600)
r(109,0,5,600)
r(103,3,5,600)
w(109,4,5,600)
r(109,4,5,600)
w(107,3,5,600)
w(107,4,5,600)
w(108,5,5,600)
r(110,0,7,605)
w(111,1,7,605)
r(83,2,7,605)
w(110,2,7,605)
r(108,5,7,605)
r(103,3,4,612)
r(110,2,4,612)
w(108,7,4,612)
w(110,5,4,612)
w(111,3,4,612)
w(110,6,4,612)
r(110,6,4,612)
w(110,7,4,612)
w(111,5,6,617)
r(110,7,6,617)
w(110,8,6,617)
r(103,3,6,617)
w(111,6,6,617)
r(113,0,1,619)
r(111,6,1,619)
r(111,6,1,619)
r(113,0,1,619)
r(103,3,9,621)
r(113,0,9,621)
r(111,6,9,621)
r(111,6,9,621)
r(113,0,9,621)
r(113,0,9,621)
w(112,1,9,621)
r(113,0,6,625)
r(103,3,6,625)
r(113,0,6,625)
r(103,3,6,625)
r(113,0,6,625)
w(115,1,6,625)
w(114,1,4,629)
w(113,3,4,629)
r(113,3,4,629)
r(115,0,4,629)
w(113,4,4,629)
r(112,1,4,629)
w(103,7,4,629)
r(113,4,9,633)
w(112,2,9,633)
r(113,4,9,633)
r(113,4,9,633)
w(114,2,9,633)
r(114,2,1,637)
w(115,7,1,637)
r(113,4,1,637)
w(103,8,1,637)
w(115,8,1,637)
r(113,4,1,637)
w(116,2,9,642)
w(114,3,9,642)
r(103,7,9,642)
w(116,3,9,642)
w(112,5,9,642)
r(116,3,1,644)
r(116,3,1,644)
r(116,3,1,644)
r(114,3,1,644)
w(116,5,1,644)
r(116,5,1,644)
r(116,5,1,644)
w(116,6,1,644)
r(116,6,2,647)
w(117,4,2,647)
w(116,8,2,647)
w(119,1,2,647)
r(117,4,0,649)
w(119,2,0,649)
r(118,0,0,649)
r(117,4,0,649)
w(114,6,0,649)
r(119,2,5,651)
r(114,6,5,651)
w(117,5,5,651)
w(119,3,5,651)
w(117,6,9,654)
w(114,7,9,654)
w(117,7,9,654)
w(118,2,9,654)
w(119,5,6,657)
r(120,0,6,657)
r(119,5,6,657)
w(118,3,6,657)
r(119,5,3,664)
w(120,3,3,664)
r(119,5,3,664)
r(118,3,3,664)
r(121,0,3,664)
r(120,0,7,666)
w(119,6,7,666)
r(119,6,7,666)
r(119,6,7,666)
r(119,6,7,666)
w(119,7,7,666)
r(118,3,7,666)
r(121,0,9,668)
r(120,0,9,668)
w(121,1,9,668)
r(114,7,9,668)
r(112,5,9,668)
w(121,2,9,668)
w(118,4,8,671)
w(120,5,8,671)
r(121,0,8,671)
r(120,5,8,671)
w(114,8,9,674)
w(121,4,9,674)
w(121,5,9,674)
r(114,8,9,674)
r(120,3,9,674)
r(120,5,8,678)
w(120,8,8,678)
r(114,8,8,678)
w(121,7,8,678)
r(118,4,2,681)
w(123,1,2,681)
w(121,8,2,681)
r(121,8,2,681)
w(124,1,2,681)
r(124,1,2,681)
w(112,6,3,687)
w(124,5,3,687)
r(124,5,3,687)
r(124,5,3,687)
r(124,5,3,687)
w(125,2,3,694)
w(125,3,3,694)
r(125,3,3,694)
w(125,4,3,694)
w(122,6,3,694)
w(122,8,7,697)
r(118,4,7,697)
r(126,0,7,697)
r(123,1,7,697)
r(123,1,7,697)
r(123,1,4,699)
r(126,0,4,699)
w(118,6,4,699)
w(126,2,4,699)
r(118,6,4,699)
r(118,6,4,699)
r(126,2,8,703)
w(126,3,8,703)
r(123,1,8,703)
r(123,1,8,703)
w(126,4,8,703)
w(126,5,8,703)
r(123,1,7,708)
r(118,6,7,708)
r(127,0,7,708)
r(123,1,7,708)
w(127,2,0,709)
w(128,2,0,709)
r(128,2,0,709)
r(128,2,0,709)
r(118,6,0,709)
w(128,3,0,709)
w(128,7,6,717)
r(127,2,6,717)
w(118,8,6,717)
r(118,8,6,717)
r(128,7,6,717)
r(128,7,6,717)
w(128,8,6,717)
r(128,3,9,719)
w(129,1,9,719)
w(123,6,9,719)
w(129,2,9,719)
r(129,2,9,719)
w(123,7,9,719)
w(127,4,2,721)
r(129,0,2,721)
r(127,4,2,721)
r(127,4,2,721)
r(127,4,2,721)
w(127,5,2,721)
r(118,8,2,721)
r(129,0,2,721)
r(127,5,8,724)
r(112,6,8,724)
r(127,5,8,724)
r(129,2,8,724)
w(129,8,8,724)
r(118,8,4,733)
w(130,3,4,733)
w(130,4,4,733)
r(131,0,4,733)
r(130,4,4,733)
r(118,8,4,733)
w(127,7,4,733)
r(130,4,7,736)
r(133,0,7,736)
w(130,8,7,736)
r(130,8,7,736)
r(131,0,7,736)
r(130,8,7,736)
r(130,8,7,736)
r(130,4,9,740)
w(133,3,9,740)
w(133,4,9,740)
w(134,1,9,740)
r(134,1,9,740)
w(133,5,9,740)
w(134,2,9,740)
r(112,6,6,743)
r(134,2,6,743)
r(133,5,6,743)
w(131,5,6,743)
r(132,0,6,743)
r(131,5,6,743)
r(132,0,0,745)
r(136,0,0,745)
r(136,0,0,745)
r(132,0,0,745)
r(136,0,0,745)
w(133,6,0,745)
r(136,0,2,750)
w(135,1,2,750)
w(133,7,2,750)
r(136,0,2,750)
w(135,2,2,750)
r(131,5,1,755)
r(136,0,1,755)
r(136,0,1,755)
w(136,1,1,755)
r(136,1,1,755)
r(136,1,1,755)
r(136,1,1,755)
w(132,5,5,759)
r(136,0,5,759)
r(136,0,5,759)
r(136,0,5,759)
w(137,1,2,762)
w(137,2,2,762)
r(136,0,2,762)
r(135,2,2,762)
r(138,0,2,762)
r(138,0,2,762)
r(138,0,2,762)
r(138,0,8,766)
w(138,4,8,766)
r(138,4,8,766)
r(138,4,8,766)
r(138,4,8,766)
w(138,5,8,766)
r(138,5,8,766)
w(138,6,8,766)
w(131,7,2,769)
r(138,6,2,769)
r(138,6,2,769)
r(138,6,2,769)
r(137,2,9,771)
r(132,5,9,771)
r(138,6,9,771)
r(131,7,9,771)
r(139,0,9,771)
r(131,7,0,775)
r(139,0,0,775)
w(131,8,0,775)
r(137,2,0,775)
r(139,0,0,775)
r(131,8,0,775)
w(139,1,4,777)
w(139,2,4,777)
r(139,2,4,777)
r(139,2,4,777)
w(139,3,4,777)
w(137,5,4,777)
r(137,5,6,781)
r(131,8,6,781)
w(137,6,6,781)
r(139,3,6,781)
r(139,3,6,781)
r(137,6,6,781)
r(137,6,6,781)
r(139,3,1,783)
r(139,3,1,783)
r(137,5,1,783)
w(135,4,1,783)
r(139,3,1,783)
r(139,3,1,783)
r(137,6,2,784)
w(139,6,2,784)
r(139,6,2,784)
r(131,8,2,784)
r(139,6,2,784)
w(139,8,8,788)
w(137,7,8,788)
r(139,8,8,788)
w(140,1,8,788)
r(141,0,8,788)
w(141,4,6,794)
w(142,2,6,794)
w(140,2,6,794)
r(142,2,6,794)
r(141,4,6,794)
w(142,3,6,794)
w(141,5,6,794)
w(143,2,5,798)
r(141,5,5,798)
r(141,5,5,798)
w(144,1,5,798)
w(144,4,4,807)
w(142,5,4,807)
w(144,5,4,807)
r(144,5,4,807)
w(144,6,4,807)
w(135,6,4,807)
r(142,5,4,807)
r(140,2,4,807)
w(145,4,4,818)
w(143,6,4,818)
w(145,5,4,818)
r(145,5,4,818)
r(145,0,7,820)
w(146,2,7,820)
r(146,2,7,820)
r(146,2,7,820)
r(148,0,3,838)
r(146,2,3,838)
w(148,4,3,838)
r(146,2,3,838)
r(148,4,3,838)
r(147,0,4,842)
r(151,0,4,842)
r(147,0,4,842)
r(151,0,4,842)
r(151,0,4,842)
w(146,8,8,843)
r(149,0,8,843)
r(146,8,8,843)
w(149,1,8,843)
w(149,2,8,843)
r(151,0,3,844)
r(151,0,3,844)
w(150,5,3,844)
w(140,3,3,844)
w(151,6,3,844)
r(151,6,3,844)
w(147,5,3,844)
r(150,5,3,844)
w(151,7,8,846)
r(151,7,8,846)
w(151,8,8,846)
w(152,1,8,846)
r(150,5,4,848)
w(152,2,4,848)
w(150,6,4,848)
r(152,2,4,848)
w(152,3,4,848)
w(150,3,7,857)
r(135,6,7,857)
w(150,4,7,857)
w(151,4,7,857)
w(151,5,7,857)
r(151,5,7,857)
w(156,2,8,870)
r(153,0,8,870)
w(156,3,8,870)
r(153,0,8,870)
w(140,6,8,870)
w(156,4,8,870)
w(156,5,8,870)
w(140,7,8,873)
r(156,5,8,873)
w(153,8,8,873)
r(140,7,8,873)
r(153,8,7,875)
r(153,8,7,875)
r(153,8,7,875)
r(157,0,7,875)
r(158,0,7,875)
r(155,0,8,885)
w(155,4,8,885)
w(157,1,8,885)
r(158,0,8,885)
r(157,1,8,885)
w(155,5,8,885)
r(158,0,8,885)
r(140,7,5,888)
r(157,0,5,888)
w(160,1,5,888)
r(158,0,5,888)
r(160,1,5,888)
r(160,1,5,888)
r(158,0,5,888)
r(160,1,4,900)
w(160,2,4,900)
w(155,8,4,900)
w(158,4,4,900)
w(160,3,4,900)
w(162,1,4,900)
w(160,4,4,900)
w(162,7,4,907)
w(159,2,4,907)
w(163,2,4,907)
r(163,2,4,907)
r(163,2,3,911)
r(161,0,3,911)
w(164,2,3,911)
r(163,2,3,911)
w(163,6,3,911)
r(163,6,3,911)
r(161,0,7,916)
r(163,6,7,916)
w(163,7,7,916)
w(165,1,7,916)
w(164,3,7,916)
r(164,3,7,916)
w(163,8,7,916)
r(166,0,5,920)
r(166,0,5,920)
w(164,4,5,920)
r(166,0,5,920)
r(164,4,12,921)
w(166,2,12,921)
w(166,3,12,921)
w(166,4,12,921)
r(164,4,8,926)
r(164,4,8,926)
r(164,4,8,926)
w(166,5,8,926)
w(164,5,8,926)
r(166,4,4,927)
r(166,4,4,927)
r(166,4,4,927)
w(161,1,4,927)
r(166,5,1,929)
r(164,5,1,929)
r(166,5,1,929)
w(164,6,1,929)
r(159,2,3,932)
r(166,5,3,932)
r(159,2,3,932)
w(161,2,3,932)
r(164,6,3,932)
r(164,6,3,932)
r(166,5,5,936)
r(166,5,5,936)
r(166,5,5,936)
w(166,7,5,936)
w(165,3,5,936)
w(166,8,5,936)
r(164,6,5,936)
r(167,0,8,939)
r(164,6,8,939)
w(164,7,8,939)
w(159,4,8,939)
r(167,0,8,939)
w(167,3,8,939)
r(167,3,8,939)
r(167,3,4,942)
w(167,4,4,942)
w(167,5,4,942)
r(165,3,4,942)
r(165,3,4,942)
w(165,4,4,942)
w(165,5,4,942)
w(167,6,4,942)
r(169,0,10,945)
r(168,0,10,945)
r(165,5,10,945)
r(169,0,10,945)
w(161,3,10,945)
w(169,1,3,951)
w(169,2,3,951)
w(165,6,3,951)
w(169,3,3,951)
w(169,4,3,951)
w(169,5,3,951)
r(168,0,3,951)
w(159,5,3,951)
w(170,3,8,952)
w(168,5,8,952)
r(168,5,8,952)
w(170,4,8,952)
r(168,5,8,952)
w(168,7,4,958)
w(168,8,4,958)
r(170,4,4,958)
w(170,6,4,958)
w(170,7,4,958)
w(172,1,3,962)
w(171,1,3,962)
r(171,1,3,962)
w(165,8,3,962)
r(171,1,3,962)
w(171,2,3,962)
r(165,8,3,962)
r(171,2,3,962)
r(171,2,4,970)
w(172,3,4,970)
r(171,2,4,970)
w(171,8,4,970)
w(172,4,4,970)
r(172,1,10,971)
r(159,5,10,971)
w(173,2,10,971)
w(174,2,10,971)
w(174,6,10,977)
w(173,3,10,977)
w(174,7,10,977)
r(174,7,10,977)
r(172,4,9,981)
r(172,4,9,981)
w(172,8,9,981)
r(174,7,9,981)
w(175,1,9,981)
r(159,5,9,981)
r(173,3,16,984)
r(176,0,16,984)
w(176,1,16,984)
r(176,1,16,984)
r(176,1,16,984)
w(176,2,16,984)
w(176,3,16,984)
r(176,0,5,985)
r(161,3,5,985)
r(176,0,5,985)
r(173,3,5,985)
w(176,4,8,989)
r(176,4,8,989)
w(176,5,8,989)
w(173,7,8,989)
r(161,3,8,989)
r(176,5,8,989)
r(176,5,8,989)
r(173,7,8,989)
w(177,3,5,994)
r(177,3,5,994)
r(173,7,5,994)
r(177,3,5,994)
r(173,7,5,994)
r(177,3,3,999)
r(175,1,3,999)
r(177,3,3,999)
w(178,1,3,999)
w(175,3,3,999)
w(177,7,9,1002)
r(177,7,9,1002)
w(177,8,9,1002)
w(179,1,9,1002)
r(179,1,9,1002)
r(179,1,16,1007)
w(179,3,16,1007)
w(175,6,16,1007)
w(179,4,16,1007)
w(175,7,16,1007)
r(179,4,16,1007)
w(161,6,16,1007)
w(179,5,16,1007)
r(179,5,4,1010)
r(179,5,4,1010)
r(175,7,4,1010)
r(175,7,4,1010)
r(179,5,4,1010)
w(178,2,4,1010)
r(175,7,4,1010)
r(180,0,4,1010)
r(180,0,1,1014)
w(180,1,1,1014)
r(161,6,1,1014)
w(180,2,1,1014)
r(180,2,1,1014)
r(180,2,1,1014)
r(180,2,1,1014)
r(181,0,1,1014)
r(180,2,12,1019)
w(178,4,12,1019)
r(180,2,12,1019)
r(181,0,12,1019)
r(178,2,8,1020)
r(180,2,8,1020)
r(181,0,8,1020)
r(182,0,8,1020)
w(180,6,7,1023)
r(180,6,7,1023)
w(180,7,7,1023)
w(180,8,7,1023)
w(159,8,8,1027)
w(182,1,8,1027)
w(182,2,8,1027)
r(181,0,8,1027)
w(182,3,8,1027)
r(178,4,3,1029)
r(182,3,3,1029)
r(182,3,3,1029)
w(181,7,3,1029)
w(181,8,8,1034)
r(182,3,8,1034)
r(182,3,8,1034)
w(178,7,8,1034)
r(182,3,4,1039)
w(185,1,4,1039)
r(184,0,4,1039)
r(161,6,4,1039)
r(185,1,4,1039)
w(185,2,4,1039)
r(185,2,4,1045)
w(184,2,4,1045)
r(186,0,4,1045)
w(184,3,4,1045)
r(186,0,3,1047)
r(186,0,3,1047)
r(186,0,3,1047)
r(186,0,3,1047)
w(185,4,3,1047)
r(186,0,1,1050)
r(161,6,1,1050)
r(186,0,1,1050)
w(186,8,1,1050)
r(186,8,1,1050)
w(184,4,1,1050)
r(185,4,1,1050)
r(185,4,1,1050)
w(184,6,12,1058)
w(188,2,12,1058)
w(185,5,12,1058)
w(188,3,12,1058)
r(188,3,12,1058)
w(188,4,12,1058)
r(185,5,12,1058)
r(185,5,10,1064)
w(188,8,10,1064)
w(184,8,10,1064)
r(184,8,10,1064)
r(188,8,10,1064)
r(188,8,10,1064)
r(188,8,10,1064)
r(187,0,10,1064)
r(185,5,12,1065)
w(185,8,12,1065)
r(188,4,12,1065)
r(188,4,12,1065)
r(188,8,1,1067)
r(188,8,1,1067)
r(190,0,1,1067)
r(185,5,1,1067)
r(190,0,1,1067)
w(183,2,1,1067)
r(189,0,1,1067)
r(190,0,1,1067)
w(187,1,16,1068)
r(188,8,16,1068)
w(189,1,16,1068)
r(188,8,16,1068)
r(188,8,16,1068)
r(187,1,16,1068)
r(190,0,3,1074)
r(190,0,3,1074)
w(190,5,3,1074)
w(190,6,3,1074)
r(187,1,3,1074)
r(190,6,3,1074)
r(191,0,3,1074)
r(190,6,3,1074)
r(187,1,12,1079)
r(192,0,12,1079)
r(187,1,12,1079)
r(192,0,12,1079)
w(187,3,12,1079)
w(192,1,12,1079)
r(191,0,12,1079)
w(192,4,1,1083)
r(192,4,1,1083)
r(192,4,1,1083)
r(191,0,1,1083)
r(191,0,5,1087)
w(192,8,5,1087)
r(191,0,5,1087)
r(192,8,5,1087)
r(191,0,5,1087)
r(183,2,3,1091)
r(193,0,3,1091)
r(191,0,3,1091)
r(193,0,3,1091)
r(189,1,8,1094)
w(194,2,8,1094)
r(189,1,8,1094)
r(193,0,8,1094)
w(193,6,8,1099)
r(194,2,8,1099)
w(193,7,8,1099)
r(193,7,8,1099)
w(187,4,8,1099)
r(195,0,4,1104)
w(195,1,4,1104)
w(195,2,4,1104)
w(194,5,4,1104)
r(195,2,4,1104)
r(194,5,4,1104)
r(195,2,4,1104)
w(195,4,5,1114)
r(195,4,5,1114)
r(183,2,5,1114)
r(194,5,5,1114)
w(194,6,5,1114)
r(195,4,5,1114)
w(187,5,5,1114)
w(194,7,5,1114)
r(197,0,3,1116)
r(197,0,3,1116)
r(196,0,3,1116)
w(197,1,3,1116)
r(196,0,3,1119)
r(197,1,3,1119)
r(197,1,3,1119)
r(196,0,3,1119)
r(196,0,3,1119)
w(189,8,3,1119)
r(196,0,3,1119)
r(197,1,7,1124)
w(197,4,7,1124)
w(197,5,7,1124)
r(197,5,7,1124)
w(197,6,7,1124)
w(197,7,7,1124)
r(197,7,7,1124)
r(196,0,7,1124)
w(198,1,10,1126)
w(198,2,10,1126)
r(189,8,10,1126)
r(198,2,10,1126)
w(198,3,10,1126)
r(198,3,7,1128)
r(196,0,7,1128)
r(196,0,7,1128)
w(198,4,7,1128)
w(196,3,7,1128)
r(198,4,7,1128)
r(187,5,4,1129)
r(198,3,4,1129)
r(198,3,4,1129)
r(198,3,4,1129)
r(196,3,1,1132)
r(198,4,1,1132)
w(198,5,1,1132)
w(187,6,1,1132)
w(196,4,1,1132)
w(196,5,9,1137)
w(198,6,9,1137)
r(187,6,9,1137)
r(198,6,9,1137)
r(198,6,9,1137)
w(187,7,9,1137)
w(183,4,9,1137)
r(187,7,3,1143)
w(200,2,3,1143)
w(200,3,3,1143)
r(201,0,3,1143)
w(201,1,3,1143)
w(201,2,3,1143)
w(200,6,3,1151)
r(201,2,3,1151)
r(187,7,3,1151)
w(200,7,3,1151)
w(201,3,3,1151)
r(201,3,3,1151)
r(201,3,3,1151)
r(199,0,10,1158)
r(203,0,10,1158)
w(204,1,10,1158)
r(204,1,10,1158)
r(203,0,7,1160)
r(204,1,7,1160)
r(203,0,7,1160)
r(202,0,7,1160)
r(203,0,7,1160)
r(199,0,4,1163)
r(204,1,4,1163)
r(204,1,4,1163)
r(203,0,4,1163)
w(204,5,9,1166)
r(202,0,9,1166)
r(204,5,9,1166)
w(204,6,9,1166)
w(204,7,9,1166)
w(204,8,9,1166)
w(205,1,1,1168)
r(205,1,1,1168)
r(199,0,1,1168)
w(205,2,1,1168)
r(205,2,1,1168)
w(203,7,10,1173)
w(199,7,10,1173)
r(205,2,10,1173)
r(199,7,10,1173)
r(205,2,10,1173)
w(202,3,9,1177)
r(205,2,9,1177)
w(202,4,9,1177)
r(205,2,9,1177)
w(206,1,3,1179)
w(206,2,3,1179)
r(206,2,3,1179)
r(199,7,3,1179)
r(207,0,3,1179)
r(207,0,3,1179)
r(207,0,3,1179)
r(206,2,3,1179)
r(206,2,8,1181)
r(207,0,8,1181)
r(199,7,8,1181)
w(207,1,8,1181)
r(207,1,8,1184)
r(207,1,8,1184)
r(206,2,8,1184)
w(207,2,8,1184)
r(207,2,8,1184)
r(206,2,8,1184)
r(206,2,8,1184)
w(208,1,12,1186)
w(183,7,12,1186)
r(207,2,12,1186)
w(207,3,12,1186)
w(207,4,12,1186)
r(207,4,9,1190)
r(207,4,9,1190)
r(208,1,9,1190)
w(206,5,9,1190)
r(183,7,12,1192)
r(207,4,12,1192)
r(207,4,12,1192)
r(207,4,12,1192)
w(207,6,7,1195)
r(208,1,7,1195)
r(206,5,7,1195)
w(206,6,7,1195)
r(206,6,7,1195)
r(206,6,7,1195)
r(207,6,7,1195)
w(202,5,7,1195)
r(207,6,10,1199)
w(208,3,10,1199)
r(207,6,10,1199)
r(208,3,10,1199)
r(206,6,10,1199)
r(207,6,10,1199)
r(207,6,10,1199)
w(211,1,16,1202)
r(209,0,16,1202)
r(209,0,16,1202)
w(209,3,16,1202)
w(209,4,16,1202)
r(209,4,9,1209)
w(209,6,9,1209)
r(209,6,9,1209)
w(211,2,9,1209)
r(202,5,9,1209)
r(211,2,9,1209)
w(209,7,9,1209)
r(211,1,7,1212)
w(208,7,7,1212)
w(212,1,7,1212)
w(212,2,7,1212)
w(212,3,7,1212)
r(212,3,7,1212)
r(208,3,16,1214)
r(211,2,16,1214)
r(202,5,16,1214)
w(211,4,16,1214)
w(213,1,16,1214)
w(213,4,5,1219)
w(211,5,5,1219)
r(213,4,5,1219)
r(208,7,5,1219)
w(211,6,5,1219)
w(202,8,5,1219)
w(213,5,10,1223)
w(213,6,10,1223)
r(213,6,10,1223)
w(211,8,10,1223)
r(213,6,10,1223)
r(214,0,12,1226)
w(213,8,12,1226)
r(208,7,12,1226)
r(213,8,12,1226)
r(213,8,12,1226)
w(214,2,12,1226)
w(214,3,12,1226)
w(208,8,10,1228)
r(213,6,10,1228)
r(213,6,10,1228)
r(216,0,10,1228)
w(216,1,10,1228)
r(216,1,10,1228)
r(214,0,10,1228)
r(217,0,7,1233)
r(210,0,7,1233)
r(215,0,7,1233)
r(217,0,7,1233)
w(217,1,10,1234)
w(216,5,10,1234)
r(217,1,10,1234)
w(215,1,10,1234)
w(216,6,10,1234)
r(215,1,10,1234)
w(216,7,10,1234)
r(214,3,10,1234)
w(210,1,9,1242)
r(215,1,9,1242)
w(214,7,9,1242)
w(214,8,9,1242)
w(219,1,9,1242)
w(218,2,9,1242)
w(219,2,9,1242)
w(218,8,8,1245)
r(217,1,8,1245)
r(218,8,8,1245)
r(218,8,8,1245)
r(219,2,5,1250)
w(217,2,5,1250)
w(215,4,5,1250)
w(220,1,5,1250)
r(220,1,5,1250)
r(220,1,5,1250)
w(220,4,9,1251)
w(219,6,9,1251)
r(220,4,9,1251)
r(220,4,9,1251)
w(217,3,10,1257)
w(220,5,10,1257)
w(220,6,10,1257)
r(220,6,10,1257)
r(217,3,10,1257)
r(215,4,10,1257)
r(217,2,4,1260)
r(219,6,4,1260)
r(221,0,4,1260)
w(221,1,4,1260)
r(219,6,4,1260)
w(215,6,4,1260)
w(222,2,9,1266)
r(222,2,9,1266)
r(221,1,9,1266)
r(222,2,9,1266)
w(221,4,9,1266)
w(210,3,9,1266)
w(221,5,9,1266)
w(215,7,9,1271)
w(221,8,9,1271)
r(222,2,9,1271)
w(223,1,9,1271)
w(223,2,9,1271)
w(223,3,9,1271)
w(222,6,12,1278)
w(222,7,12,1278)
w(223,5,12,1278)
w(222,8,12,1278)
r(217,3,12,1278)
r(223,5,12,1278)
r(225,0,5,1280)
w(224,3,5,1280)
r(225,0,5,1280)
w(217,8,5,1280)
r(224,3,5,1280)
w(225,1,9,1282)
r(224,0,9,1282)
r(225,1,9,1282)
r(224,0,9,1282)
r(215,7,9,1282)
r(215,7,9,1282)
r(224,0,9,1282)
w(225,2,9,1282)
w(224,4,4,1289)
w(225,4,4,1289)
r(225,4,4,1289)
w(225,5,4,1289)
w(226,1,4,1289)
r(225,5,4,1289)
r(224,4,4,1289)
w(215,8,4,1289)
r(225,2,9,1291)
r(227,0,9,1291)
r(225,2,9,1291)
r(225,2,9,1291)
r(225,2,9,1291)
w(227,1,4,1293)
r(224,4,4,1293)
w(227,2,4,1293)
w(225,8,4,1293)
r(225,8,4,1293)
r(225,8,4,1293)
r(225,8,4,1293)
r(226,1,5,1297)
r(225,8,5,1297)
w(224,6,5,1297)
r(224,6,5,1297)
w(224,7,5,1297)
r(224,7,7,1302)
r(228,0,7,1302)
r(228,0,7,1302)
r(224,7,7,1302)
w(228,5,7,1302)
w(230,2,12,1318)
w(229,1,12,1318)
w(229,2,12,1318)
w(229,3,12,1318)
w(229,4,12,1318)
r(230,2,12,1318)
w(229,5,12,1318)
r(226,1,7,1320)
w(231,5,7,1320)
r(230,2,7,1320)
w(231,6,7,1320)
r(231,6,7,1324)
w(231,7,7,1324)
r(230,2,7,1324)
w(226,6,7,1324)
w(231,8,7,1324)
r(230,2,7,1324)
r(231,8,7,1324)
w(232,1,5,1325)
r(226,1,5,1325)
r(232,1,5,1325)
w(232,2,5,1325)
r(232,2,10,1328)
r(232,2,10,1328)
w(232,3,10,1328)
r(232,3,10,1328)
r(232,3,10,1328)
w(232,4,10,1328)
w(232,6,9,1332)
w(227,6,9,1332)
w(226,7,9,1332)
r(210,3,9,1332)
w(226,8,9,1332)
r(233,0,4,1338)
w(232,8,4,1338)
r(232,8,4,1338)
w(233,3,4,1338)
r(232,8,4,1338)
r(226,8,4,1338)
w(233,4,4,1338)
r(234,0,4,1338)
r(234,0,12,1342)
w(233,7,12,1342)
w(227,8,12,1342)
w(235,2,12,1342)
w(233,8,12,1342)
w(234,3,12,1342)
w(234,6,5,1347)
r(234,6,5,1347)
r(234,6,5,1347)
w(210,7,5,1347)
w(236,3,10,1356)
w(237,1,10,1356)
r(236,3,10,1356)
w(237,2,10,1356)
w(237,3,10,1356)
w(240,3,10,1362)
w(240,4,10,1362)
r(239,0,10,1362)
r(240,4,10,1362)
r(239,0,10,1362)
w(239,1,3,1368)
r(239,1,3,1368)
r(241,0,3,1368)
w(241,1,3,1368)
r(241,1,3,1368)
r(241,1,3,1368)
w(239,2,3,1368)
r(238,0,3,1368)
r(235,2,7,1372)
r(238,0,7,1372)
r(241,1,7,1372)
w(239,3,7,1372)
w(241,3,7,1372)
w(239,4,7,1372)
w(235,8,7,1372)
r(239,4,7,1372)
w(238,1,9,1373)
r(242,0,9,1373)
r(241,1,9,1373)
r(241,1,9,1373)
r(241,1,9,1373)
w(241,5,12,1378)
w(239,7,12,1378)
r(242,0,12,1378)
r(239,7,12,1378)
r(239,7,12,1378)
r(244,0,7,1387)
w(244,3,7,1387)
r(244,3,7,1387)
w(244,4,7,1387)
w(244,5,7,1387)
w(245,2,7,1387)
r(245,2,7,1387)
r(245,2,7,1387)
w(245,3,12,1391)
w(245,4,12,1391)
w(246,1,12,1391)
w(246,2,12,1391)
r(245,4,12,1391)
w(245,5,12,1391)
r(242,0,16,1393)
w(246,6,16,1393)
r(246,6,16,1393)
r(246,6,16,1393)
r(245,5,16,1393)
w(247,1,1,1396)
r(247,1,1,1396)
r(247,1,1,1396)
r(247,1,1,1396)
r(247,1,1,1396)
r(247,1,1,1396)
r(242,0,1,1396)
w(246,7,8,1397)
r(246,7,8,1397)
w(242,2,8,1397)
w(245,6,8,1397)
w(246,8,8,1397)
r(247,0,8,1397)
r(238,1,8,1397)
w(250,4,8,1418)
w(250,5,8,1418)
r(248,0,8,1418)
r(250,5,8,1418)
w(250,6,8,1418)
w(250,7,8,1418)
w(248,1,4,1422)
r(249,0,4,1422)
w(249,2,4,1422)
w(249,3,4,1422)
r(242,2,4,1422)
w(249,4,4,1422)
w(249,5,4,1422)
r(251,0,1,1427)
w(252,4,1,1427)
w(243,4,1,1427)
r(252,4,1,1427)
w(253,1,1,1427)
r(252,4,1,1427)
r(253,1,1,1427)
w(252,5,1,1427)
w(253,2,4,1432)
r(252,5,4,1432)
r(253,2,4,1432)
w(253,3,4,1432)
r(238,1,8,1436)
r(251,0,8,1436)
r(253,1,8,1436)
r(252,5,8,1436)
w(252,8,8,1436)
w(238,6,8,1436)
w(238,7,8,1436)
r(253,1,8,1436)
r(254,0,4,1439)
w(254,1,4,1439)
r(254,1,4,1439)
r(253,3,4,1439)
r(254,1,4,1444)
w(254,3,4,1444)
r(254,3,4,1444)
w(254,4,4,1444)
r(254,4,4,1444)
r(253,3,4,1444)
w(254,5,1,1449)
w(254,6,1,1449)
w(254,7,1,1449)
r(254,7,1,1449)
r(255,0,5,1451)
w(255,2,5,1451)
w(256,1,5,1451)
r(243,4,5,1451)
r(255,0,10,1452)
r(255,0,10,1452)
r(251,0,10,1452)
w(238,8,10,1452)
r(251,0,10,1452)
w(256,2,5,1457)
w(256,3,5,1457)
r(256,3,5,1457)
w(256,4,5,1457)
r(251,0,5,1457)
w(256,5,5,1457)
w(250,2,9,1462)
w(248,4,9,1462)
w(238,4,9,1462)
r(242,2,9,1462)
w(250,3,9,1462)
r(256,5,10,1463)
r(238,8,10,1463)
r(255,2,10,1463)
r(251,0,10,1463)
r(238,8,10,1463)
w(256,8,10,1463)
r(255,2,10,1463)
w(255,3,10,1463)
r(256,8,10,1465)
r(257,0,10,1465)
r(255,3,10,1465)
r(255,3,10,1465)
r(251,0,10,1465)
w(257,1,10,1465)
r(255,3,10,1465)
w(257,2,16,1471)
w(255,4,16,1471)
r(255,4,16,1471)
r(257,2,16,1471)
r(257,2,16,1471)
w(243,6,9,1476)
r(251,0,9,1476)
w(251,4,9,1476)
w(255,7,9,1476)
r(259,0,4,1480)
r(259,0,4,1480)
r(258,0,4,1480)
w(259,1,4,1480)
r(259,1,4,1480)
w(259,3,5,1485)
w(259,4,5,1485)
r(258,0,5,1485)
w(258,4,5,1485)
w(259,5,5,1485)
w(259,6,1,1491)
w(258,8,1,1491)
w(261,1,1,1491)
w(259,7,1,1491)
r(251,4,1,1491)
w(251,8,1,1491)
r(260,0,1,1491)
r(263,0,10,1495)
r(263,0,10,1495)
r(263,0,10,1495)
r(263,0,10,1495)
w(259,8,1,1497)
r(259,8,1,1497)
r(259,8,1,1497)
w(261,6,1,1497)
w(263,1,1,1497)
r(263,1,1,1497)
r(262,0,1,1497)
w(262,1,1,1497)
w(245,7,3,1499)
w(242,3,3,1499)
r(247,1,3,1499)
w(247,2,3,1499)
r(243,0,3,1499)
r(247,2,3,1499)
r(247,2,3,1499)
w(263,2,17,1500)
w(261,7,17,1500)
r(261,7,17,1500)
r(261,7,17,1500)
w(264,2,5,1506)
r(264,2,5,1506)
w(263,3,5,1506)
r(264,2,5,1506)
w(264,4,4,1510)
w(264,5,4,1510)
r(264,5,4,1510)
w(264,6,4,1510)
r(260,0,4,1510)
w(264,7,4,1510)
w(262,6,3,1512)
r(260,0,3,1512)
r(263,3,3,1512)
w(262,7,3,1512)
w(262,8,3,1512)
r(263,3,3,1512)
r(264,2,3,1512)
w(264,8,10,1516)
r(265,0,10,1516)
r(265,0,10,1516)
w(265,1,10,1516)
r(265,1,10,1516)
r(265,1,10,1516)
r(265,1,10,1516)
r(265,0,16,1518)
w(263,6,16,1518)
r(265,0,16,1518)
r(263,6,16,1518)
w(263,7,16,1518)
r(265,0,16,1518)
r(265,0,16,1518)
w(260,2,16,1518)
w(263,8,17,1521)
r(265,1,17,1521)
r(266,0,17,1521)
w(265,5,17,1521)
w(265,6,4,1524)
w(265,7,4,1524)
r(266,0,4,1524)
r(263,8,4,1524)
r(265,7,4,1524)
r(263,8,8,1525)
r(265,7,8,1525)
w(265,8,8,1525)
w(266,3,8,1525)
r(267,0,8,1525)
r(260,2,16,1528)
r(268,0,16,1528)
r(267,0,16,1528)
r(268,0,16,1528)
r(266,3,16,1528)
r(268,0,16,1528)
r(268,0,16,1528)
w(267,1,12,1530)
r(266,3,12,1530)
w(267,2,12,1530)
r(263,8,12,1530)
r(267,2,12,1530)
r(267,2,12,1530)
r(267,2,12,1530)
w(267,3,12,1530)
r(267,3,8,1533)
w(267,5,8,1533)
r(266,3,8,1533)
w(268,2,8,1533)
r(268,2,3,1537)
r(267,5,3,1537)
r(268,2,3,1537)
r(269,0,3,1537)
r(269,0,3,1537)
r(268,2,9,1539)
w(267,7,9,1539)
w(267,8,9,1539)
r(260,2,9,1539)
r(267,8,9,1539)
r(266,3,9,1539)
w(266,6,16,1542)
r(268,2,16,1542)
r(269,0,16,1542)
r(268,2,16,1542)
r(266,6,16,1542)
r(266,3,9,1543)
r(260,2,9,1543)
r(268,2,9,1543)
r(268,2,9,1543)
w(269,1,9,1543)
r(268,2,9,1543)
w(269,2,9,1543)
w(268,3,9,1546)
w(266,7,9,1546)
r(269,2,9,1546)
r(269,2,9,1546)
r(269,2,9,1546)
r(269,2,9,1546)
w(269,3,17,1550)
r(266,7,17,1550)
r(260,2,17,1550)
w(269,4,17,1550)
w(269,5,17,1550)
w(269,6,17,1550)
w(270,3,9,1561)
r(260,2,9,1561)
w(270,4,9,1561)
w(270,5,9,1561)
r(270,5,9,1561)
w(260,6,9,1561)
r(270,5,9,1561)
w(268,4,9,1561)
r(273,0,3,1563)
r(268,3,3,1563)
r(273,0,3,1563)
r(268,3,3,1563)
r(273,0,3,1566)
r(273,0,3,1566)
r(268,4,3,1566)
w(273,1,3,1566)
r(273,1,3,1566)
r(272,0,3,1566)
w(273,2,3,1566)
r(273,2,9,1569)
w(268,6,9,1569)
r(273,2,9,1569)
r(273,2,9,1569)
r(268,6,9,1569)
w(273,3,9,1569)
r(273,3,9,1569)
r(273,3,9,1569)
w(275,3,9,1579)
r(268,6,9,1579)
r(268,6,9,1579)
w(274,2,9,1579)
r(275,3,9,1579)
r(275,3,9,1579)
r(275,3,10,1584)
r(275,3,10,1584)
r(271,0,10,1584)
r(276,0,10,1584)
r(276,0,17,1587)
w(274,4,17,1587)
r(275,3,17,1587)
w(271,5,17,1587)
r(275,3,10,1589)
r(271,0,10,1589)
r(271,0,10,1589)
r(276,0,10,1589)
r(277,0,10,1589)
r(274,2,10,1589)
w(277,1,10,1589)
r(277,1,10,1589)
r(276,0,12,1591)
r(277,1,12,1591)
r(276,0,12,1591)
w(274,5,12,1591)
w(277,5,12,1591)
r(277,5,12,1591)
r(277,5,12,1591)
r(276,0,1,1596)
w(277,6,1,1596)
w(276,2,1,1596)
r(276,2,1,1596)
r(276,2,1,1596)
w(271,6,1,1596)
r(277,6,1,1596)
w(276,3,1,1596)
r(271,6,3,1598)
w(278,1,3,1598)
r(278,1,3,1598)
r(278,1,3,1598)
r(276,3,3,1603)
r(278,1,3,1603)
w(278,3,3,1603)
r(276,3,3,1603)
w(278,4,3,1603)
r(274,5,3,1603)
w(278,5,3,1603)
r(271,6,4,1610)
r(279,0,4,1610)
r(279,0,4,1610)
w(271,8,4,1610)
w(276,8,1,1615)
r(280,0,1,1615)
r(280,0,1,1615)
w(280,1,1,1615)
r(280,1,1,1615)
w(281,1,8,1620)
r(281,1,8,1620)
r(281,1,8,1620)
r(280,1,8,1620)
r(280,1,8,1620)
w(281,2,8,1620)
w(280,8,8,1620)
r(281,2,8,1620)
r(281,0,3,1621)
r(281,0,3,1621)
r(280,1,3,1621)
r(271,8,3,1621)
r(281,0,3,1621)
r(280,1,3,1621)
r(281,2,4,1623)
r(282,0,4,1623)
r(283,0,4,1623)
r(271,8,4,1623)
r(283,0,4,1623)
w(283,1,10,1627)
w(281,3,10,1627)
r(283,1,10,1627)
w(283,2,10,1627)
r(283,2,10,1627)
r(283,2,10,1627)
r(284,0,10,1627)
r(272,0,10,1627)
r(281,3,17,1630)
r(283,2,17,1630)
w(284,2,17,1630)
r(283,2,17,1630)
r(283,2,17,1630)
r(283,2,17,1630)
r(283,2,1,1633)
w(283,7,1,1633)
w(283,8,1,1633)
r(272,0,1,1633)
r(283,8,1,1633)
r(283,8,1,1633)
w(281,4,1,1633)
r(285,0,1,1633)
r(281,3,16,1634)
r(285,0,16,1634)
r(284,2,16,1634)
r(281,3,16,1634)
w(285,2,1,1637)
w(281,6,1,1637)
r(285,2,1,1637)
r(272,0,1,1637)
r(285,2,4,1641)
w(285,3,4,1641)
r(285,3,4,1641)
w(285,4,4,1641)
r(285,4,4,1641)
r(281,6,4,1641)
w(285,5,4,1641)
w(285,6,4,1641)
w(272,4,10,1644)
w(281,8,10,1644)
r(285,6,10,1644)
w(272,5,10,1644)
w(285,8,10,1644)
w(282,1,10,1644)
r(285,8,10,1644)
r(285,6,12,1645)
r(286,0,12,1645)
r(282,0,12,1645)
w(287,1,12,1645)
r(284,2,12,1645)
w(284,4,12,1645)
r(287,1,12,1645)
w(287,2,1,1651)
w(287,3,1,1651)
w(282,2,1,1651)
w(287,4,1,1651)
r(272,5,1,1651)
w(287,5,1,1651)
r(287,5,1,1651)
r(282,1,3,1654)
r(287,1,3,1654)
w(288,1,3,1654)
r(286,0,3,1654)
w(286,2,16,1655)
r(286,2,16,1655)
r(284,4,16,1655)
w(288,2,16,1655)
w(286,3,9,1658)
w(288,3,9,1658)
r(282,2,9,1658)
r(288,3,9,1658)
r(286,3,9,1658)
r(288,3,9,1661)
w(286,5,9,1661)
r(288,3,9,1661)
w(288,4,9,1661)
w(288,5,10,1665)
w(288,6,10,1665)
r(288,6,10,1665)
r(272,5,10,1665)
r(288,6,10,1665)
w(288,7,10,1665)
r(288,7,10,1665)
r(284,4,8,1668)
w(282,4,8,1668)
r(286,5,8,1668)
r(272,5,8,1668)
r(288,4,8,1668)
w(284,7,8,1668)
w(282,5,8,1668)
r(286,5,17,1672)
w(289,1,17,1672)
r(289,1,17,1672)
r(289,1,17,1672)
w(284,8,17,1672)
w(290,1,8,1678)
r(282,5,8,1678)
r(289,1,8,1678)
r(289,1,8,1678)
w(290,2,8,1678)
r(286,5,8,1678)
r(286,5,8,1678)
r(282,5,16,1680)
r(289,1,16,1680)
w(286,7,16,1680)
w(291,1,16,1680)
r(291,1,16,1680)
r(291,1,16,1680)
w(291,2,16,1680)
w(289,5,5,1681)
w(289,6,5,1681)
r(286,5,5,1681)
r(284,8,5,1681)
r(286,5,5,1681)
r(286,5,5,1681)
w(289,7,5,1681)
w(289,8,5,1681)
r(291,2,5,1684)
r(291,2,5,1684)
r(291,2,5,1684)
w(291,3,5,1684)
r(286,7,9,1685)
w(272,7,9,1685)
r(291,2,9,1685)
r(291,2,9,1685)
r(291,2,9,1685)
w(291,4,5,1689)
r(292,0,5,1689)
r(291,4,5,1689)
r(291,4,5,1689)
w(292,1,5,1689)
r(282,5,5,1689)
r(291,4,5,1689)
r(293,0,10,1694)
r(293,0,10,1694)
r(292,1,10,1694)
r(293,0,10,1694)
w(292,4,10,1694)
r(282,5,10,1694)
w(272,8,4,1697)
r(293,0,4,1697)
r(293,0,4,1697)
r(293,0,4,1697)
r(282,5,4,1697)
r(282,5,4,1697)
r(293,0,4,1697)
w(293,3,8,1703)
w(290,6,8,1703)
w(293,4,8,1703)
r(293,4,8,1703)
w(293,5,8,1703)
w(290,7,8,1703)
r(293,5,5,1710)
r(296,0,5,1710)
r(296,0,5,1710)
r(296,0,5,1710)
w(295,2,5,1710)
w(294,2,5,1710)
w(296,1,5,1710)
w(294,3,17,1715)
r(294,3,17,1715)
w(294,4,17,1715)
w(296,4,17,1715)
r(296,4,17,1715)
w(296,5,17,1715)
r(295,2,17,1715)
r(299,0,8,1722)
w(299,1,8,1722)
w(297,1,8,1722)
w(298,2,8,1722)
w(299,2,8,1722)
r(299,2,8,1722)
r(295,2,8,1722)
r(295,2,8,1722)
w(299,7,4,1731)
w(300,5,4,1731)
r(299,7,4,1731)
w(300,6,4,1731)
r(300,6,4,1731)
r(299,7,4,1731)
r(300,6,4,1731)
r(301,0,1,1732)
r(301,0,1,1732)
r(301,0,1,1732)
r(301,0,1,1732)
r(302,0,1,1732)
r(298,2,1,1732)
w(301,1,1,1732)
r(294,4,17,1737)
w(301,6,17,1737)
r(302,0,17,1737)
w(301,7,17,1737)
r(302,0,12,1740)
r(302,0,12,1740)
w(297,3,12,1740)
r(301,7,12,1740)
w(298,3,12,1740)
r(297,1,4,1741)
w(301,8,4,1741)
r(294,4,4,1741)
r(303,0,4,1741)
r(302,0,4,1741)
w(303,1,4,1741)
r(303,1,8,1747)
w(302,2,8,1747)
w(303,2,8,1747)
w(302,3,8,1747)
r(302,3,8,1747)
r(302,3,8,1747)
r(304,0,9,1751)
r(302,3,9,1751)
r(303,2,9,1751)
r(303,2,9,1751)
w(304,1,9,1751)
w(303,3,9,1751)
r(298,3,16,1760)
r(306,0,16,1760)
r(306,0,16,1760)
r(304,1,16,1760)
r(306,0,16,1760)
w(298,5,9,1761)
r(306,0,9,1761)
w(298,6,9,1761)
w(305,4,9,1761)
w(306,1,9,1761)
r(305,4,17,1763)
r(306,1,17,1763)
r(297,3,17,1763)
w(305,5,17,1763)
r(305,5,17,1763)
w(306,2,17,1767)
w(306,3,17,1767)
r(306,3,17,1767)
r(306,3,17,1767)
w(306,4,17,1767)
w(305,6,17,1767)
w(306,5,17,1767)
r(306,5,9,1774)
w(305,7,9,1774)
w(306,8,9,1774)
w(307,1,9,1774)
w(307,2,9,1774)
w(307,3,9,1774)
w(297,5,9,1774)
r(308,0,4,1780)
w(308,3,4,1780)
w(307,8,4,1780)
w(298,7,4,1780)
r(304,1,4,1780)
w(309,1,4,1780)
w(308,7,8,1785)
r(309,1,8,1785)
r(308,7,8,1785)
r(308,7,8,1785)
r(309,1,8,1785)
w(308,8,8,1785)
r(309,1,8,1785)
w(310,2,3,1789)
r(309,1,3,1789)
w(310,3,3,1789)
r(310,3,3,1789)
r(310,3,8,1791)
r(311,0,8,1791)
r(310,3,8,1791)
r(311,0,8,1791)
w(311,1,8,1791)
w(310,4,8,1791)
w(311,2,8,1794)
r(311,2,8,1794)
w(311,3,8,1794)
w(311,4,8,1794)
r(311,1,4,1795)
r(311,1,4,1795)
r(311,1,4,1795)
r(311,1,4,1795)
w(304,7,4,1795)
r(310,4,4,1795)
r(310,4,12,1798)
w(311,5,12,1798)
r(311,5,12,1798)
w(312,1,12,1798)
r(311,5,1,1801)
r(304,7,1,1801)
r(313,0,1,1801)
r(311,5,1,1801)
r(311,5,1,1801)
r(311,5,1,1801)
r(310,4,17,1805)
r(311,5,17,1805)
r(310,4,17,1805)
r(311,5,17,1805)
w(311,8,17,1805)
r(310,4,17,1805)
r(311,5,16,1806)
w(310,5,16,1806)
r(310,5,16,1806)
r(313,0,16,1806)
r(314,0,16,1806)
r(310,5,16,1806)
r(313,0,4,1814)
r(310,5,4,1814)
w(315,1,4,1814)
w(312,3,4,1814)
w(298,8,4,1814)
w(313,1,4,1814)
w(318,4,5,1828)
r(318,4,5,1828)
w(316,2,5,1828)
r(318,4,5,1828)
r(316,2,5,1828)
r(318,4,5,1828)
r(313,1,5,1828)
r(319,0,5,1837)
w(319,1,5,1837)
w(319,2,5,1837)
w(316,4,5,1837)
w(316,5,5,1837)
r(319,2,5,1837)
r(319,2,5,1837)
w(319,8,12,1840)
w(320,1,12,1840)
r(320,1,12,1840)
r(316,5,12,1840)
r(316,5,12,1840)
r(312,3,12,1840)
w(320,2,12,1840)
r(316,5,12,1840)
r(316,5,10,1848)
r(320,2,10,1848)
r(320,2,10,1848)
r(320,2,10,1848)
w(312,5,10,1848)
r(316,5,16,1850)
r(313,1,16,1850)
r(316,5,16,1850)
r(313,1,16,1850)
r(320,2,16,1850)
r(313,1,16,1850)
r(320,2,16,1850)
w(316,6,8,1852)
r(316,6,8,1852)
r(320,2,8,1852)
r(320,2,8,1852)
r(320,2,8,1852)
r(320,2,8,1852)
r(316,6,8,1852)
r(316,6,8,1852)
w(323,1,9,1858)
r(322,0,9,1858)
r(322,0,9,1858)
w(323,2,9,1858)
w(322,2,9,1858)
w(322,3,9,1858)
r(312,5,9,1858)
w(312,6,9,1858)
r(312,6,1,1863)
r(322,3,1,1863)
r(323,2,1,1863)
w(322,8,1,1863)
w(321,2,1,1863)
r(321,2,4,1865)
r(324,0,4,1865)
w(323,5,4,1865)
r(323,5,4,1865)
r(321,2,10,1869)
r(324,0,10,1869)
r(321,2,10,1869)
r(324,0,10,1869)
r(321,2,4,1874)
r(324,0,4,1874)
w(317,2,4,1874)
r(324,0,4,1874)
w(321,5,3,1877)
w(324,5,3,1877)
w(321,6,3,1877)
r(321,6,3,1877)
r(323,5,3,1877)
w(324,6,3,1877)
w(321,7,3,1877)
r(323,5,9,1878)
r(324,0,9,1878)
r(325,0,9,1878)
r(325,0,9,1878)
r(325,0,9,1878)
r(325,0,9,1878)
r(325,0,9,1878)
w(323,8,9,1878)
r(325,0,4,1880)
r(325,0,4,1880)
w(312,8,4,1880)
r(317,2,4,1880)
w(326,1,4,1880)
r(325,0,17,1887)
r(323,8,17,1887)
w(325,1,17,1887)
r(325,1,17,1887)
w(325,2,17,1887)
r(323,8,17,1887)
r(325,2,17,1887)
r(325,0,4,1891)
w(327,4,4,1891)
r(317,2,4,1891)
r(326,1,4,1891)
r(327,4,12,1894)
w(327,5,12,1894)
r(329,0,12,1894)
w(329,1,12,1894)
w(328,1,12,1894)
r(327,5,12,1894)
r(329,1,12,1894)
r(329,1,12,1894)
r(329,1,1,1897)
w(327,6,1,1897)
w(327,7,1,1897)
w(329,2,1,1897)
w(326,4,1,1897)
r(327,7,1,1897)
w(327,8,1,1897)
r(329,2,3,1902)
w(329,5,3,1902)
r(330,0,3,1902)
r(330,0,3,1902)
r(330,0,3,1902)
r(329,5,3,1902)
w(329,6,3,1902)
w(330,2,3,1902)
r(329,2,4,1903)
r(329,2,4,1903)
r(330,0,4,1903)
r(317,2,4,1903)
w(326,5,4,1903)
r(329,6,10,1907)
w(331,1,10,1907)
w(331,2,10,1907)
r(331,2,10,1907)
w(330,3,10,1907)
w(330,4,10,1907)
r(331,2,12,1913)
r(331,2,12,1913)
w(328,3,12,1913)
r(328,3,12,1913)
w(331,6,12,1913)
r(328,3,12,1913)
w(331,7,12,1913)
w(330,6,12,1913)
r(332,0,17,1917)
r(332,0,17,1917)
w(326,7,17,1917)
w(332,1,17,1917)
r(332,1,17,1917)
w(328,5,16,1924)
r(334,0,16,1924)
r(332,0,16,1924)
r(332,0,16,1924)
r(332,0,16,1924)
r(334,0,16,1924)
w(334,1,16,1924)
w(334,2,16,1924)
r(332,1,8,1925)
r(328,3,8,1925)
r(334,0,8,1925)
r(334,0,8,1925)
w(332,8,8,1925)
r(334,0,8,1925)
r(334,0,8,1925)
r(335,0,17,1932)
r(335,0,17,1932)
r(335,0,17,1932)
r(334,2,17,1932)
r(335,0,8,1933)
r(317,2,8,1933)
w(336,1,8,1933)
r(335,0,8,1933)
r(336,1,8,1933)
r(336,1,8,1933)
r(335,0,8,1933)
w(335,5,8,1933)
r(335,5,1,1936)
w(335,6,1,1936)
r(334,2,1,1936)
r(335,6,1,1936)
r(334,2,4,1940)
r(337,0,4,1940)
r(333,0,4,1940)
w(337,2,4,1940)
r(317,2,10,1941)
r(337,0,10,1941)
w(334,6,10,1941)
r(333,0,10,1941)
w(337,3,12,1947)
w(337,4,12,1947)
w(333,1,12,1947)
r(337,4,12,1947)
w(317,8,12,1947)
w(337,5,12,1947)
w(334,7,12,1947)
r(338,0,10,1956)
w(339,4,10,1956)
r(339,4,10,1956)
w(339,5,10,1956)
r(333,1,10,1956)
r(339,5,10,1956)
r(333,1,10,1956)
w(339,6,10,1956)
w(338,1,5,1957)
r(336,1,5,1957)
r(333,1,5,1957)
r(338,1,5,1957)
w(333,4,12,1960)
w(336,4,12,1960)
w(340,2,12,1960)
r(338,1,12,1960)
w(338,2,12,1960)
r(336,4,5,1965)
w(333,7,5,1965)
r(336,4,5,1965)
r(340,2,5,1965)
r(340,2,5,1965)
w(338,4,5,1965)
r(333,7,5,1965)
r(338,4,5,1965)
r(340,2,9,1968)
w(338,5,9,1968)
w(333,8,9,1968)
w(340,5,9,1968)
w(341,1,16,1973)
r(338,5,16,1973)
r(317,8,16,1973)
r(336,4,16,1973)
r(338,5,16,1973)
r(341,1,16,1973)
r(342,0,16,1973)
r(342,0,9,1975)
r(342,0,9,1975)
r(338,5,9,1975)
r(341,1,9,1975)
w(338,6,17,1976)
r(342,0,17,1976)
w(342,1,17,1976)
r(342,1,17,1976)
