r(3,0,3,6)
r(4,0,3,6)
w(3,1,3,6)
r(4,0,3,6)
r(4,0,0,11)
w(4,1,0,11)
w(1,1,0,11)
r(4,1,0,11)
r(4,1,0,11)
w(0,1,0,11)
r(4,1,0,11)
r(4,1,0,11)
w(5,1,1,15)
r(3,1,1,15)
r(5,1,1,15)
w(5,2,1,15)
r(3,1,1,15)
w(0,3,6,25)
w(3,8,6,25)
w(6,1,6,25)
r(2,0,6,25)
w(7,1,6,25)
w(7,2,6,25)
w(6,2,6,25)
r(6,2,0,30)
r(6,2,0,30)
w(2,7,0,30)
r(1,1,0,30)
w(6,8,0,30)
r(6,8,1,33)
r(8,0,1,33)
r(8,0,1,33)
r(2,7,1,33)
r(0,3,1,33)
r(8,0,3,35)
r(8,0,3,35)
r(8,0,3,35)
r(8,0,3,35)
r(8,0,3,35)
w(7,5,3,35)
w(8,1,5,40)
r(7,5,5,40)
r(8,1,5,40)
w(8,2,5,40)
r(7,5,5,40)
w(8,3,5,40)
r(9,0,5,40)
r(8,0,0,43)
w(9,2,0,43)
w(7,6,0,43)
r(8,0,0,43)
r(8,0,0,43)
w(10,3,6,50)
r(10,3,6,50)
r(9,2,6,50)
r(10,3,6,50)
w(9,4,6,50)
w(10,8,7,52)
r(9,4,7,52)
w(11,1,7,52)
r(11,1,7,52)
r(11,1,7,52)
r(11,1,7,52)
w(11,5,7,59)
w(12,2,7,59)
r(11,5,7,59)
w(12,3,7,59)
r(0,3,7,59)
w(11,6,7,59)
w(13,1,7,59)
r(11,6,7,59)
r(14,0,8,61)
w(13,2,8,61)
r(14,0,8,61)
r(12,3,8,61)
r(14,0,8,61)
r(13,2,9,68)
r(14,0,9,68)
w(12,5,9,68)
w(1,6,9,68)
w(12,6,9,68)
r(13,2,9,68)
w(1,7,9,68)
w(14,3,9,68)
r(14,3,9,73)
r(14,3,9,73)
w(14,8,9,73)
r(1,7,9,73)
r(1,7,9,73)
r(14,8,9,73)
w(15,1,8,75)
r(1,7,8,75)
r(14,3,8,75)
r(0,3,8,75)
r(15,1,8,75)
r(14,3,8,75)
r(14,3,8,75)
w(17,2,1,79)
r(17,2,1,79)
w(17,3,1,79)
r(17,3,1,79)
w(0,6,1,79)
r(17,3,1,79)
w(15,4,1,84)
r(17,3,1,84)
w(15,5,1,84)
w(15,6,1,84)
r(15,1,2,86)
r(17,3,2,86)
w(17,5,2,86)
w(17,6,2,86)
r(17,6,2,86)
w(17,7,2,86)
r(16,0,2,86)
w(17,8,2,86)
r(18,0,9,88)
r(0,6,9,88)
w(18,3,9,88)
w(15,8,9,88)
r(18,3,9,88)
r(19,0,9,88)
w(18,6,6,92)
w(18,7,6,92)
r(18,7,6,92)
r(18,7,6,92)
w(16,3,6,92)
r(19,0,6,92)
w(19,2,5,93)
r(18,3,5,93)
r(18,3,5,93)
w(0,7,5,93)
r(13,2,5,93)
r(19,2,6,101)
r(19,2,6,101)
r(20,0,6,101)
w(16,5,6,101)
w(20,2,6,101)
r(13,2,6,101)
r(20,2,0,108)
r(20,2,0,108)
r(19,2,0,108)
w(20,8,0,108)
w(22,1,6,110)
r(22,1,6,110)
w(22,2,6,110)
w(22,3,6,110)
r(19,2,6,110)
w(21,1,6,110)
w(22,5,0,114)
r(22,5,0,114)
r(19,2,0,114)
w(22,6,0,114)
w(22,8,7,118)
w(13,6,7,118)
r(13,6,7,118)
r(21,1,7,118)
r(23,0,7,118)
r(21,1,7,118)
w(19,8,0,123)
r(23,0,0,123)
w(24,1,0,123)
w(24,2,0,123)
w(24,3,0,123)
r(24,3,0,123)
w(23,1,0,123)
r(24,3,0,129)
w(23,6,0,129)
w(24,6,0,129)
r(16,5,0,129)
r(23,6,0,129)
r(24,6,5,133)
w(24,7,5,133)
w(23,8,5,133)
r(25,0,5,133)
w(25,1,5,133)
w(21,2,5,133)
r(25,1,5,133)
r(13,6,5,133)
r(25,1,8,135)
r(25,1,8,135)
w(25,6,8,135)
r(24,7,8,135)
w(25,8,2,141)
w(28,1,2,141)
w(26,2,2,141)
w(28,2,2,141)
r(28,2,9,145)
r(27,0,9,145)
w(29,7,9,145)
r(29,7,9,145)
w(28,5,5,149)
w(29,8,5,149)
r(28,5,5,149)
r(29,8,5,149)
r(28,5,5,149)
r(30,0,5,149)
r(30,0,5,149)
w(30,1,5,149)
r(21,2,2,157)
r(31,0,2,157)
r(30,1,2,157)
r(27,0,2,157)
r(30,1,2,157)
w(26,5,5,158)
r(28,5,5,158)
w(30,6,5,158)
w(27,3,5,158)
r(30,6,5,158)
r(28,5,5,158)
w(27,4,5,158)
w(27,5,5,158)
w(31,2,7,162)
r(27,5,7,162)
w(31,3,7,162)
r(32,0,7,162)
r(32,0,7,162)
w(32,2,7,162)
r(32,2,2,165)
w(26,6,2,165)
r(32,2,2,165)
r(31,3,2,165)
w(32,5,2,165)
r(32,5,2,165)
r(32,5,2,165)
w(32,6,7,168)
w(32,7,7,168)
r(32,7,7,168)
r(27,5,7,168)
r(31,3,7,168)
r(32,7,7,168)
r(27,5,0,172)
w(27,7,0,172)
w(31,5,0,172)
w(26,7,0,172)
r(32,7,0,172)
r(32,7,0,172)
r(33,0,0,172)
r(33,0,0,172)
r(27,7,7,181)
r(27,7,7,181)
r(33,0,7,181)
w(27,8,7,181)
w(33,3,7,181)
r(33,3,7,181)
r(33,3,7,181)
w(33,4,7,181)
r(36,0,5,188)
w(36,2,5,188)
r(27,7,5,188)
w(36,3,5,188)
r(21,2,9,191)
w(31,6,9,191)
w(21,4,9,191)
r(33,0,9,191)
w(31,7,9,191)
r(33,0,9,191)
w(31,8,9,191)
r(27,7,9,191)
r(37,0,0,196)
w(35,4,0,196)
r(37,0,0,196)
r(21,4,0,196)
w(37,1,0,196)
w(37,2,0,196)
r(21,4,0,196)
w(37,5,5,200)
w(35,6,5,200)
w(37,6,5,200)
w(37,7,5,200)
r(35,6,5,200)
r(35,6,7,208)
w(39,5,7,208)
w(38,2,7,208)
w(39,6,7,208)
w(39,7,7,208)
r(35,6,7,208)
r(38,2,7,208)
r(39,7,7,208)
r(40,0,2,210)
r(40,0,2,210)
r(39,0,2,210)
r(39,0,2,210)
w(40,1,2,210)
r(39,0,2,210)
r(41,0,6,215)
r(41,0,6,215)
r(40,1,6,215)
r(40,1,6,215)
r(38,2,6,215)
w(41,1,6,215)
r(38,2,6,215)
r(38,2,6,215)
w(41,5,1,220)
w(41,6,1,220)
w(41,7,1,220)
r(38,2,1,220)
r(40,1,1,220)
r(40,1,1,220)
w(41,8,1,220)
r(42,0,4,222)
r(42,0,4,222)
w(21,5,4,222)
r(42,0,4,222)
r(40,1,4,222)
w(40,4,4,222)
r(42,0,4,222)
r(38,2,4,222)
w(38,8,3,227)
w(43,1,3,227)
r(42,0,3,227)
r(42,0,3,227)
w(40,5,0,232)
w(40,6,0,232)
w(40,7,0,232)
r(42,0,0,232)
w(42,1,0,232)
r(34,0,0,232)
r(40,7,0,232)
r(40,7,0,232)
r(42,0,7,235)
w(45,1,7,235)
w(43,3,7,235)
w(45,2,7,235)
w(45,3,7,235)
w(45,4,7,235)
r(45,4,0,240)
w(34,3,0,240)
r(45,4,0,240)
r(45,4,0,240)
w(45,8,2,243)
r(43,3,2,243)
r(44,0,2,243)
r(45,8,2,243)
r(45,8,2,243)
r(34,0,2,243)
r(46,0,3,251)
r(46,0,3,251)
w(43,5,3,251)
w(43,6,3,251)
r(46,0,3,251)
w(43,7,3,251)
r(46,0,3,251)
r(44,0,5,254)
r(44,0,5,254)
r(47,0,5,254)
w(47,1,5,254)
r(47,1,5,254)
r(47,1,5,254)
r(47,1,5,254)
r(34,3,5,254)
w(46,2,9,255)
w(46,3,9,255)
r(21,5,9,255)
w(46,4,9,255)
w(46,5,9,255)
w(34,4,9,255)
r(34,4,2,257)
r(44,0,2,257)
r(47,1,2,257)
w(44,7,2,257)
r(47,1,2,257)
r(47,1,2,257)
r(47,1,5,259)
r(34,4,5,259)
r(47,1,5,259)
r(47,1,5,259)
r(47,1,5,259)
w(44,8,7,262)
r(47,1,7,262)
w(21,8,7,262)
w(47,3,7,262)
r(47,3,7,262)
r(47,3,7,262)
r(47,3,7,262)
r(47,3,6,268)
r(47,3,6,268)
r(48,0,6,268)
r(47,3,6,268)
r(47,3,6,268)
r(47,3,6,268)
w(34,7,6,268)
r(34,4,8,270)
w(47,5,8,270)
r(48,0,8,270)
w(47,6,8,270)
r(34,4,8,270)
r(48,0,0,276)
r(51,0,0,276)
r(51,0,0,276)
r(34,7,0,276)
r(51,0,0,276)
w(48,5,0,276)
w(51,8,2,282)
w(34,8,2,282)
r(49,0,2,282)
r(51,8,2,282)
r(51,8,2,282)
w(50,4,2,282)
w(48,6,2,282)
w(50,5,2,282)
r(52,0,4,283)
r(50,0,4,283)
r(52,0,4,283)
r(34,7,4,283)
r(50,0,4,283)
r(50,0,4,283)
r(52,0,4,283)
w(49,1,4,283)
r(52,0,1,286)
w(52,3,1,286)
w(52,4,1,286)
r(50,5,1,286)
r(50,5,1,286)
w(52,5,1,286)
r(54,0,0,296)
w(53,3,0,296)
r(54,0,0,296)
r(49,1,0,296)
w(54,3,3,298)
r(54,3,3,298)
w(54,4,3,298)
w(54,5,3,298)
r(53,0,3,298)
r(53,0,3,298)
w(54,6,3,298)
r(53,3,6,299)
r(54,0,6,299)
r(55,0,6,299)
w(53,4,6,299)
r(53,4,6,299)
r(56,0,6,299)
w(53,5,4,305)
r(56,0,4,305)
w(56,1,4,305)
w(56,2,4,305)
r(49,1,7,308)
r(56,2,7,308)
w(56,8,7,308)
r(56,8,7,308)
w(53,8,5,310)
w(58,1,5,310)
r(53,8,5,310)
r(49,1,5,310)
r(58,0,3,311)
w(59,1,3,311)
r(59,1,3,311)
w(59,2,3,311)
r(58,0,3,311)
r(59,2,3,311)
r(55,0,7,316)
w(57,2,7,316)
r(58,1,7,316)
w(59,3,7,316)
w(58,7,2,320)
w(49,3,2,320)
r(55,0,2,320)
r(59,3,2,320)
w(57,5,3,328)
w(60,2,3,328)
r(60,2,3,328)
w(60,3,3,328)
w(60,4,3,328)
r(60,4,3,328)
r(60,4,3,328)
w(60,8,9,334)
r(57,5,9,334)
r(61,0,9,334)
r(60,8,9,334)
r(60,8,9,334)
r(62,0,9,334)
w(61,1,6,335)
r(55,0,6,335)
r(49,3,6,335)
r(62,0,6,335)
r(62,0,6,335)
r(61,1,6,335)
r(62,0,6,335)
w(61,2,6,335)
r(62,0,4,341)
r(62,0,4,341)
w(62,1,4,341)
w(62,2,4,341)
w(62,3,4,341)
w(57,8,4,341)
r(62,3,4,341)
w(62,4,4,341)
r(63,0,8,343)
w(61,4,8,343)
w(61,5,8,343)
r(61,5,8,343)
r(62,0,8,343)
r(63,0,2,354)
w(64,5,2,354)
w(55,4,2,354)
r(64,5,2,354)
w(64,6,2,354)
w(64,7,2,354)
w(55,5,2,354)
r(66,0,0,355)
r(66,0,0,355)
r(49,3,0,355)
r(65,0,0,355)
r(66,0,0,355)
r(65,0,0,355)
w(63,5,0,355)
r(66,0,0,359)
r(49,3,0,359)
w(65,4,0,359)
w(65,5,0,359)
w(66,2,6,360)
r(66,2,6,360)
w(66,3,6,360)
r(66,3,6,360)
r(66,3,9,365)
w(66,5,9,365)
r(66,5,9,365)
r(66,5,9,365)
w(65,7,3,368)
r(66,3,3,368)
r(63,5,3,368)
r(66,3,3,368)
w(65,8,3,368)
r(66,5,5,369)
w(66,7,5,369)
r(66,7,5,369)
r(63,5,5,369)
r(63,5,5,369)
r(55,5,5,369)
w(67,2,0,374)
w(67,3,0,374)
w(67,4,0,374)
r(66,7,0,374)
r(66,7,0,374)
r(55,5,0,374)
r(68,0,0,374)
w(68,3,4,378)
w(68,4,4,378)
r(68,4,4,378)
w(68,5,4,378)
r(67,4,4,378)
r(63,5,4,378)
w(68,6,4,378)
r(63,5,4,378)
r(67,4,8,382)
r(70,0,8,382)
r(67,4,8,382)
r(70,0,8,382)
r(70,0,8,382)
w(67,8,8,382)
r(70,0,8,386)
r(70,0,8,386)
r(69,0,8,386)
r(49,3,8,386)
r(70,0,8,386)
r(67,8,8,386)
w(70,1,6,387)
w(69,1,6,387)
r(67,4,6,387)
w(70,2,6,387)
r(67,4,6,387)
w(69,3,5,390)
w(70,5,5,390)
r(55,5,5,390)
r(70,5,5,390)
r(69,1,7,391)
r(70,2,7,391)
r(55,5,7,391)
r(70,2,7,391)
r(70,2,7,391)
w(71,1,7,391)
r(70,5,6,394)
w(70,6,6,394)
r(69,3,6,394)
r(70,6,6,394)
r(71,1,4,399)
r(69,3,4,399)
w(70,8,4,399)
r(70,8,4,399)
w(71,3,4,399)
w(72,1,4,399)
r(72,1,4,399)
w(72,2,4,399)
r(71,3,8,404)
r(71,3,8,404)
w(72,4,8,404)
w(49,8,8,404)
r(72,4,0,406)
r(72,4,0,406)
r(69,3,0,406)
r(72,4,0,406)
r(69,3,0,406)
r(72,4,3,408)
r(71,3,3,408)
r(69,3,3,408)
r(55,5,3,408)
r(73,0,3,408)
r(73,0,3,408)
r(69,3,3,408)
r(73,0,3,408)
w(72,7,6,409)
r(72,7,6,409)
w(55,8,6,409)
r(71,3,6,409)
w(72,8,6,409)
r(73,0,2,412)
r(73,0,2,412)
w(73,1,2,412)
r(73,1,2,412)
w(73,2,2,412)
r(69,3,2,412)
w(71,6,2,412)
r(71,6,7,416)
r(73,2,7,416)
r(73,2,7,416)
w(71,7,7,416)
r(73,2,7,416)
w(73,5,1,417)
r(73,5,1,417)
r(73,5,1,417)
w(73,6,1,417)
r(69,3,0,420)
w(75,2,0,420)
r(75,2,0,420)
r(73,6,0,420)
r(76,0,2,425)
r(76,0,2,425)
w(75,3,2,425)
r(69,3,2,425)
r(76,0,2,425)
r(76,0,2,425)
r(76,0,3,433)
w(77,2,3,433)
r(76,0,3,433)
r(69,3,3,433)
w(77,3,3,433)
r(76,0,3,433)
w(76,6,0,438)
r(76,6,0,438)
w(76,7,0,438)
r(76,7,0,438)
w(77,5,0,438)
w(74,2,0,438)
r(78,0,9,444)
r(78,0,9,444)
w(78,4,9,444)
w(78,5,9,444)
r(78,5,9,444)
r(77,5,9,444)
r(49,8,9,444)
r(77,5,9,444)
r(69,3,4,446)
w(79,1,4,446)
w(79,2,4,446)
r(69,3,4,446)
w(74,3,4,446)
r(79,2,4,446)
r(78,5,5,447)
w(78,8,5,447)
r(78,8,5,447)
r(78,8,5,447)
r(80,0,5,447)
r(80,0,5,447)
r(69,3,7,452)
w(80,2,7,452)
r(79,2,7,452)
r(80,2,7,452)
r(79,2,1,454)
r(80,0,1,454)
w(79,3,1,454)
r(80,0,1,454)
w(79,4,1,454)
r(80,0,1,454)
r(79,4,1,454)
r(80,2,3,456)
r(80,2,3,456)
r(80,2,3,456)
r(79,2,3,456)
r(82,0,3,456)
r(79,2,3,456)
w(80,3,6,458)
w(80,4,6,458)
r(79,2,6,458)
w(80,5,6,458)
w(80,6,6,458)
r(79,2,6,458)
w(74,5,6,458)
w(82,2,1,462)
r(80,6,1,462)
r(80,6,1,462)
r(80,6,1,462)
w(79,5,1,462)
r(74,5,1,462)
w(79,7,8,469)
r(83,0,8,469)
r(83,0,8,469)
w(83,2,8,469)
r(83,2,8,469)
w(83,3,8,469)
r(79,7,8,469)
r(83,3,8,469)
r(84,0,4,476)
r(74,5,4,476)
r(82,2,4,476)
w(81,2,4,476)
r(85,0,4,476)
w(82,4,7,477)
r(74,5,7,477)
r(85,0,7,477)
r(84,0,7,477)
r(84,0,7,477)
w(85,1,4,480)
r(84,0,4,480)
w(85,2,4,480)
w(85,3,4,480)
w(85,4,4,480)
r(85,4,4,480)
r(85,0,5,482)
r(85,0,5,482)
w(74,7,5,482)
r(84,0,5,482)
r(74,7,5,482)
r(84,0,5,482)
w(74,8,5,482)
w(82,5,5,482)
r(84,0,6,485)
r(85,4,6,485)
w(82,6,6,485)
w(84,5,6,485)
w(85,5,6,485)
r(85,5,2,488)
r(82,6,2,488)
r(85,5,2,488)
w(85,8,2,488)
r(87,0,8,492)
w(87,1,8,492)
r(87,1,8,492)
w(87,2,8,492)
w(87,3,8,492)
w(87,4,8,492)
r(87,4,8,492)
r(87,4,4,498)
w(87,6,4,498)
w(87,7,4,498)
r(87,7,4,498)
w(90,1,6,502)
w(90,2,6,502)
r(89,0,6,502)
w(90,3,6,502)
r(88,0,6,502)
r(89,0,6,502)
w(90,4,6,502)
w(89,1,6,502)
w(91,1,8,510)
r(89,1,8,510)
w(91,2,8,510)
r(91,2,8,510)
r(91,2,8,510)
r(86,0,8,510)
r(91,2,8,510)
w(89,3,6,511)
w(89,4,6,511)
w(90,7,6,511)
r(89,4,6,511)
w(86,2,6,511)
w(89,5,6,511)
r(90,7,6,511)
r(89,1,4,513)
r(88,0,4,513)
r(81,2,4,513)
r(88,0,4,513)
r(88,0,4,513)
r(91,2,6,517)
r(88,0,6,517)
w(91,8,6,517)
w(93,1,6,517)
r(93,1,6,517)
r(92,0,0,522)
w(88,6,0,522)
r(88,6,0,522)
r(86,2,0,522)
r(93,1,0,522)
r(93,1,0,522)
w(86,3,5,529)
w(93,4,5,529)
w(93,5,5,529)
w(88,7,5,529)
r(92,0,5,529)
w(88,8,6,538)
w(95,3,6,538)
r(94,0,6,538)
w(81,6,6,538)
w(94,6,6,538)
r(94,6,6,538)
r(94,6,6,538)
r(96,0,6,544)
w(86,7,6,544)
r(95,3,6,544)
w(96,2,6,544)
r(96,2,6,544)
w(96,3,6,544)
w(96,4,6,544)
r(96,4,6,544)
r(98,0,4,550)
r(86,7,4,550)
r(96,4,4,550)
w(97,4,4,550)
w(96,8,4,550)
r(99,0,4,550)
r(98,0,7,554)
w(97,8,7,554)
w(99,4,7,554)
r(99,4,7,554)
r(100,0,7,554)
w(81,7,7,554)
r(99,4,7,554)
r(100,0,7,554)
r(100,0,7,563)
w(102,1,7,563)
w(102,2,7,563)
r(102,2,7,563)
w(102,3,7,563)
r(102,3,7,563)
r(100,0,7,563)
r(102,3,7,563)
w(100,4,6,564)
w(99,6,6,564)
w(99,7,6,564)
r(98,0,6,564)
w(99,8,6,564)
w(100,5,6,564)
r(98,0,6,564)
r(102,0,6,564)
r(102,3,9,567)
r(102,3,9,567)
r(104,0,9,567)
w(103,1,9,567)
w(103,2,9,567)
w(103,3,4,571)
r(101,0,4,571)
r(103,3,4,571)
w(101,1,4,571)
r(103,3,4,571)
w(104,2,0,574)
r(103,3,0,574)
r(103,3,0,574)
r(101,1,0,574)
r(104,2,0,574)
w(103,6,0,574)
w(103,7,0,574)
w(104,3,8,580)
r(105,0,8,580)
w(105,1,8,580)
w(98,5,8,580)
w(98,6,8,580)
w(105,4,9,583)
r(105,4,9,583)
w(105,5,9,583)
w(105,6,9,583)
r(98,6,9,583)
w(105,7,9,583)
r(104,3,9,583)
w(104,5,7,586)
w(98,7,7,586)
r(106,0,7,586)
w(98,8,7,586)
r(104,5,7,586)
w(106,2,7,586)
w(107,1,3,591)
r(98,8,3,591)
w(106,4,3,591)
w(104,6,3,591)
r(106,4,3,591)
r(106,4,3,591)
w(106,5,3,591)
r(106,5,3,591)
r(104,6,5,594)
r(109,0,5,594)
w(109,1,5,594)
r(109,1,5,594)
r(109,1,5,594)
w(109,2,5,594)
w(108,2,0,596)
r(106,5,0,596)
w(104,7,0,596)
w(104,8,0,596)
r(104,8,0,596)
r(104,8,0,596)
r(107,1,0,596)
r(101,1,1,599)
w(109,3,1,599)
w(109,4,1,599)
r(109,4,1,599)
r(109,4,1,599)
r(104,8,1,599)
w(108,3,5,602)
w(108,4,5,602)
r(109,4,5,602)
r(108,4,5,602)
w(109,7,0,604)
r(109,7,0,604)
r(109,7,0,604)
w(109,8,0,604)
r(104,8,7,608)
r(101,1,7,608)
w(107,2,7,608)
r(108,4,7,608)
w(108,5,7,608)
r(101,1,7,608)
w(110,1,7,608)
r(110,1,2,612)
w(110,6,2,612)
r(111,0,2,612)
w(108,7,2,612)
r(111,0,2,612)
w(110,7,6,619)
w(110,8,6,619)
w(101,6,6,619)
w(111,3,6,619)
w(111,4,6,619)
r(111,4,6,619)
w(112,2,6,619)
r(111,4,6,619)
r(113,0,3,622)
w(112,3,3,622)
r(113,0,3,622)
w(113,7,3,622)
r(111,4,3,622)
w(113,8,3,622)
r(111,4,2,623)
r(114,0,2,623)
r(114,0,2,623)
r(101,6,2,623)
w(107,3,2,623)
r(111,4,2,623)
r(114,0,2,623)
w(111,7,7,629)
w(114,1,7,629)
w(111,8,7,629)
w(114,2,7,629)
w(114,3,7,629)
r(111,8,7,629)
r(112,3,7,629)
w(101,7,7,629)
r(115,0,5,630)
r(114,0,5,630)
w(112,4,5,630)
r(115,0,5,630)
w(115,2,5,630)
w(115,3,5,630)
r(115,3,5,630)
r(107,3,9,631)
w(116,1,9,631)
r(115,0,9,631)
r(114,0,9,631)
w(107,4,9,631)
r(114,3,0,633)
r(115,3,0,633)
r(115,3,0,633)
w(116,2,0,633)
r(114,3,0,633)
r(114,3,1,636)
w(114,6,1,636)
r(112,4,1,636)
r(115,3,1,636)
w(115,4,1,636)
w(114,7,1,636)
w(114,8,3,638)
w(116,3,3,638)
w(117,1,3,638)
r(115,4,3,638)
r(117,1,3,638)
w(112,5,3,638)
w(112,7,2,642)
r(117,1,2,642)
r(115,4,2,642)
r(117,1,2,642)
r(115,4,2,642)
r(117,1,2,642)
w(117,3,2,642)
w(115,7,1,646)
w(117,6,1,646)
w(117,7,1,646)
w(117,8,1,646)
r(115,7,1,646)
r(117,3,0,648)
w(112,8,0,648)
r(117,3,0,648)
r(117,3,0,648)
r(117,3,0,648)
r(117,3,0,648)
r(115,4,0,648)
w(107,5,0,648)
w(116,5,1,651)
w(118,1,1,651)
r(115,7,1,651)
r(119,0,1,651)
w(118,2,1,651)
w(115,8,1,651)
r(120,0,1,657)
w(118,8,1,657)
r(120,0,1,657)
r(118,8,1,657)
r(120,0,1,657)
r(119,0,1,657)
r(120,0,1,657)
r(120,0,8,662)
w(116,6,8,662)
r(121,0,8,662)
w(107,6,8,662)
r(121,0,8,662)
r(116,6,8,662)
w(120,4,8,662)
r(120,4,8,662)
r(121,0,5,663)
r(119,0,5,663)
w(121,1,5,663)
r(121,1,5,663)
r(120,0,5,663)
w(119,3,5,663)
r(120,4,9,665)
r(119,3,9,665)
w(119,4,9,665)
r(121,1,9,665)
r(120,4,9,665)
w(121,2,9,665)
r(121,2,9,665)
r(120,4,1,671)
r(121,2,1,671)
w(120,6,1,671)
w(116,7,1,671)
w(120,7,1,671)
w(119,5,1,671)
r(120,7,1,671)
w(119,6,1,671)
r(121,2,6,675)
w(122,1,6,675)
r(121,2,6,675)
w(122,2,6,675)
r(116,7,6,675)
w(121,6,6,675)
r(116,7,6,675)
r(121,6,6,675)
w(123,1,9,681)
w(123,2,9,681)
r(123,2,9,681)
w(122,3,9,681)
w(120,8,9,681)
r(123,2,9,681)
w(125,1,8,686)
w(122,6,8,686)
w(125,2,8,686)
w(124,4,8,686)
w(124,5,1,690)
w(125,5,1,690)
w(125,6,1,690)
w(124,6,1,690)
r(127,0,6,695)
w(128,1,6,695)
r(128,1,6,695)
r(128,1,6,695)
r(128,1,6,695)
r(128,1,6,695)
w(124,8,5,697)
r(124,8,5,697)
r(125,6,5,697)
w(125,8,5,697)
r(124,8,5,697)
r(126,0,1,699)
r(126,0,1,699)
w(128,3,1,699)
r(127,0,1,699)
w(127,1,1,699)
r(127,1,1,699)
r(107,6,1,699)
r(128,3,1,699)
w(128,4,2,704)
r(126,0,2,704)
w(127,2,2,704)
r(128,4,2,704)
w(128,5,2,704)
r(128,5,2,704)
r(127,2,4,709)
r(127,2,4,709)
r(129,0,4,709)
w(129,2,4,709)
r(127,2,4,709)
w(129,3,4,709)
w(126,1,4,709)
r(129,3,8,713)
w(127,3,8,713)
w(130,1,8,713)
w(129,5,8,713)
w(129,6,8,713)
r(126,1,8,713)
r(130,1,8,713)
w(127,5,1,718)
r(126,1,1,718)
w(127,6,1,718)
r(126,1,1,718)
r(126,1,1,718)
w(127,7,1,718)
r(131,0,0,720)
w(131,2,0,720)
r(127,3,0,720)
w(131,3,0,720)
r(130,1,3,723)
r(131,3,3,723)
r(127,7,3,723)
r(127,7,3,723)
w(131,6,1,725)
r(131,6,1,725)
w(131,7,1,725)
r(131,7,1,725)
w(131,8,1,725)
r(130,1,1,725)
r(132,0,1,725)
r(126,1,1,725)
w(132,1,2,730)
r(132,1,2,730)
w(132,2,2,730)
r(127,7,2,730)
r(127,7,2,730)
w(132,3,2,730)
r(132,3,2,730)
w(132,6,2,734)
w(132,7,2,734)
w(132,8,2,734)
r(126,1,2,734)
w(130,4,2,734)
r(133,0,7,737)
w(134,1,7,737)
r(133,0,7,737)
r(134,1,7,737)
w(134,2,7,737)
r(126,1,7,737)
r(133,0,7,737)
r(134,2,7,737)
w(134,3,4,739)
w(134,4,4,739)
r(133,0,4,739)
r(134,4,4,739)
w(134,5,1,742)
w(133,4,1,742)
r(134,5,1,742)
r(134,5,1,742)
r(133,4,7,747)
r(133,4,7,747)
r(133,4,7,747)
w(134,7,7,747)
r(126,1,9,749)
r(130,4,9,749)
w(134,8,9,749)
r(134,8,9,749)
w(107,8,2,752)
w(130,6,2,752)
w(133,8,2,752)
r(126,1,2,752)
r(134,8,2,752)
w(135,1,2,752)
r(107,8,2,752)
w(135,2,2,752)
w(136,8,6,760)
w(126,7,6,760)
r(107,8,6,760)
w(137,1,6,760)
w(126,8,6,760)
r(137,1,6,760)
r(135,2,6,760)
w(137,8,5,769)
r(135,2,5,769)
r(135,2,5,769)
r(135,2,5,769)
r(126,8,5,769)
r(138,0,8,772)
r(139,0,8,772)
r(138,0,8,772)
r(138,0,8,772)
r(138,0,8,772)
r(138,0,8,772)
r(130,6,8,772)
r(138,0,6,773)
r(135,2,6,773)
r(130,6,6,773)
r(139,0,6,773)
w(138,1,6,773)
r(138,1,2,781)
w(138,5,2,781)
r(138,5,2,781)
w(138,6,2,781)
w(139,2,2,781)
w(139,3,2,781)
w(139,4,2,781)
w(138,7,2,781)
r(139,4,3,798)
w(141,4,3,798)
r(141,4,3,798)
r(107,8,3,798)
w(142,1,3,798)
r(143,0,3,798)
r(146,0,3,806)
w(147,1,3,806)
r(147,1,3,806)
r(147,1,3,806)
r(146,0,3,806)
r(143,0,0,809)
w(143,3,0,809)
r(144,0,0,809)
r(143,3,0,809)
w(143,4,0,809)
w(140,5,0,809)
w(143,5,0,809)
r(147,1,2,818)
r(146,0,2,818)
w(147,6,2,818)
w(146,7,2,818)
r(147,6,2,818)
w(146,8,2,818)
r(147,6,2,818)
w(149,4,3,819)
w(149,5,3,819)
r(149,5,3,819)
r(149,5,3,819)
r(150,0,3,819)
w(145,5,9,826)
w(145,6,9,826)
r(140,5,9,826)
r(140,5,9,826)
r(140,5,9,826)
w(145,7,9,826)
r(148,0,8,830)
w(148,4,8,830)
w(142,6,8,830)
r(150,0,8,830)
w(151,5,8,830)
r(151,5,8,830)
r(150,0,4,840)
r(150,0,4,840)
w(150,8,4,840)
r(152,0,4,840)
r(150,8,4,840)
r(152,0,9,844)
w(152,4,9,844)
r(153,0,9,844)
r(107,8,9,844)
r(153,0,9,844)
r(142,6,1,849)
r(154,0,1,849)
w(153,3,1,849)
r(153,3,1,849)
r(154,0,5,855)
w(154,1,5,855)
w(142,8,5,855)
r(154,1,5,855)
w(154,2,5,855)
w(154,6,0,859)
w(154,7,0,859)
r(153,3,0,859)
r(153,3,0,859)
r(148,4,0,859)
r(154,7,0,859)
r(154,7,0,859)
r(156,0,4,863)
w(156,1,4,863)
r(153,3,4,863)
r(153,3,4,863)
r(156,1,4,863)
w(153,8,4,863)
r(153,8,4,863)
w(156,3,5,868)
w(156,4,5,868)
r(156,4,5,868)
r(155,0,5,868)
r(157,0,5,868)
r(153,8,5,868)
r(156,4,4,874)
r(155,0,4,874)
w(156,7,4,874)
w(156,8,4,874)
r(156,4,3,875)
w(158,2,3,875)
r(157,0,3,875)
r(159,0,3,875)
r(156,4,3,875)
r(156,4,3,875)
r(158,2,3,875)
w(157,2,3,875)
r(161,0,8,880)
w(161,1,8,880)
w(161,2,8,880)
r(161,2,8,880)
r(144,0,7,881)
r(144,0,7,881)
r(143,0,7,881)
r(107,8,7,881)
w(144,1,7,881)
r(143,0,7,881)
w(160,5,4,882)
w(160,6,4,882)
w(160,7,4,882)
w(160,8,4,882)
r(160,8,4,882)
r(161,0,4,882)
w(157,7,8,888)
w(161,6,8,888)
w(158,5,8,888)
r(157,7,8,888)
r(158,5,16,892)
w(157,8,16,892)
r(162,0,16,892)
r(158,5,16,892)
w(158,7,3,895)
r(157,7,3,895)
w(158,8,3,895)
r(162,0,3,895)
r(162,0,3,895)
w(162,1,3,895)
r(155,0,3,895)
w(162,2,3,895)
w(162,7,1,900)
r(162,7,1,900)
r(155,0,1,900)
r(162,7,1,900)
w(162,8,1,900)
w(164,2,7,902)
r(162,2,7,902)
w(163,3,7,902)
r(162,2,7,902)
w(164,4,9,907)
r(165,0,9,907)
w(164,5,9,907)
w(164,6,9,907)
w(164,7,9,907)
r(165,0,4,908)
r(164,2,4,908)
r(165,0,4,908)
r(165,0,4,908)
w(163,4,2,911)
w(165,3,2,911)
r(164,7,2,911)
r(165,3,2,911)
w(165,4,2,911)
w(163,5,2,911)
r(165,4,2,911)
r(165,4,0,914)
r(164,7,0,914)
w(165,7,0,914)
w(165,8,0,914)
w(164,8,0,914)
w(163,6,3,916)
r(164,8,3,916)
r(166,0,3,916)
w(166,1,3,916)
w(166,2,3,916)
w(166,4,2,919)
r(166,4,2,919)
r(166,4,2,919)
r(167,0,2,919)
r(166,4,2,919)
r(166,4,2,919)
r(166,4,2,919)
w(166,5,5,925)
r(167,0,5,925)
r(166,5,5,925)
w(163,7,5,925)
w(163,8,5,925)
w(168,1,4,928)
r(155,0,4,928)
w(169,1,4,928)
w(169,2,4,928)
w(168,3,16,933)
w(168,4,16,933)
r(168,4,16,933)
w(168,5,16,933)
r(168,5,16,933)
r(168,5,16,933)
r(155,0,16,933)
w(167,3,4,938)
w(168,7,4,938)
w(168,8,4,938)
w(169,3,4,938)
w(155,5,4,938)
r(167,3,4,938)
r(169,3,4,938)
r(168,8,4,938)
r(167,3,1,943)
r(167,3,1,943)
w(169,5,1,943)
r(171,0,1,943)
r(169,3,3,946)
w(155,8,3,946)
w(170,7,3,946)
w(159,5,3,946)
r(167,3,3,946)
w(170,8,3,946)
r(170,8,3,946)
r(155,5,7,948)
r(167,3,7,948)
r(171,0,7,948)
w(171,3,7,948)
r(171,3,5,954)
r(171,3,5,954)
r(169,5,5,954)
w(171,5,5,954)
r(171,5,5,954)
r(171,5,5,954)
w(171,6,5,954)
w(171,7,5,954)
r(173,0,8,956)
r(172,0,8,956)
w(173,1,8,956)
w(173,2,8,956)
r(173,2,8,956)
r(159,5,8,956)
w(173,3,8,956)
w(173,6,1,960)
w(173,7,1,960)
r(173,7,1,960)
w(172,2,1,960)
r(173,7,4,966)
w(173,8,4,966)
r(173,8,4,966)
r(173,8,4,966)
w(176,1,4,966)
r(172,2,4,966)
w(176,2,4,966)
w(175,1,4,966)
r(176,2,8,974)
w(175,3,8,974)
w(176,7,8,974)
w(174,1,8,974)
r(176,7,8,974)
r(172,2,8,974)
w(176,8,8,974)
r(174,1,8,974)
w(177,5,9,980)
w(177,6,9,980)
r(172,2,9,980)
r(177,6,9,980)
r(174,0,9,980)
r(177,6,9,980)
r(175,1,9,980)
r(177,0,5,982)
w(174,3,5,982)
r(177,0,5,982)
r(178,0,5,982)
r(178,0,5,982)
r(180,0,5,982)
r(180,0,5,982)
r(174,3,5,982)
w(180,1,16,988)
r(175,3,16,988)
r(180,1,16,988)
w(175,6,16,988)
w(175,7,16,988)
r(180,1,16,988)
w(178,5,4,992)
w(180,6,4,992)
r(178,5,4,992)
w(180,7,4,992)
r(181,0,5,999)
r(181,0,5,999)
r(181,0,5,999)
r(175,7,5,999)
w(178,7,5,999)
r(178,7,5,999)
w(181,1,5,999)
r(181,1,5,999)
w(183,2,4,1009)
w(183,3,4,1009)
w(183,4,4,1009)
w(184,1,4,1009)
w(185,1,0,1015)
r(185,1,0,1015)
w(185,2,0,1015)
w(185,3,0,1015)
r(185,3,0,1015)
r(186,0,7,1018)
r(184,1,7,1018)
r(186,0,7,1018)
r(184,1,7,1018)
r(184,1,7,1018)
r(186,0,7,1018)
r(174,3,7,1018)
r(185,3,9,1019)
w(185,6,9,1019)
w(185,7,9,1019)
w(182,1,9,1019)
w(182,2,9,1019)
w(185,8,9,1019)
r(186,0,9,1019)
r(186,0,8,1023)
r(182,2,8,1023)
w(186,1,8,1023)
w(186,2,8,1023)
w(186,6,5,1032)
w(186,7,5,1032)
r(187,0,5,1032)
r(182,2,5,1032)
w(186,8,5,1032)
w(187,1,4,1034)
w(182,3,4,1034)
r(186,2,4,1034)
r(182,3,4,1034)
r(186,2,4,1034)
r(179,0,0,1037)
w(187,6,0,1037)
w(188,7,0,1037)
r(187,6,0,1037)
w(187,7,16,1039)
r(182,3,16,1039)
w(182,7,16,1039)
r(187,7,16,1039)
w(187,8,16,1042)
r(187,8,16,1042)
w(174,6,16,1042)
w(188,8,16,1042)
r(188,8,16,1042)
w(190,1,16,1046)
w(189,2,16,1046)
r(189,2,16,1046)
r(190,1,16,1046)
w(190,2,16,1046)
r(190,2,16,1046)
w(190,3,16,1046)
r(189,2,16,1046)
w(189,4,8,1058)
r(189,4,8,1058)
w(190,6,8,1058)
w(191,1,8,1058)
r(190,6,8,1058)
r(190,6,8,1058)
w(190,7,8,1058)
r(191,1,8,1058)
w(189,8,2,1063)
w(191,6,2,1063)
r(193,0,2,1063)
w(193,1,2,1063)
r(174,6,2,1063)
r(189,8,2,1063)
r(191,6,2,1063)
r(174,6,1,1066)
r(193,1,1,1066)
r(193,1,1,1066)
r(193,1,1,1066)
r(193,1,3,1068)
r(174,6,3,1068)
r(191,6,3,1068)
w(194,2,3,1068)
r(194,2,3,1068)
r(194,2,3,1068)
w(193,3,3,1068)
w(194,3,1,1069)
r(194,3,1,1069)
r(193,3,1,1069)
r(193,3,1,1069)
r(193,3,1,1069)
r(194,3,1,1069)
r(191,6,1,1069)
w(174,8,1,1074)
w(194,4,1,1074)
w(193,4,1,1074)
r(193,4,1,1074)
w(191,7,1,1074)
r(194,4,1,1074)
r(193,4,1,1074)
w(193,5,1,1074)
r(194,4,2,1078)
r(194,4,2,1078)
w(195,1,2,1078)
w(195,2,2,1078)
w(179,4,7,1080)
r(194,4,7,1080)
w(194,7,7,1080)
w(191,8,7,1080)
w(195,3,7,1080)
w(195,7,1,1084)
w(195,8,1,1084)
r(194,7,1,1084)
r(194,7,1,1084)
w(197,1,1,1084)
w(197,2,1,1084)
w(198,2,16,1089)
r(198,2,16,1089)
w(197,4,16,1089)
r(198,2,16,1089)
r(198,2,16,1089)
w(197,5,16,1089)
w(197,6,16,1089)
r(200,0,0,1098)
w(198,4,0,1098)
r(200,0,0,1098)
r(199,0,0,1098)
w(200,2,0,1098)
w(198,5,0,1098)
w(200,5,2,1102)
w(199,5,2,1102)
w(200,6,2,1102)
w(199,6,2,1102)
r(198,5,3,1103)
r(196,0,3,1103)
r(198,5,3,1103)
r(200,6,3,1103)
r(196,0,3,1103)
r(199,6,7,1108)
w(200,7,7,1108)
r(198,5,7,1108)
w(196,1,7,1108)
w(201,2,2,1111)
w(201,3,2,1111)
w(201,4,2,1111)
w(201,5,2,1111)
r(199,6,2,1111)
r(203,0,9,1116)
r(202,0,9,1116)
r(203,0,9,1116)
r(198,5,9,1116)
r(202,0,9,1116)
r(198,5,9,1116)
w(202,2,1,1121)
w(203,1,1,1121)
r(202,2,1,1121)
r(202,2,1,1121)
w(202,3,1,1121)
w(202,4,1,1121)
w(203,2,1,1121)
w(206,3,16,1133)
r(204,0,16,1133)
w(204,5,16,1133)
r(206,3,16,1133)
w(205,1,16,1133)
w(206,4,16,1133)
r(196,1,9,1137)
w(207,1,9,1137)
r(203,2,9,1137)
w(204,6,9,1137)
r(204,6,9,1137)
w(207,2,9,1137)
w(204,8,2,1144)
w(207,5,2,1144)
w(207,6,2,1144)
w(207,7,2,1144)
r(203,2,2,1144)
r(207,7,2,1144)
r(208,0,1,1146)
w(208,4,1,1146)
r(209,0,1,1146)
w(208,5,1,1146)
r(196,1,5,1147)
r(209,0,5,1147)
w(209,1,5,1147)
w(209,2,5,1147)
r(209,2,0,1152)
r(209,2,0,1152)
r(209,2,0,1152)
w(209,3,0,1152)
r(203,2,7,1153)
w(205,2,7,1153)
r(203,2,7,1153)
w(208,6,7,1153)
r(209,2,7,1153)
w(196,5,7,1153)
w(209,6,9,1158)
r(209,6,9,1158)
r(209,6,9,1158)
w(209,7,9,1158)
r(209,7,9,1158)
w(210,2,4,1166)
w(210,3,4,1166)
r(210,3,4,1166)
w(210,4,4,1166)
w(210,5,4,1166)
r(211,0,8,1168)
w(210,7,8,1168)
w(211,4,8,1168)
w(205,5,8,1168)
r(203,2,8,1168)
r(210,7,8,1168)
r(212,0,2,1174)
w(211,7,2,1174)
w(211,8,2,1174)
r(212,0,2,1174)
w(212,4,5,1176)
w(212,5,5,1176)
r(196,5,5,1176)
r(212,5,5,1176)
w(212,6,5,1176)
w(203,8,5,1184)
r(213,0,5,1184)
w(215,1,5,1184)
r(214,0,5,1184)
w(214,3,5,1184)
r(214,3,5,1184)
r(214,3,4,1189)
r(214,3,4,1189)
r(196,5,4,1189)
r(213,0,4,1189)
w(216,1,4,1189)
w(214,6,0,1197)
w(216,2,0,1197)
w(215,5,0,1197)
r(216,2,0,1197)
w(215,6,0,1197)
w(214,7,0,1197)
w(214,8,0,1197)
r(218,0,3,1203)
w(218,2,3,1203)
w(218,3,3,1203)
r(218,3,3,1203)
r(218,3,3,1203)
w(218,4,3,1203)
r(220,0,0,1210)
w(220,4,0,1210)
w(223,2,0,1210)
r(220,4,0,1210)
w(220,5,0,1210)
w(220,6,0,1210)
w(220,7,0,1210)
w(224,1,7,1214)
r(224,1,7,1214)
w(224,2,7,1214)
w(219,2,7,1214)
w(223,3,16,1216)
r(224,0,16,1216)
w(221,3,16,1216)
r(224,0,16,1216)
r(221,3,9,1220)
r(221,3,9,1220)
w(219,3,9,1220)
r(224,2,9,1220)
r(223,3,9,1220)
w(224,3,2,1223)
w(221,5,2,1223)
w(224,4,2,1223)
r(224,4,2,1223)
w(223,5,2,1223)
w(221,6,2,1223)
w(223,6,2,1223)
w(224,8,0,1226)
w(221,7,0,1226)
r(224,8,0,1226)
r(224,8,0,1226)
w(221,8,0,1226)
r(223,6,0,1226)
w(225,1,1,1230)
r(221,6,1,1230)
w(225,2,1,1230)
w(225,3,1,1230)
w(225,4,1,1230)
w(225,5,1,1230)
w(225,6,1,1230)
w(225,7,1,1230)
r(227,0,8,1234)
w(223,7,8,1234)
w(227,1,8,1234)
r(227,1,8,1234)
w(226,6,8,1243)
w(227,6,8,1243)
r(227,6,8,1243)
r(227,6,8,1243)
w(222,2,8,1243)
w(227,7,8,1243)
r(228,0,4,1249)
w(228,5,4,1249)
r(226,6,4,1249)
r(229,0,4,1249)
w(229,4,8,1251)
r(228,0,8,1251)
w(226,8,8,1251)
r(226,8,8,1251)
r(229,4,7,1254)
r(229,4,7,1254)
r(229,4,7,1254)
r(219,3,7,1254)
r(226,8,8,1255)
r(229,4,8,1255)
w(219,7,8,1255)
r(229,4,8,1255)
r(229,4,2,1259)
w(229,6,2,1259)
r(229,6,2,1259)
r(230,0,2,1259)
w(229,7,2,1259)
w(230,1,2,1259)
w(228,6,2,1259)
r(229,7,2,1259)
w(231,1,8,1266)
r(222,2,8,1266)
w(231,2,8,1266)
w(231,3,8,1266)
r(228,6,8,1266)
w(231,4,8,1266)
r(231,0,7,1267)
w(230,2,7,1267)
r(232,0,7,1267)
r(230,2,7,1267)
w(232,1,7,1267)
r(232,1,3,1270)
r(232,1,3,1270)
r(228,6,3,1270)
r(230,2,3,1270)
w(232,2,4,1272)
r(219,7,4,1272)
w(230,3,4,1272)
r(230,3,4,1272)
r(230,3,4,1272)
w(232,3,4,1272)
r(232,3,8,1275)
w(232,4,8,1275)
r(232,4,8,1275)
r(228,6,8,1275)
r(230,3,3,1278)
r(230,3,3,1278)
r(232,4,3,1278)
w(230,8,3,1278)
r(232,4,16,1280)
r(232,4,16,1280)
w(232,6,16,1280)
r(233,0,16,1280)
r(232,6,16,1280)
w(233,1,16,1280)
w(232,7,16,1280)
w(232,8,5,1283)
r(228,6,5,1283)
r(234,0,5,1283)
r(234,0,5,1283)
w(234,1,5,1283)
r(228,6,5,1283)
r(234,1,5,1283)
w(235,2,4,1287)
w(234,8,4,1287)
w(236,4,4,1287)
r(234,8,4,1287)
r(234,8,4,1287)
w(237,2,1,1293)
w(237,3,1,1293)
r(237,3,1,1293)
r(237,3,1,1293)
r(237,3,1,1293)
w(237,4,1,1293)
r(237,4,1,1293)
w(222,4,1,1293)
w(235,5,4,1300)
r(235,5,4,1300)
r(235,5,4,1300)
w(238,1,4,1300)
w(238,2,4,1300)
w(236,6,0,1304)
w(235,6,0,1304)
w(238,5,0,1304)
w(238,6,0,1304)
r(222,4,0,1304)
w(239,2,2,1310)
r(235,6,2,1310)
w(233,5,2,1310)
r(239,2,2,1310)
r(236,6,5,1311)
w(222,8,5,1311)
r(236,6,5,1311)
r(239,0,5,1311)
r(239,0,5,1311)
r(236,6,5,1311)
w(240,1,2,1315)
w(240,2,2,1315)
r(239,2,2,1315)
w(239,3,2,1315)
w(240,3,2,1315)
r(239,3,2,1315)
r(233,5,2,1315)
r(239,3,3,1317)
r(239,3,3,1317)
w(239,5,3,1317)
w(239,6,3,1317)
r(239,6,5,1319)
r(239,6,5,1319)
r(239,6,5,1319)
w(240,6,5,1319)
w(240,8,3,1324)
r(222,8,3,1324)
w(241,1,3,1324)
r(241,1,3,1324)
r(240,8,3,1324)
w(242,1,3,1324)
r(241,1,3,1324)
r(241,1,5,1331)
w(241,6,5,1331)
r(241,6,5,1331)
r(241,6,5,1331)
w(241,7,5,1331)
r(242,1,8,1334)
r(241,7,8,1334)
r(241,7,8,1334)
r(244,0,8,1334)
r(243,0,8,1334)
w(243,1,8,1334)
w(245,1,8,1334)
r(245,0,2,1335)
r(242,1,2,1335)
w(242,3,2,1335)
r(245,0,2,1335)
w(245,2,4,1339)
r(242,3,4,1339)
w(245,3,4,1339)
w(245,4,4,1339)
w(245,5,4,1339)
w(245,6,4,1339)
r(246,0,0,1346)
r(246,0,0,1346)
w(243,5,0,1346)
w(246,4,0,1346)
w(246,5,0,1346)
r(247,0,1,1360)
r(246,5,1,1360)
r(246,5,1,1360)
w(242,5,1,1360)
w(248,1,1,1360)
r(248,1,1,1360)
r(250,0,1,1362)
w(251,2,1,1362)
w(250,3,1,1362)
r(247,0,1,1362)
w(249,1,1,1362)
w(250,4,1,1362)
w(233,8,7,1364)
w(243,6,7,1364)
r(246,5,7,1364)
w(246,6,7,1364)
r(242,3,7,1364)
w(243,7,7,1364)
r(250,4,7,1368)
w(251,3,7,1368)
r(250,4,7,1368)
r(250,4,7,1368)
r(252,0,7,1368)
w(252,1,7,1368)
w(247,8,1,1369)
w(250,5,1,1369)
w(250,6,1,1369)
r(252,0,1,1369)
r(252,0,1,1369)
w(250,8,1,1376)
w(249,2,1,1376)
w(252,4,1,1376)
w(253,1,1,1376)
r(251,3,1,1379)
r(249,2,1,1379)
w(253,2,1,1379)
w(252,6,1,1379)
r(253,2,1,1379)
w(252,7,1,1379)
w(249,3,1,1379)
r(247,8,8,1388)
r(248,1,8,1388)
r(247,8,8,1388)
r(248,1,8,1388)
r(242,5,8,1388)
w(248,2,8,1388)
w(247,3,8,1388)
w(255,4,1,1392)
r(255,4,1,1392)
w(251,6,1,1392)
r(255,4,1,1392)
w(255,5,1,1392)
w(255,6,1,1392)
w(255,7,1,1392)
w(248,6,16,1397)
r(248,6,16,1397)
w(248,7,16,1397)
r(248,7,16,1397)
r(248,7,16,1397)
w(256,4,7,1399)
w(256,5,7,1399)
w(256,6,7,1399)
r(254,0,7,1399)
r(256,6,7,1399)
w(256,7,7,1399)
w(254,3,7,1399)
w(256,8,7,1399)
r(258,0,1,1403)
w(258,2,1,1403)
w(258,3,1,1403)
r(258,3,1,1403)
r(249,3,7,1404)
w(251,8,7,1404)
r(249,3,7,1404)
w(254,6,7,1404)
r(254,6,8,1411)
r(254,6,8,1411)
w(249,6,8,1411)
r(258,3,8,1411)
w(258,4,8,1411)
w(258,5,8,1411)
w(254,7,8,1411)
r(249,6,16,1413)
r(259,0,16,1413)
r(258,5,16,1413)
r(258,5,16,1413)
r(260,0,16,1413)
r(259,0,16,1413)
w(259,2,1,1420)
w(259,3,1,1420)
r(261,0,1,1420)
r(260,0,1,1420)
r(259,0,2,1422)
r(261,0,2,1422)
w(261,2,2,1422)
w(261,3,2,1422)
r(261,3,2,1422)
w(261,4,2,1422)
w(260,1,2,1422)
w(261,8,2,1427)
r(261,8,2,1427)
w(259,7,2,1427)
r(262,0,2,1427)
r(262,0,2,1427)
w(260,3,2,1427)
w(260,4,2,1427)
w(259,8,7,1430)
r(262,0,7,1430)
r(262,0,7,1430)
r(262,0,7,1430)
w(262,2,7,1430)
r(244,0,7,1430)
r(262,2,7,1430)
w(262,4,1,1435)
w(264,1,1,1435)
r(264,1,1,1435)
w(262,5,1,1435)
r(264,1,1,1435)
r(264,1,1,1435)
w(264,3,8,1443)
w(244,7,8,1443)
w(244,8,8,1443)
w(262,7,8,1443)
r(262,7,8,1443)
r(262,7,8,1443)
w(264,4,8,1443)
w(262,8,8,1443)
w(265,2,4,1444)
r(263,0,4,1444)
r(267,0,4,1444)
w(267,1,4,1444)
r(267,1,1,1451)
w(267,3,1,1451)
w(266,2,1,1451)
w(266,3,1,1451)
r(265,2,1,1451)
r(266,3,1,1451)
w(266,4,1,1451)
w(267,4,1,1451)
r(266,4,1,1455)
r(266,4,1,1455)
r(244,8,1,1455)
r(265,2,1,1455)
w(266,6,1,1455)
w(267,7,1,1455)
w(266,7,1,1455)
w(265,3,1,1455)
r(269,0,1,1458)
r(268,0,1,1458)
r(268,0,1,1458)
r(265,3,1,1458)
r(269,0,1,1458)
r(244,8,1,1458)
r(269,0,1,1458)
r(269,0,0,1461)
w(269,1,0,1461)
w(269,2,0,1461)
w(269,3,0,1461)
w(269,4,0,1461)
w(268,4,9,1468)
w(269,6,9,1468)
w(268,5,9,1468)
r(269,6,9,1468)
w(271,1,1,1472)
r(271,1,1,1472)
r(271,1,1,1472)
r(271,1,1,1472)
r(265,3,1,1472)
w(272,1,1,1472)
r(272,1,1,1472)
w(272,2,13,1477)
w(272,3,13,1477)
w(272,4,13,1477)
w(272,5,13,1477)
r(265,3,13,1477)
r(265,3,4,1478)
w(271,3,4,1478)
r(271,3,4,1478)
w(271,4,4,1478)
r(272,1,4,1478)
w(270,1,4,1478)
r(272,1,9,1480)
r(271,1,9,1480)
r(271,1,9,1480)
w(265,6,9,1480)
r(263,0,9,1480)
r(272,1,9,1480)
r(271,1,9,1480)
r(271,4,13,1481)
r(272,5,13,1481)
r(271,4,13,1481)
r(272,5,13,1481)
r(272,5,13,1481)
r(263,0,1,1485)
r(273,0,1,1485)
w(273,1,1,1485)
w(265,7,1,1485)
r(263,0,1,1485)
w(271,5,9,1489)
w(271,6,9,1489)
w(272,6,9,1489)
r(272,6,9,1489)
w(271,7,9,1489)
w(271,8,9,1489)
r(265,6,9,1489)
r(263,0,9,1489)
r(265,7,9,1492)
w(273,6,9,1492)
r(270,1,9,1492)
w(265,8,9,1492)
r(265,8,9,1492)
w(274,1,9,1492)
r(273,6,9,1492)
w(263,8,0,1495)
r(276,0,0,1495)
r(276,0,0,1495)
w(274,2,0,1495)
r(274,2,13,1501)
w(276,2,13,1501)
r(263,8,13,1501)
w(276,3,13,1501)
w(274,6,13,1501)
w(276,8,9,1503)
r(276,8,9,1503)
r(276,8,9,1503)
r(275,0,9,1503)
r(276,8,9,1503)
r(274,6,9,1503)
r(277,0,7,1507)
w(277,1,7,1507)
r(274,6,7,1507)
w(275,3,7,1507)
r(270,1,7,1507)
w(277,2,7,1507)
r(277,2,8,1511)
r(277,2,8,1511)
w(277,6,8,1511)
w(275,5,8,1511)
r(277,6,13,1516)
r(278,0,13,1516)
w(279,1,13,1516)
w(275,6,13,1516)
r(278,0,13,1516)
r(280,0,13,1522)
r(280,0,13,1522)
r(278,0,13,1522)
r(280,0,13,1522)
w(278,7,9,1525)
r(275,6,9,1525)
w(277,8,9,1525)
r(280,0,9,1525)
r(280,0,9,1525)
w(280,1,9,1525)
w(280,2,9,1525)
w(281,1,0,1535)
w(279,6,0,1535)
r(280,2,0,1535)
w(280,8,0,1535)
w(281,2,0,1535)
r(279,6,0,1535)
r(283,0,13,1540)
r(283,0,13,1540)
r(283,0,13,1540)
r(281,2,13,1540)
r(282,0,16,1541)
w(281,6,16,1541)
w(275,8,16,1541)
r(282,0,16,1541)
w(282,6,16,1541)
r(281,6,16,1541)
w(282,7,16,1541)
r(282,7,16,1541)
w(283,1,2,1543)
r(283,1,2,1543)
r(275,8,2,1543)
r(283,1,2,1543)
r(283,1,2,1543)
r(283,1,0,1546)
r(281,6,0,1546)
w(283,2,0,1546)
r(281,6,0,1546)
w(270,6,0,1546)
r(281,6,2,1547)
w(283,3,2,1547)
r(270,6,2,1547)
r(281,6,2,1547)
r(283,3,2,1547)
r(283,3,5,1550)
r(283,3,5,1550)
w(279,7,5,1550)
r(283,3,5,1550)
r(283,3,5,1550)
r(283,3,5,1550)
w(283,4,5,1550)
w(283,5,5,1550)
r(283,5,5,1556)
r(283,5,5,1556)
r(279,7,5,1556)
r(283,5,5,1556)
w(283,8,5,1556)
r(285,0,5,1556)
r(286,0,5,1556)
w(285,1,7,1559)
w(284,1,7,1559)
r(285,1,7,1559)
w(286,1,7,1559)
r(270,6,7,1559)
w(286,4,16,1564)
w(286,5,16,1564)
r(284,1,16,1564)
w(285,6,16,1564)
r(285,6,16,1564)
w(286,6,16,1564)
r(285,6,16,1564)
r(287,0,16,1568)
r(286,6,16,1568)
w(284,3,16,1568)
w(287,1,16,1568)
w(287,2,16,1568)
w(288,1,7,1574)
w(287,6,7,1574)
r(287,6,7,1574)
w(287,7,7,1574)
r(288,1,7,1574)
w(287,8,7,1574)
r(287,8,7,1574)
r(287,8,7,1574)
w(289,3,16,1578)
r(284,3,16,1578)
r(289,3,16,1578)
r(288,1,16,1578)
r(288,1,16,1578)
r(289,3,16,1578)
r(284,3,16,1578)
w(289,4,16,1578)
w(289,7,5,1583)
w(289,8,5,1583)
r(288,1,5,1583)
r(289,8,5,1583)
r(289,8,5,1583)
w(288,5,5,1583)
r(288,5,5,1583)
r(284,3,5,1583)
r(284,3,1,1587)
w(291,1,1,1587)
r(291,1,1,1587)
w(291,2,1,1587)
r(291,2,1,1587)
r(290,0,1,1587)
r(290,0,1,1587)
r(288,5,2,1589)
r(291,2,2,1589)
r(288,5,2,1589)
r(288,5,2,1589)
r(291,2,2,1589)
r(270,6,2,1589)
w(288,8,4,1592)
w(270,8,4,1592)
r(292,0,4,1592)
r(290,0,4,1592)
w(291,3,4,1592)
r(288,8,4,1592)
r(291,3,4,1592)
w(291,5,5,1598)
w(291,6,5,1598)
r(294,0,5,1598)
w(290,2,5,1598)
r(295,0,4,1599)
w(295,1,4,1599)
r(293,0,4,1599)
w(292,3,4,1599)
r(294,0,1,1601)
r(294,0,1,1601)
r(295,1,1,1601)
r(294,0,1,1601)
r(294,0,8,1604)
r(295,1,8,1604)
w(295,2,8,1604)
r(292,3,8,1604)
w(294,2,8,1604)
w(295,7,7,1615)
w(290,4,7,1615)
r(294,2,7,1615)
w(295,8,7,1615)
r(296,0,7,1615)
w(296,1,1,1618)
r(293,0,1,1618)
w(292,7,1,1618)
r(294,2,1,1618)
r(296,1,1,1618)
r(294,2,1,1618)
w(294,5,1,1618)
w(294,6,1,1618)
r(296,1,13,1619)
w(296,7,13,1619)
r(296,7,13,1619)
r(296,7,13,1619)
w(296,8,13,1619)
r(298,0,13,1619)
w(298,1,9,1621)
r(298,1,9,1621)
r(298,1,9,1621)
w(290,5,9,1621)
r(297,0,9,1621)
r(290,5,9,1624)
r(298,1,9,1624)
r(298,1,9,1624)
r(299,0,9,1624)
r(299,0,9,1624)
r(297,0,9,1624)
w(299,1,9,1624)
w(299,3,13,1630)
w(298,3,13,1630)
r(299,3,13,1630)
w(299,4,13,1630)
r(299,4,1,1635)
w(297,2,1,1635)
r(300,0,1,1635)
w(299,7,1,1635)
r(299,7,1,1635)
w(299,8,1,1635)
r(293,0,1,1635)
r(290,5,7,1638)
r(300,0,7,1638)
r(301,0,7,1638)
w(297,5,7,1638)
r(301,0,7,1638)
w(301,1,5,1640)
r(290,5,5,1640)
w(301,2,5,1640)
w(301,3,5,1640)
w(301,4,5,1640)
r(297,2,5,1640)
r(293,0,8,1643)
w(300,2,8,1643)
r(301,0,8,1643)
r(301,0,8,1643)
w(297,6,8,1643)
w(290,6,8,1643)
r(300,2,8,1643)
r(301,0,8,1643)
r(300,0,13,1644)
r(300,0,13,1644)
r(297,5,13,1644)
w(301,5,13,1644)
w(297,7,16,1648)
w(297,8,16,1648)
w(300,3,16,1648)
r(297,8,16,1648)
r(302,0,16,1652)
r(302,0,16,1652)
w(302,1,16,1652)
r(300,3,16,1652)
r(300,3,1,1653)
r(297,8,1,1653)
r(302,1,1,1653)
r(300,3,1,1653)
r(300,3,16,1656)
r(302,1,16,1656)
w(302,2,16,1656)
r(302,2,16,1656)
r(300,3,16,1656)
w(302,3,16,1656)
w(302,5,8,1665)
r(300,3,8,1665)
w(302,6,8,1665)
w(302,7,8,1665)
r(300,3,8,1665)
w(300,8,8,1665)
w(302,8,8,1665)
w(304,1,1,1666)
w(303,1,1,1666)
w(304,2,1,1666)
w(304,3,1,1666)
w(304,8,4,1671)
w(306,1,4,1671)
r(306,1,4,1671)
r(303,1,4,1671)
r(306,1,5,1674)
r(306,1,5,1674)
r(306,1,5,1674)
r(306,1,5,1674)
w(306,2,5,1674)
w(306,3,5,1674)
r(306,3,1,1678)
r(306,3,1,1678)
r(290,6,1,1678)
r(303,1,1,1678)
r(293,0,1,1678)
r(305,0,8,1679)
w(306,5,8,1679)
r(306,5,8,1679)
w(307,1,8,1679)
r(290,6,8,1679)
r(306,5,8,1679)
w(306,6,8,1679)
w(306,7,8,1683)
r(306,7,8,1683)
w(306,8,8,1683)
r(307,1,8,1683)
w(290,8,8,1683)
w(308,1,8,1683)
r(308,1,8,1683)
w(308,2,8,1683)
r(308,2,9,1687)
r(293,0,9,1687)
r(307,1,9,1687)
r(308,2,9,1687)
r(307,1,5,1693)
r(293,0,5,1693)
w(303,7,5,1693)
w(293,6,5,1693)
w(308,8,5,1693)
r(309,0,8,1695)
r(307,1,8,1695)
r(309,0,8,1695)
w(309,1,8,1695)
w(307,6,8,1695)
r(309,1,8,1695)
w(293,7,2,1698)
r(309,1,2,1698)
r(309,1,2,1698)
w(307,7,2,1698)
r(309,1,16,1701)
w(311,1,16,1701)
r(309,1,16,1701)
w(309,2,16,1701)
w(311,2,16,1701)
w(309,3,16,1701)
w(309,4,16,1701)
r(309,4,2,1704)
w(309,6,2,1704)
r(307,7,2,1704)
r(309,6,2,1704)
w(309,7,2,1704)
r(311,2,2,1704)
r(311,2,2,1704)
w(311,5,5,1709)
r(313,0,5,1709)
w(313,1,5,1709)
w(312,3,5,1709)
w(313,2,5,1709)
r(313,2,5,1709)
r(313,2,5,1709)
r(313,2,5,1709)
r(313,2,7,1712)
r(312,3,7,1712)
r(313,2,7,1712)
r(313,2,7,1712)
r(313,2,8,1715)
w(312,5,8,1715)
w(310,1,8,1715)
r(313,2,8,1715)
r(313,2,8,1715)
r(313,2,8,1715)
r(312,5,8,1715)
w(313,7,13,1717)
r(313,7,13,1717)
r(311,5,13,1717)
r(312,3,13,1717)
r(313,7,13,1717)
r(313,7,13,1717)
r(313,7,13,1717)
r(312,3,13,1717)
r(312,5,9,1720)
r(313,7,9,1720)
w(313,8,9,1720)
r(310,1,9,1720)
r(312,5,9,1720)
r(313,8,9,1720)
w(312,6,9,1720)
r(314,0,8,1723)
r(314,0,8,1723)
w(314,5,8,1723)
w(312,8,8,1723)
w(314,6,8,1723)
w(314,7,9,1726)
w(315,1,9,1726)
r(314,7,9,1726)
r(311,5,9,1726)
w(314,8,9,1726)
r(314,6,2,1728)
r(315,0,2,1728)
w(316,1,2,1728)
w(316,2,2,1728)
r(310,1,2,1728)
w(311,8,2,1728)
w(310,2,2,1728)
r(316,0,9,1730)
r(315,1,9,1730)
r(316,0,9,1730)
r(316,0,9,1730)
w(315,2,9,1730)
r(315,2,9,1730)
r(315,2,0,1733)
w(316,3,0,1733)
w(316,4,0,1733)
r(316,4,0,1733)
r(316,4,0,1735)
r(315,2,0,1735)
r(316,4,0,1735)
r(310,2,0,1735)
r(317,0,4,1738)
r(317,0,4,1738)
w(310,3,4,1738)
w(315,4,4,1738)
r(317,0,4,1738)
r(316,4,9,1739)
r(316,4,9,1739)
r(316,4,9,1739)
r(316,4,9,1739)
r(316,4,9,1739)
w(316,5,9,1739)
w(316,6,1,1742)
r(315,4,1,1742)
r(316,6,1,1742)
w(316,7,1,1742)
w(316,8,1,1742)
r(316,5,0,1747)
w(318,1,0,1747)
w(310,4,0,1747)
w(317,1,0,1747)
w(318,2,0,1747)
r(318,2,0,1747)
w(315,5,0,1747)
r(317,1,0,1747)
r(315,5,1,1752)
r(318,2,1,1752)
w(318,6,1,1752)
w(319,1,1,1752)
w(318,7,1,1752)
r(317,1,1,1752)
r(320,0,5,1753)
w(315,8,5,1753)
r(320,0,5,1753)
r(320,0,5,1753)
r(320,0,5,1753)
w(320,1,5,1753)
r(317,1,5,1756)
r(320,1,5,1756)
r(320,1,5,1756)
w(320,3,5,1756)
r(315,8,5,1756)
w(320,4,0,1761)
r(320,4,0,1761)
r(315,8,0,1761)
r(320,4,0,1761)
r(320,4,0,1761)
w(320,5,0,1761)
r(320,5,5,1764)
r(320,5,5,1764)
w(320,8,5,1764)
r(320,8,5,1764)
r(320,8,5,1764)
r(321,0,5,1764)
r(322,0,5,1764)
r(322,0,5,1764)
w(321,1,2,1767)
r(319,1,2,1767)
r(322,0,2,1767)
r(321,1,2,1767)
r(322,0,2,1767)
r(322,0,2,1767)
r(322,0,2,1767)
w(322,1,2,1767)
w(310,6,9,1774)
w(321,4,9,1774)
r(322,1,9,1774)
r(322,1,9,1774)
r(310,6,9,1774)
w(321,5,9,1774)
r(322,1,13,1776)
w(310,7,13,1776)
r(321,5,13,1776)
w(321,7,13,1776)
r(322,1,13,1776)
r(321,7,13,1776)
r(322,1,13,1776)
w(321,8,5,1777)
r(321,8,5,1777)
r(323,0,5,1777)
w(324,1,5,1777)
r(317,1,5,1777)
r(323,0,5,1777)
w(323,1,0,1779)
r(317,1,0,1779)
r(323,1,0,1779)
r(323,1,0,1779)
w(317,3,0,1779)
w(324,2,0,1779)
r(324,2,0,1779)
r(323,1,4,1782)
w(323,2,4,1782)
w(323,3,4,1782)
r(323,3,4,1782)
r(324,2,5,1786)
r(310,7,5,1786)
r(317,3,5,1786)
w(317,4,5,1786)
w(317,5,5,1786)
w(323,7,5,1786)
w(323,8,5,1786)
r(325,0,0,1790)
r(310,7,0,1790)
r(325,0,0,1790)
r(324,2,0,1790)
w(325,4,0,1790)
w(324,4,2,1791)
r(325,0,2,1791)
r(319,1,2,1791)
w(324,5,2,1791)
w(317,6,2,1791)
r(325,0,2,1791)
w(325,5,0,1793)
r(325,5,0,1793)
r(324,5,0,1793)
w(325,6,0,1793)
r(327,0,5,1799)
r(324,5,5,1799)
r(327,0,5,1799)
r(319,1,5,1799)
r(317,6,5,1799)
w(324,8,13,1802)
r(325,6,13,1802)
r(325,6,13,1802)
r(324,8,13,1802)
w(327,1,13,1802)
r(327,1,13,1802)
w(327,2,13,1802)
w(327,3,13,1802)
w(326,1,7,1803)
r(327,0,7,1803)
r(327,0,7,1803)
r(328,0,7,1803)
r(328,0,7,1806)
w(319,2,7,1806)
r(328,0,7,1806)
w(328,1,7,1806)
w(327,5,7,1806)
w(329,1,7,1806)
w(327,8,2,1812)
r(327,8,2,1812)
w(328,2,2,1812)
w(328,3,2,1812)
r(326,1,2,1812)
r(327,8,2,1812)
r(328,3,16,1813)
w(329,2,16,1813)
r(329,2,16,1813)
w(330,1,16,1813)
r(329,2,16,1813)
r(328,3,16,1813)
w(328,6,16,1816)
w(328,7,16,1816)
r(330,1,16,1816)
w(328,8,16,1816)
w(330,2,16,1816)
r(330,2,16,1816)
r(331,0,2,1822)
w(331,2,2,1822)
r(331,2,2,1822)
r(330,2,2,1822)
w(331,3,2,1822)
w(331,4,2,1822)
w(332,1,9,1828)
r(329,2,9,1828)
r(331,4,9,1828)
w(329,4,9,1828)
r(332,1,9,1828)
w(332,2,9,1828)
r(332,2,9,1828)
w(331,8,8,1829)
r(331,8,8,1829)
r(332,0,8,1829)
r(331,8,8,1829)
r(331,8,8,1829)
r(329,4,5,1833)
r(329,4,5,1833)
r(333,0,5,1833)
r(333,0,5,1833)
r(333,0,5,1833)
r(334,0,5,1833)
r(332,2,9,1835)
w(332,5,9,1835)
w(332,6,9,1835)
w(332,7,9,1835)
w(332,8,9,1835)
r(329,4,9,1835)
r(333,0,1,1838)
w(334,1,1,1838)
r(319,2,1,1838)
r(329,4,1,1838)
w(334,2,1,1838)
r(319,2,1,1838)
r(334,2,1,1838)
w(334,3,1,1838)
r(333,0,5,1848)
w(336,1,5,1848)
r(326,1,5,1848)
r(336,1,5,1848)
w(335,3,16,1858)
w(333,1,16,1858)
w(335,4,16,1858)
w(335,5,16,1858)
w(335,6,16,1858)
w(335,7,16,1858)
w(335,8,16,1858)
w(337,1,2,1861)
w(337,2,2,1861)
w(337,3,2,1861)
r(338,0,2,1861)
r(338,0,2,1861)
w(338,2,2,1861)
r(338,2,2,1861)
r(338,2,2,1861)
r(338,2,4,1872)
w(337,7,4,1872)
r(338,2,4,1872)
r(340,0,4,1872)
w(340,1,4,1872)
r(337,7,4,1872)
w(340,6,4,1875)
r(340,6,4,1875)
r(337,7,4,1875)
w(326,6,4,1875)
r(326,6,4,1875)
w(340,7,13,1877)
r(339,0,13,1877)
r(340,7,13,1877)
r(340,7,13,1877)
r(340,7,13,1877)
