r(4,0,9,5)
r(4,0,9,5)
r(4,0,9,5)
w(2,1,9,5)
r(3,0,6,6)
r(4,0,6,6)
r(2,0,6,6)
r(1,0,6,6)
r(4,0,6,6)
r(4,0,6,6)
w(4,1,0,15)
w(4,2,0,15)
r(3,0,0,15)
w(4,3,0,15)
w(4,4,0,15)
r(0,0,0,15)
r(4,4,0,15)
w(3,1,0,15)
r(5,0,6,24)
r(5,0,6,24)
r(7,0,6,24)
r(6,0,6,24)
w(7,1,2,29)
r(7,1,2,29)
w(6,1,2,29)
r(6,1,2,29)
w(6,2,8,34)
r(7,1,8,34)
w(7,7,8,34)
r(8,0,8,34)
w(7,8,8,34)
r(7,1,4,36)
w(9,1,4,36)
r(1,0,4,36)
w(9,2,4,36)
r(9,2,9,40)
r(9,2,9,40)
r(9,2,9,40)
w(6,6,9,40)
r(1,0,8,43)
w(1,4,8,43)
r(9,2,8,43)
r(6,6,8,43)
r(1,4,7,46)
r(9,2,7,46)
r(9,2,7,46)
r(9,2,7,46)
r(6,6,7,46)
w(9,6,7,46)
r(6,6,1,50)
w(6,8,1,50)
r(9,6,1,50)
r(8,0,1,50)
w(1,5,1,50)
r(6,8,1,50)
r(11,0,1,54)
r(8,0,1,54)
w(11,1,1,54)
w(10,2,1,54)
w(10,5,0,58)
w(10,6,0,58)
r(10,6,0,58)
r(10,6,0,58)
w(8,3,0,58)
w(10,7,0,58)
r(10,7,0,58)
r(10,7,0,58)
r(11,1,4,62)
r(10,7,4,62)
w(11,2,4,62)
r(12,0,4,62)
r(13,0,4,62)
w(11,3,4,62)
w(13,1,4,62)
r(11,3,9,67)
w(13,5,9,67)
r(13,5,9,67)
w(13,6,9,67)
r(12,0,9,67)
r(12,0,2,69)
r(11,3,2,69)
r(14,0,2,69)
r(12,0,2,69)
w(14,1,2,69)
r(8,3,2,69)
w(8,4,5,71)
r(8,4,5,71)
w(14,2,5,71)
w(14,3,5,71)
w(14,4,9,74)
w(8,5,9,74)
w(8,6,9,74)
r(14,4,9,74)
w(14,6,4,82)
r(14,6,4,82)
r(14,6,4,82)
w(11,4,4,82)
r(11,4,4,82)
w(14,7,4,82)
w(15,4,7,86)
r(11,4,7,86)
w(11,8,7,86)
r(16,0,7,86)
r(15,4,7,92)
w(16,3,7,92)
w(16,4,7,92)
r(15,4,7,92)
w(15,8,7,92)
r(12,0,7,92)
w(16,5,7,92)
r(17,0,7,92)
w(17,1,8,93)
r(0,0,8,93)
r(17,1,8,93)
r(16,0,8,93)
w(17,2,8,93)
w(17,3,0,98)
r(16,5,0,98)
r(17,3,0,98)
w(17,4,0,98)
w(17,5,0,98)
w(16,6,0,98)
r(18,0,0,98)
w(17,6,0,98)
r(18,0,6,102)
r(19,0,6,102)
w(12,2,6,102)
r(19,0,6,102)
w(16,8,6,102)
r(19,0,6,102)
r(20,0,6,102)
w(19,4,2,108)
w(20,1,2,108)
r(12,2,2,108)
w(19,5,2,108)
w(19,6,2,108)
w(18,2,2,108)
r(19,6,2,108)
r(21,0,6,110)
w(12,4,6,110)
w(21,1,6,110)
r(18,0,6,110)
r(12,4,6,110)
r(21,1,2,116)
r(20,1,2,116)
r(21,1,2,116)
r(21,1,2,116)
w(12,5,2,116)
w(21,5,2,116)
r(18,2,2,116)
r(18,2,8,119)
r(21,5,8,119)
r(21,5,8,119)
r(12,5,8,119)
r(20,1,8,121)
r(21,5,8,121)
r(21,5,8,121)
w(22,1,8,121)
r(20,1,8,121)
w(22,2,7,127)
w(22,3,7,127)
w(22,4,7,127)
r(22,4,7,127)
r(20,1,7,127)
w(22,5,7,127)
w(20,4,1,129)
r(22,1,1,129)
w(12,8,1,129)
r(22,1,1,129)
r(22,1,1,129)
r(20,4,1,129)
r(23,0,1,129)
w(23,1,3,131)
w(23,2,3,131)
w(23,3,3,131)
w(0,3,3,131)
r(20,4,8,137)
r(20,4,8,137)
w(18,3,8,137)
r(24,0,8,137)
r(20,4,0,139)
r(20,4,0,139)
w(23,7,0,139)
w(20,7,0,139)
r(20,7,0,139)
w(23,8,0,139)
w(0,4,0,139)
w(24,1,4,143)
r(18,3,4,143)
w(24,2,4,143)
w(24,3,4,143)
r(24,3,4,143)
w(24,4,4,143)
r(24,4,4,143)
r(25,0,0,154)
w(25,5,0,154)
r(27,0,0,154)
r(27,0,0,154)
w(27,7,0,154)
w(27,8,0,154)
w(25,6,0,154)
r(27,0,2,155)
r(27,0,2,155)
r(18,3,2,155)
r(28,0,2,155)
w(28,1,2,155)
w(28,2,2,155)
r(28,2,2,155)
r(26,0,3,163)
r(26,0,3,163)
r(18,3,3,163)
w(18,6,3,163)
w(25,7,3,163)
r(28,2,3,163)
r(25,6,9,164)
r(25,6,9,164)
r(25,6,9,164)
r(18,3,9,164)
r(28,2,9,164)
r(28,2,9,164)
w(26,2,7,167)
w(0,5,7,167)
r(25,6,7,167)
w(28,6,7,167)
r(29,0,5,169)
r(30,0,5,169)
r(29,0,5,169)
w(29,2,5,169)
r(18,6,5,169)
r(29,2,5,169)
r(26,0,5,169)
r(30,0,5,169)
r(29,2,0,178)
w(30,2,0,178)
w(29,4,0,178)
r(30,2,0,178)
w(29,5,0,178)
r(29,5,0,178)
w(29,6,0,178)
w(29,7,0,178)
r(32,0,8,184)
r(32,0,8,184)
w(32,4,8,184)
r(31,0,8,184)
w(30,5,8,184)
w(32,5,8,184)
w(33,3,6,187)
r(33,3,6,187)
w(33,4,6,187)
w(33,5,6,187)
r(33,5,9,190)
w(31,6,9,190)
r(33,5,9,190)
w(33,6,9,190)
w(33,7,9,190)
w(31,7,9,190)
r(36,0,2,199)
w(36,4,2,199)
w(34,4,2,199)
r(34,4,2,199)
r(36,4,2,199)
r(36,4,2,199)
w(35,3,8,203)
w(35,4,8,203)
w(31,8,8,203)
w(35,5,8,203)
w(35,6,8,203)
w(35,7,8,203)
w(35,8,8,203)
w(36,8,3,207)
r(34,4,3,207)
w(34,5,3,207)
w(26,5,3,207)
r(26,5,3,207)
r(39,0,3,207)
r(34,5,8,214)
w(37,6,8,214)
w(40,2,8,214)
r(34,5,8,214)
w(40,3,8,214)
r(40,3,8,214)
r(40,3,8,214)
r(34,5,8,214)
w(40,8,4,221)
w(41,2,4,221)
r(40,8,4,221)
w(41,3,4,221)
r(43,0,7,227)
w(43,4,7,227)
r(43,4,7,227)
w(43,5,7,227)
r(41,3,0,230)
r(43,0,0,230)
r(43,0,0,230)
w(44,1,0,230)
w(41,7,0,230)
w(41,8,4,234)
w(44,3,4,234)
w(44,4,4,234)
r(44,4,4,234)
r(26,5,4,234)
r(44,1,2,237)
r(41,7,2,237)
r(42,0,2,237)
r(45,0,2,237)
w(26,8,2,237)
w(42,2,2,237)
r(45,0,2,237)
w(42,3,2,237)
r(44,4,0,239)
r(42,3,0,239)
w(45,1,0,239)
w(42,5,0,239)
r(44,4,0,239)
r(44,4,0,239)
r(38,0,0,239)
r(42,5,8,245)
r(44,4,8,245)
w(44,5,8,245)
w(42,6,8,245)
w(42,7,8,245)
w(44,6,8,245)
w(44,7,8,245)
r(42,5,5,248)
w(46,3,5,248)
w(46,4,5,248)
r(45,1,5,248)
w(46,5,5,248)
r(46,5,5,248)
r(46,0,7,250)
w(38,2,7,250)
w(45,4,7,250)
r(46,0,7,250)
r(38,2,7,250)
r(48,0,7,254)
w(45,6,7,254)
w(45,7,7,254)
r(48,0,7,254)
r(48,0,7,254)
r(48,0,7,254)
w(48,1,7,254)
r(48,1,7,254)
w(48,4,0,259)
w(47,2,0,259)
r(47,2,0,259)
w(48,5,0,259)
r(48,5,1,263)
w(50,1,1,263)
r(48,5,1,263)
w(47,4,1,263)
r(48,5,1,263)
r(50,1,1,263)
r(50,1,8,272)
w(51,1,8,272)
w(51,2,8,272)
w(50,4,8,272)
w(49,1,8,272)
w(49,2,8,278)
r(47,4,8,278)
r(52,0,8,278)
w(50,8,8,278)
r(52,0,8,278)
r(47,4,8,278)
w(52,4,8,278)
r(52,4,8,278)
r(53,0,2,281)
w(54,1,2,281)
w(54,2,2,281)
r(54,2,2,281)
w(53,2,2,285)
r(54,2,2,285)
r(53,2,2,285)
w(54,3,2,285)
w(53,3,2,285)
w(54,4,2,285)
w(54,8,4,287)
r(47,4,4,287)
r(53,3,4,287)
w(53,4,4,287)
r(53,4,7,294)
r(38,2,7,294)
w(55,1,7,294)
w(55,2,7,294)
r(55,2,7,294)
w(55,3,7,294)
r(53,4,7,294)
w(56,2,4,300)
w(55,8,4,300)
r(55,8,4,300)
r(55,8,4,300)
r(55,8,4,300)
r(53,4,4,300)
w(56,3,4,300)
w(57,5,9,306)
r(57,5,9,306)
w(49,4,9,306)
r(57,5,9,306)
r(56,3,9,306)
r(57,5,9,306)
r(49,4,4,310)
w(58,2,4,310)
r(57,5,4,310)
r(57,5,4,310)
r(56,3,4,310)
r(58,2,2,311)
w(38,3,2,311)
r(57,5,2,311)
w(60,1,2,311)
r(58,2,2,311)
w(59,1,2,311)
r(60,1,9,314)
r(49,4,9,314)
w(60,2,9,314)
w(49,5,9,314)
w(60,4,7,320)
w(60,5,7,320)
w(58,4,7,320)
r(59,1,7,320)
w(60,6,7,320)
w(60,7,7,320)
w(58,5,7,320)
w(59,3,7,320)
w(61,2,7,325)
r(61,2,7,325)
r(61,2,7,325)
w(61,3,7,325)
w(58,8,7,325)
r(58,8,7,325)
r(61,3,4,329)
r(62,0,4,329)
r(59,3,4,329)
w(62,2,4,329)
r(61,3,4,329)
w(62,4,2,334)
w(61,5,2,334)
r(59,3,2,334)
r(62,4,2,334)
w(62,5,2,334)
w(62,6,2,334)
r(62,6,8,335)
r(63,0,8,335)
w(63,2,8,335)
r(63,2,8,335)
w(62,7,8,335)
r(63,2,8,338)
w(63,3,8,338)
w(63,4,8,338)
r(62,7,8,338)
w(63,5,8,338)
r(63,5,0,341)
w(62,8,0,341)
r(38,3,0,341)
r(63,5,0,341)
w(63,7,0,341)
w(64,1,0,341)
w(64,2,1,345)
w(63,8,1,345)
r(63,8,1,345)
w(59,8,1,345)
r(65,0,1,345)
w(65,1,1,345)
r(64,2,1,345)
r(65,1,1,345)
w(65,7,6,350)
w(38,6,6,350)
r(66,0,6,350)
w(66,1,6,350)
r(65,7,6,350)
w(65,8,7,359)
r(65,8,7,359)
w(66,4,7,359)
w(67,1,7,359)
w(67,2,7,359)
r(67,2,7,359)
w(67,3,7,359)
r(64,2,1,361)
w(69,1,1,361)
r(69,1,1,361)
w(69,2,1,361)
r(64,2,7,364)
r(69,2,7,364)
r(69,2,7,364)
r(64,2,7,364)
r(64,2,7,364)
r(66,4,7,364)
r(38,6,0,365)
w(64,7,0,365)
r(69,2,0,365)
r(69,2,0,365)
w(69,3,0,365)
w(64,8,9,370)
r(64,8,9,370)
r(68,0,9,370)
w(69,4,9,370)
r(69,4,9,370)
w(66,7,9,370)
w(70,1,9,370)
r(68,0,9,370)
r(66,4,5,371)
r(69,3,5,371)
r(38,6,5,371)
r(70,0,5,371)
r(69,3,5,371)
w(69,7,4,374)
w(69,8,4,374)
r(69,8,4,374)
r(69,8,4,374)
r(70,1,4,374)
r(69,4,1,375)
r(71,0,1,375)
r(70,1,1,375)
r(70,1,1,375)
w(71,1,1,375)
r(70,1,0,378)
w(70,2,0,378)
r(71,1,0,378)
w(68,1,0,378)
r(70,2,0,378)
r(71,1,0,378)
w(70,3,0,378)
r(70,3,1,391)
r(72,0,1,391)
w(72,2,1,391)
w(70,7,1,391)
w(72,3,1,391)
w(72,4,1,391)
w(72,5,1,391)
w(74,2,4,395)
r(74,2,4,395)
r(73,0,4,395)
r(68,1,4,395)
r(66,7,4,395)
w(74,3,4,395)
w(74,4,4,395)
r(73,0,4,395)
w(75,1,2,401)
r(75,1,2,401)
w(75,2,2,401)
w(38,8,2,401)
w(75,3,2,401)
w(75,4,2,401)
r(75,4,6,405)
w(75,8,6,405)
w(76,1,6,405)
r(66,7,6,405)
r(76,1,6,405)
r(38,8,6,405)
r(66,7,6,405)
r(76,1,6,410)
w(76,4,6,410)
r(73,0,6,410)
r(73,0,6,410)
r(76,4,6,410)
r(77,0,6,410)
r(76,4,6,410)
r(76,4,6,410)
r(78,0,5,417)
w(78,2,5,417)
w(77,4,5,417)
r(77,4,5,417)
w(78,3,5,417)
w(79,1,5,417)
r(78,3,5,417)
r(78,3,4,420)
w(68,3,4,420)
w(79,4,4,420)
r(77,4,4,420)
r(78,3,4,420)
r(77,4,4,420)
w(79,5,4,420)
r(68,3,4,420)
w(78,4,0,423)
r(77,4,0,423)
r(79,1,0,423)
r(79,1,0,423)
w(78,5,0,423)
r(79,1,0,423)
w(77,6,0,423)
r(77,6,0,431)
r(78,5,0,431)
w(78,7,0,431)
r(80,0,0,431)
w(80,1,0,431)
w(80,2,0,431)
w(80,3,0,431)
w(80,4,0,431)
w(81,1,1,439)
w(82,2,1,439)
w(77,8,1,439)
w(81,2,1,439)
w(81,3,1,439)
w(82,3,1,439)
r(82,3,1,439)
r(82,3,0,441)
w(84,1,0,441)
r(84,1,0,441)
w(68,6,0,441)
w(84,2,0,441)
r(84,2,0,441)
w(68,7,9,444)
r(84,2,9,444)
r(83,0,9,444)
w(84,3,9,444)
r(84,3,1,449)
w(86,1,1,449)
r(86,1,1,449)
w(83,2,1,449)
w(86,3,3,454)
r(84,3,3,454)
w(83,3,3,454)
w(84,7,3,454)
r(84,7,3,454)
r(86,3,3,454)
r(86,3,3,454)
w(84,8,3,454)
w(88,1,8,461)
w(85,2,8,461)
w(83,4,8,461)
r(83,4,8,461)
w(87,1,8,461)
r(87,1,8,461)
w(88,2,8,461)
w(86,6,8,461)
w(88,8,0,464)
r(89,0,0,464)
w(89,1,0,464)
r(88,8,0,464)
r(87,1,6,476)
r(92,0,6,476)
r(87,1,6,476)
r(91,0,6,476)
w(92,3,6,476)
w(90,3,7,477)
w(89,6,7,477)
r(83,4,7,477)
r(90,3,7,477)
r(90,3,7,477)
w(90,4,7,477)
w(89,7,7,477)
w(90,5,7,477)
r(92,3,9,481)
w(91,3,9,481)
r(92,3,9,481)
r(87,1,9,481)
w(92,6,6,485)
w(91,6,6,485)
r(91,6,6,485)
r(92,6,6,485)
w(92,7,7,487)
w(92,8,7,487)
r(91,6,7,487)
r(94,0,7,487)
r(94,0,7,487)
r(94,0,9,490)
r(94,0,9,490)
r(91,6,9,490)
r(91,6,9,490)
w(94,1,9,490)
r(94,1,5,493)
r(94,1,5,493)
w(94,4,5,493)
w(94,5,5,493)
r(93,0,3,495)
r(94,5,3,495)
w(91,7,3,495)
r(94,5,3,495)
r(91,7,3,495)
r(91,7,3,495)
r(94,5,3,495)
r(94,5,3,495)
r(91,7,2,499)
w(94,6,2,499)
r(94,6,2,499)
r(94,6,2,499)
r(91,7,2,499)
r(91,7,2,499)
w(93,1,2,499)
r(94,6,2,502)
w(87,3,2,502)
w(85,6,2,502)
w(91,8,2,502)
r(95,0,3,505)
r(95,0,3,505)
w(96,1,3,505)
w(95,1,3,505)
w(95,5,7,511)
r(95,5,7,511)
r(85,6,7,511)
w(95,6,7,511)
r(87,3,7,511)
w(87,6,7,516)
w(95,8,7,516)
w(97,1,7,516)
r(93,1,7,516)
r(96,1,8,517)
r(97,0,8,517)
r(96,1,8,517)
r(93,1,8,517)
w(96,3,6,520)
r(96,3,6,520)
r(96,3,6,520)
w(96,4,6,520)
r(93,1,6,520)
r(87,6,6,528)
r(96,4,6,528)
w(87,8,6,528)
r(97,1,6,528)
r(87,8,6,528)
r(97,1,6,528)
w(93,2,6,528)
w(93,3,6,528)
r(93,1,4,530)
w(98,1,4,530)
r(98,1,4,530)
r(98,1,4,530)
w(98,2,4,530)
w(98,6,5,539)
r(93,3,5,539)
w(98,7,5,539)
w(99,1,5,539)
r(98,7,5,539)
r(99,1,5,539)
r(98,7,5,539)
w(98,8,5,539)
w(85,7,0,544)
w(93,6,0,544)
r(93,6,0,544)
w(100,5,0,544)
r(99,0,0,544)
w(100,6,0,544)
r(99,1,9,546)
w(102,1,9,546)
r(102,1,9,546)
r(102,1,9,546)
r(102,1,9,546)
w(102,2,9,546)
w(102,3,9,546)
w(102,4,9,546)
r(103,0,1,555)
w(102,7,1,555)
r(103,0,1,555)
r(103,0,1,555)
w(103,1,1,555)
w(102,8,1,555)
w(103,2,1,555)
r(103,0,2,556)
w(101,1,2,556)
r(104,0,2,556)
w(93,7,2,556)
r(104,0,2,556)
r(93,7,2,556)
w(104,7,5,559)
r(103,2,5,559)
w(104,8,5,559)
r(105,0,5,559)
r(105,0,7,563)
r(105,0,7,563)
r(105,0,7,563)
w(93,8,7,563)
r(103,2,7,563)
r(105,0,7,563)
r(103,2,1,566)
w(105,1,1,566)
w(105,2,1,566)
r(105,2,1,566)
r(103,2,1,566)
w(85,8,1,566)
w(103,5,6,568)
r(106,0,6,568)
r(105,0,6,568)
r(103,5,6,568)
r(105,0,6,568)
w(106,1,6,568)
r(106,1,6,568)
r(105,2,0,573)
r(106,1,0,573)
r(106,1,0,573)
w(107,2,0,573)
w(107,3,0,573)
w(107,4,0,573)
w(101,4,5,581)
r(101,4,5,581)
r(108,0,5,581)
w(107,8,5,581)
r(108,0,4,584)
w(108,5,4,584)
r(106,1,4,584)
w(108,6,4,584)
r(108,6,4,584)
r(108,6,4,584)
w(106,7,4,593)
r(110,0,4,593)
r(109,0,4,593)
w(106,8,4,593)
w(101,5,4,593)
r(109,0,4,593)
w(109,4,7,595)
w(109,5,7,595)
w(111,1,7,595)
r(109,5,7,595)
w(101,6,9,605)
w(113,1,9,605)
w(110,4,9,605)
w(113,2,9,605)
r(110,4,9,605)
w(113,3,9,605)
w(110,5,9,605)
w(113,4,9,605)
w(115,2,7,609)
r(116,0,7,609)
r(114,0,7,609)
w(112,1,7,609)
w(111,4,7,609)
r(115,2,7,609)
w(116,1,7,609)
r(116,1,3,615)
r(115,2,3,615)
w(116,4,3,615)
w(115,5,3,615)
w(115,6,3,615)
r(116,4,3,615)
w(115,7,3,615)
r(116,4,0,618)
w(116,8,0,618)
w(117,1,0,618)
r(117,1,0,618)
r(117,1,0,618)
w(114,1,0,618)
w(117,2,8,620)
r(111,4,8,620)
r(111,4,8,620)
r(111,4,8,620)
r(117,2,7,623)
r(117,2,7,623)
r(117,2,7,623)
w(117,5,7,623)
r(112,1,5,630)
r(118,0,5,630)
w(111,5,5,630)
w(118,2,5,630)
w(111,6,5,630)
r(118,2,5,630)
w(118,6,7,636)
w(119,2,7,636)
r(120,0,7,636)
w(118,7,7,636)
r(114,1,9,639)
r(119,0,9,639)
w(121,1,9,639)
r(119,0,9,639)
r(119,0,9,639)
w(121,2,9,639)
r(114,1,9,639)
r(122,0,4,646)
r(122,0,4,646)
r(122,0,4,646)
r(122,0,4,646)
r(114,1,4,646)
w(122,3,4,646)
r(122,3,4,646)
r(122,3,4,646)
r(122,3,4,649)
r(122,3,4,649)
r(122,3,4,649)
r(120,0,4,649)
r(122,3,4,649)
w(122,4,4,649)
w(120,2,4,649)
w(122,5,4,655)
r(120,2,4,655)
w(120,3,4,655)
w(120,4,4,655)
r(119,2,4,655)
w(119,8,4,655)
r(119,8,4,655)
w(122,6,4,655)
w(112,2,2,657)
r(124,0,2,657)
w(123,1,2,657)
r(120,2,2,657)
r(112,2,2,657)
r(123,1,2,657)
w(124,1,5,660)
w(112,3,5,660)
w(112,4,5,660)
r(120,4,5,660)
w(123,2,5,660)
w(124,2,5,660)
r(123,2,5,660)
r(123,2,5,660)
r(114,1,7,665)
r(123,2,7,665)
r(124,2,7,665)
r(124,2,7,665)
w(123,4,7,665)
w(120,7,7,665)
w(123,5,7,665)
w(126,1,7,671)
r(125,0,7,671)
r(125,0,7,671)
w(125,2,7,671)
r(126,1,7,671)
r(125,2,7,671)
w(120,8,5,678)
w(125,5,5,678)
w(126,4,5,678)
r(125,5,5,678)
r(125,5,5,678)
r(125,5,5,678)
r(120,8,5,678)
w(112,6,5,684)
r(127,0,5,684)
w(127,1,5,684)
r(120,8,5,684)
r(127,1,5,684)
r(114,1,1,688)
w(114,7,1,688)
r(127,0,1,688)
r(128,0,1,688)
w(128,1,1,688)
w(126,8,1,688)
r(127,0,1,688)
r(129,0,1,693)
r(128,1,1,693)
r(128,1,1,693)
w(114,8,1,693)
r(130,0,6,696)
r(112,6,6,696)
r(130,0,6,696)
w(130,1,6,696)
w(129,2,6,696)
w(128,4,4,698)
r(129,0,4,698)
w(127,7,4,698)
w(128,5,4,698)
r(112,6,4,698)
w(127,8,4,698)
w(130,4,1,704)
w(130,5,1,704)
w(130,6,1,704)
r(129,2,1,704)
w(129,3,1,704)
w(129,4,1,704)
w(130,7,0,707)
r(112,6,0,707)
w(130,8,0,707)
r(130,8,0,707)
w(129,7,0,707)
r(112,6,0,707)
r(131,0,2,710)
w(131,3,2,710)
w(131,4,2,710)
r(129,4,2,710)
r(129,4,2,710)
w(131,5,2,710)
r(131,5,0,714)
w(129,8,0,714)
w(131,6,0,714)
w(131,7,0,714)
w(131,8,0,714)
r(132,0,0,714)
r(132,0,0,714)
r(131,8,0,714)
r(131,5,8,716)
w(112,8,8,716)
r(131,5,8,716)
r(133,0,8,716)
r(131,5,8,716)
r(131,5,8,716)
r(131,5,8,716)
r(131,5,5,722)
w(134,1,5,722)
r(131,5,5,722)
w(132,1,5,722)
w(135,1,5,722)
w(132,2,5,722)
r(136,0,5,722)
r(135,1,5,722)
r(136,0,4,727)
r(136,0,4,727)
r(136,0,4,727)
r(135,1,4,727)
r(132,2,4,727)
w(136,8,4,727)
r(137,0,4,727)
w(135,4,6,731)
w(135,5,6,731)
r(137,0,6,731)
w(135,6,6,731)
r(135,6,6,731)
r(137,0,6,731)
w(137,1,6,731)
w(135,8,2,737)
r(132,2,2,737)
w(132,6,2,737)
r(132,6,2,737)
r(137,1,2,737)
w(137,5,3,741)
r(137,5,3,741)
w(133,3,3,741)
r(137,5,3,741)
r(137,5,3,741)
r(134,1,2,743)
w(137,8,2,743)
r(132,6,2,743)
r(138,0,2,743)
r(138,0,2,743)
w(133,4,2,745)
r(139,0,2,745)
r(138,0,2,745)
r(139,0,2,745)
w(139,1,2,745)
r(139,1,2,745)
r(139,1,9,750)
w(139,2,9,750)
w(139,3,9,750)
r(139,3,9,750)
r(132,6,9,750)
r(139,1,2,751)
w(133,5,2,751)
r(138,0,2,751)
w(138,2,2,751)
w(138,3,2,751)
w(139,5,1,756)
w(139,6,1,756)
w(133,6,1,756)
r(132,6,1,756)
r(139,6,1,756)
r(140,0,1,761)
r(138,3,1,761)
r(140,0,1,761)
r(140,0,1,761)
r(140,0,1,761)
r(138,3,9,764)
w(140,6,9,764)
r(140,6,9,764)
w(134,4,9,764)
r(140,6,9,764)
w(138,7,8,765)
r(140,0,8,765)
r(141,0,8,765)
r(140,0,8,765)
w(141,2,8,765)
r(133,6,3,769)
w(140,7,3,769)
r(138,7,3,769)
w(140,8,3,769)
w(138,8,3,769)
w(141,3,9,772)
w(142,1,9,772)
r(138,7,9,772)
w(141,4,9,772)
r(142,1,9,772)
w(133,8,9,772)
r(142,0,2,774)
r(142,0,2,774)
w(134,5,2,774)
r(133,6,2,774)
r(143,0,8,782)
w(144,2,8,782)
w(142,6,8,782)
w(142,7,8,782)
r(143,0,8,782)
w(142,8,8,782)
r(145,0,8,782)
w(143,3,3,785)
r(143,3,3,785)
r(141,4,3,785)
r(143,3,3,785)
w(145,7,3,785)
r(145,7,3,785)
r(141,4,4,794)
r(144,2,4,794)
r(147,0,4,794)
r(147,0,4,794)
w(146,2,9,797)
r(144,2,9,797)
w(146,3,9,797)
w(143,5,9,797)
r(146,3,9,797)
w(146,4,9,797)
r(141,4,9,797)
r(144,2,0,805)
r(134,5,0,805)
r(147,0,0,805)
r(143,5,0,805)
r(144,2,0,805)
w(134,8,8,820)
r(150,0,8,820)
w(150,1,8,820)
r(151,0,8,820)
r(134,8,8,822)
w(150,2,8,822)
r(152,0,8,822)
w(151,3,8,822)
r(151,3,8,822)
w(151,4,8,822)
w(151,5,8,822)
r(152,0,8,824)
r(151,5,8,824)
r(151,5,8,824)
w(144,5,8,824)
w(151,6,8,824)
r(144,5,8,824)
w(151,7,8,824)
r(150,2,8,826)
r(151,7,8,826)
r(151,7,8,826)
r(151,7,8,826)
w(151,8,8,826)
w(153,1,8,826)
r(151,8,8,828)
r(154,0,8,828)
r(150,2,8,828)
w(150,3,8,828)
w(150,4,8,830)
w(152,1,8,830)
w(154,1,8,830)
w(154,2,8,830)
w(154,3,8,830)
w(150,5,8,830)
r(154,3,8,830)
r(148,0,9,834)
w(147,3,9,834)
r(147,3,9,834)
r(147,3,9,834)
w(148,3,9,834)
r(147,3,9,834)
r(154,3,8,837)
r(150,5,8,837)
r(150,5,8,837)
r(150,5,8,837)
w(150,6,8,837)
w(154,4,8,837)
w(150,8,9,844)
w(154,5,9,844)
w(154,6,9,844)
r(154,6,9,844)
r(150,8,9,844)
w(154,7,9,844)
r(152,1,9,844)
r(155,0,4,850)
w(144,7,4,850)
w(155,1,4,850)
w(155,2,4,850)
w(156,1,4,850)
w(155,3,4,850)
r(156,1,4,850)
r(152,1,3,854)
r(158,0,3,854)
w(159,1,3,854)
r(159,1,3,854)
r(158,0,3,854)
w(159,2,3,854)
w(159,5,3,857)
r(159,5,3,857)
r(158,0,3,857)
w(158,3,3,857)
r(158,3,3,857)
w(159,6,3,857)
r(159,6,8,859)
w(152,5,8,859)
r(157,0,8,859)
w(158,4,8,859)
r(160,0,8,865)
w(160,1,8,865)
w(160,2,8,865)
w(160,3,8,865)
r(157,0,8,865)
r(152,5,4,868)
r(157,0,4,868)
w(152,6,4,868)
w(158,5,4,868)
w(159,7,4,868)
r(158,5,4,868)
w(159,8,4,868)
r(159,8,4,868)
w(160,7,4,873)
r(160,7,4,873)
r(153,1,4,873)
r(161,0,4,873)
w(161,1,4,873)
w(149,1,7,879)
r(148,0,7,879)
w(149,2,7,879)
r(149,2,7,879)
r(149,2,7,879)
r(148,0,7,879)
r(149,2,7,879)
r(160,7,3,881)
r(160,7,3,881)
w(162,1,3,881)
w(162,2,3,881)
w(152,7,8,897)
w(162,7,8,897)
w(161,5,8,897)
w(162,8,8,897)
r(157,0,8,897)
w(164,1,7,899)
r(163,0,7,899)
r(163,0,7,899)
w(163,2,7,899)
r(163,0,4,900)
w(165,1,4,900)
r(153,1,4,900)
r(165,1,4,900)
r(164,0,4,900)
r(165,1,8,907)
r(165,1,8,907)
w(165,2,8,907)
w(165,3,8,907)
w(165,4,8,907)
w(165,5,8,907)
r(167,0,16,914)
r(164,1,16,914)
w(167,2,16,914)
w(167,3,16,914)
r(167,3,16,914)
w(167,4,16,914)
w(166,2,8,916)
r(157,0,8,916)
w(166,3,8,916)
r(168,0,8,916)
w(167,6,2,920)
r(168,0,2,920)
w(167,7,2,920)
r(167,7,2,920)
r(167,7,2,920)
w(166,4,2,920)
r(166,4,2,920)
r(168,0,2,920)
r(168,0,4,922)
w(169,4,4,922)
w(169,5,4,922)
w(169,6,4,922)
w(168,2,1,930)
w(169,7,1,930)
w(157,7,1,930)
w(169,8,1,930)
w(166,5,1,930)
w(168,3,1,930)
r(170,0,2,935)
w(170,7,2,935)
r(170,7,2,935)
w(153,6,2,935)
r(166,5,2,935)
r(173,0,3,939)
r(173,0,3,939)
r(173,0,3,939)
r(173,0,3,939)
r(173,0,3,939)
r(170,7,9,941)
w(172,2,9,941)
w(173,1,9,941)
r(173,1,9,941)
w(172,3,9,941)
r(172,3,9,941)
w(173,2,9,941)
r(173,2,16,943)
w(173,3,16,943)
r(173,3,16,943)
r(166,5,16,943)
r(166,5,16,943)
w(173,4,1,946)
w(172,7,1,946)
r(173,4,1,946)
r(166,5,1,946)
r(175,0,4,954)
r(175,0,4,954)
w(175,3,4,954)
w(173,6,4,954)
r(175,3,4,954)
w(175,4,4,954)
r(173,6,4,954)
r(175,4,4,954)
w(171,1,8,955)
r(176,0,8,955)
w(175,6,8,955)
r(174,0,8,955)
w(176,1,8,955)
r(171,1,8,955)
r(175,6,8,955)
w(175,7,7,962)
w(176,2,7,962)
w(174,2,7,962)
w(174,3,7,962)
r(176,2,7,962)
w(174,4,7,962)
r(177,0,2,965)
w(177,3,2,965)
w(177,4,2,965)
w(177,5,2,965)
w(176,8,7,969)
w(177,8,7,969)
r(177,8,7,969)
w(171,3,7,969)
r(176,8,5,971)
r(176,8,5,971)
r(176,8,5,971)
r(176,8,5,971)
r(177,8,5,971)
r(171,3,5,971)
r(176,8,1,973)
r(176,8,1,973)
r(176,8,1,973)
r(177,8,1,973)
w(179,1,9,975)
r(179,1,9,975)
r(179,1,9,975)
w(171,4,9,975)
w(179,2,9,975)
r(179,2,9,975)
r(181,0,16,982)
r(171,4,16,982)
r(182,0,16,982)
r(182,0,16,982)
r(174,4,4,983)
r(179,2,4,983)
w(179,3,4,983)
w(179,4,4,983)
w(180,1,4,983)
r(171,4,4,983)
r(181,0,2,985)
r(180,1,2,985)
w(182,1,2,985)
w(181,1,2,985)
r(182,1,2,985)
w(180,4,10,992)
w(181,2,10,992)
w(181,3,10,992)
w(181,4,10,992)
w(181,5,10,992)
r(183,0,1,1000)
r(183,0,1,1000)
w(183,4,1,1000)
r(182,1,1,1000)
r(183,4,1,1000)
r(183,4,1,1000)
r(182,1,1,1000)
w(182,4,5,1010)
w(184,3,5,1010)
r(184,3,5,1010)
w(183,8,5,1010)
w(185,1,5,1010)
r(183,8,5,1010)
r(183,8,5,1010)
r(184,3,5,1010)
r(186,0,10,1013)
r(185,1,10,1013)
w(186,4,10,1013)
r(178,0,10,1013)
w(184,5,10,1013)
r(186,4,10,1013)
r(186,4,10,1013)
r(186,4,10,1013)
w(184,7,16,1018)
w(184,8,16,1018)
r(187,0,16,1018)
r(186,4,16,1018)
r(186,4,16,1018)
r(187,0,2,1020)
r(186,4,2,1020)
r(186,4,2,1020)
r(188,0,2,1020)
w(185,2,7,1022)
w(187,2,7,1022)
w(187,3,7,1022)
r(185,2,7,1022)
r(188,0,9,1025)
w(188,1,9,1025)
w(185,3,9,1025)
r(186,4,9,1025)
r(189,0,4,1037)
w(188,8,4,1037)
r(187,3,4,1037)
w(189,2,4,1037)
r(187,3,4,1037)
w(190,1,4,1037)
w(189,3,4,1037)
r(191,0,3,1040)
r(187,3,3,1040)
r(187,3,3,1040)
r(191,0,3,1040)
w(191,2,5,1043)
w(191,3,5,1043)
r(191,3,5,1043)
r(191,3,5,1043)
r(191,3,5,1043)
r(190,1,2,1048)
r(191,3,2,1048)
r(191,3,2,1048)
w(190,5,2,1048)
r(191,3,2,1048)
w(191,4,9,1051)
w(191,5,9,1051)
w(191,6,9,1051)
r(191,6,9,1051)
r(191,6,9,1051)
w(193,3,7,1056)
w(193,4,7,1056)
w(193,5,7,1056)
r(193,5,7,1056)
r(193,5,7,1056)
w(194,2,8,1059)
r(193,5,8,1059)
r(193,5,8,1059)
w(192,2,8,1059)
r(193,5,8,1059)
r(192,2,10,1063)
r(194,2,10,1063)
r(193,5,10,1063)
w(193,8,10,1063)
w(192,3,10,1063)
r(195,0,10,1063)
r(195,0,8,1065)
w(195,1,8,1065)
r(192,2,8,1065)
r(192,2,8,1065)
w(195,2,8,1065)
r(194,2,8,1065)
r(194,2,8,1065)
w(195,3,8,1065)
r(194,2,3,1068)
r(194,2,3,1068)
r(194,2,3,1068)
r(194,2,3,1068)
r(178,0,3,1068)
r(192,3,3,1068)
w(194,4,3,1068)
w(178,2,7,1071)
r(194,4,7,1071)
r(195,3,7,1071)
r(192,3,7,1071)
w(195,8,7,1071)
r(196,0,10,1074)
r(196,0,10,1074)
r(196,0,10,1074)
w(196,1,10,1074)
r(196,1,10,1074)
r(194,4,10,1074)
w(194,5,10,1074)
w(196,2,16,1079)
r(196,2,16,1079)
r(185,3,16,1079)
w(196,3,16,1079)
r(194,5,16,1079)
r(196,3,16,1079)
r(178,2,16,1082)
w(196,5,16,1082)
r(196,5,16,1082)
r(192,3,16,1082)
w(196,6,16,1082)
r(194,5,16,1082)
w(196,7,16,1082)
r(192,3,4,1088)
w(198,1,4,1088)
r(197,0,4,1088)
w(198,2,4,1088)
w(198,3,4,1088)
w(198,4,4,1088)
r(178,2,4,1088)
r(198,4,3,1091)
w(198,8,3,1091)
w(185,8,3,1091)
r(199,0,3,1091)
w(199,1,16,1094)
r(199,1,16,1094)
r(197,0,16,1094)
w(199,2,16,1094)
r(192,3,16,1094)
w(199,3,16,1094)
r(199,3,16,1094)
w(199,5,2,1096)
r(199,5,2,1096)
w(192,5,2,1096)
w(199,6,2,1096)
w(197,6,2,1096)
r(199,6,10,1103)
w(178,3,10,1103)
r(199,6,10,1103)
w(197,8,10,1103)
w(199,8,10,1103)
r(201,0,10,1103)
w(202,1,16,1106)
w(192,7,16,1106)
r(201,0,16,1106)
r(202,1,16,1106)
w(201,1,16,1106)
r(202,1,16,1106)
r(202,1,4,1109)
w(203,1,4,1109)
w(203,2,4,1109)
r(202,1,4,1109)
r(202,1,4,1109)
w(202,7,4,1109)
w(201,2,4,1109)
r(202,7,4,1109)
w(201,3,7,1115)
r(201,3,7,1115)
r(202,7,7,1115)
w(204,1,7,1115)
r(204,1,7,1115)
r(204,1,7,1115)
r(204,1,7,1115)
w(201,4,7,1115)
r(204,1,10,1119)
r(204,1,10,1119)
r(203,2,10,1119)
w(203,3,10,1119)
w(204,4,10,1119)
r(204,4,10,1119)
r(206,0,2,1124)
r(206,0,2,1124)
r(206,0,2,1124)
r(206,0,2,1124)
r(205,0,7,1125)
w(205,1,7,1125)
r(205,1,7,1125)
r(203,3,7,1125)
r(206,0,7,1125)
w(206,1,7,1125)
r(205,1,7,1125)
r(203,3,9,1127)
r(203,3,9,1127)
w(206,2,9,1127)
r(205,1,9,1127)
w(205,2,8,1130)
w(206,3,8,1130)
r(203,3,8,1130)
r(205,2,8,1130)
r(203,3,8,1130)
r(206,3,8,1130)
r(206,3,8,1130)
w(206,4,8,1130)
w(205,3,3,1133)
r(206,4,3,1133)
w(206,5,3,1133)
w(205,4,3,1133)
r(206,5,3,1133)
w(205,5,3,1133)
w(205,6,3,1133)
r(206,5,1,1136)
w(206,6,1,1136)
w(206,7,1,1136)
r(205,6,1,1136)
r(203,3,1,1136)
w(205,8,1,1136)
w(200,1,1,1136)
r(200,1,2,1140)
w(178,6,2,1140)
w(178,7,2,1140)
w(208,1,2,1140)
w(203,6,2,1140)
w(208,2,2,1140)
r(208,2,2,1140)
w(207,2,3,1142)
r(203,3,3,1142)
r(207,2,3,1142)
w(207,3,3,1142)
w(200,2,3,1142)
r(207,3,3,1146)
w(207,7,3,1146)
r(207,7,3,1146)
w(203,7,3,1146)
w(207,8,3,1146)
r(207,8,3,1146)
r(207,8,3,1146)
w(210,1,5,1153)
w(210,2,5,1153)
r(210,2,5,1153)
r(210,2,5,1153)
w(208,4,5,1153)
r(210,2,5,1153)
w(210,3,5,1153)
r(210,3,2,1156)
r(210,3,2,1156)
r(208,4,2,1156)
r(200,2,2,1156)
r(208,4,4,1158)
w(210,6,4,1158)
r(209,0,4,1158)
r(208,4,4,1158)
r(210,6,4,1158)
w(210,7,4,1158)
r(210,3,2,1159)
r(209,0,2,1159)
r(208,4,2,1159)
r(208,4,2,1159)
r(208,4,2,1159)
r(208,4,2,1159)
w(208,7,2,1159)
w(210,8,2,1161)
r(211,0,2,1161)
w(211,1,2,1161)
r(208,7,2,1161)
r(211,1,2,1161)
w(211,2,7,1164)
r(211,2,7,1164)
w(208,8,7,1164)
r(211,2,7,1164)
r(209,0,7,1164)
r(211,2,7,1164)
w(213,1,10,1171)
r(213,1,10,1171)
r(200,2,10,1171)
r(213,1,10,1171)
r(209,0,8,1173)
r(212,0,8,1173)
w(209,2,8,1173)
w(200,3,8,1173)
r(212,0,8,1173)
r(211,2,8,1173)
r(211,2,8,1173)
w(211,6,8,1173)
r(212,0,3,1175)
r(213,1,3,1175)
r(212,0,3,1175)
w(178,8,3,1175)
r(178,8,7,1177)
r(200,3,7,1177)
r(212,0,7,1177)
r(212,0,7,1177)
w(213,2,4,1182)
w(213,3,4,1182)
r(213,3,4,1182)
r(213,3,4,1182)
r(213,3,4,1182)
r(213,3,4,1182)
w(213,4,4,1182)
r(213,4,1,1187)
w(213,8,1,1187)
r(200,3,1,1187)
r(212,0,1,1187)
w(214,1,1,1187)
w(212,7,1,1187)
w(209,7,1,1187)
r(214,1,9,1189)
w(209,8,9,1189)
r(214,1,9,1189)
r(214,1,9,1189)
r(212,7,9,1189)
w(214,6,9,1189)
w(214,7,5,1192)
r(214,7,5,1192)
w(214,8,5,1192)
r(215,0,5,1192)
r(212,7,5,1192)
w(215,1,1,1196)
r(209,8,1,1196)
w(215,2,1,1196)
r(215,2,1,1196)
w(215,3,1,1196)
w(216,1,1,1196)
r(215,3,1,1196)
w(215,4,1,1196)
r(217,0,4,1202)
r(215,4,4,1202)
r(215,4,4,1202)
w(216,2,4,1202)
r(216,1,8,1205)
w(219,1,8,1205)
r(217,0,8,1205)
r(216,1,8,1205)
w(215,7,9,1206)
w(217,1,9,1206)
r(217,1,9,1206)
r(178,8,9,1206)
r(217,1,9,1206)
w(215,8,9,1206)
w(200,8,9,1206)
r(216,1,9,1206)
w(219,3,8,1213)
r(220,0,8,1213)
r(216,2,8,1213)
w(220,6,8,1213)
r(220,6,8,1213)
w(220,7,8,1213)
r(220,7,16,1215)
r(217,1,16,1215)
w(217,8,16,1215)
r(220,7,16,1215)
w(221,1,16,1215)
w(221,2,3,1219)
r(222,0,3,1219)
r(221,2,3,1219)
w(222,1,3,1219)
r(222,1,3,1219)
w(221,3,3,1219)
w(223,6,5,1230)
r(222,1,5,1230)
w(223,7,5,1230)
r(222,1,5,1230)
r(223,7,5,1230)
r(223,7,5,1230)
w(224,1,5,1230)
w(218,2,5,1230)
w(226,1,16,1231)
r(224,0,16,1231)
r(226,1,16,1231)
r(225,0,16,1231)
r(225,0,16,1231)
r(226,1,16,1231)
w(219,4,9,1234)
r(225,0,9,1234)
w(226,2,9,1234)
r(226,2,9,1234)
r(219,4,9,1234)
r(226,2,1,1242)
r(219,4,1,1242)
r(226,2,1,1242)
r(226,2,1,1242)
r(219,4,1,1242)
r(226,2,1,1242)
r(226,2,1,1242)
r(225,0,3,1243)
w(225,3,3,1243)
w(226,4,3,1243)
r(226,4,3,1243)
w(226,5,3,1243)
w(225,4,3,1243)
r(224,1,3,1243)
w(226,6,3,1243)
r(227,0,2,1248)
w(225,8,2,1248)
r(224,1,2,1248)
r(227,0,2,1248)
r(227,0,9,1251)
r(225,4,9,1251)
r(227,0,9,1251)
w(227,1,9,1251)
w(228,1,9,1251)
w(228,2,9,1251)
w(227,2,5,1255)
r(228,2,5,1255)
r(224,1,5,1255)
w(227,3,5,1255)
w(227,4,5,1255)
w(227,5,5,1255)
w(227,6,5,1255)
r(228,2,5,1255)
w(228,4,8,1258)
w(228,5,8,1258)
w(229,1,8,1258)
r(228,5,8,1258)
r(229,1,8,1262)
r(229,1,8,1262)
w(228,7,8,1262)
r(229,1,8,1262)
w(228,8,8,1262)
r(224,1,8,1262)
w(224,4,8,1262)
w(229,3,16,1263)
r(230,0,16,1263)
w(219,5,16,1263)
r(229,3,16,1263)
w(230,1,1,1267)
r(224,4,1,1267)
r(230,1,1,1267)
w(230,2,1,1267)
w(231,1,1,1267)
r(229,3,5,1269)
w(229,4,5,1269)
w(229,5,5,1269)
w(229,6,5,1269)
w(229,7,5,1269)
w(229,8,5,1269)
r(224,4,5,1269)
w(230,4,16,1276)
w(231,4,16,1276)
r(219,5,16,1276)
w(224,5,16,1276)
w(230,5,16,1276)
w(231,5,16,1276)
w(231,6,16,1276)
w(230,8,7,1279)
w(231,8,7,1279)
r(224,5,7,1279)
r(230,8,7,1279)
w(232,1,4,1285)
w(232,2,4,1285)
r(230,8,4,1285)
w(232,3,4,1285)
r(230,8,4,1285)
w(218,4,4,1285)
r(219,5,7,1287)
r(232,3,7,1287)
r(232,3,7,1287)
r(232,3,7,1287)
w(233,1,7,1287)
r(232,3,7,1287)
r(219,5,9,1294)
w(235,3,9,1294)
r(234,0,9,1294)
r(219,5,9,1294)
r(235,3,9,1294)
w(234,2,9,1294)
r(235,3,9,1294)
w(234,3,4,1302)
r(219,5,4,1302)
r(235,3,4,1302)
w(233,3,4,1302)
w(236,2,16,1305)
r(236,2,16,1305)
w(219,8,16,1305)
r(237,0,16,1305)
w(237,1,16,1305)
r(218,4,16,1305)
r(233,3,1,1307)
r(233,3,1,1307)
r(237,1,1,1307)
r(236,2,1,1307)
r(236,2,1,1307)
r(237,1,5,1310)
r(237,1,5,1310)
r(237,1,5,1310)
r(237,1,5,1310)
r(236,2,5,1310)
w(236,4,5,1310)
w(236,8,7,1315)
w(233,5,7,1315)
w(233,6,7,1315)
w(239,1,7,1315)
r(237,1,7,1315)
r(239,1,7,1315)
r(233,6,7,1315)
w(239,5,10,1321)
r(239,5,10,1321)
w(238,2,10,1321)
w(237,4,10,1321)
r(239,5,10,1321)
w(218,6,10,1321)
w(239,6,10,1321)
w(239,7,10,1321)
w(240,4,10,1325)
r(240,4,10,1325)
r(240,4,10,1325)
w(233,7,10,1325)
w(240,5,10,1325)
r(240,5,10,1325)
w(240,6,10,1325)
r(237,4,10,1331)
w(241,3,10,1331)
w(241,4,10,1331)
r(241,4,10,1331)
w(241,5,10,1331)
w(237,8,10,1331)
r(238,2,10,1331)
w(241,6,10,1331)
r(237,8,10,1333)
r(243,0,10,1333)
r(237,8,10,1333)
w(242,1,10,1333)
r(243,0,10,1333)
r(242,1,10,1333)
r(242,1,10,1333)
w(242,2,10,1333)
w(218,7,9,1336)
r(243,0,9,1336)
r(242,2,9,1336)
r(237,8,9,1336)
r(237,8,9,1336)
r(242,2,9,1336)
w(242,3,9,1336)
w(238,6,9,1336)
w(242,5,2,1340)
w(242,6,2,1340)
w(242,7,2,1340)
r(242,7,2,1340)
r(242,7,2,1340)
r(244,0,2,1340)
r(243,0,4,1345)
r(245,0,4,1345)
w(245,1,4,1345)
w(244,3,4,1345)
r(245,1,4,1345)
r(244,3,4,1345)
w(244,4,4,1345)
w(245,5,9,1350)
w(245,6,9,1350)
r(245,6,9,1350)
r(243,0,9,1350)
r(245,6,2,1354)
r(245,6,2,1354)
w(244,7,2,1354)
r(243,0,2,1354)
r(246,0,2,1354)
w(243,2,2,1354)
r(244,7,2,1354)
r(243,0,1,1358)
r(243,0,1,1358)
w(218,8,1,1358)
r(244,4,1,1358)
w(246,1,1,1358)
w(246,2,1,1358)
w(244,8,4,1362)
w(248,1,4,1362)
r(244,8,4,1362)
w(248,2,4,1362)
r(243,2,4,1362)
w(243,4,5,1382)
w(250,5,5,1382)
w(249,4,5,1382)
w(238,7,5,1382)
w(250,6,5,1382)
r(250,6,5,1382)
r(243,4,5,1382)
r(255,0,5,1384)
w(255,1,5,1384)
w(254,2,5,1384)
w(253,1,5,1384)
r(254,2,5,1384)
w(254,3,5,1384)
r(254,3,5,1384)
w(252,5,9,1388)
w(252,6,9,1388)
r(243,2,9,1388)
r(251,0,9,1388)
w(254,4,5,1389)
w(255,2,5,1389)
r(255,2,5,1389)
w(254,5,5,1389)
r(255,2,5,1400)
r(256,0,5,1400)
r(254,5,5,1400)
w(256,2,5,1400)
w(255,3,5,1400)
r(257,0,5,1400)
r(257,0,8,1401)
w(247,5,8,1401)
r(255,2,8,1401)
r(255,2,8,1401)
r(255,3,9,1407)
w(256,4,9,1407)
w(257,6,9,1407)
w(257,7,9,1407)
r(253,1,9,1407)
r(257,7,9,1407)
w(257,8,9,1407)
r(256,2,8,1409)
w(253,2,8,1409)
w(258,1,8,1409)
w(255,8,8,1409)
r(258,1,8,1409)
w(258,4,4,1417)
w(258,5,4,1417)
w(253,3,4,1417)
r(258,5,4,1417)
r(258,5,4,1417)
w(256,8,9,1422)
r(247,5,9,1422)
r(260,0,9,1422)
w(247,6,9,1422)
r(260,0,9,1422)
r(247,5,2,1423)
r(260,0,2,1423)
w(253,4,2,1423)
w(259,3,2,1423)
w(260,1,4,1424)
r(260,1,4,1424)
w(260,2,4,1424)
r(259,0,4,1424)
r(260,2,4,1424)
w(260,3,8,1426)
r(259,3,8,1426)
r(259,3,8,1426)
w(259,4,8,1426)
w(260,5,4,1431)
w(260,6,4,1431)
r(260,6,4,1431)
w(253,5,4,1431)
r(260,6,4,1431)
r(259,4,4,1431)
w(262,1,5,1438)
w(262,2,5,1438)
w(259,8,5,1438)
w(262,3,5,1438)
r(262,3,2,1442)
r(262,3,2,1442)
r(263,0,2,1442)
r(261,0,2,1442)
w(262,8,16,1443)
w(247,8,16,1443)
r(261,0,16,1443)
r(261,0,16,1443)
r(263,0,9,1445)
r(263,0,9,1445)
r(253,5,9,1445)
r(247,8,9,1445)
w(263,3,3,1450)
w(253,7,3,1450)
r(263,3,3,1450)
w(263,4,3,1450)
r(263,4,3,1450)
r(264,0,4,1454)
w(264,2,4,1454)
w(264,3,4,1454)
r(264,3,4,1454)
r(263,4,4,1454)
w(264,4,4,1454)
w(264,5,4,1454)
w(264,6,4,1454)
r(266,0,3,1457)
r(263,4,3,1457)
w(266,2,3,1457)
r(261,0,3,1457)
r(247,8,9,1460)
r(266,2,9,1460)
w(266,3,9,1460)
r(267,0,9,1460)
r(265,0,9,1460)
r(266,3,10,1463)
w(267,1,10,1463)
r(266,3,10,1463)
r(266,3,10,1463)
r(267,1,10,1463)
w(261,5,10,1463)
w(269,1,3,1468)
r(265,0,3,1468)
r(269,1,3,1468)
r(269,1,3,1468)
r(269,1,3,1468)
w(267,2,16,1469)
w(267,3,16,1469)
r(266,3,16,1469)
r(265,0,16,1469)
w(267,4,16,1469)
w(266,6,16,1469)
r(261,5,16,1469)
r(269,1,3,1475)
w(269,5,3,1475)
r(269,5,3,1475)
w(269,6,3,1475)
w(265,4,3,1475)
w(267,6,3,1475)
w(267,8,2,1481)
r(269,6,2,1481)
r(269,6,2,1481)
r(269,6,2,1481)
r(269,6,2,1481)
r(271,0,2,1481)
r(271,0,2,1481)
w(269,8,1,1482)
r(267,6,1,1482)
w(261,8,1,1482)
r(269,8,1,1482)
r(269,8,1,1482)
r(272,0,5,1483)
w(270,1,5,1483)
w(271,1,5,1483)
r(271,1,5,1483)
r(271,1,17,1487)
w(270,2,17,1487)
w(272,1,17,1487)
r(272,1,17,1487)
w(272,2,17,1487)
w(272,7,1,1496)
r(272,7,1,1496)
w(270,4,1,1496)
r(272,7,1,1496)
r(271,1,1,1496)
w(265,8,1,1496)
w(273,1,8,1499)
w(271,7,8,1499)
w(273,2,8,1499)
r(273,2,8,1499)
r(271,7,8,1499)
r(270,2,8,1499)
r(273,2,8,1499)
r(273,2,8,1499)
r(265,8,9,1503)
w(273,6,9,1503)
w(273,7,9,1503)
r(273,7,9,1503)
r(271,7,9,1503)
r(271,7,9,1503)
w(274,1,1,1506)
r(275,0,1,1506)
w(270,6,1,1506)
w(274,2,1,1506)
r(275,0,1,1506)
r(274,2,10,1509)
r(275,0,10,1509)
r(265,8,10,1509)
r(275,0,10,1509)
r(275,0,10,1515)
w(275,2,10,1515)
r(275,2,10,1515)
w(275,3,10,1515)
r(274,2,10,1515)
r(275,3,10,1515)
w(270,8,10,1515)
r(275,0,3,1516)
r(274,2,3,1516)
r(274,2,3,1516)
w(268,2,3,1516)
r(275,0,3,1516)
r(275,0,3,1516)
r(274,2,3,1516)
r(274,2,3,1516)
r(274,2,3,1522)
w(275,8,3,1522)
w(274,4,3,1522)
w(274,5,3,1522)
r(276,0,3,1522)
r(276,0,3,1522)
r(274,5,8,1523)
w(276,2,8,1523)
r(277,0,8,1523)
w(274,7,8,1523)
w(276,3,16,1528)
w(276,4,16,1528)
w(276,5,16,1528)
w(276,6,16,1528)
w(276,7,16,1528)
r(274,7,16,1528)
r(276,7,16,1528)
r(276,7,16,1528)
w(278,1,5,1529)
w(278,2,5,1529)
r(278,2,5,1529)
r(278,2,5,1529)
r(278,2,5,1529)
r(277,0,5,1529)
r(280,0,5,1529)
r(277,0,9,1533)
r(279,0,9,1533)
w(278,3,9,1533)
w(278,4,9,1533)
r(278,4,9,1533)
w(281,2,8,1538)
w(281,3,8,1538)
r(281,3,8,1538)
r(279,0,8,1538)
w(279,2,8,1538)
r(279,2,8,1542)
r(281,3,8,1542)
r(281,3,8,1542)
w(281,8,8,1542)
r(281,8,8,1542)
r(282,0,5,1544)
r(282,0,5,1544)
w(279,3,5,1544)
w(280,1,5,1544)
r(282,0,5,1544)
w(282,3,2,1547)
r(279,3,2,1547)
r(277,0,2,1547)
w(282,4,2,1547)
w(282,5,9,1552)
r(282,5,9,1552)
r(282,5,9,1552)
w(282,6,9,1552)
w(282,7,9,1552)
r(279,3,9,1552)
w(268,5,8,1554)
r(283,0,8,1554)
r(283,0,8,1554)
r(283,0,8,1554)
r(279,3,8,1554)
w(283,2,8,1554)
r(279,3,8,1554)
w(283,3,8,1554)
w(280,5,5,1558)
r(284,0,5,1558)
r(279,3,5,1558)
r(277,0,5,1558)
r(284,0,5,1558)
r(285,0,5,1558)
r(268,5,9,1565)
w(285,2,9,1565)
w(284,4,9,1565)
r(285,2,9,1565)
r(284,4,9,1565)
w(280,6,16,1569)
r(284,4,16,1569)
r(284,4,16,1569)
w(284,5,16,1569)
r(284,5,5,1572)
r(284,5,5,1572)
w(280,7,5,1572)
r(284,5,5,1572)
r(284,5,5,1572)
r(285,2,10,1574)
r(285,2,10,1574)
r(286,0,10,1574)
r(285,2,10,1574)
r(285,2,10,1574)
r(285,2,10,1574)
r(286,0,10,1574)
r(277,0,2,1577)
w(284,8,2,1577)
w(268,6,2,1577)
w(286,1,2,1577)
w(286,2,2,1577)
w(285,5,2,1577)
r(285,5,8,1583)
r(287,0,8,1583)
w(287,1,8,1583)
w(287,2,8,1583)
w(285,6,8,1583)
r(287,2,3,1587)
w(287,4,3,1587)
r(287,4,3,1587)
w(285,8,3,1587)
w(277,2,3,1587)
r(287,4,3,1587)
r(287,4,4,1591)
r(288,0,4,1591)
w(288,1,4,1591)
w(287,7,4,1591)
w(287,8,4,1591)
w(277,3,4,1591)
r(287,8,4,1591)
r(287,8,4,1591)
r(287,4,1,1594)
w(289,1,1,1594)
w(289,2,1,1594)
w(289,3,1,1594)
r(288,0,1,1594)
r(289,3,1,1594)
w(289,4,1,1594)
r(289,4,1,1594)
r(288,1,5,1598)
r(280,7,5,1598)
r(289,4,5,1598)
w(288,3,5,1598)
r(289,4,5,1598)
w(268,7,10,1602)
w(291,1,10,1602)
w(288,5,10,1602)
w(288,6,10,1602)
r(291,1,10,1602)
r(291,1,3,1605)
r(288,6,3,1605)
r(291,1,3,1605)
r(291,1,3,1605)
r(288,6,5,1608)
r(290,0,5,1608)
r(290,0,5,1608)
w(291,3,5,1608)
r(288,6,5,1608)
w(291,4,5,1608)
w(291,7,17,1612)
w(277,5,17,1612)
r(291,7,17,1612)
r(292,0,17,1612)
r(292,0,17,1612)
r(292,0,10,1615)
r(291,7,10,1615)
r(293,0,10,1615)
r(293,0,10,1615)
r(292,0,10,1615)
r(293,0,10,1615)
w(293,1,10,1615)
w(293,2,3,1621)
w(293,3,3,1621)
w(293,4,3,1621)
r(292,0,3,1621)
w(293,5,3,1621)
w(293,6,3,1621)
r(292,0,3,1621)
w(294,1,9,1624)
r(292,0,9,1624)
w(268,8,9,1624)
r(292,0,9,1624)
r(292,0,9,1624)
w(292,1,9,1624)
r(294,1,9,1624)
r(294,1,9,1624)
w(294,3,17,1628)
w(290,4,17,1628)
w(292,2,17,1628)
r(292,2,17,1628)
r(290,4,4,1634)
r(292,2,4,1634)
r(290,4,4,1634)
r(277,5,4,1634)
r(292,2,4,1634)
w(294,7,4,1634)
w(290,5,4,1634)
r(294,7,4,1634)
w(295,1,3,1645)
r(292,2,3,1645)
r(290,5,3,1645)
r(290,5,3,1645)
r(295,1,3,1645)
r(292,2,3,1645)
w(292,8,3,1645)
r(295,1,3,1645)
w(296,3,16,1651)
r(295,1,16,1651)
w(297,1,16,1651)
r(290,5,16,1651)
r(295,1,16,1651)
w(297,2,16,1651)
w(298,2,2,1652)
r(296,0,2,1652)
r(290,5,2,1652)
r(298,2,2,1652)
w(298,3,9,1658)
w(298,4,9,1658)
w(298,5,9,1658)
w(298,6,9,1658)
r(290,5,9,1658)
r(299,0,10,1660)
w(299,1,10,1660)
w(299,2,10,1660)
w(299,3,10,1660)
w(299,4,10,1660)
w(299,5,10,1660)
w(299,8,10,1666)
w(296,6,10,1666)
r(296,6,10,1666)
r(299,8,10,1666)
r(296,6,10,1666)
w(296,7,10,1666)
r(299,8,10,1666)
r(299,5,5,1668)
r(299,5,5,1668)
w(301,1,5,1668)
w(301,2,5,1668)
r(300,0,5,1668)
r(301,2,5,1668)
r(296,3,5,1668)
r(296,3,5,1668)
r(296,7,1,1669)
w(301,3,1,1669)
r(301,3,1,1669)
r(301,3,1,1669)
r(301,3,1,1669)
r(301,3,4,1671)
r(297,2,4,1671)
r(301,3,4,1671)
r(301,3,4,1671)
r(301,3,9,1676)
w(301,4,9,1676)
w(301,5,9,1676)
r(302,0,9,1676)
w(301,6,9,1676)
r(301,6,9,1676)
w(301,7,9,1676)
w(302,1,9,1676)
r(301,3,16,1686)
w(303,1,16,1686)
r(300,0,16,1686)
r(302,0,16,1686)
r(302,0,16,1686)
r(302,0,16,1686)
w(304,1,16,1686)
w(300,1,16,1686)
r(305,0,17,1691)
r(302,1,17,1691)
w(305,2,17,1691)
w(302,6,17,1691)
r(305,2,17,1691)
w(302,7,17,1691)
w(305,3,17,1691)
r(300,0,17,1691)
r(305,3,2,1694)
w(300,3,2,1694)
w(305,7,2,1694)
r(305,7,2,1694)
w(300,4,2,1694)
w(305,8,9,1696)
r(306,0,9,1696)
r(297,2,9,1696)
r(304,1,9,1696)
r(305,8,9,1696)
r(300,4,1,1703)
w(300,6,1,1703)
r(306,0,1,1703)
r(306,0,1,1703)
w(300,7,1,1703)
r(307,0,1,1703)
w(307,5,17,1706)
r(307,5,17,1706)
w(307,6,17,1706)
w(307,7,17,1706)
r(308,0,8,1707)
r(308,0,8,1707)
r(308,0,8,1707)
r(308,0,8,1707)
r(306,0,8,1707)
r(308,0,8,1707)
w(297,6,8,1707)
w(306,8,8,1707)
r(306,8,5,1710)
r(308,0,5,1710)
r(308,0,5,1710)
r(308,0,5,1710)
r(308,0,5,1710)
w(308,1,2,1714)
w(308,2,2,1714)
r(308,2,2,1714)
r(308,2,2,1714)
w(309,1,2,1714)
w(297,7,2,1714)
w(304,3,3,1715)
r(310,0,3,1715)
r(308,2,3,1715)
w(310,1,3,1715)
r(309,1,16,1717)
r(308,2,16,1717)
r(309,1,16,1717)
w(308,6,16,1717)
r(308,6,8,1719)
r(308,6,8,1719)
r(308,6,8,1719)
r(308,6,8,1719)
r(310,1,8,1719)
r(309,1,8,1719)
r(308,6,10,1723)
r(308,6,10,1723)
r(310,1,10,1723)
r(308,6,10,1723)
r(308,6,10,1723)
w(309,4,10,1723)
r(309,1,9,1724)
w(310,2,9,1724)
r(310,2,9,1724)
r(308,6,9,1724)
r(308,6,9,1724)
r(309,1,9,1724)
w(297,8,8,1728)
w(308,7,8,1728)
w(308,8,8,1728)
r(311,0,8,1728)
w(311,1,8,1728)
r(311,1,17,1731)
w(311,4,17,1731)
r(311,4,17,1731)
r(311,4,17,1731)
w(309,5,17,1731)
r(304,3,17,1731)
w(311,5,17,1735)
w(311,6,17,1735)
w(310,4,17,1735)
r(311,6,17,1735)
w(309,7,17,1735)
w(311,7,17,1735)
r(311,7,17,1735)
r(310,2,8,1736)
w(312,1,8,1736)
r(310,2,8,1736)
r(310,2,8,1736)
r(309,5,8,1736)
r(312,1,8,1736)
r(314,0,4,1742)
w(314,2,4,1742)
w(313,2,4,1742)
w(314,3,4,1742)
w(310,6,4,1742)
r(313,2,4,1742)
w(314,4,4,1742)
r(314,4,9,1746)
r(314,4,9,1746)
r(310,6,9,1746)
w(314,7,9,1746)
r(314,7,9,1746)
r(314,7,9,1746)
w(313,5,9,1746)
w(304,4,5,1747)
w(315,1,5,1747)
r(314,7,5,1747)
r(313,5,5,1747)
r(314,7,5,1749)
r(314,7,5,1749)
r(314,7,5,1749)
r(314,7,5,1749)
w(314,8,5,1749)
w(315,2,9,1754)
r(315,2,9,1754)
w(316,1,9,1754)
r(304,4,9,1754)
w(316,2,9,1754)
r(316,2,9,1754)
w(316,4,3,1758)
w(313,6,3,1758)
r(316,4,3,1758)
r(316,4,3,1758)
w(313,7,16,1762)
r(316,4,16,1762)
r(316,4,16,1762)
r(316,4,16,1762)
w(316,5,16,1762)
w(304,7,1,1766)
r(304,7,1,1766)
r(313,6,1,1766)
r(313,6,1,1766)
r(312,1,10,1768)
r(316,5,10,1768)
w(315,5,10,1768)
r(316,5,10,1768)
w(315,6,10,1768)
r(316,5,10,1768)
r(316,5,10,1768)
r(313,7,10,1768)
r(313,7,5,1770)
w(312,4,5,1770)
w(316,7,5,1770)
r(316,7,5,1770)
w(316,8,5,1770)
r(313,7,5,1770)
r(304,7,5,1770)
r(318,0,5,1770)
w(318,1,16,1772)
w(317,1,16,1772)
r(318,1,16,1772)
r(312,1,16,1772)
w(317,2,16,1772)
r(318,1,16,1772)
r(318,1,16,1772)
w(312,5,3,1776)
w(318,3,3,1776)
r(317,2,3,1776)
r(317,2,3,1776)
w(318,4,3,1776)
r(317,2,3,1776)
w(318,5,3,1776)
r(317,2,3,1776)
r(317,2,10,1777)
w(315,8,10,1777)
r(318,1,10,1777)
w(317,4,10,1777)
r(317,4,17,1780)
r(317,4,17,1780)
w(318,6,17,1780)
r(317,4,17,1780)
w(318,7,17,1780)
r(318,7,17,1780)
w(317,5,17,1780)
r(318,7,17,1780)
r(317,5,3,1782)
r(304,7,3,1782)
r(317,5,3,1782)
r(319,0,3,1782)
r(319,0,3,1782)
w(321,1,3,1782)
r(320,0,3,1782)
r(320,0,3,1782)
r(318,7,8,1784)
w(318,8,8,1784)
w(317,6,8,1784)
w(317,7,8,1784)
w(317,8,8,1784)
r(315,8,8,1784)
r(321,1,5,1788)
r(319,0,5,1788)
r(319,0,5,1788)
r(321,1,5,1788)
r(321,1,5,1788)
r(320,0,5,1788)
w(321,4,5,1788)
w(319,5,4,1799)
r(322,0,4,1799)
r(322,0,4,1799)
w(322,5,4,1799)
r(319,5,4,1799)
r(322,5,4,1799)
r(304,7,9,1804)
r(322,5,9,1804)
w(319,7,9,1804)
w(319,8,9,1804)
r(319,8,9,1804)
w(320,5,16,1805)
r(322,5,16,1805)
w(320,6,16,1805)
r(322,5,16,1805)
r(322,5,16,1805)
r(304,7,1,1809)
w(323,2,1,1809)
r(312,5,1,1809)
r(324,0,1,1809)
r(324,0,1,1809)
w(324,4,1,1809)
r(324,4,1,1809)
r(325,0,16,1814)
r(325,0,16,1814)
r(320,6,16,1814)
r(325,0,16,1814)
w(323,6,9,1818)
r(323,6,9,1818)
w(325,4,9,1818)
r(325,4,9,1818)
r(304,7,9,1818)
r(325,4,9,1818)
r(323,6,9,1818)
w(323,7,17,1824)
r(325,4,17,1824)
w(325,6,17,1824)
r(325,6,17,1824)
r(325,6,17,1824)
r(326,0,17,1824)
r(323,7,17,1824)
w(325,7,17,1824)
r(327,0,3,1828)
r(328,0,3,1828)
r(328,0,3,1828)
r(328,0,3,1828)
w(328,4,2,1830)
w(326,1,2,1830)
w(320,7,2,1830)
w(327,2,2,1830)
w(328,5,2,1830)
w(327,3,16,1836)
r(327,3,16,1836)
w(328,6,16,1836)
w(328,7,16,1836)
r(328,7,16,1836)
w(320,8,16,1836)
w(327,4,16,1836)
r(329,0,9,1839)
w(329,4,9,1839)
r(304,7,9,1839)
r(329,4,9,1839)
r(329,4,9,1839)
r(326,1,3,1844)
r(329,4,3,1844)
r(329,4,3,1844)
r(330,0,3,1844)
w(330,2,3,1844)
r(329,4,3,1844)
r(327,4,3,1844)
r(327,4,3,1844)
r(327,4,17,1850)
w(331,1,17,1850)
r(331,1,17,1850)
w(331,2,17,1850)
w(331,3,17,1850)
w(330,4,10,1856)
r(332,0,10,1856)
w(331,8,10,1856)
r(332,0,10,1856)
r(333,0,10,1856)
r(330,4,10,1856)
w(332,4,2,1860)
r(334,0,2,1860)
r(334,0,2,1860)
w(332,5,2,1860)
w(334,3,2,1860)
r(332,5,2,1860)
r(334,3,8,1863)
r(332,5,8,1863)
r(333,0,8,1863)
r(334,3,8,1863)
w(334,5,4,1870)
w(332,8,4,1870)
r(330,4,4,1870)
r(334,5,4,1870)
w(334,6,4,1870)
r(330,4,4,1870)
w(334,7,4,1870)
w(336,3,16,1877)
r(336,3,16,1877)
w(335,2,16,1877)
w(336,4,16,1877)
w(336,5,16,1877)
r(336,5,16,1877)
w(335,3,16,1877)
w(330,8,9,1885)
w(326,3,9,1885)
w(337,2,9,1885)
r(337,2,9,1885)
w(333,1,9,1885)
w(335,8,9,1885)
w(339,2,8,1886)
r(339,2,8,1886)
r(339,2,8,1886)
r(340,0,8,1886)
w(340,3,8,1891)
w(340,4,8,1891)
w(339,5,8,1891)
w(340,5,8,1891)
r(340,5,8,1891)
r(340,5,17,1893)
r(340,5,17,1893)
w(340,7,17,1893)
r(338,0,17,1893)
w(341,1,5,1899)
r(339,5,5,1899)
r(341,1,5,1899)
w(333,4,5,1899)
r(341,1,5,1899)
r(341,1,5,1899)
w(333,5,5,1899)
w(339,7,5,1899)
r(338,0,8,1901)
r(338,0,8,1901)
w(341,4,8,1901)
w(341,5,8,1901)
w(326,6,9,1905)
r(326,6,9,1905)
r(341,5,9,1905)
w(342,1,9,1905)
r(342,1,9,1905)
r(342,1,9,1905)
w(341,6,3,1907)
r(333,5,3,1907)
r(341,6,3,1907)
w(341,7,3,1907)
w(341,8,3,1907)
r(338,0,5,1911)
w(342,5,5,1911)
r(342,5,5,1911)
w(342,6,5,1911)
r(342,1,8,1916)
w(338,3,8,1916)
r(338,3,8,1916)
w(343,1,8,1916)
r(343,1,8,1916)
w(343,2,8,1916)
r(338,3,8,1916)
w(343,6,16,1928)
w(344,5,16,1928)
r(343,6,16,1928)
r(338,3,16,1928)
w(343,7,16,1928)
r(343,7,16,1928)
r(343,7,16,1928)
w(344,6,16,1928)
r(345,0,3,1931)
r(346,0,3,1931)
w(326,8,3,1931)
r(346,0,3,1931)
r(345,0,3,1931)
w(345,1,3,1931)
r(345,1,3,1931)
w(345,2,3,1931)
r(346,0,2,1933)
w(346,2,2,1933)
r(346,2,2,1933)
r(346,2,2,1933)
w(333,7,2,1933)
r(345,0,2,1933)
r(346,2,2,1933)
