r(4,0,4,17)
r(2,0,4,17)
w(4,1,4,17)
w(4,2,4,17)
w(4,3,4,17)
w(4,4,4,17)
r(3,0,4,17)
w(3,1,4,17)
r(1,0,2,21)
w(1,2,2,21)
r(1,2,2,21)
r(2,0,2,21)
r(0,0,2,21)
w(2,4,2,26)
w(6,7,2,26)
w(2,5,2,26)
w(3,7,2,26)
r(6,7,2,26)
r(7,0,4,29)
w(7,2,4,29)
w(7,3,4,29)
w(7,4,4,29)
r(2,5,9,32)
r(8,0,9,32)
r(8,0,9,32)
w(8,1,9,32)
w(2,8,9,32)
w(7,8,9,32)
r(1,2,2,36)
w(9,1,2,36)
r(8,1,2,36)
r(9,1,2,36)
r(8,1,2,36)
r(2,8,2,36)
w(9,2,2,36)
r(8,1,3,38)
r(10,0,3,38)
r(10,0,3,38)
r(8,1,3,38)
w(1,6,0,41)
r(8,1,0,41)
r(1,6,0,41)
w(9,3,0,41)
r(8,1,0,41)
r(9,3,0,41)
r(9,3,0,41)
w(9,4,0,41)
r(9,4,3,45)
r(10,0,3,45)
w(11,1,3,45)
w(8,4,3,45)
r(8,4,3,45)
w(1,7,4,48)
r(11,0,4,48)
r(11,0,4,48)
r(11,0,4,48)
w(1,8,4,48)
r(11,0,4,48)
r(10,0,4,48)
w(11,2,9,49)
r(11,2,9,49)
r(1,6,9,49)
r(10,0,9,49)
w(11,3,1,54)
r(8,4,1,54)
w(11,4,1,54)
w(8,5,1,54)
r(10,0,1,54)
r(8,5,6,60)
r(12,0,6,60)
r(8,5,6,60)
w(8,7,6,60)
r(8,7,6,60)
r(12,0,6,60)
w(8,8,6,60)
r(10,0,9,62)
r(12,0,9,62)
w(12,1,9,62)
r(13,0,9,62)
w(10,5,9,62)
r(12,1,9,62)
r(13,0,9,62)
r(12,1,9,62)
w(12,4,7,66)
r(12,4,7,66)
r(12,4,7,66)
r(13,0,7,66)
w(10,6,7,66)
w(13,2,8,67)
r(12,1,8,67)
r(12,1,8,67)
r(13,2,8,67)
r(12,1,8,67)
r(12,1,8,67)
w(12,5,5,72)
r(12,5,5,72)
w(10,7,5,72)
w(12,6,5,72)
r(13,2,4,74)
r(13,2,4,74)
w(15,1,4,74)
w(15,2,4,74)
r(15,2,4,74)
r(13,2,4,74)
w(15,3,4,74)
r(15,3,4,79)
r(13,2,4,79)
w(15,5,4,79)
r(13,2,4,79)
w(15,6,4,79)
r(13,2,4,79)
r(13,2,3,85)
r(17,0,3,85)
w(17,1,3,85)
w(17,2,3,85)
r(13,2,3,85)
w(17,3,3,85)
w(13,6,3,85)
w(17,4,3,85)
r(17,4,3,90)
r(17,4,3,90)
r(17,4,3,90)
w(17,8,3,90)
r(13,6,3,90)
r(13,6,3,90)
w(18,1,3,90)
w(18,4,4,94)
w(13,8,4,94)
r(13,8,4,94)
r(18,4,4,94)
w(18,5,4,94)
w(18,6,4,94)
r(19,0,4,94)
w(18,8,3,100)
r(19,0,3,100)
r(16,0,3,100)
r(14,0,3,100)
r(20,0,3,100)
w(20,1,3,100)
w(19,1,1,102)
r(20,0,1,102)
r(20,0,1,102)
w(14,2,1,102)
r(20,0,1,102)
r(20,1,1,105)
r(20,1,1,105)
r(20,1,1,105)
w(19,4,1,105)
r(20,1,1,105)
r(0,0,6,109)
w(20,7,6,109)
r(20,7,6,109)
w(20,8,6,109)
r(20,8,6,109)
r(14,2,6,109)
r(20,8,6,109)
w(19,8,7,113)
r(19,8,7,113)
r(16,0,7,113)
r(21,0,7,113)
r(16,0,7,113)
r(20,8,7,113)
r(20,8,7,113)
w(21,1,2,115)
r(22,0,2,115)
r(14,2,2,115)
r(22,0,2,115)
w(22,1,6,118)
r(16,0,6,118)
r(22,1,6,118)
r(21,1,6,118)
r(22,1,6,118)
w(21,3,4,122)
r(22,1,4,122)
r(22,1,4,122)
r(16,0,4,122)
w(22,4,4,122)
w(22,5,4,122)
r(14,2,4,122)
r(16,0,7,126)
r(21,3,7,126)
r(22,5,7,126)
r(22,5,7,126)
w(14,4,7,126)
r(21,3,3,131)
w(22,7,3,131)
w(14,5,3,131)
w(22,8,3,131)
w(23,1,3,131)
w(21,5,3,131)
r(0,0,3,131)
w(0,2,3,131)
r(23,1,5,137)
w(23,8,5,137)
w(25,1,5,137)
w(26,1,5,137)
w(24,4,5,143)
r(26,1,5,143)
w(24,5,5,143)
w(25,2,5,143)
r(26,1,5,143)
r(24,5,5,148)
r(26,1,5,148)
w(24,8,5,148)
r(26,1,5,148)
w(26,7,5,148)
w(26,8,5,148)
r(25,2,1,149)
r(26,1,1,149)
r(27,0,1,149)
r(28,0,1,149)
w(14,7,1,149)
r(0,2,1,149)
w(28,1,1,149)
r(28,1,1,149)
r(27,0,4,155)
w(27,1,4,155)
w(0,4,4,155)
w(25,3,4,155)
r(25,3,4,155)
w(14,8,4,155)
r(28,1,4,155)
w(25,4,4,155)
r(28,1,7,157)
w(28,4,7,157)
w(27,6,7,157)
r(28,4,7,157)
w(25,5,7,157)
w(28,5,3,160)
r(29,0,3,160)
r(27,6,3,160)
r(25,5,3,160)
r(0,4,3,166)
w(31,2,3,166)
w(30,1,3,166)
r(31,2,3,166)
r(25,5,4,174)
w(30,3,4,174)
w(32,1,4,174)
r(32,1,4,174)
w(32,2,4,174)
r(32,2,4,174)
r(29,0,4,174)
w(32,3,4,174)
r(32,3,2,178)
r(32,3,2,178)
r(32,3,2,178)
w(33,1,2,178)
w(32,5,2,178)
w(32,6,2,178)
r(33,0,6,181)
w(30,4,6,181)
r(32,3,6,181)
w(30,5,6,181)
r(30,5,6,181)
r(30,3,0,185)
r(32,6,0,185)
w(32,8,0,185)
w(34,1,0,185)
r(30,3,0,185)
w(30,8,1,189)
r(34,1,1,189)
w(34,5,1,189)
r(30,8,1,189)
r(34,5,1,189)
w(29,2,1,189)
r(29,2,1,189)
r(34,5,0,196)
r(29,2,0,196)
r(36,0,0,196)
w(35,1,0,196)
r(36,0,0,196)
r(0,4,9,207)
r(38,0,9,207)
r(37,0,9,207)
w(37,6,9,207)
r(37,6,9,207)
r(37,6,9,207)
w(38,1,9,207)
r(38,1,5,212)
r(37,6,5,212)
r(37,6,5,212)
r(37,6,5,212)
w(33,7,5,212)
r(39,0,5,212)
w(39,1,5,212)
w(39,3,2,220)
w(33,8,2,220)
w(38,2,2,220)
w(39,4,2,220)
w(38,3,2,220)
r(39,4,2,220)
w(29,6,2,220)
w(41,2,9,224)
w(40,1,9,224)
r(41,2,9,224)
r(42,0,9,224)
r(41,2,4,230)
r(43,0,4,230)
w(42,4,4,230)
r(42,4,4,230)
r(41,2,4,230)
r(41,2,0,234)
r(41,2,0,234)
r(45,0,0,234)
w(45,1,0,234)
r(40,1,0,234)
w(41,6,7,237)
w(41,7,7,237)
r(42,4,7,237)
w(41,8,7,237)
w(42,7,7,237)
w(42,8,7,237)
w(43,2,7,237)
r(40,1,7,237)
r(44,0,3,239)
r(40,1,3,239)
w(45,2,3,239)
w(44,1,3,239)
r(44,1,3,239)
w(45,4,6,242)
w(44,3,6,242)
w(45,5,6,242)
r(44,3,6,242)
w(45,6,6,242)
w(44,5,2,247)
r(43,2,2,247)
w(44,6,2,247)
r(40,1,2,247)
r(44,6,2,247)
r(43,2,2,247)
w(45,7,1,248)
r(45,7,1,248)
w(40,3,1,248)
w(45,8,1,248)
w(40,4,1,248)
r(44,3,1,248)
r(46,0,9,252)
w(40,5,9,252)
r(46,0,9,252)
w(40,6,9,252)
w(43,4,9,252)
r(46,0,7,254)
r(44,6,7,254)
r(46,0,7,254)
w(44,8,7,254)
w(46,3,1,256)
r(46,3,1,256)
r(44,6,1,256)
r(46,3,1,256)
w(0,5,1,256)
r(40,6,1,256)
r(46,3,1,256)
w(43,5,6,258)
w(46,4,6,258)
r(40,6,6,258)
r(40,6,6,258)
w(46,7,1,263)
r(46,7,1,263)
w(47,2,1,263)
w(46,8,1,263)
w(40,7,1,263)
r(40,7,1,263)
r(47,2,1,267)
r(40,7,1,267)
r(46,8,1,267)
w(40,8,1,267)
w(43,8,1,267)
w(48,2,9,268)
r(48,2,9,268)
r(0,5,9,268)
r(48,2,9,268)
r(48,2,7,275)
r(47,2,7,275)
r(48,2,7,275)
w(49,2,7,275)
r(48,2,7,275)
r(48,2,7,275)
w(52,2,9,280)
r(51,0,9,280)
r(52,2,9,280)
w(52,3,9,280)
w(49,4,9,280)
r(51,0,7,281)
r(52,3,7,281)
w(52,4,7,281)
r(52,4,7,281)
w(51,2,7,281)
r(0,5,7,281)
r(51,2,7,281)
r(0,5,7,281)
w(52,5,4,286)
w(49,6,4,286)
r(50,0,4,286)
r(50,0,4,286)
r(52,5,4,286)
r(51,2,4,286)
r(53,0,6,291)
w(53,2,6,291)
r(53,2,6,291)
r(51,2,6,291)
r(49,6,6,291)
w(53,3,6,291)
r(49,6,6,291)
w(51,4,8,295)
r(53,3,8,295)
r(53,3,8,295)
w(51,5,8,295)
r(51,5,8,295)
r(49,6,7,296)
r(53,3,7,296)
r(53,3,7,296)
r(53,3,7,296)
r(53,3,7,296)
r(51,2,1,297)
r(50,0,1,297)
w(49,8,1,297)
w(53,4,1,297)
r(51,5,8,300)
r(53,4,8,300)
w(51,6,8,300)
r(51,6,8,300)
r(49,8,8,300)
w(50,2,8,300)
r(54,0,4,303)
r(54,0,4,303)
w(54,1,4,303)
r(54,1,4,303)
w(54,2,4,303)
w(0,7,9,306)
w(53,5,9,306)
r(53,5,9,306)
w(53,6,9,306)
w(53,7,9,306)
r(53,7,9,306)
r(53,7,9,306)
w(0,8,9,306)
w(54,3,6,307)
r(54,3,6,307)
r(55,0,6,307)
w(54,4,6,307)
r(51,6,6,307)
r(54,4,6,307)
r(55,0,6,307)
w(54,5,2,312)
w(54,6,2,312)
r(54,6,2,312)
r(0,8,2,312)
w(50,3,2,312)
r(55,0,2,312)
w(54,7,2,312)
w(56,1,2,312)
w(55,1,7,313)
r(54,4,7,313)
r(55,1,7,313)
r(54,4,7,313)
r(57,0,7,313)
r(56,0,7,313)
w(55,2,1,317)
r(57,0,1,317)
r(0,8,1,317)
w(57,1,1,317)
r(55,2,1,317)
r(56,1,1,317)
w(57,2,1,317)
r(57,2,1,317)
w(57,4,9,319)
r(56,1,9,319)
r(56,1,9,319)
r(57,4,9,319)
r(57,4,7,322)
w(56,3,7,322)
r(55,2,7,322)
r(57,4,7,322)
r(56,3,7,322)
r(57,4,5,324)
r(56,1,5,324)
r(57,4,5,324)
r(57,4,5,324)
r(56,1,5,324)
r(55,2,5,324)
r(57,4,5,324)
w(57,5,5,324)
w(55,3,6,325)
r(50,3,6,325)
r(55,3,6,325)
r(57,4,6,325)
r(56,3,6,325)
w(55,4,6,325)
r(57,5,6,328)
w(55,5,6,328)
w(56,4,6,328)
w(57,6,6,328)
w(57,7,6,328)
r(57,7,2,334)
r(57,7,2,334)
r(57,7,2,334)
r(57,7,2,334)
r(55,5,0,338)
w(55,6,0,338)
w(58,1,0,338)
w(50,5,0,338)
r(50,5,0,338)
r(56,4,0,338)
r(50,5,0,338)
w(59,3,1,340)
w(59,4,1,340)
r(59,4,1,340)
w(59,5,1,340)
w(59,6,1,340)
r(56,4,1,340)
r(56,4,1,340)
w(60,1,1,344)
r(56,4,1,344)
w(60,2,1,344)
w(61,1,1,344)
r(50,5,1,344)
r(61,0,2,346)
r(58,1,2,346)
r(60,0,2,346)
w(58,2,2,346)
w(56,7,2,346)
r(60,2,7,347)
r(60,2,7,347)
w(60,3,7,347)
r(61,1,7,347)
w(56,8,9,350)
r(56,8,9,350)
r(60,3,9,350)
r(56,8,9,350)
r(60,3,6,353)
r(62,0,6,353)
w(62,1,6,353)
r(60,3,6,353)
r(62,1,6,353)
w(60,4,6,353)
w(60,5,6,353)
w(62,2,6,353)
r(64,0,9,366)
r(62,2,9,366)
w(64,2,9,366)
r(62,2,9,366)
r(62,2,2,367)
r(63,0,2,367)
w(63,5,2,367)
w(63,6,2,367)
w(62,7,2,367)
r(63,6,2,367)
r(62,2,4,368)
r(62,2,4,368)
r(62,2,4,368)
r(64,0,4,368)
w(50,7,4,368)
w(50,8,9,375)
w(58,3,9,375)
w(64,6,9,375)
r(50,8,9,375)
r(64,6,9,375)
w(64,7,9,375)
r(65,0,9,375)
w(64,8,9,375)
r(61,1,7,376)
w(61,6,7,376)
w(66,1,7,376)
r(65,0,7,376)
r(66,1,7,376)
w(66,3,0,382)
w(65,2,0,382)
r(61,6,0,382)
w(65,3,0,382)
r(66,3,0,382)
r(66,3,0,382)
r(66,3,0,382)
w(67,1,0,382)
r(65,3,8,387)
w(65,4,8,387)
r(66,3,8,387)
w(65,5,8,387)
r(65,5,8,387)
r(66,3,8,387)
w(66,6,6,390)
r(65,3,6,390)
w(67,2,6,390)
w(66,7,6,390)
r(61,6,6,390)
r(66,7,6,390)
r(67,2,6,390)
r(61,6,6,390)
r(68,0,9,400)
r(70,0,9,400)
w(69,1,9,400)
w(70,1,9,400)
r(68,0,9,400)
r(68,0,9,400)
w(58,7,8,402)
r(68,0,8,402)
r(65,5,8,402)
r(65,5,8,402)
w(61,8,8,402)
r(65,5,8,402)
w(68,1,8,402)
r(69,0,8,402)
r(70,1,2,410)
r(70,1,2,410)
w(71,1,2,410)
r(71,1,2,410)
r(69,1,2,410)
w(71,2,2,410)
r(71,2,0,414)
r(70,1,0,414)
w(71,8,0,414)
r(71,8,0,414)
r(69,1,0,414)
w(70,5,0,414)
r(73,0,0,414)
r(69,1,0,414)
w(73,1,1,416)
r(73,1,1,416)
r(73,1,1,416)
w(67,3,1,416)
r(73,1,1,416)
w(73,2,1,416)
w(73,5,4,424)
w(73,6,4,424)
w(73,7,4,424)
w(73,8,4,424)
w(69,7,6,425)
r(73,2,6,425)
w(70,7,6,425)
r(73,2,6,425)
r(73,2,6,425)
w(70,8,6,425)
w(69,8,6,425)
r(73,2,6,425)
w(74,1,5,427)
r(69,1,5,427)
r(75,0,5,427)
r(75,0,5,427)
w(75,1,5,427)
r(75,1,5,427)
r(76,0,5,427)
w(76,1,5,427)
r(75,1,8,434)
w(76,4,8,434)
w(67,5,8,434)
r(67,5,8,434)
r(77,0,8,437)
r(77,0,8,437)
w(76,8,8,437)
r(77,0,8,437)
r(77,0,5,441)
r(67,5,5,441)
r(77,0,5,441)
r(76,8,5,441)
w(77,6,4,445)
w(77,7,4,445)
r(77,7,4,445)
r(77,7,4,445)
r(74,1,4,449)
w(74,3,4,449)
r(79,0,4,449)
w(74,4,4,449)
r(78,0,0,450)
w(78,2,0,450)
w(78,3,0,450)
r(76,8,0,450)
w(79,1,0,450)
r(78,3,0,450)
w(78,4,0,450)
r(78,4,1,454)
w(78,8,1,454)
w(79,3,1,454)
w(67,6,1,454)
r(74,4,1,454)
r(80,0,6,455)
r(80,0,6,455)
w(80,1,6,455)
r(80,1,6,455)
w(80,2,6,455)
r(79,3,6,455)
r(80,2,3,458)
r(80,2,3,458)
r(80,2,3,458)
r(80,2,3,458)
r(80,2,3,458)
r(80,2,3,458)
r(80,2,7,459)
w(80,3,7,459)
r(80,3,7,459)
w(72,1,7,459)
r(80,3,7,459)
w(79,4,7,459)
r(79,4,6,461)
r(74,4,6,461)
w(80,4,6,461)
r(74,4,6,461)
w(80,5,6,461)
r(80,5,6,461)
r(79,4,2,464)
w(80,6,2,464)
w(79,5,2,464)
w(79,6,2,464)
r(74,4,2,464)
r(74,4,8,469)
r(80,6,8,469)
w(74,5,8,469)
w(80,8,8,469)
r(80,8,8,469)
r(81,0,3,473)
r(79,6,3,473)
w(79,7,3,473)
r(82,0,3,473)
w(81,2,3,473)
w(79,8,3,473)
r(67,6,3,473)
r(79,8,3,473)
r(72,1,5,475)
r(81,2,5,475)
r(82,0,5,475)
r(81,2,5,475)
r(83,0,7,482)
w(83,2,7,482)
w(83,3,7,482)
w(82,1,7,482)
r(81,2,7,482)
w(84,2,6,483)
r(83,0,6,483)
w(84,3,6,483)
w(84,4,6,483)
r(83,3,9,486)
r(84,4,9,486)
r(83,3,9,486)
r(84,4,9,486)
w(83,7,2,494)
r(84,4,2,494)
r(84,4,2,494)
r(84,4,2,494)
w(84,5,2,494)
r(84,5,2,494)
w(84,6,2,494)
w(85,1,7,499)
r(72,1,7,499)
w(82,4,7,499)
w(85,2,7,499)
w(85,3,7,499)
r(82,1,4,503)
w(87,2,4,503)
r(82,1,4,503)
r(87,2,4,503)
w(87,3,4,503)
w(87,4,4,503)
r(86,0,3,506)
r(82,4,3,506)
r(87,4,3,506)
w(86,2,3,506)
r(87,4,3,506)
r(87,4,7,507)
r(86,0,7,507)
w(87,7,7,507)
r(82,4,7,507)
w(86,3,6,511)
w(87,8,6,511)
w(86,4,6,511)
w(88,1,6,511)
w(88,2,6,511)
w(88,7,1,516)
w(88,8,1,516)
w(91,1,1,516)
w(91,2,1,516)
r(91,2,1,516)
w(91,5,0,522)
r(91,5,0,522)
w(91,6,0,522)
r(91,6,0,522)
w(92,4,2,533)
w(92,5,2,533)
r(92,5,2,533)
w(93,3,2,533)
w(93,4,2,533)
r(94,0,1,543)
w(89,2,1,543)
w(93,7,1,543)
r(94,0,1,543)
w(93,8,1,543)
r(72,1,1,543)
w(94,8,4,544)
r(94,8,4,544)
r(90,0,4,544)
w(95,1,4,544)
r(96,0,4,544)
r(96,0,4,544)
r(96,0,8,547)
r(89,2,8,547)
r(95,1,8,547)
r(95,1,8,547)
w(96,1,8,547)
w(96,3,4,550)
r(95,1,4,550)
r(96,3,4,550)
r(95,1,4,550)
w(95,2,4,550)
r(95,2,1,554)
r(96,3,1,554)
w(96,6,1,554)
r(96,6,1,554)
r(90,0,1,554)
r(72,1,1,554)
r(89,2,1,554)
r(96,6,8,558)
r(96,6,8,558)
r(89,2,8,558)
r(95,2,8,558)
r(90,0,8,558)
r(95,2,7,560)
w(96,8,7,560)
w(89,6,7,560)
r(96,8,7,560)
r(95,2,5,562)
r(96,8,5,562)
w(89,7,5,562)
w(97,1,5,562)
w(97,2,5,562)
r(97,2,5,562)
w(90,7,5,566)
r(97,2,5,566)
w(97,4,5,566)
w(97,5,5,566)
r(95,2,5,566)
w(89,8,3,570)
w(95,7,3,570)
w(95,8,3,570)
r(95,8,3,570)
w(97,6,1,572)
r(89,7,1,572)
r(97,6,1,572)
r(95,2,1,572)
r(97,6,1,572)
r(97,6,1,572)
w(97,7,1,572)
w(97,8,1,572)
w(98,1,2,577)
r(97,5,2,577)
w(98,2,2,577)
r(97,5,2,577)
w(98,3,2,577)
w(98,4,2,577)
r(98,4,2,577)
r(99,0,9,581)
r(99,0,9,581)
w(99,2,9,581)
r(98,4,9,581)
w(99,3,9,581)
r(98,4,9,581)
w(99,4,0,585)
r(99,4,0,585)
r(99,4,0,585)
w(99,5,0,585)
r(98,4,0,585)
r(99,5,0,585)
r(90,7,0,585)
r(101,0,3,590)
w(100,4,3,590)
w(102,1,3,590)
r(72,1,3,590)
r(100,4,4,593)
r(102,1,4,593)
r(100,4,4,593)
r(101,0,4,593)
r(100,4,4,593)
r(101,0,9,598)
r(100,4,9,598)
w(100,8,9,598)
r(101,0,9,598)
w(101,1,9,598)
w(103,1,9,598)
r(103,1,9,598)
r(89,8,1,602)
r(103,1,1,602)
w(103,8,1,602)
r(89,8,1,602)
r(89,8,1,602)
r(101,1,1,602)
r(72,1,1,602)
r(104,0,4,612)
r(104,0,4,612)
r(102,1,4,612)
r(102,1,4,612)
w(102,8,4,612)
r(105,0,4,612)
r(101,1,4,612)
r(105,0,3,616)
r(102,1,3,616)
r(105,0,3,616)
r(105,0,3,616)
w(105,1,3,616)
w(105,5,9,623)
w(101,6,9,623)
r(101,6,9,623)
w(105,6,9,623)
w(105,7,9,623)
r(89,8,7,628)
r(101,6,7,628)
w(107,3,7,628)
r(101,6,7,628)
r(107,3,7,628)
w(106,2,7,628)
r(107,0,3,629)
r(106,0,3,629)
w(109,1,3,629)
r(106,0,3,629)
r(106,0,3,629)
r(108,0,3,629)
r(109,1,3,629)
r(109,1,8,632)
r(109,1,8,632)
w(106,4,8,632)
r(110,0,8,632)
w(109,2,8,632)
r(109,2,8,632)
r(109,2,1,635)
r(106,4,1,635)
r(106,4,1,635)
w(109,5,1,635)
w(109,6,1,635)
w(109,7,1,635)
w(72,6,2,638)
r(109,7,2,638)
w(109,8,2,638)
r(106,4,2,638)
r(72,6,2,638)
r(106,4,9,640)
w(111,1,9,640)
r(108,0,9,640)
w(111,2,9,640)
w(106,8,9,640)
r(111,2,9,640)
r(106,8,7,646)
w(111,6,7,646)
r(110,0,7,646)
w(110,3,7,646)
w(111,7,7,646)
w(111,8,7,646)
r(72,6,8,651)
w(113,3,8,651)
r(72,6,8,651)
w(113,4,8,651)
w(113,5,8,651)
r(113,5,8,651)
r(110,3,8,651)
r(113,5,9,653)
r(110,3,9,653)
r(113,5,9,653)
w(113,8,9,653)
r(110,3,9,653)
r(113,8,9,653)
w(110,6,9,653)
w(114,1,9,653)
r(114,1,9,662)
r(114,1,9,662)
r(72,6,9,662)
w(114,2,9,662)
r(114,2,9,662)
w(108,3,9,662)
w(110,7,9,662)
r(112,0,0,667)
r(115,0,0,667)
w(117,1,0,667)
r(108,3,0,667)
w(115,1,9,673)
w(115,2,9,673)
w(115,3,9,673)
w(115,4,9,673)
w(112,7,9,673)
w(112,8,9,673)
w(115,5,9,673)
w(115,6,9,673)
w(119,1,3,675)
r(118,0,3,675)
w(116,2,3,675)
r(119,1,3,675)
w(119,2,3,675)
r(119,2,3,675)
w(119,3,3,675)
r(117,1,8,678)
w(117,3,8,678)
r(116,2,8,678)
r(119,3,8,678)
w(119,6,2,681)
w(119,7,2,681)
r(119,7,2,681)
w(119,8,2,681)
w(108,5,2,681)
w(117,4,7,684)
w(116,4,7,684)
w(116,5,7,684)
w(117,5,7,684)
r(120,0,7,684)
r(120,0,4,690)
r(121,0,4,690)
w(121,1,4,690)
w(120,2,4,690)
w(120,3,4,690)
w(116,6,6,693)
r(121,0,6,693)
r(118,0,6,693)
r(120,0,6,693)
r(121,0,6,693)
w(118,1,6,693)
r(120,0,6,693)
r(120,0,6,693)
w(121,4,4,697)
w(120,6,4,697)
w(121,5,4,697)
w(121,6,4,697)
r(122,0,7,699)
r(122,0,7,699)
r(122,0,7,699)
r(121,6,7,699)
w(116,8,7,699)
r(122,0,7,699)
r(122,0,7,699)
w(122,2,4,701)
r(122,2,4,701)
w(122,3,4,701)
r(122,3,4,701)
r(121,6,4,701)
r(122,3,4,701)
r(123,0,4,701)
r(124,0,4,710)
w(123,3,4,710)
r(124,0,4,710)
r(108,5,4,710)
w(125,1,4,710)
w(125,2,4,710)
r(123,3,4,710)
r(125,2,4,710)
w(125,4,0,715)
w(125,5,0,715)
w(123,4,0,715)
r(118,1,0,715)
w(124,5,4,719)
w(124,6,4,719)
r(124,6,4,719)
w(125,8,4,719)
w(127,2,2,732)
w(124,7,2,732)
r(118,1,2,732)
r(127,2,2,732)
r(129,0,2,732)
r(129,0,2,732)
w(129,1,2,732)
r(124,7,2,732)
r(118,1,6,736)
w(127,3,6,736)
w(129,4,6,736)
w(127,4,6,736)
r(127,4,6,736)
w(127,5,6,736)
r(129,4,6,740)
r(129,4,6,740)
r(129,4,6,740)
r(129,4,6,740)
w(127,7,8,744)
w(129,5,8,744)
w(129,6,8,744)
w(129,7,8,744)
w(129,8,8,744)
w(124,8,6,745)
r(130,0,6,745)
r(130,0,6,745)
r(124,8,6,745)
r(130,0,6,745)
w(130,1,6,745)
w(131,1,4,750)
r(128,0,4,750)
r(130,1,4,750)
r(131,1,4,750)
r(130,1,4,750)
w(130,6,1,754)
r(130,6,1,754)
r(128,0,1,754)
r(130,6,1,754)
r(131,0,1,754)
r(130,6,1,754)
w(128,3,1,754)
r(130,6,1,754)
r(131,1,7,756)
w(133,3,7,756)
r(133,3,7,756)
w(131,4,7,756)
r(131,4,7,756)
r(133,0,3,757)
w(128,5,3,757)
r(132,0,3,757)
r(131,1,3,757)
r(133,3,6,760)
w(133,4,6,760)
r(118,1,6,760)
r(131,4,6,760)
w(133,5,6,760)
r(133,5,6,760)
r(134,0,7,767)
w(131,5,7,767)
w(131,6,7,767)
w(131,7,7,767)
w(118,4,7,767)
r(132,0,7,767)
r(131,7,7,767)
r(134,0,2,768)
w(134,1,2,768)
r(134,1,2,768)
w(132,3,2,768)
r(131,4,2,768)
r(135,0,5,775)
w(134,7,5,775)
r(134,7,5,775)
w(128,6,5,775)
r(135,0,1,778)
r(135,0,1,778)
w(132,7,1,778)
r(135,0,1,778)
w(136,4,1,782)
r(135,0,1,782)
r(136,4,1,782)
w(135,7,1,782)
r(136,4,1,782)
r(132,7,1,782)
r(128,6,7,789)
r(135,7,7,789)
r(137,0,7,789)
r(136,4,7,789)
r(118,4,7,789)
w(137,2,7,789)
w(137,3,7,789)
w(136,8,7,789)
r(138,0,7,793)
r(138,0,7,793)
r(138,0,7,793)
r(138,0,7,793)
w(138,2,3,795)
r(138,2,3,795)
w(138,3,3,795)
w(118,5,3,795)
w(138,4,3,795)
w(139,5,1,809)
r(140,0,1,809)
w(128,7,1,809)
w(140,4,1,809)
r(140,4,9,813)
r(140,4,9,813)
w(141,1,9,813)
r(128,7,9,813)
r(140,4,9,813)
r(140,4,9,813)
w(137,5,9,813)
w(140,6,3,814)
w(140,7,3,814)
r(139,5,3,814)
r(137,3,3,814)
r(140,7,3,814)
r(140,7,3,814)
w(142,1,8,816)
r(142,1,8,816)
r(137,3,8,816)
r(141,0,8,816)
r(142,1,8,816)
r(141,0,8,816)
r(128,7,8,816)
r(137,5,8,822)
r(128,7,8,822)
r(141,1,8,822)
r(142,1,8,822)
r(128,7,8,822)
r(142,1,9,836)
r(141,1,9,836)
w(128,8,9,836)
r(142,1,9,836)
w(146,3,4,839)
r(143,0,4,839)
w(146,4,4,839)
w(147,1,4,839)
r(144,0,4,839)
r(146,4,4,839)
r(146,4,4,839)
r(145,0,4,839)
r(147,1,9,842)
w(146,6,9,842)
w(145,3,9,842)
r(147,1,9,842)
w(146,7,4,846)
w(146,8,4,846)
r(147,1,4,846)
r(147,1,4,846)
w(147,5,4,846)
r(148,0,4,846)
r(148,0,4,846)
w(145,4,6,852)
w(143,4,6,852)
r(148,0,6,852)
w(148,1,6,852)
r(142,1,5,857)
r(142,1,5,857)
w(142,7,5,857)
r(141,1,5,857)
r(145,4,4,859)
w(148,7,4,859)
r(145,4,4,859)
w(145,8,4,859)
r(149,0,4,859)
w(150,1,4,859)
w(148,8,4,859)
r(151,0,5,862)
w(151,1,5,862)
w(151,2,5,862)
w(151,3,5,862)
r(150,0,5,862)
r(149,0,5,862)
r(151,3,5,862)
w(144,1,5,862)
r(151,0,7,863)
r(151,0,7,863)
w(149,1,7,863)
r(149,1,7,863)
r(151,0,7,863)
r(151,0,7,863)
w(151,5,4,867)
r(151,5,4,867)
w(149,2,4,867)
r(151,5,4,867)
w(143,5,4,867)
r(151,5,4,867)
r(144,1,4,867)
r(151,5,4,867)
w(151,7,6,871)
r(149,2,6,871)
w(151,8,6,871)
r(151,8,6,871)
w(150,3,2,877)
w(152,1,2,877)
r(152,1,2,877)
r(143,5,2,877)
w(152,2,2,877)
r(143,5,2,877)
w(152,3,2,877)
r(152,3,7,882)
w(149,7,7,882)
r(150,3,7,882)
w(143,7,7,882)
w(152,7,7,882)
r(150,3,7,882)
w(149,8,7,882)
r(150,3,7,882)
w(150,4,1,886)
w(153,1,1,886)
w(153,2,1,886)
w(154,1,1,886)
w(154,4,8,890)
r(153,2,8,890)
w(154,5,8,890)
w(154,6,8,890)
r(153,2,8,890)
r(150,4,8,890)
r(143,7,8,890)
r(154,1,7,893)
w(153,5,7,893)
w(153,6,7,893)
w(144,3,7,893)
r(150,4,7,893)
w(153,7,7,893)
r(155,0,0,894)
r(143,7,0,894)
r(153,2,0,894)
w(155,2,0,894)
r(155,2,7,897)
r(153,7,7,897)
w(155,3,7,897)
w(153,8,7,897)
r(155,3,7,901)
w(150,8,7,901)
r(155,3,7,901)
r(156,0,7,901)
w(157,1,2,904)
r(157,1,2,904)
w(157,2,2,904)
w(157,3,2,904)
r(157,3,7,908)
w(157,8,7,908)
r(157,8,7,908)
r(156,0,7,908)
w(156,2,7,908)
r(156,2,1,911)
w(159,1,1,911)
w(159,2,1,911)
r(159,2,1,911)
w(159,3,1,911)
r(159,3,1,911)
r(159,3,9,916)
r(156,2,9,916)
r(158,0,9,916)
w(159,7,9,916)
r(159,7,9,916)
w(159,8,9,916)
r(159,8,9,916)
w(158,3,5,919)
r(159,3,5,919)
r(156,2,5,919)
r(158,3,5,919)
w(158,4,5,919)
r(156,2,5,919)
r(158,0,6,924)
w(156,6,6,924)
w(160,3,6,924)
w(160,4,6,924)
w(160,5,6,924)
r(156,6,6,924)
r(160,5,6,924)
r(160,5,6,924)
r(162,0,5,927)
w(161,1,5,927)
r(162,0,5,927)
r(158,4,5,927)
w(162,1,5,927)
w(158,7,2,934)
r(158,7,2,934)
w(158,8,2,934)
w(162,2,2,934)
r(162,2,2,934)
r(162,2,2,934)
w(144,4,2,934)
w(162,3,2,934)
w(162,8,8,935)
r(162,8,8,935)
r(161,1,8,935)
w(164,1,8,935)
r(164,1,8,935)
r(162,8,2,942)
w(164,2,2,942)
r(161,1,2,942)
w(144,5,2,942)
w(164,3,2,942)
w(161,2,2,942)
w(161,3,2,942)
w(164,4,2,942)
w(165,4,4,949)
w(161,6,4,949)
r(165,4,4,949)
w(165,5,4,949)
w(161,8,8,952)
w(164,6,8,952)
r(165,5,8,952)
r(165,5,8,952)
w(166,1,8,952)
r(165,5,6,954)
r(164,4,6,954)
w(144,6,6,954)
r(166,0,6,954)
r(166,0,6,954)
w(167,1,4,956)
w(164,7,4,956)
w(167,2,4,956)
r(167,2,4,956)
w(164,8,4,956)
r(167,2,1,962)
w(167,4,1,962)
r(167,4,1,962)
r(166,1,1,962)
w(167,5,1,962)
r(144,6,7,963)
r(167,2,7,963)
r(166,1,7,963)
r(166,1,7,963)
w(166,3,7,963)
r(167,5,1,965)
r(167,5,1,965)
r(166,3,1,965)
r(167,5,1,965)
r(167,5,1,965)
r(166,3,1,965)
r(166,3,1,965)
w(168,1,1,965)
w(169,1,4,968)
r(168,1,4,968)
w(168,2,4,968)
w(169,2,4,968)
r(169,2,4,968)
r(166,3,4,968)
r(166,3,1,969)
w(163,1,1,969)
r(169,0,1,969)
r(166,3,1,969)
r(166,3,5,974)
w(166,4,5,974)
r(169,2,5,974)
r(166,4,5,974)
w(166,5,5,974)
r(166,5,5,974)
r(166,5,1,979)
w(168,4,1,979)
w(170,3,1,979)
r(170,3,1,979)
w(163,2,1,979)
w(170,4,1,979)
r(172,0,9,988)
r(163,2,9,988)
r(168,4,9,988)
w(172,4,9,988)
r(171,0,9,988)
r(168,4,8,991)
r(172,0,8,991)
r(172,0,8,991)
r(172,0,8,991)
r(168,4,8,991)
w(173,1,3,992)
w(163,3,3,992)
r(173,1,3,992)
r(172,0,3,992)
w(172,5,5,993)
w(172,6,5,993)
r(173,0,5,993)
r(172,6,5,993)
r(172,6,0,997)
w(168,5,0,997)
r(144,6,0,997)
r(173,1,0,997)
w(172,7,0,997)
w(172,8,0,997)
w(174,4,8,1000)
r(174,4,8,1000)
w(163,5,8,1000)
r(144,6,8,1000)
w(173,3,8,1000)
r(174,4,0,1004)
r(174,4,0,1004)
r(173,3,0,1004)
w(173,5,0,1004)
r(173,5,0,1004)
w(174,8,1,1009)
r(173,5,1,1009)
w(144,7,1,1009)
w(175,1,1,1009)
r(173,5,1,1009)
r(173,5,1,1009)
r(175,1,0,1013)
w(175,3,0,1013)
r(175,3,0,1013)
w(175,4,0,1013)
w(175,7,5,1019)
r(176,0,5,1019)
r(176,0,5,1019)
w(175,8,5,1019)
w(176,2,8,1020)
r(177,0,8,1020)
w(176,3,8,1020)
r(177,0,8,1020)
r(144,7,8,1020)
w(177,1,6,1022)
w(177,2,6,1022)
w(177,3,6,1022)
r(177,3,6,1022)
w(176,5,7,1026)
r(177,3,7,1026)
r(176,5,7,1026)
r(177,3,7,1026)
w(177,6,7,1026)
w(177,8,3,1031)
r(176,5,3,1031)
w(176,6,3,1031)
w(179,1,3,1031)
r(179,1,3,1031)
w(144,8,3,1031)
r(179,1,1,1034)
r(176,6,1,1034)
r(178,0,1,1034)
r(179,1,1,1034)
w(178,1,4,1036)
r(178,1,4,1036)
w(178,2,4,1036)
w(179,4,4,1036)
w(179,5,4,1036)
r(178,2,4,1036)
w(181,1,3,1043)
r(181,1,3,1043)
r(180,0,3,1043)
r(181,1,3,1043)
r(178,2,3,1043)
w(181,2,3,1043)
w(180,1,3,1043)
r(178,2,3,1043)
r(179,5,6,1044)
r(180,0,6,1044)
r(180,0,6,1044)
w(179,8,6,1044)
w(178,4,6,1044)
w(163,7,6,1044)
w(178,5,6,1044)
r(180,1,4,1049)
w(181,8,4,1049)
w(180,4,4,1049)
w(178,8,4,1049)
r(181,8,4,1049)
r(183,0,4,1049)
r(183,0,4,1049)
r(183,0,4,1049)
r(183,0,0,1052)
r(180,4,0,1052)
r(180,4,0,1052)
r(183,0,0,1052)
w(180,5,0,1052)
r(180,5,0,1052)
r(180,5,0,1052)
w(183,1,0,1052)
w(163,8,3,1058)
w(183,4,3,1058)
r(180,5,3,1058)
w(182,1,3,1058)
w(182,2,3,1058)
w(180,7,3,1058)
r(183,4,1,1060)
r(183,4,1,1060)
r(185,0,1,1060)
r(185,0,1,1060)
r(183,4,1,1060)
w(183,7,1,1060)
r(186,0,4,1066)
w(185,3,4,1066)
w(186,2,4,1066)
r(186,2,4,1066)
w(185,5,6,1070)
r(186,2,6,1070)
r(185,5,6,1070)
r(182,2,6,1070)
r(186,2,6,1070)
r(185,3,9,1072)
r(186,2,9,1072)
w(186,3,9,1072)
w(182,8,9,1072)
r(186,2,3,1073)
r(186,2,3,1073)
r(185,5,3,1073)
r(186,2,3,1073)
w(186,4,4,1078)
w(185,6,4,1078)
w(185,7,4,1078)
w(185,8,4,1078)
w(189,4,8,1087)
r(184,0,8,1087)
r(184,0,8,1087)
w(190,2,8,1087)
r(190,2,8,1087)
w(189,5,8,1087)
w(189,6,8,1087)
r(190,2,7,1090)
r(190,2,7,1090)
w(190,6,7,1090)
w(188,4,7,1090)
w(191,3,2,1100)
w(191,4,2,1100)
w(191,5,2,1100)
r(191,5,2,1100)
w(189,7,2,1100)
w(187,1,2,1100)
r(189,7,2,1100)
r(193,0,4,1106)
r(193,0,4,1106)
w(193,2,4,1106)
w(192,2,4,1106)
r(193,2,4,1106)
w(192,3,4,1106)
w(193,3,4,1106)
w(193,7,3,1110)
r(193,7,3,1110)
w(193,8,3,1110)
r(192,3,3,1110)
w(195,1,9,1113)
w(195,2,9,1113)
r(195,2,9,1113)
w(195,3,9,1113)
r(184,0,9,1113)
r(192,3,6,1117)
w(195,5,6,1117)
r(195,5,6,1117)
w(192,6,6,1117)
r(195,5,6,1117)
w(192,7,6,1117)
r(184,0,6,1117)
w(195,6,6,1117)
r(195,6,4,1124)
w(184,3,4,1124)
r(197,0,4,1124)
r(196,0,4,1124)
w(187,3,4,1124)
w(196,1,4,1124)
r(184,3,4,1124)
r(196,0,2,1125)
w(197,1,2,1125)
r(187,1,2,1125)
r(197,1,2,1125)
w(197,2,2,1125)
r(197,2,2,1125)
w(197,3,2,1125)
r(197,3,1,1128)
r(197,3,1,1128)
w(197,8,1,1128)
r(196,1,1,1128)
r(196,1,1,1128)
w(198,1,1,1128)
w(187,5,6,1133)
r(198,1,6,1133)
r(194,0,6,1133)
w(184,6,6,1133)
r(199,0,8,1136)
r(196,1,8,1136)
r(196,1,8,1136)
w(196,6,8,1136)
r(196,1,5,1138)
w(198,6,5,1138)
r(198,6,5,1138)
r(196,1,5,1138)
w(198,7,5,1138)
w(198,8,5,1138)
r(196,1,5,1138)
w(194,3,5,1138)
w(200,1,4,1149)
w(200,2,4,1149)
w(200,3,4,1149)
w(199,4,4,1149)
w(199,5,4,1149)
w(200,4,4,1149)
w(200,5,4,1149)
r(201,0,6,1153)
r(201,0,6,1153)
w(201,5,6,1153)
r(194,3,6,1153)
r(200,5,6,1153)
w(201,6,6,1153)
r(201,6,6,1153)
w(201,7,8,1157)
w(194,7,8,1157)
w(201,8,8,1157)
w(203,1,8,1157)
w(203,2,8,1157)
w(203,3,8,1157)
r(203,3,8,1157)
r(194,7,1,1160)
w(203,6,1,1160)
r(203,6,1,1160)
r(203,6,1,1160)
w(184,8,1,1160)
r(202,0,1,1160)
r(203,6,7,1163)
r(203,6,7,1163)
r(194,7,7,1163)
w(204,1,7,1163)
r(206,0,9,1170)
r(202,0,9,1170)
r(184,8,9,1170)
r(206,0,9,1170)
r(205,0,9,1170)
r(187,5,9,1170)
r(202,0,9,1170)
w(204,2,7,1171)
r(204,2,7,1171)
w(194,8,7,1171)
w(204,3,7,1171)
r(206,0,6,1174)
w(205,3,6,1174)
w(206,1,6,1174)
w(202,3,6,1174)
r(206,1,6,1174)
r(202,3,6,1174)
r(206,1,6,1174)
w(202,5,2,1178)
w(206,2,2,1178)
r(205,3,2,1178)
r(206,2,2,1178)
r(205,3,2,1178)
r(205,3,2,1178)
r(206,2,5,1188)
w(205,5,5,1188)
w(206,4,5,1188)
w(202,7,5,1188)
w(206,5,5,1188)
r(206,5,5,1188)
r(206,5,5,1188)
w(206,6,5,1188)
w(209,1,8,1191)
r(187,5,8,1191)
r(209,1,8,1191)
w(208,3,8,1191)
w(209,2,8,1191)
r(205,5,6,1193)
r(205,5,6,1193)
r(208,3,6,1193)
r(208,3,6,1193)
w(208,6,9,1198)
w(207,1,9,1198)
w(205,8,9,1198)
w(209,6,9,1198)
w(208,7,9,1198)
r(208,7,9,1198)
w(208,8,9,1198)
r(207,0,7,1200)
w(210,1,7,1200)
w(210,2,7,1200)
r(205,5,7,1200)
r(210,2,7,1200)
r(210,2,7,1200)
r(205,5,7,1200)
r(210,2,7,1200)
r(209,6,0,1201)
r(210,0,0,1201)
r(210,0,0,1201)
r(210,0,0,1201)
r(210,2,7,1207)
r(210,2,7,1207)
r(211,0,7,1207)
w(207,3,7,1207)
w(210,3,7,1207)
r(212,0,7,1207)
w(210,4,7,1207)
w(209,8,7,1207)
r(214,0,3,1211)
r(207,3,3,1211)
w(214,1,3,1211)
r(214,1,3,1211)
r(213,0,3,1211)
w(214,2,3,1211)
w(214,3,3,1211)
w(212,1,9,1215)
w(214,5,9,1215)
w(212,2,9,1215)
r(214,5,9,1215)
r(212,0,4,1217)
r(207,3,4,1217)
r(214,3,4,1217)
r(213,0,4,1217)
w(213,2,4,1217)
r(214,3,4,1217)
r(213,2,4,1217)
w(214,8,7,1220)
r(207,3,7,1220)
r(215,0,7,1220)
r(207,3,7,1220)
r(215,0,7,1220)
w(213,4,9,1228)
w(215,1,9,1228)
r(215,1,9,1228)
w(207,5,9,1228)
r(213,4,9,1228)
w(213,5,9,1228)
r(215,1,9,1228)
w(215,6,9,1233)
r(215,6,9,1233)
r(215,6,9,1233)
w(215,7,9,1233)
w(215,8,9,1233)
w(211,2,9,1233)
r(217,0,1,1238)
r(216,0,1,1238)
r(216,0,1,1238)
w(211,3,1,1238)
r(217,0,0,1240)
w(216,4,0,1240)
w(217,4,0,1240)
r(216,4,0,1240)
r(218,0,7,1249)
w(216,7,7,1249)
w(216,8,7,1249)
w(217,7,7,1249)
r(219,0,3,1252)
r(220,0,3,1252)
w(220,1,3,1252)
r(220,1,3,1252)
r(218,0,5,1253)
r(220,0,5,1253)
r(219,0,5,1253)
r(220,0,5,1253)
r(220,1,0,1257)
r(220,1,0,1257)
r(207,5,0,1257)
r(220,1,0,1257)
r(207,5,0,1257)
w(218,2,0,1257)
r(220,1,0,1257)
r(220,1,0,1257)
r(211,3,6,1260)
r(220,1,6,1260)
w(220,5,6,1260)
r(220,5,6,1260)
r(218,0,6,1260)
w(220,6,6,1260)
w(220,7,6,1260)
w(207,6,6,1260)
r(219,0,5,1261)
w(221,1,5,1261)
r(219,0,5,1261)
r(218,2,5,1261)
r(221,1,5,1261)
w(221,5,8,1266)
r(221,5,8,1266)
w(221,6,8,1266)
r(221,6,8,1266)
r(221,6,8,1266)
w(218,4,8,1266)
w(221,7,8,1266)
w(221,8,8,1266)
r(222,0,6,1268)
r(222,0,6,1268)
w(222,1,6,1268)
r(222,1,6,1268)
r(222,1,6,1268)
w(222,2,6,1268)
r(207,6,6,1268)
w(219,1,6,1272)
r(207,6,6,1272)
r(222,2,6,1272)
w(222,4,6,1272)
r(211,3,6,1272)
r(219,1,6,1272)
r(219,1,6,1272)
w(222,7,7,1282)
w(218,8,7,1282)
r(223,0,7,1282)
w(211,5,7,1282)
w(224,5,1,1285)
w(224,6,1,1285)
r(224,6,1,1285)
r(219,1,1,1285)
w(225,1,1,1285)
r(219,1,1,1285)
r(224,6,1,1285)
r(219,1,2,1287)
r(225,1,2,1287)
r(224,6,2,1287)
r(219,1,2,1287)
r(224,6,2,1287)
r(226,0,2,1287)
r(219,1,4,1295)
w(225,3,4,1295)
w(225,4,4,1295)
r(226,0,4,1295)
w(226,4,4,1295)
r(219,1,4,1295)
r(227,0,1,1297)
r(219,1,1,1297)
r(223,0,1,1297)
r(227,0,1,1297)
w(219,7,1,1297)
r(227,0,1,1297)
r(227,0,1,1297)
r(227,0,1,1297)
r(223,0,5,1300)
w(225,6,5,1300)
r(219,1,5,1300)
r(219,1,5,1300)
r(227,0,5,1300)
r(227,0,4,1306)
r(227,0,4,1306)
r(227,0,4,1306)
w(227,5,4,1306)
r(227,5,4,1306)
r(227,5,4,1306)
w(227,6,4,1306)
r(229,0,2,1313)
r(229,0,2,1313)
w(229,6,2,1313)
w(223,2,2,1313)
r(231,0,2,1316)
r(230,0,2,1316)
r(231,0,2,1316)
r(229,6,2,1316)
w(223,3,2,1316)
w(229,7,0,1318)
w(229,8,0,1318)
w(228,7,0,1318)
r(229,8,0,1318)
r(229,8,6,1324)
r(232,0,6,1324)
r(232,0,6,1324)
w(232,1,6,1324)
r(232,1,6,1324)
r(232,1,6,1324)
w(232,2,6,1324)
r(223,3,8,1333)
r(233,0,8,1333)
r(232,2,8,1333)
r(223,3,8,1333)
w(230,4,8,1333)
r(233,0,8,1333)
w(230,5,8,1333)
r(232,2,8,1333)
w(233,4,2,1334)
w(232,7,2,1334)
r(230,0,2,1334)
r(230,0,2,1334)
r(230,0,2,1334)
w(233,5,2,1334)
w(233,6,2,1334)
r(230,5,4,1338)
r(233,6,4,1338)
w(234,4,4,1338)
r(233,6,4,1338)
w(234,5,4,1338)
w(234,6,4,1338)
r(234,6,4,1338)
r(234,6,7,1341)
w(223,4,7,1341)
w(223,5,7,1341)
r(230,5,7,1341)
r(234,6,7,1341)
w(230,6,6,1344)
r(223,5,6,1344)
w(234,8,6,1344)
r(234,8,6,1344)
w(223,6,6,1344)
r(231,0,1,1348)
w(236,3,1,1348)
r(235,0,1,1348)
r(230,6,1,1348)
r(235,0,1,1348)
w(235,1,1,1348)
r(236,3,1,1348)
r(236,3,1,1348)
w(236,6,3,1352)
r(230,6,3,1352)
r(236,6,3,1352)
w(236,7,3,1352)
r(236,7,3,1352)
r(237,0,5,1356)
w(235,3,5,1356)
w(235,4,5,1356)
w(235,5,5,1356)
w(240,1,4,1367)
w(239,3,4,1367)
r(237,0,4,1367)
r(237,0,4,1367)
r(239,3,4,1367)
w(237,8,4,1367)
w(240,2,4,1367)
r(239,3,4,1367)
w(243,2,8,1382)
r(243,2,8,1382)
w(243,3,8,1382)
r(243,3,8,1382)
w(242,2,3,1385)
r(240,2,3,1385)
r(238,0,3,1385)
r(240,2,3,1385)
r(242,2,3,1385)
r(240,2,3,1385)
r(242,2,3,1385)
w(242,3,3,1385)
r(243,3,8,1391)
w(243,8,8,1391)
r(239,3,8,1391)
r(245,0,8,1391)
w(245,1,8,1391)
w(244,4,8,1391)
r(239,3,8,1391)
w(245,5,8,1394)
r(246,0,8,1394)
r(245,5,8,1394)
w(245,6,8,1394)
r(246,0,9,1398)
r(246,0,9,1398)
r(244,4,9,1398)
r(244,4,9,1398)
r(245,6,9,1398)
w(231,4,9,1398)
w(246,1,9,1398)
w(244,7,3,1401)
r(244,7,3,1401)
w(245,7,3,1401)
w(245,8,3,1401)
r(238,0,3,1401)
r(246,0,3,1401)
r(243,8,2,1406)
w(243,6,2,1406)
w(243,7,2,1406)
w(239,8,2,1406)
w(231,5,3,1418)
r(249,0,3,1418)
r(246,1,3,1418)
r(231,5,3,1418)
w(247,7,9,1419)
r(247,7,9,1419)
w(246,5,9,1419)
r(247,7,9,1419)
w(246,6,9,1419)
r(246,1,7,1420)
r(249,0,7,1420)
w(238,4,7,1420)
w(249,3,7,1420)
w(249,7,3,1424)
r(249,7,3,1424)
r(231,5,3,1424)
r(238,4,3,1424)
w(251,1,8,1430)
w(251,2,8,1430)
r(251,2,8,1430)
w(250,1,8,1430)
r(250,1,8,1430)
r(238,4,8,1430)
r(251,2,8,1430)
w(251,3,8,1430)
r(250,1,1,1438)
r(251,3,1,1438)
r(251,3,1,1438)
w(251,6,1,1438)
r(251,6,1,1438)
w(250,3,1,1438)
w(251,7,1,1438)
w(250,4,5,1441)
w(252,1,5,1441)
r(252,1,5,1441)
r(251,7,5,1441)
w(251,8,5,1441)
r(250,4,5,1441)
r(251,8,5,1441)
r(238,4,16,1445)
w(231,7,16,1445)
r(250,4,16,1445)
r(253,0,16,1445)
r(238,4,16,1445)
w(253,1,0,1447)
w(238,7,0,1447)
r(253,1,0,1447)
r(250,3,0,1447)
r(253,1,0,1447)
r(250,3,0,1447)
w(253,2,0,1447)
r(250,3,0,1447)
r(253,2,3,1449)
r(253,2,3,1449)
r(250,4,3,1449)
w(250,7,3,1449)
r(250,7,3,1449)
r(255,0,5,1456)
w(252,3,5,1456)
r(255,0,5,1456)
r(255,0,5,1456)
r(255,0,5,1456)
r(255,0,5,1456)
r(255,0,8,1459)
r(255,0,8,1459)
r(255,0,8,1459)
r(255,0,8,1459)
w(256,1,8,1459)
r(256,1,8,1459)
r(255,0,8,1459)
r(252,3,16,1462)
w(256,3,16,1462)
r(254,0,16,1462)
r(256,3,16,1462)
r(255,0,5,1465)
r(255,0,5,1465)
r(255,0,5,1465)
r(256,3,5,1465)
r(256,3,5,1465)
r(255,0,5,1465)
r(255,0,5,1465)
r(255,0,5,1465)
w(252,5,9,1469)
r(255,0,9,1469)
w(256,4,9,1469)
w(255,6,9,1469)
w(255,7,9,1469)
r(255,7,9,1469)
w(255,8,9,1469)
w(256,5,1,1471)
w(256,6,1,1471)
w(257,4,1,1471)
r(257,4,1,1471)
r(257,4,7,1474)
w(257,5,7,1474)
r(256,6,7,1474)
w(257,6,7,1474)
w(257,7,7,1474)
r(257,7,7,1474)
w(257,8,7,1474)
r(257,8,7,1474)
r(257,4,16,1475)
r(258,0,16,1475)
r(256,6,16,1475)
r(256,6,16,1475)
r(256,6,16,1475)
r(254,0,16,1475)
w(258,1,16,1475)
r(258,1,8,1480)
r(256,6,8,1480)
r(258,1,8,1480)
r(256,6,8,1480)
r(256,6,3,1481)
w(254,1,3,1481)
r(258,1,3,1481)
r(254,1,3,1481)
r(252,5,3,1481)
w(258,2,3,1481)
w(258,6,5,1488)
w(258,7,5,1488)
r(258,7,5,1488)
w(256,7,5,1488)
r(258,7,5,1488)
w(256,8,5,1488)
w(261,1,7,1492)
w(261,2,7,1492)
w(260,2,7,1492)
w(254,3,7,1492)
w(260,3,7,1492)
r(261,2,7,1492)
r(261,2,0,1494)
w(261,4,0,1494)
w(261,5,0,1494)
r(262,0,0,1494)
r(262,0,0,1494)
r(261,5,0,1494)
r(261,5,0,1494)
w(261,7,7,1498)
w(261,8,7,1498)
r(262,0,7,1498)
r(263,0,7,1498)
w(263,1,7,1498)
r(263,1,7,1498)
w(260,5,7,1498)
r(263,1,7,1498)
w(263,3,8,1502)
r(263,3,8,1502)
r(263,3,8,1502)
w(260,6,8,1502)
r(263,3,5,1506)
w(262,6,5,1506)
r(264,0,5,1506)
r(264,0,5,1506)
r(262,6,5,1506)
r(264,0,5,1506)
r(264,0,5,1506)
r(262,6,1,1512)
r(260,6,1,1512)
w(264,1,1,1512)
r(260,6,1,1512)
w(254,6,1,1512)
w(262,7,1,1512)
w(262,8,1,1512)
w(259,1,1,1512)
r(264,0,5,1513)
r(265,0,5,1513)
r(264,0,5,1513)
r(264,0,5,1513)
r(264,0,5,1513)
w(260,8,5,1513)
r(266,0,5,1513)
r(264,1,4,1519)
r(264,1,4,1519)
r(266,0,4,1519)
r(254,6,4,1519)
w(265,1,4,1519)
r(266,0,4,1519)
w(265,2,4,1519)
r(264,1,8,1521)
w(266,2,8,1521)
r(264,1,8,1521)
r(264,1,8,1521)
w(266,3,8,1521)
w(264,5,3,1528)
r(264,5,3,1528)
r(264,5,3,1528)
w(265,4,3,1528)
r(264,5,3,1528)
w(266,5,3,1528)
r(267,0,0,1532)
r(267,0,0,1532)
r(266,5,0,1532)
w(267,1,0,1532)
w(267,2,0,1532)
r(254,6,0,1532)
r(268,0,2,1535)
r(259,1,2,1535)
r(267,2,2,1535)
r(266,5,2,1535)
r(267,2,2,1546)
r(254,6,2,1546)
r(267,2,2,1546)
w(267,8,2,1546)
r(271,0,4,1550)
r(271,0,4,1550)
r(271,0,4,1550)
w(271,2,4,1550)
r(271,2,4,1550)
r(268,0,4,1550)
r(271,2,4,1550)
r(259,1,4,1550)
r(268,0,0,1554)
r(267,2,0,1554)
w(269,1,0,1554)
r(269,1,0,1554)
w(269,2,0,1554)
w(269,3,0,1554)
w(269,4,0,1554)
w(269,5,0,1554)
r(271,2,16,1557)
w(271,3,16,1557)
w(268,5,16,1557)
w(254,7,16,1557)
r(272,0,9,1562)
r(270,0,9,1562)
r(272,0,9,1562)
r(273,0,9,1562)
w(272,1,9,1562)
w(273,1,8,1564)
w(273,2,8,1564)
w(270,2,8,1564)
r(272,0,8,1564)
w(273,3,8,1564)
r(273,3,3,1569)
r(273,3,3,1569)
r(273,3,3,1569)
w(273,6,3,1569)
r(272,1,0,1579)
w(274,4,0,1579)
w(274,5,0,1579)
w(274,6,0,1579)
r(276,0,3,1580)
w(275,1,3,1580)
w(277,1,3,1580)
r(277,1,3,1580)
r(276,0,3,1580)
r(276,0,3,1580)
r(277,1,3,1580)
r(275,0,2,1584)
r(276,0,2,1584)
w(276,2,2,1584)
r(270,2,2,1584)
r(259,1,2,1584)
w(276,3,2,1584)
r(276,3,2,1584)
w(276,4,2,1584)
w(276,7,0,1587)
r(277,1,0,1587)
r(276,7,0,1587)
r(275,1,0,1587)
w(276,8,0,1587)
r(259,1,0,1587)
w(278,1,9,1591)
r(278,1,9,1591)
w(278,2,9,1591)
r(277,1,9,1591)
r(278,2,9,1591)
r(277,1,9,1591)
r(278,2,9,1591)
w(277,4,9,1591)
r(278,2,8,1593)
w(270,4,8,1593)
r(278,2,8,1593)
r(278,2,8,1593)
w(275,2,8,1593)
r(278,2,8,1593)
r(277,4,3,1596)
r(259,1,3,1596)
r(278,2,3,1596)
r(270,4,3,1596)
w(270,5,0,1600)
w(270,6,0,1600)
w(278,6,0,1600)
w(277,6,0,1600)
r(270,6,0,1600)
w(277,7,0,1600)
r(277,7,0,1600)
w(278,7,0,1600)
w(279,4,3,1609)
w(279,5,3,1609)
w(279,6,3,1609)
r(279,6,3,1609)
w(279,7,3,1609)
r(280,0,3,1609)
w(283,2,2,1618)
r(280,0,2,1618)
w(280,3,2,1618)
r(275,2,2,1618)
r(282,0,2,1618)
w(282,6,8,1625)
r(283,2,8,1625)
w(283,8,8,1625)
r(282,6,8,1625)
r(284,0,8,1625)
w(284,1,8,1625)
r(284,1,8,1625)
w(284,2,8,1625)
r(284,2,9,1628)
r(284,2,9,1628)
w(280,5,9,1628)
r(285,0,9,1628)
r(284,2,9,1628)
r(280,5,9,1628)
r(284,2,9,1628)
r(275,2,9,1628)
w(280,6,1,1632)
w(280,7,1,1632)
w(280,8,1,1632)
r(284,2,1,1632)
w(285,1,16,1633)
r(284,2,16,1633)
r(285,1,16,1633)
r(275,2,16,1633)
w(284,7,16,1633)
r(280,8,5,1636)
r(280,8,5,1636)
r(284,7,5,1636)
r(284,7,5,1636)
r(275,2,5,1636)
r(284,7,5,1636)
w(284,8,0,1637)
r(284,8,0,1637)
r(284,8,0,1637)
w(285,2,0,1637)
r(275,2,1,1641)
w(285,3,1,1641)
r(284,8,1,1641)
r(286,0,1,1641)
r(286,0,8,1643)
r(287,0,8,1643)
r(286,0,8,1643)
w(287,1,8,1643)
r(287,1,8,1643)
r(286,0,8,1643)
r(286,0,8,1643)
w(287,3,9,1648)
w(259,5,9,1648)
w(286,1,9,1648)
r(285,3,9,1648)
w(286,2,9,1648)
r(287,3,9,1648)
r(287,3,9,1648)
r(287,3,3,1652)
r(288,0,3,1652)
w(288,1,3,1652)
r(288,1,3,1652)
r(288,1,3,1652)
r(288,1,3,1652)
r(288,1,3,1652)
r(286,2,3,1652)
w(287,5,2,1654)
r(287,5,2,1654)
w(275,5,2,1654)
w(287,6,2,1654)
w(287,7,2,1654)
w(287,8,2,1654)
r(288,1,0,1658)
w(288,2,0,1658)
w(288,3,0,1658)
w(288,4,0,1658)
w(285,5,0,1658)
r(288,4,0,1658)
r(289,0,1,1663)
r(289,0,1,1663)
w(289,2,1,1663)
w(290,1,1,1663)
r(275,5,1,1663)
r(289,2,4,1669)
w(289,3,4,1669)
r(289,3,4,1669)
r(275,5,4,1669)
r(289,3,4,1669)
r(289,3,4,1669)
w(289,4,4,1669)
w(289,5,4,1669)
w(291,2,8,1675)
r(290,1,8,1675)
r(291,2,8,1675)
r(291,2,8,1675)
w(291,3,0,1678)
r(291,3,0,1678)
w(290,3,0,1678)
r(291,3,0,1678)
w(291,4,0,1678)
r(290,3,0,1678)
r(291,4,3,1683)
w(291,5,3,1683)
w(292,2,3,1683)
w(291,6,3,1683)
w(291,7,3,1683)
w(290,6,16,1688)
w(291,8,16,1688)
r(291,8,16,1688)
w(290,7,16,1688)
r(293,0,16,1688)
w(292,3,5,1690)
w(293,1,5,1690)
r(293,1,5,1690)
w(293,2,5,1690)
w(259,7,2,1693)
r(293,0,2,1693)
r(293,0,2,1693)
r(294,0,2,1693)
r(294,0,5,1696)
r(293,2,5,1696)
r(292,3,5,1696)
r(293,2,5,1696)
r(293,2,7,1698)
r(293,2,7,1698)
r(294,0,7,1698)
r(293,2,7,1698)
r(294,0,16,1700)
r(293,2,16,1700)
r(293,2,16,1700)
w(294,1,16,1700)
r(294,1,16,1700)
w(294,2,16,1700)
r(293,2,16,1700)
r(293,2,16,1700)
w(293,6,4,1702)
r(293,6,4,1702)
w(293,7,4,1702)
r(293,7,4,1702)
r(294,2,2,1706)
w(293,8,2,1706)
r(294,2,2,1706)
r(296,0,2,1706)
w(296,1,2,1706)
w(296,2,2,1706)
r(296,2,2,1706)
r(296,2,2,1706)
r(296,2,8,1709)
r(296,2,8,1709)
w(294,5,8,1709)
w(296,7,8,1709)
r(292,3,16,1712)
w(292,7,16,1712)
w(296,8,16,1712)
r(292,7,16,1712)
w(294,6,16,1712)
r(292,7,16,1712)
r(297,0,16,1712)
w(297,1,16,1712)
r(294,6,8,1716)
w(294,8,8,1716)
w(297,3,8,1716)
r(294,8,8,1716)
r(297,3,8,1716)
w(292,8,8,1716)
r(298,0,8,1716)
r(297,3,1,1720)
r(297,3,1,1720)
r(295,0,1,1720)
w(297,7,1,1720)
w(297,8,1,1720)
w(299,1,1,1720)
r(298,0,1,1720)
r(300,0,1,1720)
w(298,2,2,1725)
r(298,2,2,1725)
w(300,1,2,1725)
r(295,0,2,1725)
r(299,0,2,1725)
w(298,3,2,1725)
r(300,1,2,1725)
r(300,1,0,1732)
r(300,1,0,1732)
w(299,5,0,1732)
w(300,7,0,1732)
r(298,3,0,1732)
w(302,3,2,1737)
r(303,0,2,1737)
r(295,0,2,1737)
w(303,2,2,1737)
r(302,3,2,1737)
w(302,4,2,1737)
r(303,2,1,1742)
r(302,4,1,1742)
r(302,4,1,1742)
w(302,7,1,1742)
r(302,7,1,1742)
r(295,0,1,1742)
r(303,2,1,1742)
w(299,8,7,1743)
r(295,0,7,1743)
w(295,1,7,1743)
w(303,4,7,1743)
w(303,5,7,1743)
w(295,2,7,1743)
r(302,4,7,1743)
r(303,5,7,1743)
w(304,2,9,1748)
r(299,8,9,1748)
r(305,0,9,1748)
r(304,2,9,1748)
r(305,0,16,1749)
r(301,0,16,1749)
r(305,0,16,1749)
r(305,0,16,1749)
r(305,0,16,1749)
w(301,1,16,1749)
r(306,0,16,1749)
r(304,2,2,1756)
w(305,8,2,1756)
w(306,1,2,1756)
w(306,2,2,1756)
r(306,2,2,1756)
r(304,2,2,1756)
r(305,8,2,1756)
r(295,2,4,1757)
r(306,0,4,1757)
r(305,0,4,1757)
w(307,1,4,1757)
r(295,2,1,1764)
w(304,4,1,1764)
w(307,2,1,1764)
w(295,5,1,1764)
r(307,2,1,1764)
r(295,5,1,1764)
r(304,4,1,1764)
r(295,5,5,1770)
r(306,2,5,1770)
r(304,4,5,1770)
w(304,6,5,1770)
r(307,2,5,1770)
w(295,7,5,1770)
w(304,7,5,1770)
w(304,8,5,1770)
r(304,4,3,1771)
w(307,6,3,1771)
r(307,6,3,1771)
w(306,6,3,1771)
r(307,6,1,1774)
w(307,8,1,1774)
r(307,8,1,1774)
r(308,0,1,1774)
r(307,6,16,1775)
w(295,8,16,1775)
r(307,6,16,1775)
r(307,6,16,1775)
r(308,0,8,1777)
r(307,8,8,1777)
r(308,0,8,1777)
w(301,2,8,1777)
r(301,2,8,1777)
r(301,2,8,1777)
r(308,0,9,1779)
w(308,1,9,1779)
r(308,1,9,1779)
r(295,8,9,1779)
r(310,0,9,1779)
w(309,1,9,1779)
r(310,0,2,1781)
r(309,1,2,1781)
r(306,6,2,1781)
r(309,1,2,1781)
w(309,2,2,1781)
r(309,2,9,1784)
w(308,2,9,1784)
r(309,2,9,1784)
w(309,3,9,1784)
w(310,1,3,1785)
r(308,1,3,1785)
r(311,0,3,1785)
r(308,1,3,1785)
r(309,2,3,1785)
w(301,3,3,1790)
r(309,3,3,1790)
w(311,1,3,1790)
r(309,3,3,1790)
r(311,1,3,1790)
w(309,4,7,1792)
w(309,5,7,1792)
w(308,3,7,1792)
r(311,0,7,1792)
r(310,1,0,1796)
r(309,5,0,1796)
r(308,3,0,1796)
w(308,6,0,1796)
w(312,1,0,1796)
r(312,1,0,1796)
w(312,2,0,1796)
w(308,8,7,1803)
w(312,5,7,1803)
w(311,2,7,1803)
w(312,6,7,1803)
w(314,3,0,1809)
w(314,4,0,1809)
w(313,2,0,1809)
w(313,3,0,1809)
r(314,4,0,1809)
r(314,4,0,1809)
r(314,4,0,1809)
r(315,0,5,1810)
w(315,1,5,1810)
r(313,0,5,1810)
r(315,1,5,1810)
w(315,2,5,1810)
r(311,2,5,1810)
r(311,2,5,1810)
w(315,5,5,1813)
w(311,5,5,1813)
r(315,5,5,1813)
r(315,5,5,1813)
r(315,5,5,1813)
r(315,5,5,1813)
r(315,5,5,1813)
r(313,3,1,1816)
w(315,6,1,1816)
r(315,6,1,1816)
r(315,6,1,1816)
w(315,7,1,1816)
w(313,4,1,1816)
w(315,8,1,1816)
w(310,4,7,1821)
w(313,7,7,1821)
r(311,5,7,1821)
r(316,0,7,1821)
r(316,0,7,1821)
r(313,7,5,1826)
r(311,5,5,1826)
r(313,7,5,1826)
r(316,0,5,1826)
r(313,7,5,1826)
w(311,8,5,1826)
r(317,0,8,1831)
w(317,1,8,1831)
r(317,1,8,1831)
w(317,2,8,1831)
w(318,1,8,1831)
w(318,2,8,1831)
w(318,3,8,1831)
r(318,3,1,1835)
r(319,0,1,1835)
r(320,0,1,1835)
w(310,5,1,1835)
w(319,1,1,1835)
w(320,1,2,1841)
r(320,1,2,1841)
w(320,2,2,1841)
w(320,3,2,1841)
r(320,3,2,1841)
w(318,7,2,1841)
r(319,1,2,1841)
r(321,0,3,1845)
r(321,0,3,1845)
r(318,7,3,1845)
w(319,3,3,1845)
r(321,0,4,1849)
r(321,0,4,1849)
w(322,1,4,1849)
r(319,3,4,1849)
r(321,0,4,1849)
r(321,0,4,1849)
r(321,0,7,1850)
w(319,4,7,1850)
w(321,3,7,1850)
r(321,3,7,1850)
w(319,5,7,1850)
r(321,3,3,1854)
r(322,1,3,1854)
w(322,3,3,1854)
r(321,3,3,1854)
r(321,3,3,1854)
r(319,5,9,1856)
w(321,5,9,1856)
w(321,6,9,1856)
r(321,6,9,1856)
r(321,6,9,1856)
r(321,6,9,1856)
w(321,7,9,1856)
r(321,7,1,1860)
w(323,1,1,1860)
w(322,4,1,1860)
r(310,5,1,1860)
w(310,7,1,1865)
r(323,1,1,1865)
r(323,1,1,1865)
w(323,3,1,1865)
r(323,3,1,1865)
r(323,3,1,1865)
w(323,4,1,1865)
w(325,2,16,1871)
r(325,2,16,1871)
r(325,2,16,1871)
r(325,2,16,1871)
r(324,0,16,1871)
r(325,2,16,1871)
r(325,2,1,1875)
r(325,2,1,1875)
r(322,4,1,1875)
r(322,4,1,1875)
w(325,5,1,1875)
w(325,6,2,1878)
r(325,6,2,1878)
w(324,2,2,1878)
r(301,3,2,1878)
r(325,6,2,1878)
r(325,6,2,1878)
r(325,6,2,1878)
w(327,1,7,1881)
w(327,2,7,1881)
r(326,0,7,1881)
r(325,6,7,1881)
w(324,3,0,1887)
r(327,2,0,1887)
r(327,2,0,1887)
w(327,3,0,1887)
r(325,6,0,1887)
w(325,8,0,1887)
w(326,1,0,1887)
w(328,5,3,1890)
w(328,6,3,1890)
r(327,3,3,1890)
w(327,6,3,1890)
r(328,6,3,1890)
w(326,2,3,1890)
r(328,6,3,1890)
w(329,1,0,1897)
w(329,2,0,1897)
w(327,7,0,1897)
w(329,3,0,1897)
r(329,3,0,1897)
w(327,8,0,1897)
w(329,4,0,1897)
w(329,5,0,1897)
w(330,1,9,1898)
r(330,1,9,1898)
r(329,0,9,1898)
r(329,0,9,1898)
w(326,4,9,1898)
w(331,1,16,1903)
r(330,1,16,1903)
w(331,2,16,1903)
r(326,4,16,1903)
r(330,1,8,1905)
w(326,5,8,1905)
w(330,5,8,1905)
r(331,0,8,1905)
w(330,6,8,1905)
r(330,6,8,1905)
r(324,3,7,1911)
r(332,0,7,1911)
r(332,0,7,1911)
r(330,6,7,1911)
w(332,2,7,1911)
r(330,6,7,1911)
r(332,2,7,1911)
r(332,2,7,1911)
r(330,1,4,1913)
w(331,3,4,1913)
r(331,3,4,1913)
w(331,4,4,1913)
w(331,5,4,1913)
w(331,6,4,1913)
w(331,7,4,1913)
r(326,5,9,1921)
w(333,2,9,1921)
r(333,2,9,1921)
r(330,6,9,1921)
w(326,6,9,1921)
w(326,7,9,1921)
r(333,2,9,1921)
r(333,2,9,1921)
r(335,0,7,1924)
r(335,0,7,1924)
r(333,2,7,1924)
r(333,2,7,1924)
r(334,0,7,1924)
w(333,5,7,1924)
w(333,6,2,1929)
r(335,0,2,1929)
r(324,3,2,1929)
w(333,7,2,1929)
r(333,7,2,1929)
w(335,1,2,1929)
r(335,1,2,1929)
r(334,0,2,1929)
r(335,1,8,1933)
r(335,1,8,1933)
r(335,1,8,1933)
r(336,0,8,1933)
w(336,7,16,1936)
r(334,0,16,1936)
w(335,4,16,1936)
r(336,7,16,1936)
r(337,0,8,1940)
w(335,5,8,1940)
r(337,0,8,1940)
w(337,2,8,1940)
w(335,6,8,1940)
r(337,2,8,1940)
w(335,7,8,1940)
r(338,0,1,1948)
r(324,3,1,1948)
w(337,5,1,1948)
w(338,1,1,1948)
r(337,5,1,1948)
r(337,5,1,1948)
w(338,2,1,1948)
r(337,5,1,1948)
r(339,0,9,1949)
w(339,2,9,1949)
r(339,2,9,1949)
w(339,3,9,1949)
r(339,3,0,1953)
r(339,3,0,1953)
w(338,4,0,1953)
r(339,3,0,1953)
r(339,3,0,1953)
