w(3,6,1,15)
w(3,7,1,15)
w(2,6,1,15)
r(5,0,1,15)
w(3,8,1,15)
r(3,8,1,15)
r(3,8,1,15)
r(5,0,1,15)
r(0,0,3,24)
r(7,0,3,24)
r(1,0,3,24)
r(6,0,3,24)
r(1,0,3,24)
w(8,1,3,24)
r(8,1,3,24)
r(8,0,8,26)
w(0,1,8,26)
r(8,0,8,26)
w(6,7,8,26)
r(5,0,7,27)
r(6,0,7,27)
w(1,3,7,27)
r(5,0,7,27)
w(5,8,7,27)
r(5,8,7,27)
r(5,8,7,27)
r(5,8,7,27)
r(9,0,9,43)
r(7,0,9,43)
r(1,3,9,43)
r(9,0,9,43)
r(11,0,9,43)
r(10,0,7,44)
w(10,4,7,44)
w(1,4,7,44)
w(7,4,7,44)
r(9,0,7,44)
r(9,0,7,44)
w(1,6,5,49)
w(11,3,5,49)
w(11,4,5,49)
r(11,4,5,49)
w(11,5,5,49)
r(11,5,5,49)
r(11,5,5,49)
r(11,5,3,53)
w(11,8,3,53)
r(9,0,3,53)
r(7,4,3,53)
w(9,8,3,53)
r(7,4,1,54)
r(11,8,1,54)
r(12,0,1,54)
r(12,0,1,54)
r(12,0,1,54)
r(12,0,1,54)
w(1,7,6,55)
w(7,6,6,55)
r(12,0,6,55)
r(11,5,6,55)
r(12,0,6,55)
r(1,7,6,55)
w(7,7,1,58)
w(12,1,1,58)
w(12,2,1,58)
w(0,2,1,58)
r(0,2,1,58)
r(0,2,1,58)
r(7,7,1,58)
r(7,7,6,61)
r(13,0,6,61)
r(13,0,6,61)
r(12,2,6,61)
r(13,0,6,61)
w(13,3,6,61)
r(13,3,5,65)
r(13,3,5,65)
w(13,4,5,65)
w(12,5,5,65)
r(13,4,3,72)
r(13,4,3,72)
w(13,7,3,72)
w(13,8,3,72)
w(15,4,1,74)
r(15,4,1,74)
r(15,4,1,74)
r(12,5,1,74)
r(15,4,4,77)
r(16,0,4,77)
w(14,2,4,77)
w(15,8,4,77)
r(15,8,4,77)
r(17,0,9,84)
w(16,2,9,84)
w(17,1,9,84)
r(16,2,9,84)
w(16,3,9,84)
w(17,2,9,84)
r(16,3,9,84)
w(14,5,2,89)
r(16,3,2,89)
r(18,0,2,89)
r(18,0,2,89)
w(14,6,2,89)
w(16,7,9,92)
w(14,7,9,92)
w(18,1,9,92)
r(16,7,9,92)
w(16,8,4,95)
r(16,8,4,95)
r(19,0,4,95)
r(18,1,4,95)
r(18,1,4,95)
w(18,2,7,99)
r(20,0,7,99)
r(18,2,7,99)
r(18,2,7,99)
r(20,0,7,99)
r(0,2,7,99)
w(19,1,7,99)
r(19,1,4,105)
w(20,1,4,105)
r(18,2,4,105)
w(18,4,4,105)
r(18,4,4,105)
w(21,2,8,109)
r(18,4,8,109)
w(0,4,8,109)
w(20,3,8,109)
r(21,2,8,109)
w(21,3,8,109)
w(21,7,3,118)
r(21,7,3,118)
r(21,7,3,118)
r(19,1,3,118)
w(21,8,3,118)
r(19,1,3,118)
r(23,0,3,118)
r(21,8,3,118)
r(0,4,8,119)
r(23,0,8,119)
w(23,1,8,119)
r(21,3,8,119)
r(23,1,8,119)
r(19,1,8,119)
w(0,5,3,123)
w(23,2,3,123)
r(23,2,3,123)
r(21,8,3,123)
r(23,2,3,123)
r(21,8,2,124)
r(19,1,2,124)
r(0,4,2,124)
r(21,8,2,124)
r(23,2,9,128)
r(24,0,9,128)
r(19,1,9,128)
r(23,2,9,128)
r(23,2,9,128)
r(23,2,8,129)
r(19,1,8,129)
w(23,5,8,129)
w(24,2,8,129)
r(23,5,8,129)
r(19,1,9,133)
r(23,5,9,133)
r(19,1,9,133)
r(23,5,9,133)
r(23,5,9,133)
r(23,5,4,134)
r(24,2,4,134)
w(24,4,4,134)
r(19,1,4,134)
r(19,1,4,134)
r(24,4,4,134)
r(24,4,4,134)
r(19,1,5,138)
r(19,1,5,138)
w(25,1,5,138)
r(24,4,5,138)
w(0,6,5,138)
r(25,1,5,138)
r(24,4,8,144)
w(19,7,8,144)
r(19,7,8,144)
w(25,5,8,144)
w(25,6,8,144)
r(24,4,8,144)
r(0,6,8,144)
r(24,4,5,148)
w(26,1,5,148)
w(26,2,5,148)
r(24,4,5,148)
r(26,2,5,148)
w(26,4,2,153)
w(24,8,2,153)
r(20,3,2,153)
w(26,5,2,153)
r(26,5,8,157)
r(27,0,8,157)
r(26,5,8,157)
w(27,1,8,157)
w(27,2,8,157)
r(20,3,8,157)
w(28,1,3,160)
r(0,6,3,160)
r(27,0,3,160)
w(28,2,3,160)
r(28,2,3,160)
r(27,0,3,160)
r(0,6,3,160)
w(28,5,2,164)
r(20,3,2,164)
r(28,5,2,164)
w(28,6,2,164)
w(28,7,2,164)
r(28,7,2,164)
w(27,4,0,165)
r(28,2,0,165)
r(19,7,0,165)
r(20,3,0,165)
r(19,7,0,165)
w(27,5,0,165)
w(19,8,0,165)
w(28,8,3,170)
w(27,6,3,170)
r(27,6,3,170)
w(27,7,3,170)
w(0,8,3,170)
w(29,1,3,170)
w(29,2,5,173)
r(27,7,5,173)
w(29,3,5,173)
r(20,3,5,173)
r(29,3,5,173)
w(20,7,5,173)
r(31,0,8,181)
w(30,1,8,181)
r(30,1,8,181)
w(29,7,8,181)
w(30,2,8,181)
r(29,7,8,181)
r(0,8,8,181)
r(30,0,6,183)
r(32,0,6,183)
r(31,0,6,183)
w(32,3,6,183)
w(33,1,6,191)
w(30,5,6,191)
w(30,6,6,191)
w(33,2,6,191)
r(33,2,6,191)
r(30,6,6,191)
r(33,2,6,191)
w(33,3,6,191)
w(33,8,4,195)
w(20,8,4,195)
r(33,8,4,195)
r(33,8,4,195)
r(33,8,4,195)
r(34,0,4,195)
r(33,8,4,195)
w(34,1,4,195)
r(33,8,8,198)
w(34,3,8,198)
r(20,8,8,198)
w(31,4,8,198)
r(34,3,9,202)
w(35,4,9,202)
r(35,4,9,202)
w(35,5,9,202)
w(35,7,3,207)
w(34,6,3,207)
r(35,7,3,207)
w(35,8,3,207)
r(36,0,1,212)
w(37,1,1,212)
w(36,4,1,212)
w(37,2,1,212)
w(31,7,1,212)
w(31,8,1,212)
r(36,4,1,212)
r(40,0,4,219)
w(37,4,4,219)
w(40,2,4,219)
r(40,2,4,219)
w(40,3,4,219)
r(40,3,4,219)
r(40,3,4,219)
r(40,3,4,219)
r(37,4,1,227)
r(37,4,1,227)
r(37,4,1,227)
r(42,0,1,227)
w(38,7,1,227)
r(37,4,1,227)
r(38,7,1,227)
r(42,0,3,233)
r(38,7,3,233)
w(42,2,3,233)
w(42,3,3,233)
r(42,3,3,233)
w(38,8,6,236)
r(43,0,6,236)
r(37,4,6,236)
w(43,1,6,236)
w(43,2,6,236)
w(44,1,6,236)
r(44,1,1,242)
w(43,5,1,242)
w(37,8,1,242)
w(43,6,1,242)
w(39,2,1,242)
r(43,6,1,242)
r(43,2,8,243)
w(44,3,8,243)
r(43,2,8,243)
r(44,3,8,243)
r(41,0,8,243)
w(41,2,8,243)
r(45,0,4,251)
r(44,3,4,251)
w(45,1,4,251)
w(45,2,4,251)
r(37,8,4,251)
r(45,2,4,251)
w(45,3,4,251)
r(37,8,4,251)
r(44,3,8,256)
r(44,3,8,256)
r(46,0,8,256)
w(41,4,8,256)
w(46,6,8,256)
r(48,0,6,259)
w(47,4,6,259)
w(48,1,6,259)
r(48,1,6,259)
w(47,5,6,259)
r(41,4,4,270)
r(44,3,4,270)
w(47,8,4,270)
r(49,0,4,270)
w(48,2,4,270)
w(49,8,5,274)
r(50,0,5,274)
r(50,0,5,274)
r(48,1,5,274)
r(48,1,5,274)
r(50,0,5,274)
w(50,1,2,278)
r(48,2,2,278)
w(48,7,2,278)
r(48,7,2,278)
r(48,7,2,278)
r(48,7,2,278)
r(50,1,2,278)
w(39,3,2,278)
r(50,1,4,285)
w(50,7,4,285)
r(50,7,4,285)
w(44,7,4,285)
r(50,7,4,285)
r(50,7,4,285)
r(51,0,4,285)
w(52,2,3,287)
r(52,2,3,287)
r(52,2,3,287)
w(52,3,3,287)
r(41,4,8,290)
w(51,4,8,290)
w(52,4,8,290)
r(52,4,8,290)
r(52,4,8,290)
w(52,5,8,290)
r(52,5,8,290)
r(52,5,0,294)
r(52,5,0,294)
w(51,6,0,294)
r(52,5,0,294)
r(52,5,6,295)
r(51,4,6,295)
r(52,5,6,295)
w(44,8,6,295)
w(52,6,6,295)
w(52,7,6,295)
r(51,4,6,295)
r(54,0,9,299)
w(53,1,9,299)
r(53,1,9,299)
r(44,8,9,299)
r(53,1,9,299)
r(51,6,9,299)
w(39,5,4,301)
w(51,7,4,301)
r(52,7,4,301)
w(52,8,4,301)
r(53,0,4,301)
r(53,1,7,304)
w(39,7,7,304)
r(53,1,7,304)
r(55,0,7,304)
r(53,1,7,304)
w(53,4,7,304)
r(53,4,7,304)
w(55,1,7,304)
r(56,0,2,307)
w(55,2,2,307)
r(53,4,2,307)
r(55,2,2,307)
w(54,1,2,307)
w(54,2,2,307)
r(53,4,3,311)
w(53,5,3,311)
r(55,2,3,311)
w(53,6,3,311)
r(54,2,3,311)
r(53,6,3,311)
r(55,2,3,311)
r(55,2,3,311)
r(53,4,4,313)
r(57,0,4,313)
r(55,2,4,313)
r(57,0,4,313)
r(56,0,6,316)
w(56,1,6,316)
r(57,0,6,316)
w(57,1,6,316)
w(55,5,9,319)
r(54,2,9,319)
r(57,1,9,319)
w(57,6,9,319)
r(57,6,0,323)
w(57,7,0,323)
w(57,8,0,323)
r(57,8,0,323)
w(55,6,0,323)
r(55,6,0,323)
w(55,7,0,323)
r(58,0,0,323)
w(58,4,5,329)
r(54,2,5,329)
w(58,5,5,329)
r(56,1,5,329)
w(56,2,5,329)
r(59,0,7,342)
w(59,5,7,342)
r(61,0,7,342)
r(61,0,7,342)
w(59,6,7,342)
r(59,6,7,342)
r(61,0,7,342)
w(61,1,8,344)
w(56,4,8,344)
w(54,5,8,344)
r(59,0,8,344)
r(56,4,8,344)
r(61,1,8,344)
r(62,0,0,350)
r(59,6,0,350)
r(59,6,0,350)
r(62,0,0,350)
w(61,4,7,351)
w(61,5,7,351)
r(61,5,7,351)
r(59,6,7,351)
w(61,6,7,351)
w(61,7,7,351)
r(56,4,7,351)
r(61,7,7,351)
r(59,6,5,358)
w(56,5,5,358)
w(62,4,5,358)
r(59,6,5,358)
w(59,8,5,358)
r(62,4,5,358)
r(62,4,5,358)
r(63,0,2,361)
r(64,0,2,361)
r(64,0,2,361)
r(64,0,2,361)
w(65,1,2,361)
r(65,1,2,361)
r(63,0,2,361)
r(63,0,1,363)
r(64,0,1,363)
r(64,0,1,363)
r(63,0,1,363)
r(65,1,1,363)
w(64,2,3,375)
w(64,3,3,375)
w(64,4,3,375)
w(64,5,3,375)
w(64,6,3,375)
r(64,6,3,375)
w(66,1,9,377)
w(66,2,9,377)
w(66,3,9,377)
w(63,3,9,377)
w(65,3,9,377)
r(66,3,0,379)
w(66,8,0,379)
r(66,8,0,379)
w(65,4,0,379)
r(66,8,0,379)
r(68,0,0,383)
w(68,1,0,383)
w(63,5,0,383)
r(68,1,0,383)
w(54,6,0,383)
r(67,0,2,386)
r(68,0,2,386)
r(63,3,2,386)
r(68,0,2,386)
r(63,3,2,386)
r(68,0,2,386)
r(63,3,2,386)
w(68,4,3,393)
r(68,4,3,393)
r(68,4,3,393)
w(68,5,3,393)
r(63,5,3,393)
w(68,6,3,393)
w(68,7,3,393)
w(68,8,3,393)
r(68,1,4,396)
r(68,1,4,396)
r(68,1,4,396)
r(63,5,4,396)
w(69,1,4,396)
w(65,5,4,396)
r(69,1,4,396)
r(69,1,4,396)
w(54,7,5,398)
r(65,4,5,398)
w(63,6,5,398)
r(63,6,5,398)
r(70,0,3,401)
r(71,0,3,401)
r(70,0,3,401)
r(70,0,3,401)
r(70,0,3,401)
r(70,0,3,401)
r(72,0,3,401)
r(70,0,3,401)
w(70,2,8,403)
r(70,2,8,403)
r(54,7,8,403)
w(70,3,8,403)
r(70,3,8,403)
w(70,4,2,407)
w(70,5,2,407)
w(70,6,2,407)
w(70,7,2,407)
r(70,3,4,408)
r(70,3,4,408)
r(70,3,4,408)
r(72,0,4,408)
r(67,0,4,408)
w(73,3,6,417)
w(72,3,6,417)
w(72,4,6,417)
w(73,4,6,417)
r(73,4,6,417)
w(73,5,6,417)
r(73,5,6,417)
r(73,5,6,417)
r(72,4,0,422)
r(73,5,0,422)
w(71,4,0,422)
r(72,4,0,422)
r(71,4,0,422)
w(54,8,0,422)
w(71,5,0,422)
r(74,0,2,424)
r(74,0,2,424)
w(74,1,2,424)
w(74,2,2,424)
r(74,0,7,425)
r(74,0,7,425)
r(71,5,7,425)
r(71,5,7,425)
r(74,0,7,425)
r(75,0,7,425)
r(72,4,1,427)
r(75,0,1,427)
r(75,0,1,427)
w(74,3,1,427)
r(71,5,1,427)
r(71,5,5,432)
w(74,4,5,432)
w(75,1,5,432)
w(71,6,5,432)
r(75,1,5,432)
r(75,1,5,432)
w(74,5,5,432)
w(74,6,5,432)
w(76,2,4,438)
r(71,6,4,438)
w(76,3,4,438)
r(77,0,4,438)
r(76,3,4,438)
w(67,3,7,440)
w(77,1,7,440)
w(77,2,7,440)
w(72,7,7,440)
w(76,4,0,442)
w(76,5,0,442)
r(76,5,0,442)
w(76,6,0,442)
r(77,2,6,450)
w(78,1,6,450)
w(78,2,6,450)
w(75,2,6,450)
w(79,1,6,450)
w(77,4,6,450)
r(80,0,1,455)
r(79,1,1,455)
w(80,1,1,455)
w(80,2,1,455)
w(77,7,7,456)
r(75,2,7,456)
w(78,8,7,456)
r(77,7,7,456)
w(77,8,7,456)
r(77,8,7,456)
r(78,8,7,456)
r(80,0,7,456)
r(81,0,3,458)
w(79,4,3,458)
w(79,5,3,458)
r(81,0,3,458)
w(80,3,5,461)
r(80,3,5,461)
r(80,3,5,461)
w(80,4,5,461)
r(80,4,5,461)
r(79,1,5,461)
r(80,4,5,461)
w(75,3,1,470)
w(82,2,1,470)
w(82,3,1,470)
r(79,5,1,470)
r(75,3,1,470)
w(82,4,1,470)
r(82,4,1,476)
r(82,4,1,476)
w(82,7,1,476)
r(82,7,1,476)
r(67,3,1,476)
r(79,5,7,479)
r(81,0,7,479)
r(67,3,7,479)
r(79,5,7,479)
w(81,6,7,479)
w(79,7,7,479)
w(83,5,8,484)
w(83,6,8,484)
r(83,6,8,484)
r(79,7,8,484)
w(83,7,8,484)
r(83,7,8,484)
w(85,1,3,491)
w(85,2,3,491)
w(84,1,3,491)
r(79,7,3,491)
w(84,2,3,491)
r(85,2,3,491)
r(86,0,2,494)
r(85,2,2,494)
r(85,2,2,494)
r(85,2,2,494)
w(85,6,2,494)
r(85,6,2,494)
w(85,8,8,498)
r(84,2,8,498)
r(85,8,8,498)
r(85,8,8,498)
r(87,0,8,498)
w(87,1,8,498)
r(87,1,3,502)
r(75,3,3,502)
w(84,8,3,502)
r(86,0,3,502)
w(75,6,3,502)
r(89,0,8,519)
w(89,4,8,519)
w(89,5,8,519)
w(88,2,8,519)
w(89,6,8,519)
w(89,7,8,519)
r(88,2,8,519)
w(89,8,8,519)
w(90,3,9,524)
r(90,3,9,524)
w(90,4,9,524)
r(88,0,9,524)
w(86,8,9,524)
r(90,4,9,524)
w(90,5,9,524)
r(90,5,9,524)
r(92,0,2,527)
w(92,1,2,527)
w(92,2,2,527)
r(92,2,2,527)
w(91,1,2,527)
w(92,6,3,533)
r(92,6,3,533)
w(88,7,3,533)
w(88,8,3,533)
r(92,6,3,533)
w(94,1,2,534)
r(95,0,2,534)
r(93,0,2,534)
r(95,0,2,534)
w(93,3,2,534)
r(95,0,2,534)
r(93,3,6,537)
w(95,1,6,537)
r(93,3,6,537)
w(94,2,6,537)
w(95,2,6,537)
r(95,2,4,544)
r(93,3,4,544)
w(93,8,4,544)
w(91,2,4,544)
r(95,2,4,544)
w(94,3,4,544)
r(91,1,1,545)
w(95,5,1,545)
r(95,5,1,545)
w(96,2,1,545)
r(95,5,1,545)
r(91,2,9,552)
w(96,3,9,552)
w(91,4,9,552)
w(96,4,9,552)
w(96,5,9,552)
w(94,4,9,552)
r(96,2,4,554)
r(96,2,4,554)
r(94,3,4,554)
r(96,2,4,554)
r(97,0,4,554)
r(97,0,4,554)
w(67,8,4,554)
w(98,1,8,557)
w(94,5,8,557)
w(94,6,8,557)
r(97,0,8,557)
r(91,4,8,557)
r(97,0,8,557)
r(98,1,8,557)
w(98,2,8,557)
r(98,2,4,562)
r(97,0,4,562)
w(98,7,4,562)
w(97,4,4,562)
w(98,8,4,562)
r(99,0,3,566)
w(99,2,3,566)
r(97,4,3,566)
r(97,4,3,566)
r(91,4,3,566)
r(99,2,3,566)
r(99,2,3,566)
w(97,8,3,566)
r(99,2,8,571)
w(99,5,8,571)
w(99,6,8,571)
w(101,2,8,571)
r(101,2,8,571)
w(99,7,8,571)
w(99,8,8,571)
w(102,2,0,579)
w(101,4,0,579)
w(102,3,0,579)
w(94,8,0,579)
w(101,5,0,579)
r(101,5,0,579)
r(102,3,0,579)
r(101,5,0,579)
w(104,2,5,583)
r(104,2,5,583)
w(104,3,5,583)
w(104,4,5,583)
r(101,5,5,583)
w(104,6,7,585)
r(104,6,7,585)
w(104,7,7,585)
r(101,5,7,585)
r(103,0,7,585)
w(101,7,8,590)
w(104,8,8,590)
r(105,0,8,590)
w(105,1,8,590)
w(105,2,8,590)
r(105,2,8,594)
r(103,0,8,594)
w(105,6,8,594)
w(105,7,8,594)
w(105,8,8,594)
w(103,3,8,594)
r(105,8,8,594)
r(107,0,6,600)
r(103,3,6,600)
r(106,0,6,600)
w(107,1,6,600)
w(107,2,6,600)
r(103,3,6,600)
r(107,2,6,600)
r(107,2,6,600)
r(107,2,6,604)
r(107,2,6,604)
w(100,2,6,604)
r(107,2,6,604)
w(107,5,6,604)
r(107,5,5,605)
r(106,0,5,605)
w(106,1,5,605)
r(107,5,5,605)
r(106,1,5,605)
r(106,1,5,605)
r(106,1,5,605)
r(107,5,1,609)
w(107,6,1,609)
w(103,5,1,609)
w(103,6,1,609)
r(107,6,1,609)
w(107,7,1,609)
r(107,5,7,611)
r(107,5,7,611)
r(106,1,7,611)
r(107,5,7,611)
r(107,5,7,611)
r(107,7,0,613)
r(106,1,0,613)
w(106,2,0,613)
r(108,0,0,613)
w(103,8,0,613)
r(108,0,0,613)
w(108,2,5,617)
r(108,2,5,617)
r(108,2,5,617)
r(106,2,5,617)
r(108,2,4,619)
w(108,3,4,619)
w(108,4,4,619)
r(91,4,4,619)
r(106,2,4,619)
w(106,3,1,622)
w(108,5,1,622)
w(109,1,1,622)
r(108,5,1,622)
r(109,1,1,622)
w(108,7,7,626)
w(108,8,7,626)
r(108,8,7,626)
w(106,5,7,626)
r(109,1,7,626)
r(109,1,7,626)
r(110,0,8,641)
r(110,0,8,641)
w(110,3,8,641)
w(110,4,8,641)
r(100,2,8,641)
w(110,5,8,641)
r(111,0,0,645)
w(111,4,0,645)
r(91,4,0,645)
w(111,5,0,645)
r(111,5,0,645)
w(111,6,0,645)
r(111,6,0,645)
r(111,6,0,645)
w(91,8,5,650)
r(109,1,5,650)
w(112,5,5,650)
r(91,8,5,650)
w(112,6,5,650)
r(112,6,5,650)
w(112,7,5,650)
r(115,0,7,654)
w(115,4,7,654)
r(115,4,7,654)
r(115,4,7,654)
r(113,0,3,655)
w(114,2,3,655)
w(113,6,3,655)
w(113,7,3,655)
r(113,7,3,655)
r(114,2,3,655)
r(113,7,3,655)
r(109,1,3,655)
w(116,1,4,657)
r(114,0,4,657)
r(114,0,4,657)
r(114,0,4,657)
w(109,5,4,657)
w(115,5,6,664)
r(114,2,6,664)
w(115,6,6,664)
w(115,7,6,664)
w(100,5,6,664)
r(115,7,6,664)
w(115,8,6,664)
w(117,3,5,667)
w(117,4,5,667)
r(117,4,5,667)
w(117,5,5,667)
w(117,6,5,667)
r(117,6,5,669)
r(117,6,5,669)
r(109,5,5,669)
r(117,6,5,669)
r(114,2,0,674)
r(118,0,0,674)
r(118,0,0,674)
r(118,0,0,674)
r(109,5,0,674)
w(118,1,0,674)
w(118,2,0,674)
w(118,3,0,674)
w(118,8,4,683)
w(119,5,4,683)
w(121,1,4,683)
r(119,5,4,683)
r(121,1,4,683)
r(119,5,4,683)
r(121,1,4,683)
r(121,1,9,689)
r(121,1,9,689)
w(121,4,9,689)
r(100,5,9,689)
r(121,4,9,689)
r(119,5,9,689)
r(122,0,5,698)
w(121,6,5,698)
w(121,7,5,698)
w(122,1,5,698)
r(122,1,5,698)
w(122,2,5,698)
w(120,4,5,698)
w(120,5,2,702)
w(123,2,2,702)
r(122,2,2,702)
r(122,2,2,702)
w(123,3,2,702)
w(123,4,2,702)
r(120,5,2,702)
w(122,4,5,703)
r(120,5,5,703)
w(122,5,5,703)
r(123,4,5,703)
w(123,7,5,703)
r(100,5,8,705)
r(122,5,8,705)
w(123,8,8,705)
r(123,8,8,705)
r(120,5,8,705)
w(124,1,8,705)
r(124,1,8,705)
r(120,5,5,711)
w(124,2,5,711)
r(124,2,5,711)
w(124,3,5,711)
w(116,5,5,711)
r(122,5,5,711)
w(122,6,5,711)
r(125,0,3,714)
w(124,8,3,714)
r(126,0,3,714)
w(126,1,3,714)
r(122,6,3,714)
r(126,1,3,714)
w(126,2,3,714)
w(122,8,3,714)
w(125,1,9,719)
w(127,1,9,719)
r(126,2,9,719)
r(100,5,9,719)
w(127,2,9,719)
w(127,3,9,719)
r(126,2,9,719)
w(126,7,2,723)
r(126,7,2,723)
r(126,7,2,723)
w(126,8,2,723)
r(126,8,2,723)
r(127,0,2,723)
r(116,5,2,723)
w(100,6,6,726)
r(128,0,6,726)
w(127,4,6,726)
w(128,1,6,726)
r(125,1,6,726)
r(128,1,6,736)
r(128,1,6,736)
r(128,1,6,736)
r(116,5,6,736)
w(125,7,6,736)
r(127,4,6,736)
w(125,8,6,736)
r(130,0,0,739)
r(129,0,0,739)
r(130,0,0,739)
r(127,4,0,739)
w(127,8,0,739)
w(129,1,1,741)
r(130,0,1,741)
r(131,0,1,741)
r(130,0,1,741)
r(129,0,7,743)
r(127,4,7,743)
w(130,1,7,743)
r(127,4,7,743)
r(116,5,7,743)
w(130,2,7,743)
r(130,2,7,743)
r(130,2,7,743)
r(100,6,1,744)
r(131,0,1,744)
w(129,3,1,744)
r(130,0,1,744)
r(131,0,2,748)
w(116,7,2,748)
r(130,2,2,748)
r(131,0,2,748)
r(130,2,2,748)
w(129,4,2,748)
w(131,2,0,749)
w(130,3,0,749)
r(129,3,0,749)
w(130,4,0,749)
r(130,4,0,749)
r(130,4,0,749)
r(100,6,0,749)
r(129,4,7,753)
w(130,5,7,753)
w(131,3,7,753)
w(116,8,7,753)
r(129,4,7,753)
w(130,6,7,753)
r(129,4,7,753)
r(131,3,7,753)
r(130,4,5,754)
r(131,2,5,754)
r(129,4,5,754)
r(131,2,5,754)
r(130,4,5,754)
r(130,4,5,754)
r(131,2,5,754)
r(131,3,8,758)
r(130,6,8,758)
w(131,5,8,758)
r(129,4,8,758)
r(130,6,9,761)
w(130,7,9,761)
w(130,8,9,761)
r(130,8,9,761)
r(130,6,1,767)
w(131,7,1,767)
r(130,6,1,767)
r(131,7,1,767)
w(129,6,1,767)
w(100,7,1,767)
w(133,2,7,774)
r(134,0,7,774)
r(134,0,7,774)
r(134,0,7,774)
r(134,0,7,774)
r(129,6,7,774)
r(134,0,3,779)
r(134,0,3,779)
w(134,3,3,779)
r(136,0,3,779)
r(135,0,3,779)
w(134,4,3,779)
r(134,4,3,779)
r(133,2,9,787)
w(134,8,9,787)
w(136,3,9,787)
r(137,0,9,787)
r(137,0,9,787)
w(133,5,5,791)
w(137,3,5,791)
w(137,4,5,791)
r(135,0,5,791)
w(100,8,1,795)
r(135,0,1,795)
r(133,5,1,795)
w(137,5,1,795)
r(137,5,1,795)
r(136,3,7,796)
r(137,4,7,796)
r(137,4,7,796)
w(136,7,7,796)
w(138,2,5,803)
r(138,2,5,803)
w(138,3,5,803)
r(138,3,5,803)
r(138,3,5,803)
r(139,0,5,803)
r(135,0,5,803)
r(135,0,5,803)
w(135,8,4,805)
r(100,8,4,805)
r(140,0,4,805)
r(138,0,4,805)
w(140,1,4,805)
r(138,3,0,810)
w(140,2,0,810)
r(138,3,0,810)
r(138,3,0,810)
w(140,3,0,810)
r(138,3,9,812)
r(140,1,9,812)
r(140,1,9,812)
r(138,3,9,812)
r(138,3,9,812)
w(138,7,9,812)
r(139,0,9,812)
r(140,1,9,812)
r(133,5,0,816)
r(142,0,0,816)
w(142,1,0,816)
r(139,0,0,816)
r(142,1,0,816)
r(142,1,0,816)
r(141,0,1,817)
w(140,6,1,817)
r(138,7,1,817)
r(138,7,1,817)
w(139,1,1,817)
r(138,7,1,817)
w(133,7,1,817)
r(139,1,1,817)
w(142,2,5,821)
r(142,2,5,821)
r(140,6,5,821)
r(142,2,5,821)
w(142,3,5,821)
r(140,6,5,821)
w(140,8,1,830)
r(142,3,1,830)
w(142,7,1,830)
w(142,8,1,830)
r(142,8,1,830)
w(139,2,1,830)
r(142,8,1,830)
w(139,7,5,838)
w(143,3,5,838)
r(139,7,5,838)
w(139,8,5,838)
w(147,1,2,872)
w(147,2,2,872)
w(147,3,2,872)
w(147,4,2,872)
r(143,3,2,872)
r(133,7,2,872)
w(152,5,2,880)
w(152,6,2,880)
w(152,7,2,880)
w(153,3,2,880)
w(152,8,2,880)
w(153,6,2,887)
w(153,7,2,887)
r(154,0,2,887)
w(153,8,2,887)
w(154,5,2,887)
r(155,0,2,894)
w(157,2,2,894)
r(155,0,2,894)
w(156,1,2,894)
r(156,1,2,894)
r(157,2,2,894)
w(157,6,8,900)
w(155,3,8,900)
r(157,6,8,900)
r(149,0,8,900)
r(156,1,8,900)
w(157,7,8,900)
w(157,8,8,900)
r(155,3,9,903)
w(149,5,9,903)
r(155,3,9,903)
r(156,1,9,903)
r(156,1,7,904)
r(158,0,7,904)
r(155,3,7,904)
w(155,5,7,904)
r(158,0,7,904)
w(156,3,7,904)
r(158,0,7,904)
w(155,7,2,912)
w(158,2,2,912)
w(158,3,2,912)
r(158,3,2,912)
r(149,5,2,912)
w(155,8,2,912)
r(156,3,2,912)
r(158,3,2,912)
w(159,1,4,916)
r(160,0,4,916)
r(160,0,4,916)
r(159,1,4,916)
w(149,7,9,919)
r(160,0,9,919)
r(160,0,9,919)
w(160,1,9,919)
w(160,2,9,919)
r(160,2,9,919)
w(156,4,9,919)
r(156,4,9,919)
w(159,6,8,927)
r(159,6,8,927)
w(159,7,8,927)
w(159,8,8,927)
r(159,8,8,927)
w(160,7,6,928)
r(156,4,6,928)
w(160,8,6,928)
r(159,1,6,928)
r(149,7,6,928)
r(161,0,6,928)
r(156,4,4,931)
w(161,1,4,931)
w(161,2,4,931)
w(162,1,4,931)
w(161,3,4,931)
w(162,4,2,935)
r(162,4,2,935)
r(149,7,2,935)
w(161,5,2,935)
r(162,4,2,935)
w(156,7,2,935)
r(156,7,3,940)
w(162,7,3,940)
w(161,6,3,940)
r(162,7,3,940)
w(162,8,3,940)
w(161,7,3,940)
w(156,8,3,940)
r(165,0,4,944)
r(163,0,4,944)
w(165,2,4,944)
r(156,8,4,944)
r(143,3,1,949)
w(143,8,1,949)
r(147,0,1,949)
r(133,7,1,949)
r(145,0,1,949)
w(148,1,1,949)
w(148,2,1,949)
w(163,5,6,950)
r(165,2,6,950)
r(165,2,6,950)
w(165,6,6,950)
w(165,7,6,950)
w(165,8,6,950)
w(164,1,6,950)
r(163,5,6,950)
w(167,1,2,953)
r(167,1,2,953)
w(167,2,2,953)
r(167,2,2,953)
w(167,3,2,953)
r(166,0,2,953)
r(163,5,7,957)
r(163,5,7,957)
w(163,6,7,957)
r(166,0,7,957)
r(167,3,7,957)
r(163,6,7,957)
r(167,3,7,957)
r(171,0,6,968)
r(170,0,6,968)
r(171,0,6,968)
r(171,0,6,968)
r(166,0,6,968)
w(171,1,6,968)
r(171,1,6,968)
r(166,0,9,970)
r(170,0,9,970)
r(170,0,9,970)
r(164,1,9,970)
w(168,8,9,970)
w(170,2,9,970)
r(169,0,9,970)
w(169,2,9,970)
r(171,1,6,977)
r(166,0,6,977)
w(170,4,6,977)
r(171,1,6,977)
w(169,3,6,977)
w(171,3,6,977)
w(170,5,6,977)
w(171,4,6,977)
r(150,0,5,979)
r(147,0,5,979)
r(150,0,5,979)
w(151,1,5,979)
w(171,8,9,981)
r(166,0,9,981)
r(172,0,9,981)
w(172,1,9,981)
w(166,3,9,981)
r(172,1,9,981)
w(172,2,9,981)
r(172,2,9,981)
w(172,4,2,986)
w(170,7,2,986)
w(166,4,2,986)
w(172,5,2,986)
w(172,6,2,986)
w(170,8,2,986)
r(172,6,2,986)
r(170,5,4,987)
r(172,2,4,987)
r(170,5,4,987)
r(164,1,4,987)
r(170,5,4,987)
w(172,8,0,990)
r(170,8,0,990)
r(170,8,0,990)
r(170,8,0,990)
r(174,0,0,990)
w(166,5,0,990)
w(173,1,7,994)
w(174,1,7,994)
w(173,2,7,994)
r(174,1,7,994)
w(174,2,7,994)
r(173,2,7,994)
r(166,4,7,994)
r(169,3,6,995)
r(173,0,6,995)
r(169,3,6,995)
r(166,5,6,995)
w(173,8,7,999)
r(174,2,7,999)
r(174,2,7,999)
r(166,5,7,999)
r(169,3,7,999)
w(175,1,7,999)
r(175,1,7,999)
w(166,6,7,999)
r(175,1,2,1003)
r(175,1,2,1003)
w(166,8,2,1003)
w(174,5,2,1003)
w(175,4,2,1003)
r(175,4,2,1003)
w(175,5,2,1003)
r(175,5,2,1003)
w(175,7,9,1009)
w(174,6,9,1009)
r(175,7,9,1009)
r(175,7,9,1009)
r(174,6,9,1009)
w(176,1,9,1009)
w(175,8,9,1009)
r(177,0,9,1009)
r(177,0,4,1010)
r(169,3,4,1010)
w(177,2,4,1010)
r(177,2,4,1010)
w(177,6,1,1013)
w(177,7,1,1013)
w(177,8,1,1013)
r(177,8,1,1013)
r(177,8,1,1013)
w(178,1,1,1017)
w(176,2,1,1017)
r(179,0,1,1017)
w(178,2,1,1017)
r(179,0,1,1020)
r(178,2,1,1020)
w(179,4,1,1020)
r(179,4,1,1020)
r(178,2,2,1023)
r(178,2,2,1023)
w(178,5,2,1023)
w(179,6,2,1023)
w(178,6,2,1023)
r(179,6,0,1027)
r(179,6,0,1027)
r(179,6,0,1027)
r(179,6,0,1027)
r(179,6,0,1027)
r(176,2,0,1027)
w(178,7,0,1027)
r(179,6,6,1031)
r(176,2,6,1031)
w(181,1,6,1031)
w(181,2,6,1031)
w(181,3,6,1031)
w(180,1,6,1031)
r(181,3,6,1031)
w(169,6,6,1031)
r(180,1,2,1034)
w(164,4,2,1034)
w(180,2,2,1034)
w(181,5,2,1034)
r(182,0,8,1041)
r(180,2,8,1041)
w(182,2,8,1041)
w(169,7,8,1041)
r(182,2,8,1041)
r(169,7,8,1041)
w(169,8,8,1041)
r(182,2,5,1043)
r(176,2,5,1043)
r(182,2,5,1043)
w(182,7,5,1043)
w(182,8,5,1043)
r(183,0,8,1047)
r(180,2,8,1047)
r(180,2,8,1047)
r(176,2,8,1047)
r(183,0,1,1057)
w(183,8,1,1057)
r(183,8,1,1057)
r(164,4,1,1057)
r(185,0,1,1057)
w(180,8,1,1057)
w(185,1,1,1057)
w(184,1,9,1060)
r(186,0,9,1060)
w(186,1,9,1060)
w(186,2,9,1060)
r(186,2,9,1060)
w(186,3,9,1060)
r(187,0,5,1065)
w(187,4,5,1065)
r(187,4,5,1065)
r(186,3,5,1065)
r(186,3,5,1065)
r(187,4,2,1069)
r(187,4,2,1069)
r(186,3,2,1069)
w(184,3,2,1069)
r(188,0,9,1071)
w(185,5,9,1071)
r(188,0,9,1071)
r(187,4,9,1071)
r(188,0,7,1075)
r(188,0,7,1075)
w(188,1,7,1075)
w(187,6,7,1075)
w(188,2,5,1081)
r(188,2,5,1081)
r(187,6,5,1081)
r(188,2,5,1081)
r(188,2,5,1081)
r(190,0,6,1085)
r(190,0,6,1085)
r(188,2,6,1085)
r(188,2,6,1085)
w(190,2,8,1088)
r(188,1,8,1088)
w(190,3,8,1088)
r(188,1,8,1088)
r(184,3,8,1088)
r(188,1,8,1088)
w(185,7,8,1088)
w(190,4,8,1088)
w(185,8,6,1091)
r(191,0,6,1091)
w(191,5,6,1091)
r(192,0,6,1091)
w(191,6,6,1093)
r(192,0,6,1093)
r(192,0,6,1093)
r(192,0,6,1093)
r(189,0,7,1099)
r(184,3,7,1099)
w(191,8,7,1099)
w(189,1,7,1099)
r(192,0,7,1099)
r(191,8,7,1099)
w(192,2,7,1099)
r(191,6,3,1101)
r(194,0,3,1101)
r(194,0,3,1101)
w(194,1,3,1101)
r(193,0,3,1101)
w(194,2,3,1101)
w(193,2,3,1101)
r(192,0,3,1101)
r(192,2,8,1108)
w(195,1,8,1108)
w(192,6,8,1108)
w(195,2,8,1108)
r(193,2,8,1108)
r(192,6,8,1108)
r(184,3,8,1108)
r(192,2,5,1110)
r(192,2,5,1110)
r(192,2,5,1110)
w(184,4,5,1110)
w(184,5,5,1110)
r(193,2,5,1110)
r(195,0,5,1110)
w(195,3,6,1114)
w(195,4,6,1114)
r(195,4,6,1114)
r(195,4,6,1114)
w(195,5,6,1114)
r(196,0,5,1117)
r(193,2,5,1117)
w(196,1,5,1117)
r(196,1,5,1117)
r(197,0,5,1117)
w(196,2,5,1117)
w(196,3,7,1122)
w(196,4,7,1122)
r(197,0,7,1122)
w(196,5,7,1122)
r(196,5,7,1122)
r(196,5,7,1122)
w(196,6,7,1122)
w(193,6,7,1122)
r(197,0,4,1124)
w(197,2,4,1124)
w(197,3,4,1124)
w(198,1,4,1124)
w(198,3,0,1128)
r(198,3,0,1128)
r(197,3,0,1128)
r(197,3,0,1128)
r(199,0,6,1137)
r(199,0,6,1137)
r(197,3,6,1137)
r(197,3,6,1137)
r(201,0,3,1146)
w(202,1,3,1146)
r(202,1,3,1146)
r(189,1,3,1146)
r(201,0,3,1146)
r(202,1,3,1146)
w(202,2,3,1146)
r(199,0,8,1149)
w(199,4,8,1149)
w(197,6,8,1149)
w(197,7,8,1149)
r(200,0,8,1149)
w(199,5,8,1149)
w(199,6,8,1149)
r(197,7,8,1149)
r(200,0,7,1151)
w(200,3,7,1151)
r(202,0,7,1151)
r(202,0,7,1151)
r(200,3,7,1151)
w(202,6,6,1161)
r(184,5,6,1161)
w(201,5,6,1161)
w(202,7,6,1161)
r(204,0,7,1163)
r(205,0,7,1163)
r(206,0,7,1163)
r(189,1,7,1163)
w(205,3,7,1163)
w(203,1,1,1165)
r(203,1,1,1165)
w(203,2,1,1165)
r(201,0,1,1165)
w(203,3,1,1165)
w(203,4,1,1165)
r(205,3,5,1168)
w(200,7,5,1168)
w(205,4,5,1168)
w(205,5,5,1168)
w(205,6,5,1168)
w(206,1,5,1168)
w(206,3,6,1172)
w(206,4,6,1172)
r(207,0,6,1172)
r(206,4,6,1172)
r(208,0,6,1172)
r(207,0,7,1174)
w(208,1,7,1174)
r(206,4,7,1174)
w(207,3,7,1174)
w(189,7,4,1179)
r(206,4,4,1179)
w(208,7,4,1179)
r(208,7,4,1179)
w(204,2,6,1185)
w(208,8,6,1185)
r(208,8,6,1185)
r(206,4,6,1185)
w(207,4,6,1185)
r(206,4,6,1185)
r(208,7,2,1187)
r(206,4,2,1187)
r(206,4,2,1187)
r(189,7,2,1187)
w(209,1,2,1187)
w(209,2,2,1187)
w(209,3,2,1187)
w(207,6,1,1192)
w(206,6,1,1192)
r(206,6,1,1192)
w(209,5,1,1192)
r(206,6,1,1192)
w(209,6,1,1192)
r(209,6,7,1194)
r(209,6,7,1194)
w(206,8,7,1194)
r(206,8,7,1194)
r(206,8,7,1194)
r(209,6,7,1194)
w(189,8,5,1196)
w(209,8,5,1196)
w(207,7,5,1196)
r(210,0,5,1196)
r(211,0,5,1196)
r(211,0,5,1196)
r(207,6,4,1200)
w(210,1,4,1200)
w(204,3,4,1200)
w(211,1,4,1200)
w(211,2,4,1200)
w(211,3,4,1200)
r(210,1,4,1200)
r(210,1,4,1200)
r(210,1,9,1204)
r(211,3,9,1204)
r(210,1,9,1204)
r(210,1,9,1204)
r(211,3,9,1204)
w(210,4,1,1205)
r(210,4,1,1205)
r(211,3,1,1205)
w(210,5,1,1205)
w(211,6,1,1205)
w(212,1,1,1205)
w(211,7,1,1205)
r(211,7,3,1207)
r(210,5,3,1207)
w(212,2,3,1207)
w(210,6,3,1207)
r(210,6,3,1207)
r(210,6,3,1207)
w(210,7,0,1210)
w(210,8,0,1210)
w(212,3,0,1210)
r(210,8,0,1210)
r(210,6,8,1211)
r(210,6,8,1211)
r(210,6,8,1211)
w(204,4,8,1211)
w(211,8,8,1211)
r(210,8,5,1214)
r(210,8,5,1214)
r(214,0,5,1214)
r(212,3,5,1214)
r(214,0,5,1214)
r(214,0,5,1214)
r(214,0,5,1214)
w(214,1,8,1216)
r(214,1,8,1216)
r(214,1,8,1216)
w(214,2,8,1216)
w(214,3,8,1216)
r(214,3,8,1216)
r(212,3,1,1221)
w(215,2,1,1221)
r(214,3,1,1221)
w(214,5,1,1221)
r(212,3,1,1221)
w(214,6,1,1221)
r(213,0,8,1230)
r(216,0,8,1230)
w(216,8,8,1230)
r(204,4,8,1230)
w(212,6,8,1230)
w(215,7,9,1234)
w(217,1,9,1234)
w(217,2,9,1234)
w(217,3,9,1234)
r(215,7,9,1234)
r(217,3,9,1234)
r(215,7,9,1234)
w(215,8,7,1238)
r(212,6,7,1238)
r(217,3,7,1238)
w(213,1,7,1238)
w(217,7,7,1238)
r(212,6,3,1239)
r(215,8,3,1239)
r(212,6,3,1239)
r(212,6,3,1239)
w(212,7,3,1239)
r(215,8,3,1239)
w(219,1,0,1246)
w(219,2,0,1246)
r(218,0,0,1246)
r(204,4,0,1246)
r(219,0,5,1247)
r(218,0,5,1247)
r(220,0,5,1247)
r(219,0,5,1247)
r(219,0,5,1247)
r(220,0,5,1247)
w(219,5,6,1251)
r(219,5,6,1251)
w(213,3,6,1251)
w(218,6,6,1251)
r(219,5,3,1256)
w(219,8,3,1256)
r(219,8,3,1256)
r(219,8,3,1256)
w(220,2,3,1256)
r(220,2,8,1259)
w(218,8,8,1259)
r(218,8,8,1259)
r(221,0,8,1259)
r(222,0,8,1259)
w(222,1,8,1259)
r(222,1,8,1259)
r(220,2,2,1261)
w(222,2,2,1261)
r(220,2,2,1261)
w(222,3,2,1261)
r(222,3,1,1265)
w(220,4,1,1265)
w(220,5,1,1265)
r(222,3,1,1265)
w(222,4,1,1265)
w(222,5,1,1265)
r(222,5,1,1265)
w(223,1,1,1268)
r(223,1,1,1268)
r(221,0,1,1268)
w(223,2,1,1268)
w(222,7,2,1269)
w(222,8,2,1269)
r(222,8,2,1269)
r(218,8,2,1269)
r(223,0,2,1269)
r(223,2,2,1273)
w(223,3,2,1273)
w(223,4,2,1273)
r(223,4,2,1273)
w(223,5,2,1273)
r(218,8,2,1273)
r(213,3,2,1273)
r(223,5,2,1273)
r(223,2,1,1278)
w(225,1,1,1278)
r(220,5,1,1278)
w(225,2,1,1278)
w(225,3,1,1278)
w(224,3,3,1285)
w(224,4,3,1285)
w(221,4,3,1285)
r(224,4,3,1285)
w(224,5,3,1285)
r(226,0,9,1293)
r(226,0,9,1293)
w(226,6,9,1293)
w(227,2,9,1293)
r(220,5,9,1293)
w(227,3,9,1293)
r(227,3,9,1293)
r(227,0,8,1296)
r(228,0,8,1296)
r(228,0,8,1296)
w(213,7,8,1296)
w(227,5,2,1303)
w(228,1,2,1303)
w(227,6,2,1303)
w(228,2,2,1303)
w(229,2,2,1303)
w(227,7,2,1303)
w(228,6,2,1308)
r(229,2,2,1308)
r(230,0,2,1308)
w(228,7,2,1308)
w(229,5,2,1308)
w(231,1,1,1316)
r(232,0,1,1316)
w(232,1,1,1316)
w(232,2,1,1316)
w(230,3,1,1316)
w(232,3,1,1316)
r(232,3,1,1316)
w(230,4,1,1316)
w(234,2,3,1323)
w(234,3,3,1323)
r(234,3,3,1323)
w(234,4,3,1323)
w(234,5,3,1323)
w(233,3,5,1328)
w(237,2,5,1328)
w(237,3,5,1328)
r(236,0,5,1328)
r(235,0,2,1330)
w(236,6,2,1330)
r(237,0,2,1330)
r(231,1,2,1330)
w(236,7,2,1330)
w(238,1,7,1335)
r(237,3,7,1335)
r(237,3,7,1335)
w(237,4,7,1335)
w(237,5,7,1335)
r(238,1,7,1335)
w(238,3,5,1338)
r(237,5,5,1338)
r(238,3,5,1338)
w(238,4,5,1338)
r(237,5,5,1338)
w(238,5,5,1338)
r(238,5,5,1338)
w(238,6,5,1338)
r(233,3,8,1343)
r(238,6,8,1343)
w(239,1,8,1343)
w(239,2,8,1343)
r(237,5,8,1343)
r(237,5,8,1343)
r(239,2,8,1343)
w(239,3,8,1343)
r(231,1,6,1348)
r(239,3,6,1348)
r(237,5,6,1348)
r(239,3,6,1348)
w(233,5,6,1348)
w(237,8,6,1348)
r(239,3,6,1348)
r(239,3,6,1348)
w(239,5,0,1349)
r(239,5,0,1349)
w(239,6,0,1349)
r(239,6,0,1349)
w(239,7,0,1349)
r(241,0,4,1357)
r(241,0,4,1357)
r(241,0,4,1357)
w(241,4,4,1357)
w(241,5,4,1357)
w(231,3,4,1357)
r(243,0,1,1361)
w(240,1,1,1361)
w(243,1,1,1361)
r(242,0,1,1361)
w(243,6,0,1369)
r(243,6,0,1369)
r(243,6,0,1369)
r(231,3,0,1369)
w(242,3,9,1371)
r(243,1,9,1371)
w(240,4,9,1371)
r(242,3,9,1371)
w(240,5,9,1371)
r(240,5,9,1371)
r(244,0,2,1375)
r(240,5,2,1375)
r(242,3,2,1375)
w(240,6,2,1375)
r(244,0,2,1375)
w(244,1,2,1375)
w(244,2,2,1375)
w(242,6,2,1378)
r(244,2,2,1378)
r(240,6,2,1378)
w(244,6,2,1378)
w(240,8,6,1382)
r(244,6,6,1382)
r(244,6,6,1382)
r(240,8,6,1382)
r(244,6,6,1382)
w(244,8,4,1384)
r(244,8,4,1384)
r(245,0,4,1384)
w(246,1,4,1384)
r(246,1,4,1384)
w(246,3,5,1387)
w(246,4,5,1387)
w(246,5,5,1387)
r(246,5,5,1387)
w(246,6,8,1390)
r(231,3,8,1390)
r(246,6,8,1390)
r(246,6,8,1390)
w(246,7,8,1390)
w(235,2,8,1390)
w(246,8,8,1390)
w(247,1,3,1394)
w(245,2,3,1394)
w(242,7,3,1394)
w(245,3,3,1394)
w(231,5,3,1394)
w(247,2,3,1394)
r(245,3,3,1400)
w(235,3,3,1400)
w(247,4,3,1400)
w(245,5,3,1400)
w(247,5,3,1400)
w(245,6,3,1400)
w(245,7,3,1400)
r(247,5,3,1400)
r(249,0,2,1404)
w(249,1,2,1404)
w(249,2,2,1404)
r(249,2,2,1404)
r(249,2,2,1404)
w(249,3,9,1411)
w(250,1,9,1411)
w(249,4,9,1411)
r(249,4,9,1411)
w(251,2,0,1414)
w(251,3,0,1414)
w(251,4,0,1414)
w(251,5,0,1414)
w(248,7,8,1419)
w(231,8,8,1419)
r(252,0,8,1419)
w(252,2,8,1419)
w(252,3,8,1419)
w(252,6,6,1424)
r(252,6,6,1424)
w(253,2,6,1424)
w(252,7,6,1424)
r(253,2,6,1424)
w(252,8,6,1424)
w(254,2,5,1429)
r(254,2,5,1429)
w(250,3,5,1429)
r(231,8,5,1429)
r(257,0,5,1439)
r(235,3,5,1439)
r(250,3,5,1439)
r(235,3,5,1439)
r(257,0,8,1441)
r(257,0,8,1441)
r(253,2,8,1441)
r(250,3,8,1441)
r(259,0,2,1460)
r(258,0,2,1460)
r(259,0,2,1460)
r(258,0,2,1460)
r(258,0,2,1460)
r(259,0,2,1464)
r(259,0,2,1464)
r(259,0,2,1464)
r(250,3,2,1464)
r(259,0,2,1464)
r(259,0,2,1464)
w(259,5,2,1468)
r(260,0,2,1468)
w(259,6,2,1468)
r(260,0,2,1468)
r(259,6,2,1468)
w(259,7,2,1468)
w(259,8,2,1468)
r(250,3,2,1468)
w(261,1,7,1475)
w(261,2,7,1475)
r(235,3,7,1475)
r(260,0,7,1475)
r(250,3,7,1475)
w(261,3,7,1475)
r(260,0,7,1475)
r(260,0,7,1475)
r(261,0,0,1476)
r(261,0,0,1476)
r(261,0,0,1476)
r(261,0,0,1476)
r(257,0,6,1482)
w(257,2,6,1482)
w(257,3,6,1482)
r(253,2,6,1482)
r(262,0,2,1486)
w(262,4,2,1486)
w(260,6,2,1486)
w(262,5,2,1486)
r(260,6,2,1486)
r(260,6,2,1486)
r(250,3,6,1491)
w(262,7,6,1491)
w(260,8,6,1491)
r(263,0,6,1491)
w(263,1,6,1491)
w(264,6,0,1500)
w(263,5,0,1500)
r(264,6,0,1500)
r(264,6,0,1500)
w(264,7,0,1500)
w(265,1,0,1500)
w(263,6,0,1500)
w(265,2,0,1500)
w(266,1,1,1502)
w(235,6,1,1502)
r(266,1,1,1502)
w(266,2,1,1502)
r(250,3,9,1504)
r(253,2,9,1504)
r(253,2,9,1504)
w(257,1,9,1504)
w(253,8,9,1504)
r(257,1,9,1504)
w(266,6,5,1507)
r(267,0,5,1507)
w(266,7,5,1507)
r(266,7,5,1507)
w(266,8,5,1507)
w(235,7,5,1507)
w(268,1,5,1507)
r(268,0,0,1510)
r(268,0,0,1510)
w(269,1,0,1510)
r(267,0,0,1510)
r(267,0,0,1510)
r(267,0,0,1510)
w(265,3,0,1510)
w(269,2,0,1510)
w(268,2,14,1512)
r(269,0,14,1512)
w(267,1,14,1512)
r(267,1,14,1512)
r(269,0,14,1512)
r(267,1,14,1512)
r(267,1,5,1518)
r(268,2,5,1518)
r(267,1,5,1518)
r(267,1,5,1518)
r(267,1,5,1518)
w(268,4,7,1520)
r(269,2,7,1520)
w(267,3,7,1520)
w(269,5,7,1520)
w(270,1,9,1524)
r(270,1,9,1524)
r(270,1,9,1524)
r(270,1,9,1524)
w(268,5,9,1524)
r(257,0,8,1528)
w(258,3,8,1528)
r(257,0,8,1528)
r(257,0,8,1528)
r(268,5,6,1529)
r(267,3,6,1529)
w(268,7,6,1529)
r(268,7,6,1529)
r(270,1,6,1529)
r(271,0,6,1534)
r(267,3,6,1534)
r(271,0,6,1534)
r(271,0,6,1534)
w(271,1,6,1534)
r(271,1,9,1537)
w(271,2,9,1537)
r(271,2,9,1537)
r(271,2,9,1537)
r(267,3,6,1538)
w(271,3,6,1538)
r(268,7,6,1538)
w(265,5,6,1538)
w(271,4,14,1543)
w(271,5,14,1543)
r(271,5,14,1543)
r(271,5,14,1543)
w(267,8,14,1543)
r(271,5,14,1543)
r(267,8,14,1543)
w(273,1,2,1545)
r(275,0,2,1545)
r(274,0,2,1545)
r(275,0,2,1545)
w(275,1,2,1545)
r(265,5,2,1545)
r(273,1,2,1545)
r(275,1,2,1545)
w(273,3,7,1549)
w(275,5,7,1549)
r(273,3,7,1549)
r(275,5,7,1549)
r(275,5,7,1549)
r(275,5,7,1549)
w(275,7,8,1552)
r(273,3,8,1552)
w(275,8,8,1552)
w(273,5,8,1552)
r(275,8,1,1554)
r(275,8,1,1554)
r(275,8,1,1554)
w(273,6,1,1554)
r(276,0,7,1557)
r(272,0,7,1557)
w(273,7,7,1557)
w(273,8,7,1557)
r(274,0,7,1557)
w(274,2,8,1559)
w(265,6,8,1559)
r(277,0,8,1559)
w(276,1,8,1559)
w(277,1,8,1559)
r(276,1,8,1559)
r(277,1,8,1559)
r(274,2,8,1559)
r(276,1,5,1563)
w(276,4,5,1563)
w(277,3,5,1563)
r(276,4,5,1563)
r(276,4,5,1563)
w(276,5,5,1563)
w(276,7,5,1566)
r(276,7,5,1566)
r(277,3,5,1566)
w(276,8,5,1566)
w(277,4,2,1568)
r(278,0,2,1568)
r(278,0,2,1568)
w(278,1,2,1568)
r(277,4,7,1571)
w(278,2,7,1571)
r(277,4,7,1571)
r(278,2,7,1571)
r(278,2,7,1571)
w(274,4,7,1571)
r(277,4,0,1577)
r(277,4,0,1577)
r(277,4,0,1577)
w(278,8,0,1577)
r(278,8,0,1577)
w(274,6,9,1578)
r(278,2,9,1578)
r(274,6,9,1578)
r(277,4,9,1578)
r(279,0,1,1581)
r(279,0,1,1581)
r(279,0,1,1581)
w(279,1,1,1581)
w(277,6,1,1581)
r(280,0,1,1581)
w(277,7,1,1581)
r(280,0,1,1581)
r(281,0,6,1587)
r(281,0,6,1587)
r(279,1,6,1587)
r(279,1,6,1587)
w(274,8,7,1588)
w(279,5,7,1588)
w(279,6,7,1588)
r(279,6,7,1588)
r(277,7,7,1588)
r(274,8,7,1588)
r(279,6,7,1588)
r(281,0,6,1592)
w(279,7,6,1592)
r(281,0,6,1592)
r(279,7,6,1592)
r(279,7,6,1592)
w(281,1,6,1592)
w(281,2,6,1592)
r(283,0,6,1597)
w(281,6,6,1597)
r(283,0,6,1597)
w(272,3,6,1597)
r(283,0,6,1597)
r(281,6,6,1597)
w(281,7,6,1597)
r(283,0,6,1597)
r(282,0,9,1600)
r(282,0,9,1600)
r(281,2,9,1600)
r(283,0,9,1600)
r(281,2,9,1600)
r(283,0,9,1600)
r(283,0,9,1600)
w(283,4,9,1600)
r(282,0,7,1602)
w(281,8,7,1602)
r(283,0,7,1602)
r(281,8,7,1602)
r(283,0,7,1602)
r(281,8,7,1602)
r(281,8,7,1602)
w(282,2,14,1603)
r(283,4,14,1603)
r(283,4,14,1603)
r(272,3,14,1603)
r(283,4,14,1603)
w(283,8,5,1608)
r(285,0,5,1608)
r(285,0,5,1608)
r(282,2,5,1608)
w(284,1,8,1614)
r(284,1,8,1614)
w(285,3,8,1614)
r(280,0,8,1614)
r(284,1,8,1614)
w(285,4,8,1614)
r(285,4,6,1618)
r(285,4,6,1618)
w(284,3,6,1618)
w(285,6,6,1618)
w(285,7,6,1618)
r(282,2,6,1618)
w(284,4,6,1618)
r(280,0,1,1620)
r(280,0,1,1620)
r(286,0,1,1620)
w(286,1,1,1620)
w(286,2,14,1625)
r(284,4,14,1625)
w(284,6,14,1625)
w(286,3,14,1625)
w(272,4,14,1625)
w(286,4,14,1625)
r(286,4,14,1625)
r(284,6,14,1625)
w(287,1,0,1629)
r(288,0,0,1629)
r(288,0,0,1629)
r(280,0,0,1629)
r(287,1,0,1629)
r(272,4,0,1629)
r(282,2,0,1629)
r(288,0,0,1629)
r(288,0,1,1633)
w(288,1,1,1633)
r(288,1,1,1633)
w(288,2,1,1633)
w(288,3,1,1633)
w(288,4,1,1633)
r(288,4,1,1633)
r(288,4,1,1633)
r(287,1,7,1635)
w(288,6,7,1635)
r(287,1,7,1635)
r(288,6,7,1635)
r(287,1,7,1635)
w(288,8,14,1639)
r(288,8,14,1639)
r(288,8,14,1639)
r(290,0,14,1639)
r(287,1,14,1639)
r(289,0,14,1639)
r(287,1,14,1639)
w(272,7,1,1642)
w(290,1,1,1642)
w(290,2,1,1642)
w(290,3,1,1642)
w(290,7,8,1645)
w(272,8,8,1645)
r(290,7,8,1645)
r(289,0,8,1645)
w(280,3,8,1645)
r(290,3,2,1648)
r(289,0,2,1648)
w(287,6,2,1648)
w(287,7,2,1648)
w(280,4,7,1651)
w(292,1,7,1651)
r(292,1,7,1651)
r(292,1,7,1651)
w(293,1,7,1651)
r(293,1,9,1655)
w(292,5,9,1655)
w(292,6,9,1655)
w(293,3,9,1655)
r(289,0,9,1655)
r(291,0,9,1660)
r(293,3,9,1660)
w(289,4,9,1660)
w(289,5,9,1660)
r(294,0,9,1660)
r(293,3,0,1661)
w(293,4,0,1661)
r(294,0,0,1661)
r(293,4,0,1661)
w(294,1,0,1661)
w(294,3,6,1666)
w(294,4,6,1666)
w(294,5,6,1666)
r(293,4,6,1666)
r(294,5,6,1666)
r(293,4,1,1673)
w(295,2,1,1673)
w(293,7,1,1673)
w(295,3,1,1673)
r(293,7,1,1673)
w(289,7,1,1673)
w(280,5,1,1673)
w(289,8,9,1678)
w(295,8,9,1678)
r(295,8,9,1678)
r(295,8,9,1678)
r(297,0,9,1678)
w(297,1,9,1678)
r(296,0,2,1682)
r(297,1,2,1682)
r(297,1,2,1682)
w(297,6,2,1682)
w(298,2,9,1687)
r(298,2,9,1687)
w(298,3,9,1687)
r(280,5,9,1687)
r(298,3,9,1687)
r(297,6,6,1690)
w(280,7,6,1690)
w(296,6,6,1690)
r(297,6,6,1690)
r(297,6,6,1690)
r(297,6,6,1690)
w(296,7,6,1690)
w(291,1,6,1690)
w(299,3,8,1694)
r(296,7,8,1694)
w(299,4,8,1694)
r(298,3,8,1694)
w(299,5,8,1694)
w(291,2,2,1698)
r(296,7,2,1698)
r(298,3,2,1698)
r(296,7,2,1698)
w(298,6,2,1698)
r(299,5,2,1698)
w(299,7,8,1702)
w(298,7,8,1702)
w(299,8,8,1702)
r(299,8,8,1702)
r(300,0,8,1702)
w(301,2,0,1705)
w(300,3,0,1705)
r(300,3,0,1705)
r(301,2,0,1705)
r(280,7,0,1705)
r(280,7,0,1705)
w(301,5,2,1710)
w(301,6,2,1710)
r(300,3,2,1710)
w(301,7,2,1710)
r(303,0,8,1718)
r(302,0,8,1718)
w(302,2,8,1718)
w(300,6,8,1718)
w(303,3,8,1718)
w(302,3,8,1718)
w(280,8,1,1719)
r(300,6,1,1719)
r(280,8,1,1719)
r(303,3,1,1719)
r(304,0,8,1722)
r(300,6,8,1722)
r(303,3,8,1722)
r(303,3,8,1722)
r(300,6,8,1722)
w(303,5,2,1723)
r(303,5,2,1723)
w(302,5,2,1723)
r(303,5,2,1723)
r(280,8,2,1723)
r(300,6,2,1723)
r(304,0,9,1725)
w(303,6,9,1725)
w(303,7,9,1725)
r(302,5,9,1725)
w(302,6,9,1725)
w(304,1,1,1727)
w(303,8,1,1727)
r(300,6,1,1727)
r(303,8,1,1727)
r(300,6,8,1729)
r(300,6,8,1729)
w(304,2,8,1729)
r(303,8,8,1729)
r(303,8,0,1731)
w(300,8,0,1731)
w(306,1,0,1731)
w(305,1,0,1731)
r(305,1,0,1734)
r(306,1,0,1734)
r(304,2,0,1734)
r(304,2,0,1734)
r(305,1,0,1734)
w(291,4,2,1735)
r(306,1,2,1735)
w(304,3,2,1735)
w(305,2,2,1735)
r(305,2,2,1735)
w(305,3,2,1735)
r(305,3,0,1740)
w(305,4,0,1740)
w(306,2,0,1740)
r(302,6,0,1740)
w(305,5,0,1740)
w(302,7,0,1740)
w(302,8,0,1740)
w(307,1,5,1746)
r(291,4,5,1746)
w(306,4,5,1746)
r(306,4,5,1746)
r(306,4,5,1746)
w(307,2,5,1746)
r(308,0,6,1752)
r(306,4,6,1752)
r(306,4,6,1752)
w(307,5,6,1752)
r(308,0,6,1752)
w(306,8,6,1752)
r(309,0,8,1757)
r(309,0,8,1757)
w(308,6,8,1757)
r(308,6,8,1757)
w(308,7,0,1764)
w(309,4,0,1764)
w(310,2,0,1764)
r(304,3,0,1764)
w(309,5,0,1764)
w(308,8,0,1764)
w(310,6,7,1768)
w(309,7,7,1768)
w(309,8,7,1768)
w(310,7,7,1768)
r(309,8,7,1768)
r(311,0,7,1768)
r(311,0,3,1771)
r(309,8,3,1771)
r(311,0,3,1771)
r(311,0,3,1771)
r(311,0,7,1775)
r(311,0,7,1775)
w(312,1,7,1775)
r(311,0,7,1775)
r(311,0,7,1775)
w(312,2,7,1775)
w(312,5,5,1779)
w(311,6,5,1779)
r(311,6,5,1779)
w(312,6,5,1779)
w(311,8,0,1784)
r(304,3,0,1784)
w(313,1,0,1784)
r(314,0,0,1784)
w(314,1,0,1784)
r(313,1,0,1784)
r(314,1,0,1784)
r(314,1,0,1784)
r(312,6,1,1793)
r(291,4,1,1793)
w(314,5,1,1793)
w(313,2,1,1793)
r(314,5,1,1793)
w(312,8,1,1793)
r(312,6,6,1794)
r(314,1,6,1794)
r(312,6,6,1794)
r(312,6,6,1794)
r(291,4,6,1794)
w(315,1,6,1794)
r(315,1,6,1794)
r(315,1,6,1794)
w(316,2,8,1801)
r(315,1,8,1801)
r(315,1,8,1801)
r(316,2,8,1801)
r(316,2,7,1804)
r(316,2,7,1804)
w(317,1,7,1804)
w(317,2,7,1804)
r(317,2,8,1808)
r(317,2,8,1808)
r(317,2,8,1808)
w(317,4,8,1808)
r(317,4,8,1808)
w(291,6,8,1808)
w(291,7,8,1808)
r(316,2,8,1808)
r(313,2,0,1812)
w(317,7,0,1812)
w(316,6,0,1812)
r(317,7,0,1812)
r(317,7,0,1812)
w(317,8,0,1812)
r(313,2,0,1812)
r(316,2,5,1815)
r(317,4,5,1815)
r(317,4,5,1815)
r(291,7,5,1815)
w(318,1,5,1815)
w(304,8,5,1815)
r(304,8,5,1815)
w(316,7,1,1820)
w(313,7,1,1820)
w(316,8,1,1820)
r(316,8,1,1820)
r(319,0,9,1824)
r(313,7,9,1824)
w(321,1,9,1824)
r(320,0,9,1824)
w(320,1,1,1825)
w(320,2,1,1825)
w(320,3,1,1825)
r(320,3,1,1825)
r(320,3,1,1825)
r(316,8,1,1825)
w(320,4,1,1825)
r(320,4,1,1825)
r(321,1,6,1831)
r(313,7,6,1831)
w(320,5,6,1831)
r(320,5,6,1831)
w(321,2,6,1831)
w(323,1,3,1835)
w(319,2,3,1835)
r(321,1,3,1835)
w(323,2,3,1835)
r(323,2,9,1838)
r(323,2,9,1838)
w(323,5,9,1838)
w(323,6,9,1838)
w(321,6,9,1838)
w(322,2,2,1841)
w(322,3,2,1841)
w(319,3,2,1841)
w(322,4,2,1841)
r(321,6,14,1843)
r(323,6,14,1843)
w(321,7,14,1843)
w(321,8,14,1843)
r(323,6,3,1845)
r(321,8,3,1845)
r(322,4,3,1845)
r(322,4,3,1845)
r(323,6,5,1849)
r(323,6,5,1849)
r(291,7,5,1849)
w(323,7,5,1849)
r(324,0,5,1849)
w(323,8,5,1849)
w(324,1,5,1849)
w(325,1,14,1850)
r(319,3,14,1850)
w(325,2,14,1850)
r(325,2,14,1850)
w(325,3,14,1850)
r(325,3,5,1853)
r(319,3,5,1853)
r(324,1,5,1853)
r(325,3,5,1853)
r(325,3,5,1853)
r(325,3,5,1853)
r(325,3,5,1853)
w(325,5,5,1853)
w(325,6,0,1858)
w(324,2,0,1858)
r(325,6,0,1858)
w(325,7,0,1858)
r(324,2,0,1858)
w(291,8,0,1858)
r(325,7,0,1858)
r(327,0,1,1864)
r(324,2,1,1864)
w(324,6,1,1864)
w(324,7,1,1864)
w(326,4,1,1864)
w(328,1,14,1872)
w(328,2,14,1872)
r(329,0,14,1872)
r(291,8,14,1872)
w(328,3,14,1872)
r(329,0,14,1872)
w(329,1,14,1872)
w(329,3,1,1874)
w(326,7,1,1874)
r(329,3,1,1874)
w(328,7,1,1874)
r(328,7,0,1875)
r(328,7,0,1875)
w(328,8,0,1875)
r(328,8,0,1875)
w(326,8,0,1875)
r(329,3,0,1875)
r(328,8,0,1875)
r(329,3,0,1878)
w(319,6,0,1878)
r(329,3,0,1878)
r(319,6,0,1878)
w(330,3,6,1883)
w(329,4,6,1883)
r(291,8,6,1883)
r(329,4,6,1883)
w(330,4,6,1883)
r(329,4,6,1883)
r(319,6,6,1883)
r(333,0,2,1892)
w(332,2,2,1892)
w(333,1,2,1892)
w(332,3,2,1892)
r(333,1,2,1892)
r(332,3,2,1892)
w(329,7,2,1892)
r(333,0,14,1895)
w(331,2,14,1895)
r(333,0,14,1895)
r(332,0,14,1895)
r(333,1,6,1901)
w(332,6,6,1901)
r(333,1,6,1901)
r(333,1,6,1901)
w(332,7,6,1901)
r(333,1,6,1901)
w(335,1,5,1906)
r(335,1,5,1906)
r(335,1,5,1906)
w(331,3,5,1906)
r(335,1,5,1906)
r(335,1,5,1906)
r(335,1,5,1906)
w(337,2,5,1915)
r(337,2,5,1915)
r(334,0,5,1915)
r(337,2,5,1915)
r(337,2,5,1915)
w(331,4,5,1915)
w(337,3,5,1915)
w(337,4,5,1915)
w(334,7,2,1918)
w(337,8,2,1918)
r(338,0,2,1918)
w(336,2,2,1918)
r(334,7,2,1918)
r(339,0,2,1921)
r(334,7,2,1921)
r(339,0,2,1921)
w(339,1,2,1921)
r(339,1,9,1927)
r(334,7,9,1927)
w(339,2,9,1927)
r(334,7,9,1927)
w(339,3,9,1927)
r(339,1,7,1929)
r(338,0,7,1929)
r(339,1,7,1929)
r(339,1,7,1929)
r(334,7,7,1929)
w(336,4,7,1929)
w(334,8,7,1929)
w(340,2,7,1933)
w(340,3,7,1933)
r(339,3,7,1933)
r(339,3,7,1933)
r(339,3,7,1933)
r(339,3,7,1933)
r(340,3,7,1933)
r(341,0,6,1935)
r(341,0,6,1935)
r(340,3,6,1935)
w(341,1,6,1935)
r(341,1,6,1935)
r(340,3,6,1935)
r(341,1,6,1935)
w(341,2,6,1935)
w(341,6,5,1943)
r(340,3,5,1943)
r(340,3,5,1943)
w(341,7,5,1943)
w(341,8,5,1943)
r(341,8,5,1943)
r(341,8,5,1943)
r(331,4,3,1947)
r(342,0,3,1947)
w(342,2,3,1947)
w(340,8,3,1947)
r(342,2,3,1947)
r(338,0,3,1950)
r(343,0,3,1950)
r(338,0,3,1950)
r(342,2,3,1950)
r(342,2,3,1950)
r(342,2,2,1951)
w(342,5,2,1951)
r(343,0,2,1951)
r(331,4,2,1951)
r(342,5,2,1951)
w(336,6,6,1954)
r(343,0,6,1954)
w(338,1,6,1954)
r(343,0,6,1954)
w(343,2,6,1954)
r(342,5,6,1954)
r(343,2,6,1954)
w(343,3,6,1954)
w(342,6,8,1959)
w(331,6,8,1959)
r(343,0,8,1959)
w(342,7,8,1959)
w(344,1,6,1962)
r(343,3,6,1962)
r(343,3,6,1962)
w(336,7,6,1962)
w(344,2,6,1962)
w(343,6,6,1962)
w(344,4,0,1965)
w(344,5,0,1965)
w(343,8,0,1965)
r(343,8,0,1965)
r(344,5,6,1971)
w(344,6,6,1971)
w(345,1,6,1971)
w(344,7,6,1971)
w(346,1,6,1971)
r(344,7,6,1971)
r(344,7,6,1971)
r(345,1,2,1977)
w(347,3,2,1977)
r(346,1,2,1977)
w(347,4,2,1977)
w(346,3,2,1977)
r(347,4,2,1977)
r(347,4,2,1977)
w(347,5,2,1977)
