w(3,1,7,6)
r(3,1,7,6)
r(3,1,7,6)
r(1,0,7,6)
r(6,0,1,14)
w(5,3,1,14)
r(6,0,1,14)
r(2,0,1,14)
w(2,3,1,14)
w(5,5,2,23)
r(5,5,2,23)
r(6,0,2,23)
w(5,6,2,23)
w(5,7,2,23)
w(6,1,2,23)
r(5,7,2,23)
w(1,3,2,23)
r(2,3,4,30)
w(8,3,4,30)
w(8,4,4,30)
r(6,1,4,30)
r(8,4,6,37)
r(8,4,6,37)
w(8,6,6,37)
r(9,0,6,37)
r(0,0,6,37)
w(8,7,6,37)
r(9,0,6,37)
r(10,0,5,43)
w(10,2,5,43)
w(9,1,5,43)
w(1,6,5,43)
r(10,2,5,43)
w(2,8,6,48)
w(0,4,6,48)
r(10,0,6,48)
r(10,0,6,48)
r(1,6,6,56)
r(11,0,6,56)
r(12,0,6,56)
w(11,2,6,56)
r(12,0,6,56)
r(12,0,6,56)
w(12,3,0,57)
r(9,1,0,57)
w(12,4,0,57)
w(12,5,0,57)
w(1,8,0,57)
r(12,5,0,57)
w(9,8,0,57)
w(12,7,5,59)
r(12,7,5,59)
r(13,0,5,59)
w(13,2,5,59)
r(12,7,1,62)
w(13,3,1,62)
r(12,7,1,62)
w(13,4,1,62)
w(12,8,1,62)
r(12,8,1,62)
r(15,0,1,62)
r(13,4,0,65)
r(13,4,0,65)
r(15,0,0,65)
r(13,4,0,65)
r(15,0,0,65)
w(0,5,3,71)
w(13,6,3,71)
w(15,2,3,71)
r(0,5,3,71)
w(15,3,3,71)
r(15,3,3,71)
r(13,6,0,73)
r(11,2,0,73)
r(13,6,0,73)
r(13,6,0,73)
r(15,3,0,73)
r(15,3,0,73)
r(13,6,0,76)
r(13,6,0,76)
w(13,7,0,76)
w(13,8,0,76)
r(16,0,0,76)
r(18,0,0,76)
r(16,0,4,77)
r(16,0,4,77)
r(16,0,4,77)
w(16,1,4,77)
r(16,1,4,77)
r(16,1,4,77)
w(16,2,4,77)
w(16,3,7,80)
w(18,1,7,80)
r(14,0,7,80)
w(18,2,7,80)
r(14,0,7,80)
w(18,4,0,84)
r(0,5,0,84)
r(14,0,0,84)
r(18,4,0,84)
r(16,3,0,84)
r(18,4,0,84)
r(17,0,0,84)
r(16,3,8,92)
w(16,8,8,92)
r(17,0,8,92)
r(17,0,8,92)
r(16,3,1,94)
r(19,0,1,94)
w(17,5,1,94)
w(19,1,1,94)
w(14,3,7,99)
w(19,2,7,99)
r(17,5,7,99)
w(19,3,7,99)
r(19,3,7,99)
w(14,4,7,99)
w(14,5,7,99)
r(17,5,7,99)
r(18,4,1,106)
w(21,1,1,106)
w(14,6,1,106)
w(20,1,1,106)
r(18,4,1,106)
r(0,5,1,106)
w(20,2,1,106)
r(21,1,5,110)
r(21,1,5,110)
w(21,7,5,110)
r(20,2,5,110)
r(20,2,9,113)
r(21,1,9,113)
r(18,4,9,113)
r(20,2,9,113)
w(18,6,9,113)
r(20,2,9,113)
r(0,5,9,113)
w(18,8,6,116)
r(20,2,6,116)
r(21,7,6,116)
w(21,8,6,116)
r(14,6,0,118)
r(23,0,0,118)
w(20,4,0,118)
w(23,1,0,118)
r(14,6,9,121)
w(23,5,9,121)
w(22,2,9,121)
r(23,5,9,121)
r(14,6,9,123)
r(20,4,9,123)
r(20,4,9,123)
w(20,5,9,123)
r(14,6,9,123)
r(23,5,9,123)
w(20,6,8,125)
r(23,5,8,125)
r(23,5,8,125)
r(23,5,8,125)
r(20,6,8,125)
r(20,6,8,125)
w(23,7,5,136)
w(22,3,5,136)
r(23,7,5,136)
w(23,8,5,136)
w(14,7,5,136)
r(23,8,5,136)
w(22,4,5,136)
r(24,0,5,136)
r(25,0,7,137)
r(25,0,7,137)
w(24,4,7,137)
w(24,5,7,137)
r(25,0,7,137)
w(24,6,7,137)
r(24,6,7,137)
r(25,0,7,137)
w(26,1,9,143)
w(26,2,9,143)
w(26,3,9,143)
w(26,4,9,143)
w(25,3,9,143)
w(27,3,2,149)
w(27,4,2,149)
w(22,8,2,149)
r(14,7,2,149)
r(22,8,1,151)
w(28,2,1,151)
r(28,2,1,151)
r(28,2,1,151)
r(25,3,1,151)
w(28,5,1,159)
r(25,3,1,159)
w(28,6,1,159)
w(28,7,1,159)
w(28,8,1,159)
w(31,1,1,159)
r(31,1,1,159)
w(0,8,1,159)
w(32,2,6,161)
r(29,0,6,161)
w(29,1,6,161)
r(33,0,6,161)
r(33,0,6,161)
r(29,1,5,165)
r(30,0,5,165)
w(30,2,5,165)
w(33,1,5,165)
r(33,1,5,165)
w(33,2,5,165)
r(33,2,5,165)
w(33,4,1,167)
r(0,8,1,167)
r(33,4,1,167)
w(33,5,1,167)
r(30,2,1,167)
r(33,5,1,167)
r(33,5,1,167)
w(34,1,8,171)
r(34,1,8,171)
r(34,1,8,171)
w(34,2,8,171)
w(32,3,4,173)
w(33,6,4,173)
w(33,7,4,173)
r(33,7,4,173)
w(33,8,4,173)
w(34,3,6,180)
w(34,4,6,180)
w(30,4,6,180)
r(30,4,6,180)
r(30,4,6,180)
r(0,8,1,184)
r(35,0,1,184)
r(35,0,1,184)
r(36,0,1,184)
r(30,4,1,184)
r(35,0,1,184)
r(30,4,1,184)
r(32,3,2,185)
w(30,5,2,185)
r(0,8,2,185)
r(30,5,2,185)
w(32,8,2,185)
w(36,1,0,188)
w(30,6,0,188)
r(35,0,0,188)
r(35,0,0,188)
r(35,0,8,192)
r(35,0,8,192)
w(29,2,8,192)
w(30,8,8,192)
r(35,0,6,193)
w(35,4,6,193)
r(35,4,6,193)
r(30,6,6,193)
r(35,4,6,193)
r(29,1,6,193)
r(30,6,6,193)
r(35,4,6,193)
r(35,4,2,198)
w(35,5,2,198)
w(35,6,2,198)
r(35,6,2,198)
w(29,7,6,211)
r(39,0,6,211)
r(37,0,6,211)
r(39,0,6,211)
w(38,3,6,211)
w(39,6,6,211)
r(38,3,6,211)
w(39,7,6,211)
w(36,7,0,214)
r(40,0,0,214)
w(36,8,0,214)
r(38,0,0,214)
r(36,8,0,214)
r(40,0,0,214)
r(38,3,3,219)
w(38,8,3,219)
w(40,3,3,219)
r(38,8,3,219)
w(40,4,3,219)
r(40,4,3,219)
w(40,5,3,219)
w(41,3,9,223)
w(41,4,9,223)
r(40,5,9,223)
r(40,5,9,223)
w(42,1,9,223)
w(42,2,9,223)
w(41,5,9,223)
r(42,2,9,223)
r(44,0,3,228)
w(42,4,3,228)
r(29,7,3,228)
r(42,4,3,228)
w(42,5,3,228)
r(29,7,3,228)
r(42,5,3,228)
w(44,1,3,235)
w(45,1,3,235)
r(45,1,3,235)
w(37,1,3,235)
r(43,0,1,241)
w(44,4,1,241)
r(29,7,1,241)
r(45,1,1,241)
w(44,5,1,241)
r(45,1,1,241)
r(44,5,1,241)
w(43,3,4,244)
w(45,7,4,244)
r(45,7,4,244)
w(45,8,4,244)
r(46,0,3,245)
r(46,0,3,245)
r(43,0,3,245)
r(37,1,3,245)
w(29,8,3,245)
w(46,1,1,249)
w(46,2,1,249)
r(46,2,1,249)
r(46,2,1,249)
r(46,2,3,253)
r(46,2,3,253)
w(44,8,3,253)
r(29,8,3,253)
w(43,4,3,253)
w(46,5,2,255)
r(44,5,2,255)
w(46,6,2,255)
r(47,0,2,255)
r(46,6,2,255)
r(46,6,2,255)
w(48,3,2,259)
w(48,4,2,259)
w(47,3,2,259)
r(48,4,2,259)
r(47,3,2,259)
r(48,4,1,264)
w(43,6,1,264)
r(47,3,1,264)
r(48,4,1,264)
w(48,5,1,264)
w(48,6,1,264)
r(48,6,1,264)
w(48,7,1,264)
r(43,4,6,266)
w(49,2,6,266)
w(49,3,6,266)
w(49,4,6,266)
r(43,6,6,271)
r(49,4,6,271)
r(49,4,6,271)
w(50,1,6,271)
w(47,4,6,271)
w(51,1,7,277)
w(51,2,7,277)
w(47,6,7,277)
w(51,3,7,277)
w(51,4,7,277)
w(51,5,7,277)
w(50,3,7,277)
r(53,0,6,283)
r(53,0,6,283)
r(53,0,6,283)
w(52,4,6,283)
r(53,0,6,283)
r(53,0,0,286)
r(53,0,0,286)
w(54,1,0,286)
w(53,6,0,286)
w(54,2,0,286)
r(53,6,0,286)
w(53,7,0,286)
r(52,4,4,291)
r(55,0,4,291)
w(54,4,4,291)
w(50,4,4,291)
r(52,4,4,291)
w(53,8,0,292)
w(55,1,0,292)
w(55,2,0,292)
r(55,2,0,292)
r(55,2,0,292)
r(52,4,3,300)
w(55,6,3,300)
w(55,7,3,300)
r(55,7,3,300)
r(55,7,3,300)
w(50,5,3,300)
r(57,0,5,305)
w(58,2,5,305)
r(58,2,5,305)
w(58,3,5,305)
r(58,3,5,305)
r(57,0,5,305)
w(58,4,5,305)
r(58,4,7,311)
r(58,4,7,311)
r(58,4,7,311)
w(58,6,7,311)
w(58,7,7,311)
r(58,7,7,311)
w(58,8,7,311)
w(59,1,5,314)
r(59,1,5,314)
r(59,1,5,314)
r(59,1,5,314)
w(59,2,5,314)
w(56,3,4,315)
w(57,6,4,315)
w(57,7,4,315)
r(57,7,4,315)
r(59,2,7,320)
w(59,3,7,320)
w(59,4,7,320)
r(59,4,7,320)
r(59,2,1,324)
w(56,4,1,324)
w(60,1,1,324)
r(56,4,1,324)
r(50,5,1,324)
w(56,5,1,324)
r(56,5,1,324)
r(56,5,1,324)
r(56,3,9,326)
r(59,4,9,326)
w(59,8,9,326)
r(59,8,9,326)
r(59,8,9,326)
w(37,2,9,326)
r(60,1,8,327)
r(62,0,8,327)
r(56,5,8,327)
r(62,0,8,327)
w(62,1,0,331)
r(50,5,0,331)
r(61,0,0,331)
w(61,1,0,331)
w(62,2,0,331)
w(62,3,0,331)
r(62,3,0,336)
r(50,5,0,336)
r(56,5,0,336)
w(56,7,0,336)
w(62,5,7,337)
w(62,6,7,337)
r(62,6,7,337)
w(62,7,7,337)
r(63,0,4,342)
w(37,4,4,342)
r(63,0,4,342)
w(50,8,4,342)
w(56,8,4,342)
r(56,7,2,343)
r(56,7,2,343)
w(63,2,2,343)
r(63,2,2,343)
r(63,2,2,343)
r(65,0,2,354)
r(65,0,2,354)
r(65,0,2,354)
w(65,1,2,354)
w(65,2,2,354)
w(65,3,2,354)
r(65,3,2,354)
r(50,8,2,354)
w(63,3,4,355)
r(63,3,4,355)
r(63,3,4,355)
w(63,4,4,355)
w(63,5,4,355)
w(63,6,4,355)
r(63,6,4,355)
r(37,4,5,358)
w(64,3,5,358)
r(64,3,5,358)
w(67,2,5,358)
r(67,2,3,364)
r(66,0,3,364)
w(67,4,3,364)
w(67,5,3,364)
r(67,5,3,364)
r(67,5,3,364)
w(67,6,3,364)
w(69,1,7,368)
w(37,5,7,368)
r(69,1,7,368)
w(64,4,7,368)
r(70,0,6,372)
r(64,4,6,372)
r(70,0,6,372)
r(70,0,6,372)
w(64,7,6,372)
r(70,0,6,372)
w(64,8,6,372)
r(64,4,4,373)
r(70,0,4,373)
r(70,0,4,373)
r(70,0,4,373)
w(70,1,4,373)
w(69,3,4,373)
r(70,1,4,373)
r(69,3,4,373)
r(68,0,7,376)
w(70,2,7,376)
r(69,3,7,376)
r(70,2,7,376)
w(70,3,7,376)
w(71,1,2,377)
r(69,3,2,377)
w(69,4,2,377)
r(70,1,2,377)
r(70,3,6,380)
w(70,4,6,380)
r(70,4,6,380)
r(69,4,6,380)
w(70,5,6,380)
r(70,5,6,380)
w(70,6,6,380)
r(70,3,7,383)
r(70,3,7,383)
r(69,4,7,383)
w(69,5,7,383)
r(69,5,7,383)
w(37,6,7,383)
w(69,6,7,383)
w(71,2,1,388)
w(37,7,1,388)
r(73,0,1,388)
r(71,2,1,388)
r(72,0,1,388)
w(72,2,1,388)
r(72,2,1,388)
r(72,2,1,388)
r(72,2,0,391)
w(37,8,0,391)
w(73,1,0,391)
w(72,3,0,391)
r(72,3,0,391)
w(72,4,0,391)
r(72,4,0,391)
r(73,1,5,396)
r(73,1,5,396)
w(74,1,5,396)
r(68,0,5,396)
r(74,1,5,396)
r(73,1,5,396)
r(71,2,5,396)
w(74,2,5,396)
r(74,2,4,401)
w(74,8,4,401)
w(71,5,4,401)
w(68,3,4,401)
r(74,8,4,401)
w(73,4,4,401)
r(76,0,8,407)
r(68,3,8,407)
w(71,7,8,407)
w(76,4,8,407)
r(76,4,8,407)
r(76,4,8,407)
r(76,4,8,407)
w(76,5,8,407)
r(77,0,0,419)
w(73,6,0,419)
r(71,7,0,419)
w(77,2,0,419)
w(77,3,0,419)
r(77,3,0,419)
r(73,6,0,419)
w(80,1,3,426)
w(79,3,3,426)
r(80,1,3,426)
w(80,2,3,426)
r(79,3,3,426)
r(80,2,3,426)
w(78,1,3,426)
w(80,5,4,428)
w(68,4,4,428)
r(80,5,4,428)
w(80,6,4,428)
r(79,3,1,432)
r(68,4,1,432)
r(79,3,1,432)
w(79,6,1,432)
r(78,1,1,432)
r(80,6,1,432)
r(75,0,9,438)
r(78,1,9,438)
r(68,4,9,438)
r(78,1,9,438)
w(82,1,9,438)
w(82,2,9,438)
r(81,0,9,438)
w(68,6,4,439)
w(78,5,4,439)
r(82,0,4,439)
r(81,0,4,439)
r(81,0,4,439)
r(81,0,4,439)
r(81,0,4,439)
w(81,4,3,446)
w(81,5,3,446)
w(81,6,3,446)
w(81,7,3,446)
w(82,4,3,446)
r(82,4,3,446)
w(82,7,3,450)
w(83,2,3,450)
r(82,7,3,450)
r(83,2,3,450)
w(82,8,3,450)
r(83,2,3,450)
r(83,2,9,454)
r(78,5,9,454)
r(83,2,9,454)
r(83,2,9,454)
w(83,4,9,454)
r(84,0,9,454)
r(78,5,9,454)
r(68,6,9,454)
r(78,5,7,456)
w(78,7,7,456)
r(83,2,7,456)
r(83,2,7,456)
r(83,4,3,458)
w(75,2,3,458)
r(83,4,3,458)
r(83,4,3,458)
w(84,1,3,458)
r(83,4,3,458)
w(68,8,9,460)
r(83,4,9,460)
r(84,0,9,460)
w(83,5,9,460)
w(83,6,9,460)
r(68,8,6,465)
r(85,0,6,465)
r(68,8,6,465)
r(68,8,6,465)
w(84,2,6,465)
r(84,2,6,465)
w(84,3,6,465)
r(85,0,6,465)
r(85,0,0,466)
r(84,1,0,466)
r(84,1,0,466)
r(85,0,0,466)
r(85,0,0,466)
r(78,7,0,466)
r(84,1,0,466)
w(85,3,7,471)
w(85,4,7,471)
w(78,8,7,471)
w(85,5,7,471)
r(84,3,7,471)
w(86,1,2,475)
r(84,3,2,475)
r(84,3,2,475)
r(87,0,2,475)
r(84,3,2,475)
r(88,0,2,475)
r(87,0,0,481)
w(87,4,0,481)
r(87,4,0,481)
r(84,3,0,481)
r(86,1,0,481)
w(87,5,0,481)
w(88,1,5,483)
w(87,8,5,483)
r(86,1,5,483)
r(84,3,5,483)
r(84,3,5,483)
r(86,1,9,487)
r(88,1,9,487)
r(88,1,9,487)
w(84,7,9,487)
r(84,7,9,487)
r(89,0,9,487)
w(88,2,9,487)
w(89,1,9,487)
w(89,5,5,492)
w(75,3,5,492)
r(84,7,5,492)
r(89,5,5,492)
w(91,2,8,499)
r(91,2,8,499)
r(90,0,8,499)
r(91,2,8,499)
w(90,1,8,499)
r(91,2,8,499)
w(91,3,8,499)
w(91,4,8,499)
w(92,5,6,504)
w(92,6,6,504)
w(92,7,6,504)
r(90,1,6,504)
w(75,4,6,504)
r(90,1,2,509)
w(88,5,2,509)
r(93,0,2,509)
r(90,1,2,509)
r(75,4,2,509)
w(93,1,2,509)
r(93,1,2,509)
r(90,1,2,509)
w(90,6,1,515)
r(93,1,1,515)
w(90,7,1,515)
w(88,7,1,515)
r(93,1,1,515)
r(90,1,7,518)
w(93,4,7,518)
w(94,1,7,518)
w(95,1,7,518)
w(95,2,7,518)
w(95,3,7,518)
r(93,4,7,518)
w(93,7,7,523)
w(93,8,7,523)
w(95,5,7,523)
r(95,5,7,523)
r(95,5,7,523)
w(96,1,7,523)
w(96,2,7,523)
w(96,3,7,523)
r(94,1,2,530)
r(97,0,2,530)
r(97,0,2,530)
r(98,0,2,530)
r(97,0,2,530)
r(98,0,2,530)
w(97,3,1,533)
w(95,7,1,533)
r(95,7,1,533)
w(95,8,1,533)
w(94,2,1,533)
r(97,3,1,533)
r(98,0,9,536)
w(97,7,9,536)
r(97,7,9,536)
r(98,0,9,536)
w(97,8,9,536)
w(98,2,3,541)
r(98,2,3,541)
w(99,1,3,541)
w(75,5,3,541)
r(98,2,3,541)
w(99,2,3,541)
w(94,3,3,541)
r(94,3,3,541)
w(99,8,0,548)
r(98,2,0,548)
w(98,6,0,548)
r(75,5,0,548)
w(98,7,0,548)
r(94,3,0,548)
r(98,7,0,548)
r(99,8,0,548)
r(99,2,1,551)
r(100,0,1,551)
w(100,1,1,551)
w(100,2,1,551)
w(86,8,1,551)
w(100,3,1,551)
w(100,4,1,551)
r(94,3,1,551)
w(94,5,6,552)
r(86,1,6,552)
r(101,0,6,552)
r(101,0,6,552)
r(86,1,6,552)
r(94,5,6,552)
w(94,6,6,552)
r(75,5,0,553)
w(100,7,0,553)
w(100,8,0,553)
r(100,8,0,553)
r(100,8,1,559)
w(103,1,1,559)
r(102,0,1,559)
w(94,7,1,559)
w(101,2,1,559)
r(101,2,1,559)
w(102,1,1,559)
r(101,0,3,560)
r(102,0,3,560)
r(101,0,3,560)
r(94,6,3,560)
r(94,7,7,565)
r(94,7,7,565)
r(102,1,7,565)
w(102,5,7,565)
r(102,5,7,565)
w(75,6,7,565)
r(101,2,7,565)
r(102,5,7,565)
r(102,5,2,567)
r(101,2,2,567)
w(101,7,2,567)
w(102,8,2,567)
r(101,7,4,571)
w(104,1,4,571)
r(75,6,4,571)
r(104,1,4,571)
w(104,2,4,571)
r(104,2,8,577)
w(101,8,8,577)
w(104,8,8,577)
r(104,8,8,577)
r(105,0,8,577)
w(105,1,8,577)
w(107,2,4,583)
w(107,3,4,583)
w(107,4,4,583)
r(106,0,4,583)
w(106,4,4,583)
w(103,3,4,583)
w(106,5,4,583)
r(107,4,4,583)
w(75,7,7,587)
r(107,4,7,587)
w(107,8,7,587)
w(109,1,7,587)
r(108,0,3,591)
w(109,2,3,591)
w(108,1,3,591)
w(109,3,3,591)
w(109,4,3,591)
r(103,3,6,595)
w(108,3,6,595)
w(105,7,6,595)
r(105,7,6,595)
w(109,7,6,595)
w(108,7,9,600)
w(103,4,9,600)
w(108,8,9,600)
w(105,8,9,600)
w(112,3,1,607)
r(113,0,1,607)
r(113,0,1,607)
r(113,0,1,607)
r(113,0,1,607)
r(103,4,1,607)
r(113,0,1,607)
r(113,0,9,610)
r(113,0,9,610)
w(113,1,9,610)
w(113,2,9,610)
r(112,3,3,618)
w(112,5,3,618)
r(113,2,3,618)
w(113,6,3,618)
w(110,5,3,618)
r(110,5,3,618)
w(114,3,9,621)
w(114,4,9,621)
r(114,4,9,621)
w(114,5,9,621)
r(114,5,9,621)
w(103,6,9,621)
w(114,6,9,621)
r(110,5,3,623)
r(112,5,3,623)
r(75,7,3,623)
r(115,0,3,623)
w(110,6,7,628)
w(115,1,7,628)
r(110,6,7,628)
w(115,2,7,628)
w(115,3,7,628)
w(116,1,3,632)
r(116,1,3,632)
w(112,8,3,632)
r(116,1,3,632)
r(116,1,3,632)
w(103,7,3,632)
r(116,1,3,632)
r(110,6,4,638)
w(116,4,4,638)
w(116,5,4,638)
r(116,5,4,638)
r(116,5,4,638)
r(110,6,4,638)
w(116,6,4,638)
r(110,6,6,639)
r(118,0,6,639)
w(118,1,6,639)
r(117,0,6,639)
w(118,2,0,643)
r(116,6,0,643)
r(116,6,0,643)
w(118,3,0,643)
r(117,0,0,643)
w(116,8,0,643)
r(120,0,0,643)
w(120,1,7,644)
w(120,2,7,644)
r(120,2,7,644)
w(119,1,7,644)
w(120,3,7,644)
r(120,3,3,648)
r(120,3,3,648)
w(121,1,3,648)
w(117,2,3,648)
r(118,3,3,648)
w(120,7,5,650)
w(118,4,5,650)
r(120,7,5,650)
r(120,7,5,650)
w(103,8,5,650)
r(120,7,5,650)
r(117,0,5,650)
w(120,8,5,650)
r(122,0,3,653)
w(122,1,3,653)
w(122,2,3,653)
r(122,2,3,653)
r(118,3,3,653)
w(118,5,9,655)
w(118,6,9,655)
r(118,6,9,655)
w(118,7,9,655)
w(122,6,4,658)
w(122,7,4,658)
w(122,8,4,658)
r(123,0,4,658)
r(122,2,7,660)
r(122,2,7,660)
w(117,4,7,660)
r(122,2,7,660)
r(122,2,7,660)
w(119,2,7,660)
r(124,0,7,660)
w(117,5,7,660)
r(123,0,0,668)
r(125,0,0,668)
w(117,7,0,668)
w(125,3,0,668)
w(123,4,0,668)
w(123,5,1,669)
w(117,8,1,669)
r(125,3,1,669)
r(123,5,1,669)
r(125,3,1,669)
w(125,4,5,674)
r(125,4,5,674)
w(123,6,5,674)
r(123,6,5,674)
w(125,5,5,674)
r(125,5,5,674)
w(127,2,6,677)
r(121,1,6,677)
w(127,3,6,677)
r(125,5,6,677)
r(125,5,6,677)
r(125,5,9,681)
r(125,5,9,681)
w(127,4,9,681)
r(126,0,9,681)
r(125,5,9,681)
r(121,1,9,681)
r(125,5,9,681)
w(127,5,9,681)
r(127,3,1,684)
r(125,5,1,684)
w(126,1,1,684)
w(125,8,1,684)
r(126,1,1,684)
r(125,8,1,684)
r(125,8,1,684)
w(126,2,1,684)
r(128,0,0,687)
w(127,8,0,687)
w(128,1,0,687)
w(121,2,0,687)
r(128,1,0,687)
r(129,0,0,687)
w(128,2,0,687)
r(128,2,0,687)
r(128,2,0,694)
r(128,2,0,694)
w(128,4,0,694)
w(128,5,0,694)
r(128,5,0,694)
w(128,6,0,694)
w(129,5,1,703)
r(130,0,1,703)
w(129,6,1,703)
w(130,1,1,703)
r(130,1,1,703)
w(132,2,1,708)
r(119,2,1,708)
r(132,2,1,708)
r(131,0,1,708)
w(132,3,1,708)
w(126,5,1,708)
r(132,3,1,708)
r(121,2,6,709)
r(132,0,6,709)
r(121,2,6,709)
r(126,2,6,709)
r(131,0,6,709)
w(132,4,6,714)
r(132,4,6,714)
w(132,5,6,714)
r(132,5,6,714)
w(126,6,6,714)
w(131,4,4,717)
r(131,4,4,717)
r(132,5,4,717)
r(132,5,4,717)
w(131,5,0,721)
r(132,5,0,721)
r(131,5,0,721)
r(121,2,0,721)
r(119,2,6,723)
r(133,0,6,723)
w(133,1,6,723)
r(121,2,6,723)
r(133,1,6,723)
r(131,4,6,723)
r(133,1,6,723)
w(133,2,6,723)
w(131,6,7,727)
r(133,2,7,727)
r(121,2,7,727)
r(133,2,7,727)
w(133,6,7,727)
w(133,7,7,727)
r(134,0,1,729)
r(134,0,1,729)
r(131,5,1,729)
r(126,6,1,729)
r(131,5,1,729)
r(131,5,1,729)
w(134,2,7,736)
r(121,2,7,736)
r(134,2,7,736)
r(134,2,7,736)
w(134,3,7,736)
r(136,0,8,739)
r(136,0,8,739)
w(136,1,8,739)
w(135,1,8,739)
r(135,1,8,742)
w(136,4,8,742)
r(137,0,8,742)
w(136,5,8,742)
r(136,5,8,742)
w(119,5,8,742)
r(137,0,8,742)
w(135,3,9,745)
w(137,4,9,745)
r(136,5,9,745)
r(137,4,9,745)
r(137,4,9,745)
w(137,5,9,745)
w(136,6,9,745)
w(136,7,9,745)
r(121,2,5,748)
r(138,0,5,748)
w(121,7,5,748)
r(137,5,5,748)
w(119,6,5,748)
r(137,5,5,748)
w(137,7,8,750)
r(137,7,8,750)
w(137,8,8,750)
w(139,1,8,750)
r(135,3,8,750)
r(139,1,8,750)
w(135,5,8,750)
w(139,4,1,754)
r(138,0,1,754)
r(139,4,1,754)
w(135,6,1,754)
r(135,6,1,754)
w(138,3,1,754)
r(139,4,1,754)
r(139,4,0,760)
r(138,3,0,760)
w(138,4,0,760)
w(139,7,0,760)
r(135,6,0,760)
w(139,8,0,760)
w(141,1,2,764)
r(138,4,2,764)
w(141,2,2,764)
r(141,2,2,764)
r(141,2,2,764)
w(141,3,2,764)
w(138,6,2,764)
r(135,6,2,764)
w(142,3,6,774)
w(143,3,6,774)
w(143,4,6,774)
w(143,5,6,774)
w(143,6,6,774)
r(142,3,6,774)
r(143,6,6,774)
r(145,0,7,777)
w(145,1,7,777)
w(119,8,7,777)
r(119,8,7,777)
r(145,1,7,777)
r(142,3,7,777)
r(147,0,9,788)
r(140,0,9,788)
r(147,0,9,788)
r(147,0,9,788)
r(147,0,9,788)
r(147,0,9,788)
r(147,0,9,788)
r(144,0,4,790)
w(140,6,4,790)
w(147,5,4,790)
w(147,6,4,790)
r(147,6,4,790)
w(148,1,4,790)
r(145,1,6,791)
w(145,5,6,791)
r(145,5,6,791)
w(145,6,6,791)
w(145,7,6,791)
w(145,8,6,791)
r(146,0,5,793)
r(147,0,5,793)
r(147,0,5,793)
w(149,1,5,793)
r(149,1,5,793)
w(149,2,5,793)
r(140,0,5,793)
r(149,2,3,810)
w(149,4,3,810)
w(149,5,3,810)
r(149,5,3,810)
w(140,7,3,810)
w(148,3,3,810)
r(150,0,1,814)
w(144,7,1,814)
r(150,0,1,814)
r(150,0,1,814)
r(148,1,1,814)
r(150,0,1,814)
w(150,5,1,814)
w(150,6,1,814)
r(152,0,1,816)
r(153,0,1,816)
r(152,0,1,816)
r(140,7,1,816)
r(153,0,1,816)
r(153,0,6,817)
w(152,1,6,817)
w(152,2,6,817)
r(153,0,6,817)
w(151,6,3,819)
w(151,7,3,819)
w(151,8,3,819)
r(151,8,3,819)
r(151,8,3,819)
r(152,0,3,819)
r(153,0,3,819)
r(153,0,3,819)
r(153,0,1,821)
r(144,7,1,821)
r(153,0,1,821)
r(153,0,1,821)
r(144,7,1,821)
w(153,1,1,821)
w(152,3,1,821)
r(153,1,1,824)
w(153,4,1,824)
r(153,4,1,824)
r(153,4,1,824)
r(154,0,3,829)
r(154,0,3,829)
w(146,2,3,829)
w(153,5,3,829)
r(152,3,3,829)
w(154,2,1,834)
w(152,4,1,834)
w(152,5,1,834)
r(152,5,1,834)
w(153,8,5,837)
w(154,3,5,837)
w(155,1,5,837)
w(155,2,5,837)
r(157,0,3,840)
r(154,3,3,840)
r(157,0,3,840)
w(157,2,3,840)
r(157,2,3,840)
r(157,2,3,840)
r(156,0,3,840)
r(157,2,6,846)
w(157,3,6,846)
r(146,2,6,846)
w(156,1,6,846)
r(154,3,6,846)
w(157,4,6,846)
r(157,4,6,850)
r(157,4,6,850)
r(158,0,6,850)
w(158,1,6,850)
w(158,2,6,850)
w(158,3,5,856)
r(158,3,5,856)
r(158,3,5,856)
w(158,4,5,856)
r(158,4,5,856)
r(158,4,5,856)
r(156,1,8,859)
r(156,1,8,859)
w(154,7,8,859)
r(156,1,8,859)
r(158,4,0,863)
r(156,1,0,863)
r(159,0,0,863)
w(159,1,0,863)
r(159,1,0,863)
w(159,2,0,863)
r(146,2,6,871)
w(156,7,6,871)
r(156,7,6,871)
w(159,6,6,871)
r(154,7,6,871)
w(156,8,6,871)
w(161,1,4,873)
r(161,1,4,873)
w(161,2,4,873)
w(161,3,4,873)
r(161,3,0,880)
w(163,1,0,880)
w(162,1,0,880)
r(160,0,0,880)
r(162,0,5,881)
w(160,2,5,881)
w(161,7,5,881)
w(161,8,5,881)
w(160,3,5,881)
r(164,0,9,892)
r(164,0,9,892)
w(164,2,9,892)
r(146,2,9,892)
w(155,5,9,892)
w(162,5,9,892)
w(160,6,9,892)
w(162,6,9,892)
r(165,0,0,896)
r(165,0,0,896)
r(160,6,0,896)
w(165,3,0,896)
r(165,3,0,896)
r(165,3,0,896)
w(165,4,0,896)
w(166,1,2,900)
r(165,0,2,900)
w(166,2,2,900)
r(165,0,2,900)
r(165,0,2,900)
r(162,6,2,900)
w(166,3,2,900)
r(166,3,2,900)
w(167,1,3,905)
r(167,1,3,905)
r(167,1,3,905)
w(168,1,3,905)
w(166,5,3,905)
w(168,4,3,907)
r(168,4,3,907)
w(168,5,3,907)
w(166,6,3,907)
r(166,6,0,911)
r(168,5,0,911)
w(166,7,0,911)
r(168,5,0,911)
r(166,7,0,911)
r(166,7,0,911)
r(166,7,0,911)
w(146,8,0,911)
r(166,6,6,912)
r(166,6,6,912)
r(168,5,6,912)
w(167,2,6,912)
w(168,6,6,912)
r(155,5,6,912)
w(168,7,6,912)
w(169,2,7,917)
r(166,7,7,917)
r(155,5,7,917)
r(169,2,7,917)
r(167,2,5,923)
r(169,2,5,923)
w(169,5,5,923)
r(169,5,5,923)
r(167,2,5,923)
w(169,6,5,923)
r(171,0,5,923)
r(171,0,5,923)
r(169,6,2,928)
w(171,8,2,928)
r(171,8,2,928)
r(173,0,2,928)
w(173,1,2,928)
r(173,1,2,928)
w(173,4,8,932)
r(171,8,8,932)
r(173,4,8,932)
r(173,4,8,932)
w(173,8,1,935)
r(173,8,1,935)
r(173,8,1,935)
r(167,2,1,935)
w(175,2,4,944)
w(175,3,4,944)
w(175,4,4,944)
r(170,0,4,944)
r(175,4,4,944)
r(176,0,4,944)
w(175,5,4,944)
r(175,5,4,944)
w(177,4,6,949)
w(177,5,6,949)
r(172,0,6,949)
w(176,3,6,949)
r(177,5,6,954)
w(177,7,6,954)
r(176,3,6,954)
r(176,3,6,954)
w(177,8,6,954)
r(176,3,6,954)
w(176,5,5,956)
r(178,0,5,956)
r(174,0,5,956)
r(178,0,5,956)
w(178,1,7,958)
w(172,3,7,958)
r(174,0,7,958)
w(178,2,7,958)
w(176,6,0,963)
w(174,6,0,963)
w(176,7,0,963)
r(178,0,0,963)
r(176,5,7,964)
r(172,3,7,964)
r(179,0,7,964)
r(178,2,7,964)
r(170,0,4,969)
w(178,6,4,969)
w(179,1,4,969)
r(178,6,4,969)
w(179,2,4,969)
w(180,1,5,974)
w(179,5,5,974)
w(179,6,5,974)
w(172,5,5,974)
w(180,2,5,974)
r(180,2,5,974)
r(179,6,5,974)
r(179,6,7,975)
r(180,2,7,975)
r(180,2,7,975)
w(180,4,7,975)
r(180,4,7,975)
r(180,4,7,978)
r(172,5,7,978)
w(181,1,7,978)
w(180,5,7,978)
r(180,5,9,984)
w(170,5,9,984)
r(172,5,9,984)
w(172,7,9,984)
w(180,7,7,986)
w(182,2,7,986)
w(181,2,7,986)
w(180,8,7,986)
r(183,0,5,989)
r(181,2,5,989)
r(183,0,5,989)
w(183,1,5,989)
w(183,2,5,989)
r(182,2,5,989)
w(183,6,4,991)
r(182,2,4,991)
r(183,6,4,991)
r(183,6,4,991)
r(183,6,4,991)
r(181,2,4,991)
w(184,2,0,998)
w(184,3,0,998)
w(181,4,0,998)
w(182,5,0,998)
r(170,5,0,998)
r(182,5,5,1001)
r(182,5,5,1001)
r(182,5,5,1001)
r(181,4,5,1001)
r(182,5,1,1004)
r(184,3,1,1004)
w(184,7,1,1004)
w(184,8,1,1004)
r(184,8,1,1004)
r(185,0,5,1006)
r(185,0,5,1006)
w(182,8,5,1006)
r(186,0,5,1006)
r(186,0,5,1006)
r(185,0,5,1006)
r(186,0,5,1006)
r(186,0,7,1011)
r(185,0,7,1011)
w(185,2,7,1011)
r(181,4,7,1011)
w(185,3,7,1011)
r(181,4,7,1011)
r(172,7,7,1011)
r(185,3,7,1011)
r(185,3,7,1014)
w(185,6,7,1014)
w(186,1,7,1014)
r(185,6,7,1014)
r(185,6,7,1014)
w(187,2,9,1019)
w(186,2,9,1019)
r(187,2,9,1019)
r(187,2,9,1019)
r(186,2,9,1019)
w(186,3,9,1019)
w(187,4,7,1024)
w(186,5,7,1024)
w(186,6,7,1024)
w(186,7,7,1024)
w(181,7,7,1024)
r(186,7,7,1024)
r(187,4,7,1024)
r(187,4,3,1027)
w(188,3,3,1027)
r(189,0,3,1027)
w(189,1,3,1027)
r(181,7,3,1027)
w(190,1,2,1030)
w(189,2,2,1030)
w(190,2,2,1030)
r(190,2,2,1030)
w(170,7,2,1030)
w(190,4,4,1039)
r(190,4,4,1039)
r(190,4,4,1039)
w(189,3,4,1039)
w(189,4,4,1039)
w(190,5,4,1039)
w(188,4,4,1039)
w(191,1,7,1041)
r(191,1,7,1041)
r(189,2,7,1041)
r(189,2,7,1041)
r(191,1,4,1045)
r(181,7,4,1045)
r(191,1,4,1045)
w(191,4,4,1045)
w(191,5,4,1045)
r(189,4,4,1045)
w(188,6,4,1045)
w(193,1,1,1051)
r(193,1,1,1051)
w(193,2,1,1051)
r(193,2,1,1051)
w(189,8,1,1051)
r(189,8,1,1051)
w(188,7,1,1051)
r(192,0,2,1055)
r(188,7,2,1055)
r(192,0,2,1055)
r(193,2,2,1055)
r(194,0,2,1055)
r(193,2,2,1055)
r(193,2,2,1055)
r(194,0,2,1055)
w(193,5,2,1058)
r(193,5,2,1058)
w(194,7,2,1058)
r(192,0,2,1058)
r(193,5,2,1058)
r(192,0,2,1058)
w(188,8,2,1058)
w(193,6,2,1058)
w(196,2,2,1066)
r(197,0,2,1066)
r(197,0,2,1066)
r(197,0,2,1066)
w(196,3,2,1066)
r(170,7,3,1068)
r(197,0,3,1068)
r(192,0,3,1068)
w(197,3,3,1068)
w(197,4,3,1068)
r(197,4,3,1068)
r(197,4,8,1075)
r(196,3,8,1075)
w(197,6,8,1075)
r(196,3,8,1075)
r(197,6,8,1075)
w(192,2,8,1075)
r(197,6,8,1075)
w(197,7,8,1075)
r(195,0,2,1076)
r(192,0,2,1076)
r(196,3,2,1076)
w(196,7,2,1076)
r(196,7,2,1076)
r(195,0,3,1080)
r(199,0,3,1080)
w(199,1,3,1080)
r(192,2,3,1080)
w(199,2,3,1080)
w(200,1,7,1083)
r(200,1,7,1083)
w(199,4,7,1083)
r(200,1,7,1083)
w(199,5,1,1086)
r(199,5,1,1086)
w(200,2,1,1086)
w(199,6,1,1086)
r(199,6,1,1086)
r(199,6,8,1089)
r(201,0,8,1089)
r(201,0,8,1089)
r(200,2,8,1089)
r(200,2,5,1091)
r(199,6,5,1091)
w(192,6,5,1091)
r(200,2,5,1091)
r(198,0,5,1091)
r(200,2,5,1091)
w(199,7,5,1091)
w(199,8,5,1091)
r(201,0,9,1093)
w(201,1,9,1093)
r(201,1,9,1093)
w(201,2,9,1093)
r(195,0,9,1093)
w(201,3,9,1093)
r(200,2,7,1096)
r(200,2,7,1096)
w(201,6,7,1096)
r(200,2,7,1096)
w(201,7,7,1096)
w(198,1,7,1096)
r(201,7,7,1096)
r(192,6,7,1096)
w(202,1,5,1099)
w(192,8,5,1099)
w(198,3,5,1099)
r(198,3,5,1099)
w(202,5,5,1111)
w(202,6,5,1111)
r(195,0,5,1111)
w(202,7,5,1111)
w(202,8,5,1111)
w(200,4,5,1111)
r(202,8,5,1111)
r(202,8,5,1111)
r(195,0,7,1113)
r(205,0,7,1113)
r(205,0,7,1113)
w(206,2,7,1113)
r(195,0,7,1113)
w(205,3,7,1113)
w(206,5,1,1117)
r(205,3,1,1117)
r(205,3,1,1117)
r(206,5,1,1117)
r(198,3,4,1121)
r(195,0,4,1121)
r(206,5,4,1121)
w(195,5,4,1121)
r(203,0,4,1121)
r(206,5,5,1123)
r(206,5,5,1123)
w(206,6,5,1123)
w(206,7,5,1123)
w(206,8,5,1123)
r(205,3,5,1123)
r(206,8,5,1123)
r(198,3,3,1124)
w(203,5,3,1124)
r(205,3,3,1124)
r(205,3,3,1124)
w(203,6,3,1124)
r(207,0,3,1124)
r(205,3,3,1124)
w(205,4,3,1128)
w(205,5,3,1128)
r(205,5,3,1128)
r(207,0,3,1128)
r(207,0,3,1128)
r(205,5,3,1128)
w(205,6,3,1128)
r(207,0,5,1129)
r(203,6,5,1129)
r(205,3,5,1129)
r(207,0,5,1129)
r(207,0,5,1129)
r(207,0,5,1129)
w(205,7,9,1131)
r(205,7,9,1131)
w(205,8,9,1131)
w(207,3,9,1131)
r(208,0,1,1135)
r(208,0,1,1135)
r(203,6,1,1135)
w(203,8,1,1135)
w(207,4,2,1136)
r(207,4,2,1136)
r(208,0,2,1136)
r(207,4,2,1136)
w(208,1,2,1136)
r(208,1,2,1136)
w(208,2,2,1136)
r(208,2,1,1139)
r(208,2,1,1139)
r(195,5,1,1139)
w(207,6,1,1139)
w(207,7,1,1139)
w(207,8,2,1142)
r(207,8,2,1142)
r(203,8,2,1142)
w(195,8,2,1142)
r(209,0,2,1142)
w(208,3,2,1142)
r(209,0,2,1142)
r(211,0,9,1147)
r(211,0,9,1147)
r(211,0,9,1147)
r(211,0,9,1147)
w(211,1,9,1147)
w(208,4,9,1147)
r(208,4,9,1147)
w(209,1,9,1147)
w(208,7,5,1151)
w(211,8,5,1151)
r(208,7,5,1151)
r(211,8,5,1151)
r(211,8,7,1154)
r(211,8,7,1154)
r(209,1,7,1154)
r(211,8,7,1154)
r(209,1,7,1154)
r(208,7,9,1158)
w(212,1,9,1158)
r(212,1,9,1158)
w(208,8,9,1158)
r(212,1,9,1158)
r(212,1,9,1158)
w(212,2,9,1158)
w(214,1,8,1164)
r(213,0,8,1164)
w(209,3,8,1164)
r(209,3,8,1164)
w(209,4,8,1164)
r(214,1,8,1164)
w(198,7,8,1164)
w(209,5,8,1164)
r(214,1,7,1168)
w(213,3,7,1168)
r(214,1,7,1168)
r(209,5,7,1168)
w(214,6,7,1168)
r(209,5,7,1173)
w(213,5,7,1173)
r(214,6,7,1173)
w(214,8,7,1173)
r(214,8,7,1173)
r(213,5,7,1173)
r(198,7,7,1173)
r(215,0,7,1173)
r(215,0,5,1177)
w(215,3,5,1177)
r(215,3,5,1177)
r(210,0,5,1177)
w(210,1,7,1181)
w(217,1,7,1181)
r(217,1,7,1181)
w(210,2,7,1181)
r(215,3,6,1184)
r(215,3,6,1184)
w(215,4,6,1184)
r(215,4,6,1184)
w(216,1,1,1186)
r(215,4,1,1186)
w(215,6,1,1186)
r(215,6,1,1186)
r(215,6,7,1188)
w(215,7,7,1188)
r(215,7,7,1188)
r(217,1,7,1188)
r(215,7,7,1188)
w(215,8,7,1188)
w(217,5,7,1188)
r(218,0,1,1191)
r(218,0,1,1191)
w(218,2,1,1191)
r(217,5,1,1191)
r(218,2,1,1191)
w(218,3,1,1191)
r(218,3,1,1191)
r(218,3,1,1191)
w(209,8,4,1195)
r(218,3,4,1195)
r(217,5,4,1195)
w(218,4,4,1195)
r(209,8,4,1195)
w(218,5,4,1195)
w(217,7,4,1195)
r(209,8,4,1195)
w(217,8,2,1199)
r(210,2,2,1199)
w(210,3,2,1199)
r(219,0,2,1199)
r(219,0,3,1203)
r(220,0,3,1203)
r(220,0,3,1203)
w(221,1,3,1203)
r(219,0,3,1203)
w(219,3,3,1203)
w(221,2,3,1203)
w(220,3,0,1205)
w(220,4,0,1205)
w(220,5,0,1205)
r(220,5,0,1205)
w(220,6,0,1205)
w(220,7,0,1205)
w(220,8,0,1205)
r(220,8,0,1205)
r(219,3,3,1208)
w(222,1,3,1208)
w(221,4,3,1208)
w(216,2,3,1208)
r(210,3,3,1208)
w(219,4,4,1211)
w(221,5,4,1211)
r(221,5,4,1211)
w(221,6,4,1211)
r(221,6,4,1211)
r(221,6,4,1211)
r(222,1,3,1214)
w(221,8,3,1214)
r(219,4,3,1214)
w(223,1,3,1214)
r(219,4,3,1214)
r(223,1,7,1216)
r(223,1,7,1216)
w(210,4,7,1216)
r(223,1,7,1216)
w(222,2,7,1216)
w(216,3,4,1219)
w(223,2,4,1219)
r(223,2,4,1219)
w(223,3,4,1219)
r(222,2,4,1219)
w(223,4,4,1219)
r(223,4,4,1219)
r(222,2,4,1219)
r(223,4,0,1222)
w(223,7,0,1222)
r(222,2,0,1222)
w(223,8,0,1222)
w(224,1,0,1222)
r(224,1,4,1227)
r(224,1,4,1227)
r(224,1,4,1227)
w(224,5,4,1227)
w(224,6,4,1227)
w(224,7,4,1227)
w(224,8,4,1227)
w(219,7,2,1230)
r(219,7,2,1230)
r(225,0,2,1230)
r(222,2,2,1230)
w(219,8,2,1230)
r(225,0,2,1230)
r(225,0,2,1233)
w(225,4,2,1233)
r(225,4,2,1233)
w(225,5,2,1233)
r(225,5,9,1237)
r(225,5,9,1237)
r(225,5,9,1237)
w(226,1,9,1237)
r(210,4,9,1237)
w(225,6,9,1237)
w(226,2,9,1237)
w(227,1,9,1240)
r(227,1,9,1240)
r(226,2,9,1240)
w(227,2,9,1240)
r(227,2,9,1240)
w(222,4,9,1240)
w(216,4,1,1245)
r(227,2,1,1245)
r(227,2,1,1245)
r(222,4,1,1245)
w(227,5,1,1245)
r(227,5,1,1245)
r(226,2,1,1245)
r(226,2,8,1250)
r(226,2,8,1250)
w(226,5,8,1250)
w(226,6,8,1250)
r(229,0,8,1258)
r(210,4,8,1258)
r(228,0,8,1258)
r(222,4,8,1258)
w(230,1,8,1258)
w(210,7,8,1258)
r(230,1,8,1258)
w(222,8,0,1264)
w(230,5,0,1264)
r(216,4,0,1264)
w(229,1,0,1264)
r(229,1,0,1264)
r(222,4,3,1265)
r(230,1,3,1265)
r(210,7,3,1265)
r(230,1,3,1265)
r(229,1,8,1269)
r(231,0,8,1269)
w(232,1,8,1269)
r(233,0,8,1269)
r(233,0,8,1269)
r(231,0,8,1269)
r(231,0,8,1269)
w(231,3,9,1275)
w(231,4,9,1275)
w(231,5,9,1275)
r(231,5,9,1275)
w(231,8,9,1281)
r(231,8,9,1281)
r(229,1,9,1281)
r(231,8,9,1281)
r(231,8,9,1281)
r(229,1,9,1281)
r(229,1,9,1281)
r(229,1,3,1285)
r(229,1,3,1285)
r(235,0,3,1285)
r(234,0,3,1285)
w(234,2,3,1285)
w(234,3,3,1285)
w(234,4,3,1285)
r(233,0,5,1287)
r(235,0,5,1287)
r(234,4,5,1287)
r(234,4,5,1287)
w(234,6,5,1287)
w(235,1,5,1287)
w(234,7,7,1294)
w(234,8,7,1294)
r(235,1,7,1294)
w(236,1,7,1294)
w(235,2,7,1294)
w(235,3,7,1294)
w(235,4,7,1294)
w(235,5,7,1294)
w(237,1,6,1298)
w(232,5,6,1298)
r(236,1,6,1298)
r(236,1,6,1298)
w(236,5,7,1300)
r(236,5,7,1300)
w(235,8,7,1300)
w(236,6,7,1300)
w(236,7,7,1300)
r(216,4,7,1300)
w(233,2,7,1300)
w(236,8,7,1300)
w(237,2,6,1301)
r(232,5,6,1301)
w(237,3,6,1301)
r(233,0,6,1301)
r(238,0,1,1304)
r(238,0,1,1304)
w(216,8,1,1304)
w(237,4,1,1304)
w(237,7,4,1308)
r(238,0,4,1308)
w(233,3,4,1308)
w(233,4,4,1308)
r(238,0,1,1315)
r(238,0,1,1315)
r(238,0,1,1315)
w(238,5,1,1315)
w(233,6,1,1315)
r(240,0,3,1321)
r(239,0,3,1321)
r(239,0,3,1321)
w(239,2,3,1321)
r(240,0,3,1321)
w(240,2,3,1321)
r(239,2,1,1323)
r(240,2,1,1323)
r(239,2,1,1323)
r(232,5,1,1323)
r(233,6,1,1323)
r(240,2,1,1323)
w(240,3,5,1326)
r(233,6,5,1326)
r(239,2,5,1326)
w(239,4,5,1326)
w(239,5,5,1326)
r(240,3,5,1326)
w(239,8,9,1330)
r(240,3,9,1330)
r(240,3,9,1330)
w(240,4,9,1330)
w(233,8,9,1330)
r(240,4,9,1330)
r(239,8,9,1330)
r(240,4,4,1332)
r(240,4,4,1332)
r(242,0,4,1332)
w(240,5,4,1332)
w(242,1,4,1332)
r(240,5,4,1332)
r(240,5,4,1332)
w(244,1,8,1348)
r(242,1,8,1348)
r(244,1,8,1348)
w(243,2,8,1348)
r(243,2,8,1348)
r(244,1,8,1348)
r(242,1,8,1348)
w(246,3,8,1356)
w(245,8,8,1356)
r(245,8,8,1356)
r(243,2,8,1356)
r(241,0,8,1356)
w(246,4,8,1356)
r(247,0,8,1356)
w(246,5,8,1356)
w(241,4,9,1358)
r(246,0,9,1358)
r(246,0,9,1358)
w(247,1,9,1358)
r(248,0,9,1358)
r(247,1,9,1358)
r(246,0,9,1358)
r(247,0,8,1360)
r(243,2,8,1360)
w(243,6,8,1360)
r(249,0,8,1360)
r(247,0,8,1360)
r(247,0,8,1360)
w(249,4,8,1360)
r(249,4,8,1365)
w(249,5,8,1365)
r(249,5,8,1365)
w(247,3,8,1365)
r(249,5,8,1365)
r(249,5,8,1365)
r(249,5,8,1365)
r(216,8,2,1372)
w(241,2,2,1372)
w(244,6,2,1372)
w(241,3,2,1372)
w(244,7,2,1372)
r(244,7,2,1372)
r(245,0,2,1372)
w(244,8,2,1372)
w(250,2,8,1378)
w(247,7,8,1378)
w(250,3,8,1378)
w(250,4,8,1378)
w(247,8,8,1378)
r(251,0,8,1378)
r(250,4,2,1382)
r(251,0,2,1382)
r(250,4,2,1382)
w(241,7,2,1382)
w(250,7,2,1382)
r(250,7,2,1382)
r(252,0,2,1382)
r(252,0,5,1386)
r(252,0,5,1386)
w(253,1,5,1386)
w(253,2,5,1386)
r(253,2,5,1386)
r(253,0,9,1387)
r(251,0,9,1387)
r(253,0,9,1387)
w(252,3,9,1387)
r(252,3,9,1387)
r(253,0,9,1387)
r(252,3,9,1387)
r(253,0,9,1387)
w(251,4,4,1394)
r(253,2,4,1394)
r(241,7,4,1394)
r(251,4,4,1394)
w(251,5,4,1394)
r(253,2,0,1398)
r(253,2,0,1398)
r(253,2,0,1398)
r(252,3,0,1398)
r(252,3,0,1398)
r(253,2,0,1398)
r(252,3,2,1400)
r(254,0,2,1400)
r(254,0,2,1400)
r(254,0,2,1400)
r(254,0,2,1400)
w(254,1,9,1403)
w(254,2,9,1403)
r(254,2,9,1403)
w(254,3,9,1403)
r(252,3,9,1403)
w(254,4,9,1403)
r(252,3,9,1403)
w(254,5,9,1403)
w(241,8,8,1405)
w(252,4,8,1405)
r(254,0,8,1405)
w(252,5,8,1405)
r(251,5,0,1406)
r(254,5,0,1406)
r(254,5,0,1406)
w(254,6,0,1406)
r(254,6,0,1406)
r(252,5,2,1410)
r(256,0,2,1410)
r(256,0,2,1410)
w(251,8,2,1410)
r(241,8,8,1411)
r(254,6,8,1411)
w(254,7,8,1411)
w(254,8,8,1411)
r(252,5,8,1411)
r(256,0,8,1411)
w(252,6,8,1411)
r(256,0,9,1413)
r(248,0,9,1413)
r(255,0,9,1413)
r(256,0,9,1413)
r(256,0,9,1413)
r(255,0,9,1413)
w(256,1,9,1413)
w(256,2,9,1413)
r(256,2,4,1415)
r(252,6,4,1415)
r(252,6,4,1415)
w(252,7,4,1415)
r(255,0,4,1415)
r(256,2,6,1417)
r(252,7,6,1417)
r(256,2,6,1417)
w(252,8,6,1417)
r(256,2,6,1417)
w(256,3,6,1417)
r(256,3,6,1417)
r(251,8,6,1417)
w(248,3,7,1424)
r(257,0,7,1424)
w(257,1,7,1424)
r(256,3,7,1424)
r(257,1,7,1424)
w(256,8,7,1424)
w(259,1,8,1431)
w(259,2,8,1431)
w(258,1,8,1431)
r(257,0,8,1431)
r(259,2,8,1431)
r(259,2,8,1431)
w(258,2,8,1431)
w(260,6,6,1441)
r(261,0,6,1441)
r(260,6,6,1441)
r(255,0,6,1441)
r(260,6,6,1441)
r(260,6,6,1441)
w(248,4,6,1441)
w(255,5,6,1441)
r(261,0,9,1443)
w(262,2,9,1443)
r(262,2,9,1443)
r(262,2,9,1443)
w(262,3,9,1443)
r(262,3,13,1446)
r(261,0,13,1446)
w(258,3,13,1446)
w(258,4,13,1446)
r(261,0,8,1448)
w(261,5,8,1448)
w(261,6,8,1448)
r(262,3,8,1448)
r(258,2,8,1448)
r(262,3,8,1448)
r(263,0,4,1454)
r(263,0,4,1454)
r(263,0,4,1454)
r(258,4,4,1454)
w(263,2,8,1455)
w(263,3,8,1455)
r(263,3,8,1455)
r(263,3,8,1455)
r(263,3,8,1455)
w(255,6,8,1455)
r(261,6,8,1455)
w(258,5,8,1455)
w(263,4,6,1459)
w(263,5,6,1459)
r(263,5,6,1459)
r(264,0,6,1459)
w(248,5,6,1459)
r(263,5,13,1461)
r(263,5,13,1461)
r(263,5,13,1461)
r(258,5,13,1461)
w(255,7,5,1464)
w(263,8,5,1464)
r(263,8,5,1464)
r(263,8,5,1464)
r(258,5,5,1464)
r(265,0,5,1464)
r(264,0,5,1464)
w(265,1,5,1464)
r(265,0,9,1466)
r(258,5,9,1466)
r(264,0,9,1466)
w(264,1,9,1466)
w(264,2,9,1466)
w(258,7,9,1466)
w(255,8,6,1469)
r(265,1,6,1469)
r(255,8,6,1469)
r(265,1,6,1469)
w(265,2,6,1469)
w(264,3,4,1476)
w(265,3,4,1476)
w(264,4,4,1476)
r(264,4,4,1476)
w(265,4,4,1476)
r(265,4,4,1476)
w(265,5,4,1476)
r(258,7,4,1476)
w(267,1,1,1480)
w(267,2,1,1480)
r(267,2,1,1480)
r(267,2,1,1480)
r(258,7,1,1480)
w(267,3,1,1480)
r(268,0,5,1482)
r(267,3,5,1482)
w(264,7,5,1482)
w(248,6,5,1482)
r(267,3,5,1482)
w(267,4,5,1482)
w(264,8,5,1482)
r(270,0,8,1489)
r(270,0,8,1489)
r(268,0,8,1489)
r(270,0,8,1489)
w(267,6,7,1490)
r(267,6,7,1490)
w(267,7,7,1490)
r(266,0,7,1490)
r(266,0,7,1490)
r(267,7,7,1490)
r(269,0,7,1490)
r(268,0,7,1490)
r(270,0,4,1494)
r(270,0,4,1494)
w(269,1,4,1494)
w(270,2,4,1494)
w(269,3,0,1500)
r(268,0,0,1500)
r(271,0,0,1500)
w(271,2,0,1500)
r(271,2,0,1500)
r(271,0,13,1501)
r(269,1,13,1501)
r(269,1,13,1501)
r(266,0,13,1501)
r(269,1,13,1501)
r(272,0,6,1508)
w(272,2,6,1508)
r(272,2,6,1508)
r(248,6,6,1508)
r(269,3,6,1508)
w(272,7,6,1514)
r(272,7,6,1514)
r(269,3,6,1514)
r(266,0,6,1514)
r(269,3,6,1514)
w(268,4,4,1518)
r(273,0,4,1518)
r(269,3,4,1518)
w(273,1,4,1518)
r(273,1,4,1518)
r(273,1,4,1518)
w(273,2,4,1518)
r(273,2,4,1518)
w(248,8,6,1522)
r(266,0,6,1522)
w(273,6,6,1522)
w(273,7,6,1522)
r(269,3,6,1522)
r(268,4,6,1522)
r(269,3,2,1523)
r(273,2,2,1523)
w(266,6,2,1523)
r(273,2,2,1523)
r(273,2,2,1523)
w(269,8,2,1523)
r(273,2,2,1523)
w(268,5,1,1525)
r(273,7,1,1525)
r(269,8,1,1525)
w(268,6,1,1525)
w(274,1,1,1525)
r(273,7,1,1525)
r(268,6,1,1525)
r(268,6,9,1530)
r(275,0,9,1530)
r(275,0,9,1530)
r(275,0,9,1530)
r(275,0,4,1532)
w(268,8,4,1532)
r(275,0,4,1532)
r(275,0,4,1532)
w(275,1,2,1536)
w(275,2,2,1536)
r(274,1,2,1536)
w(275,3,2,1536)
r(275,3,2,1536)
w(275,4,2,1536)
r(277,0,2,1536)
w(274,5,9,1543)
w(275,8,9,1543)
w(276,1,9,1543)
r(277,0,9,1543)
w(278,1,9,1543)
w(278,2,9,1543)
r(280,0,2,1551)
w(279,4,2,1551)
w(279,5,2,1551)
r(279,5,2,1551)
r(279,5,4,1556)
w(279,6,4,1556)
w(279,7,4,1556)
r(277,0,4,1556)
w(279,8,4,1556)
w(280,2,4,1556)
r(280,2,4,1556)
r(281,0,7,1563)
r(281,0,7,1563)
w(281,2,7,1563)
r(281,2,7,1563)
r(277,0,7,1563)
w(281,3,7,1563)
w(281,4,7,1563)
r(283,0,2,1565)
r(280,2,2,1565)
r(283,0,2,1565)
w(277,6,2,1565)
r(282,0,2,1565)
r(282,0,2,1565)
r(283,0,7,1571)
r(284,0,7,1571)
w(283,5,7,1571)
r(285,0,7,1571)
r(285,0,5,1584)
r(286,0,5,1584)
r(286,0,5,1584)
w(286,4,5,1584)
r(286,4,5,1584)
w(286,5,5,1584)
w(285,7,5,1584)
w(285,8,5,1584)
r(285,0,0,1585)
r(286,0,0,1585)
r(287,0,0,1585)
w(287,1,0,1585)
w(287,2,5,1592)
r(286,5,5,1592)
r(287,2,5,1592)
w(284,5,5,1592)
r(286,5,5,1592)
w(286,6,5,1592)
w(288,2,1,1597)
w(287,8,1,1597)
r(284,5,1,1597)
r(288,2,1,1597)
w(288,3,1,1597)
w(288,4,1,1597)
r(288,4,1,1597)
r(288,4,1,1597)
w(288,8,8,1600)
r(284,5,8,1600)
w(289,1,8,1600)
w(289,2,8,1600)
r(290,0,8,1600)
r(289,2,8,1600)
w(290,1,8,1600)
w(276,3,6,1604)
w(289,4,6,1604)
r(290,1,6,1604)
w(290,3,6,1604)
r(290,3,6,1604)
w(289,6,0,1608)
r(290,3,0,1608)
w(289,7,0,1608)
w(289,8,0,1608)
w(284,8,13,1611)
r(290,3,13,1611)
w(290,8,13,1611)
w(291,1,13,1611)
r(293,0,6,1613)
r(293,0,6,1613)
r(293,0,6,1613)
r(293,0,6,1613)
r(291,0,6,1613)
r(293,0,6,1613)
r(282,0,6,1613)
w(292,1,7,1615)
w(292,2,7,1615)
w(292,3,7,1615)
r(293,0,7,1615)
w(293,1,0,1616)
r(291,1,0,1616)
w(293,2,0,1616)
r(291,1,0,1616)
r(292,0,0,1616)
w(282,4,1,1619)
w(293,4,1,1619)
r(291,1,1,1619)
r(293,4,1,1619)
w(293,5,9,1621)
r(291,1,9,1621)
w(291,2,9,1621)
r(293,5,9,1621)
w(291,3,2,1624)
r(294,0,2,1624)
r(294,0,2,1624)
w(291,4,2,1624)
r(294,0,2,1624)
r(291,4,2,1624)
r(294,0,2,1624)
w(293,6,0,1626)
r(293,6,0,1626)
r(293,6,0,1626)
w(293,7,0,1626)
w(293,8,0,1626)
w(292,4,0,1626)
r(291,2,0,1626)
w(294,1,7,1630)
r(282,4,7,1630)
w(294,2,7,1630)
w(294,3,7,1630)
w(294,4,7,1630)
r(291,4,7,1630)
w(294,5,7,1630)
w(294,8,6,1633)
w(291,6,6,1633)
r(294,8,6,1633)
w(291,7,6,1633)
w(291,8,9,1635)
w(295,1,9,1635)
w(295,2,9,1635)
r(291,8,9,1635)
r(295,2,9,1635)
r(295,2,4,1637)
r(295,2,4,1637)
r(291,8,4,1637)
r(295,2,4,1637)
w(295,3,8,1639)
r(295,3,8,1639)
r(291,8,8,1639)
r(295,3,8,1639)
w(295,4,2,1642)
w(295,5,2,1642)
w(295,6,2,1642)
w(295,7,2,1642)
r(291,8,2,1642)
r(296,0,6,1646)
w(297,1,6,1646)
r(296,0,6,1646)
r(297,1,6,1646)
r(282,4,6,1646)
r(297,0,4,1647)
r(296,0,4,1647)
r(297,0,4,1647)
r(292,4,4,1647)
r(297,0,4,1647)
r(292,4,4,1647)
w(292,5,4,1647)
r(297,0,4,1647)
r(297,1,4,1650)
r(292,5,4,1650)
r(296,0,4,1650)
w(297,2,4,1650)
r(297,2,4,1650)
r(296,0,4,1650)
w(296,2,9,1652)
r(296,2,9,1652)
w(292,6,9,1652)
r(297,1,9,1652)
r(297,1,9,1652)
r(282,4,9,1652)
w(296,3,9,1652)
r(292,6,9,1652)
w(297,3,4,1657)
w(297,4,4,1657)
r(296,3,4,1657)
r(296,3,4,1657)
w(297,5,4,1657)
w(296,4,4,1657)
r(296,4,4,1657)
r(297,5,4,1657)
w(298,1,6,1661)
r(296,4,6,1661)
r(296,4,6,1661)
r(292,6,6,1661)
r(298,1,6,1661)
r(298,1,6,1661)
w(298,2,6,1661)
r(298,2,6,1661)
w(297,6,8,1662)
r(296,4,8,1662)
w(297,7,8,1662)
w(296,8,8,1662)
w(297,8,8,1662)
r(297,8,8,1662)
r(298,0,8,1662)
r(296,4,13,1663)
r(292,6,13,1663)
w(276,4,13,1663)
r(298,0,13,1663)
r(276,4,13,1663)
w(292,7,13,1663)
r(276,4,13,1663)
w(298,3,9,1665)
r(292,7,9,1665)
r(298,3,9,1665)
r(298,3,9,1665)
r(298,3,9,1665)
r(298,3,9,1665)
w(299,1,8,1670)
w(298,4,8,1670)
w(299,2,8,1670)
w(299,3,8,1670)
w(298,8,6,1677)
w(299,7,6,1677)
r(298,8,6,1677)
r(298,8,6,1677)
r(298,8,6,1677)
w(300,1,6,1677)
w(299,8,6,1677)
w(300,7,1,1683)
r(301,0,1,1683)
r(301,0,1,1683)
w(301,5,1,1683)
r(302,0,1,1683)
r(301,5,1,1683)
r(301,5,2,1686)
r(301,5,2,1686)
w(304,1,2,1686)
r(304,1,2,1686)
w(282,8,7,1687)
w(301,6,7,1687)
r(301,6,7,1687)
w(300,8,7,1687)
r(301,6,7,1687)
r(276,4,7,1687)
w(301,7,7,1687)
w(301,8,7,1687)
w(304,2,6,1693)
r(304,2,6,1693)
w(304,3,6,1693)
w(304,4,6,1693)
r(300,8,6,1693)
r(304,4,6,1693)
r(304,4,13,1698)
w(304,7,13,1698)
w(276,6,13,1698)
r(302,0,13,1698)
w(304,8,13,1698)
w(302,3,13,1698)
r(305,0,8,1699)
r(302,0,8,1699)
r(306,0,8,1699)
r(306,0,8,1699)
r(306,0,8,1699)
r(302,0,8,1699)
r(305,0,8,1699)
w(303,2,7,1702)
w(306,4,7,1702)
r(305,0,7,1702)
r(306,4,7,1702)
r(303,2,0,1707)
w(306,5,0,1707)
r(302,3,0,1707)
w(306,6,0,1707)
w(306,7,0,1707)
r(306,7,0,1707)
r(303,2,2,1711)
r(302,3,2,1711)
r(305,0,2,1711)
w(303,4,2,1711)
r(305,0,2,1711)
r(308,0,2,1711)
r(308,0,4,1714)
r(302,3,4,1714)
w(305,3,4,1714)
r(305,3,4,1714)
w(308,3,4,1714)
r(308,3,4,1714)
w(302,5,4,1714)
w(302,7,6,1718)
w(305,4,6,1718)
w(308,5,6,1718)
r(305,4,6,1718)
w(302,8,6,1718)
w(308,7,5,1720)
r(308,7,5,1720)
w(308,8,5,1720)
r(308,8,5,1720)
r(305,4,4,1721)
r(310,0,4,1721)
r(310,0,4,1721)
w(309,2,4,1721)
r(310,0,4,1721)
r(309,2,1,1724)
w(310,1,1,1724)
r(305,4,1,1724)
r(310,1,1,1724)
r(310,1,1,1724)
w(310,4,0,1734)
w(309,3,0,1734)
r(309,3,0,1734)
w(309,4,0,1734)
w(309,5,0,1734)
r(310,4,0,1734)
w(309,6,0,1734)
w(305,8,2,1738)
r(311,0,2,1738)
r(311,0,2,1738)
w(312,2,2,1738)
r(311,0,2,1738)
w(312,3,2,1738)
w(312,7,5,1743)
w(312,8,5,1743)
r(311,0,5,1743)
w(314,1,5,1743)
w(314,2,5,1743)
w(313,1,5,1743)
r(313,1,5,1743)
w(311,4,5,1743)
w(314,8,13,1747)
w(311,7,13,1747)
r(314,8,13,1747)
r(315,0,13,1747)
r(313,1,9,1751)
w(313,2,9,1751)
w(303,5,9,1751)
w(315,1,9,1751)
r(315,1,4,1759)
w(316,2,4,1759)
r(315,1,4,1759)
r(315,1,4,1759)
w(313,5,4,1759)
r(315,1,4,1759)
r(315,1,4,1759)
w(316,3,4,1759)
r(316,3,1,1763)
w(317,1,1,1763)
r(317,1,1,1763)
r(313,5,1,1763)
r(317,1,1,1763)
r(313,5,1,1763)
r(317,1,1,1763)
r(313,5,1,1763)
r(316,3,13,1765)
r(317,1,13,1765)
r(317,1,13,1765)
r(317,1,13,1765)
w(316,7,0,1772)
r(318,0,0,1772)
w(318,1,0,1772)
r(318,1,0,1772)
r(318,1,0,1772)
r(318,1,0,1772)
r(318,1,0,1772)
r(303,5,0,1772)
r(318,0,6,1773)
r(307,0,6,1773)
r(313,5,6,1773)
r(316,3,6,1773)
r(318,0,6,1773)
w(318,2,7,1779)
r(318,2,7,1779)
w(303,8,7,1779)
r(318,2,7,1779)
w(318,3,7,1779)
r(316,7,7,1783)
r(318,3,7,1783)
r(316,7,7,1783)
r(321,0,7,1783)
w(321,1,7,1783)
w(322,1,2,1787)
r(322,1,2,1787)
r(321,1,2,1787)
w(322,2,2,1787)
r(321,1,5,1792)
w(307,4,5,1792)
w(321,5,5,1792)
r(322,2,5,1792)
w(321,6,5,1792)
w(322,6,9,1795)
r(323,0,9,1795)
r(323,0,9,1795)
r(323,0,9,1795)
r(322,6,9,1795)
w(319,1,0,1799)
r(323,0,0,1799)
r(323,0,0,1799)
r(323,0,0,1799)
r(320,0,0,1799)
r(323,0,0,1799)
w(322,7,0,1799)
r(320,0,0,1799)
r(323,0,1,1800)
w(323,1,1,1800)
w(323,2,1,1800)
r(323,2,1,1800)
w(323,3,1,1800)
w(323,4,1,1800)
w(323,7,1,1807)
r(322,7,1,1807)
r(322,7,1,1807)
r(323,7,1,1807)
r(323,7,1,1807)
w(323,8,1,1807)
r(324,0,1,1807)
w(319,2,1,1807)
r(324,0,5,1811)
w(325,1,5,1811)
w(324,5,5,1811)
r(319,1,5,1811)
w(325,2,5,1811)
w(324,7,13,1815)
r(324,7,13,1815)
r(320,0,13,1815)
r(324,7,13,1815)
r(325,2,13,1815)
w(320,5,13,1815)
w(324,8,6,1819)
r(324,8,6,1819)
r(326,0,6,1819)
w(326,1,6,1819)
w(326,2,6,1819)
w(326,3,6,1819)
w(325,4,6,1819)
w(326,5,9,1824)
r(319,2,9,1824)
r(326,5,9,1824)
w(326,6,9,1824)
r(326,6,9,1824)
r(326,6,9,1824)
w(326,7,9,1824)
w(319,4,9,1824)
r(320,5,13,1829)
w(326,8,13,1829)
w(325,7,13,1829)
r(325,7,13,1829)
w(328,2,9,1831)
r(327,0,9,1831)
r(307,4,9,1831)
w(328,3,9,1831)
w(328,4,9,1831)
r(328,4,7,1834)
r(327,0,7,1834)
r(328,4,7,1834)
r(327,0,7,1834)
r(328,4,6,1837)
r(328,4,6,1837)
w(329,1,6,1837)
r(328,4,6,1837)
w(319,6,13,1847)
w(331,1,13,1847)
w(329,3,13,1847)
w(331,2,13,1847)
w(331,3,13,1847)
w(329,4,13,1847)
r(331,3,13,1847)
r(333,0,5,1853)
w(333,6,5,1853)
w(333,7,5,1853)
w(333,8,5,1853)
w(330,3,5,1853)
r(332,0,8,1856)
r(332,0,8,1856)
w(335,1,8,1856)
r(330,3,8,1856)
r(335,0,2,1858)
w(332,6,2,1858)
r(335,0,2,1858)
w(332,7,2,1858)
r(332,7,7,1860)
r(335,1,7,1860)
r(327,0,7,1860)
w(336,1,7,1860)
r(335,1,8,1865)
w(335,4,8,1865)
r(335,4,8,1865)
r(335,4,8,1865)
r(336,1,4,1868)
r(336,1,4,1868)
w(336,2,4,1868)
r(335,4,4,1868)
w(335,8,4,1868)
r(336,2,4,1868)
w(330,5,4,1868)
r(337,0,7,1871)
r(337,0,7,1871)
w(337,3,7,1871)
w(337,4,7,1871)
r(327,0,7,1871)
w(337,5,7,1871)
w(337,6,0,1874)
r(334,0,0,1874)
w(337,7,0,1874)
r(336,2,0,1874)
r(336,2,0,1874)
w(327,7,0,1874)
r(336,2,0,1874)
r(337,7,0,1874)
r(338,0,5,1877)
r(327,7,5,1877)
r(338,0,5,1877)
w(338,1,5,1877)
r(327,7,5,1877)
r(338,1,13,1881)
r(338,1,13,1881)
w(336,4,13,1881)
w(338,2,13,1881)
w(327,8,13,1881)
r(336,4,13,1881)
