w(4,1,4,14)
r(3,0,4,14)
r(4,1,4,14)
r(4,1,4,14)
r(4,1,4,14)
w(4,2,4,14)
r(3,0,4,14)
r(1,0,4,14)
w(5,2,6,21)
r(5,2,6,21)
r(5,2,6,21)
w(5,3,6,21)
r(5,3,6,21)
w(5,4,6,21)
r(1,0,2,25)
w(3,4,2,25)
w(6,1,2,25)
r(6,1,2,25)
w(3,5,2,25)
r(6,1,2,25)
r(6,1,9,32)
r(6,1,9,32)
w(6,5,9,32)
w(3,6,9,32)
w(3,7,9,32)
w(6,6,9,32)
r(8,0,2,36)
r(8,0,2,36)
r(8,0,2,36)
r(7,0,2,36)
r(8,0,2,36)
r(9,0,2,36)
r(8,0,6,45)
w(8,5,6,45)
r(7,0,6,45)
r(7,0,6,45)
r(7,0,6,45)
r(8,5,6,45)
r(8,5,6,45)
r(7,0,2,50)
r(0,0,2,50)
r(10,0,2,50)
w(10,2,2,50)
r(1,0,7,53)
w(10,4,7,53)
w(9,2,7,53)
r(10,4,7,53)
r(9,2,2,57)
r(9,2,2,57)
r(10,4,2,57)
w(0,4,2,57)
r(10,4,2,57)
r(10,4,2,57)
r(11,0,2,57)
w(9,3,2,57)
r(9,3,9,59)
r(11,0,9,59)
w(10,8,9,59)
r(11,0,9,59)
r(1,0,4,61)
w(9,5,4,61)
r(12,0,4,61)
r(12,0,4,61)
w(11,3,7,67)
w(1,8,7,67)
w(11,4,7,67)
r(12,0,7,67)
r(9,5,7,67)
w(12,1,4,71)
w(9,7,4,71)
r(12,1,4,71)
r(11,4,4,71)
r(11,4,4,71)
w(12,4,3,74)
r(11,4,3,74)
r(11,4,3,74)
r(11,4,3,74)
w(12,5,3,74)
w(12,6,3,74)
r(12,6,3,74)
w(12,8,5,78)
r(9,7,5,78)
r(12,8,5,78)
r(14,0,5,78)
r(12,8,5,78)
r(12,8,5,78)
w(13,2,5,78)
r(14,0,5,78)
w(14,1,3,83)
w(15,1,3,83)
r(15,1,3,83)
w(15,2,3,83)
r(9,7,3,83)
w(14,7,8,89)
r(15,2,8,89)
r(9,7,8,89)
r(14,7,8,89)
w(15,8,8,89)
r(13,2,8,89)
w(17,1,6,92)
r(14,7,6,92)
w(17,2,6,92)
w(17,3,6,92)
r(17,3,6,92)
r(18,0,0,94)
r(17,3,0,94)
r(18,0,0,94)
r(18,0,0,94)
w(13,3,0,94)
w(17,4,0,94)
r(17,4,0,94)
w(17,5,4,97)
w(17,6,4,97)
w(17,7,4,97)
r(17,7,4,97)
r(17,7,4,97)
r(13,3,4,97)
r(16,0,4,97)
w(19,2,1,100)
w(19,3,1,100)
r(19,3,1,100)
w(13,4,1,100)
w(19,4,6,104)
w(19,5,6,104)
w(13,5,6,104)
w(18,1,6,104)
r(19,5,6,104)
w(19,6,6,104)
r(0,4,8,118)
w(0,6,8,118)
r(20,0,8,118)
r(20,0,8,118)
r(18,1,8,118)
r(18,1,8,118)
w(16,5,8,118)
r(20,0,8,118)
r(20,0,5,120)
w(13,7,5,120)
r(20,0,5,120)
w(20,6,5,120)
w(20,8,0,125)
r(13,7,0,125)
r(20,8,0,125)
r(21,0,0,125)
r(13,7,6,128)
r(21,0,6,128)
w(23,1,6,128)
r(21,0,6,128)
w(23,2,6,128)
w(23,3,6,128)
r(23,3,6,128)
w(23,4,6,128)
r(22,0,6,133)
r(23,4,6,133)
w(21,2,6,133)
w(22,1,6,133)
w(21,3,6,133)
r(23,4,6,133)
w(21,4,6,133)
r(23,4,6,133)
w(22,3,5,136)
r(21,4,5,136)
r(22,3,5,136)
w(24,1,5,136)
r(13,7,5,136)
w(24,2,5,136)
r(21,4,5,136)
r(21,4,5,136)
w(24,7,0,144)
r(0,6,0,144)
r(24,7,0,144)
w(22,4,0,144)
w(22,5,0,144)
r(0,6,1,147)
w(27,1,1,147)
w(26,2,1,147)
r(27,1,1,147)
r(27,1,1,147)
r(26,2,1,147)
r(27,1,1,147)
r(27,1,1,147)
w(22,7,0,149)
w(26,3,0,149)
r(22,7,0,149)
r(26,3,0,149)
r(26,3,0,149)
r(26,3,5,152)
r(22,7,5,152)
r(22,7,5,152)
r(27,1,5,152)
w(27,2,5,152)
w(27,3,5,152)
w(27,4,6,156)
w(22,8,6,156)
w(26,4,6,156)
w(26,5,6,156)
r(25,0,6,156)
r(27,4,6,156)
r(22,8,1,159)
r(27,4,1,159)
r(28,0,1,159)
r(27,4,1,159)
w(28,1,7,164)
r(28,1,7,164)
r(29,0,7,164)
w(29,1,7,164)
w(29,2,7,164)
w(29,3,7,164)
w(29,4,7,164)
r(30,0,5,165)
r(0,6,5,165)
r(29,4,5,165)
r(29,4,5,165)
w(29,7,5,165)
r(29,7,5,165)
r(29,7,6,170)
r(28,1,6,170)
w(29,8,6,170)
w(30,2,6,170)
r(28,1,6,170)
w(31,1,5,173)
w(31,2,5,173)
r(28,1,5,173)
r(31,2,5,173)
w(31,3,5,173)
w(31,4,5,173)
r(31,4,5,173)
w(31,8,6,176)
r(31,8,6,176)
r(0,6,6,176)
r(28,1,6,176)
r(0,6,7,178)
r(32,0,7,178)
w(32,1,7,178)
w(32,2,7,178)
r(32,2,7,178)
r(28,1,7,178)
r(32,2,7,178)
w(32,3,8,181)
w(30,3,8,181)
r(32,3,8,181)
w(32,4,8,181)
w(30,4,8,181)
w(32,6,3,184)
w(32,7,3,184)
w(25,7,3,184)
r(32,7,3,184)
w(28,3,3,184)
r(32,7,3,184)
r(30,4,3,184)
w(25,8,3,184)
r(34,0,2,188)
w(34,1,2,188)
w(34,2,2,188)
w(30,5,2,188)
w(28,4,2,188)
w(34,3,2,188)
w(28,5,2,188)
r(30,5,2,188)
w(30,6,3,195)
r(30,6,3,195)
w(28,7,3,195)
w(28,8,3,195)
r(25,8,3,195)
w(34,5,0,196)
r(34,5,0,196)
w(34,6,0,196)
w(34,7,0,196)
w(36,1,8,199)
r(36,1,8,199)
r(36,1,8,199)
r(30,5,8,199)
r(35,0,8,199)
w(36,2,8,199)
w(36,3,8,199)
w(36,4,8,199)
w(36,7,7,201)
r(25,8,7,201)
w(30,8,7,201)
r(36,7,7,201)
r(30,8,7,201)
w(36,8,9,205)
w(35,4,9,205)
r(36,8,9,205)
w(35,5,9,205)
w(37,1,9,205)
r(35,5,9,205)
w(35,6,9,205)
r(37,1,9,205)
r(39,0,8,209)
r(37,1,8,209)
r(38,0,8,209)
w(39,1,8,209)
w(37,5,8,209)
r(37,5,8,209)
r(37,5,8,209)
w(37,6,8,209)
r(40,0,6,215)
w(40,1,6,215)
r(40,1,6,215)
r(40,1,6,215)
r(39,1,6,215)
w(40,2,6,215)
r(40,2,6,215)
w(40,3,6,215)
r(40,3,9,217)
r(40,3,9,217)
r(40,3,9,217)
r(41,0,9,217)
w(38,3,9,217)
w(41,1,9,217)
w(40,6,2,221)
r(40,6,2,221)
r(39,1,2,221)
r(39,1,2,221)
w(40,7,2,221)
w(40,8,2,221)
r(42,0,4,223)
r(39,1,4,223)
w(39,3,4,223)
r(39,3,4,223)
r(42,0,1,225)
r(38,3,1,225)
r(42,0,1,225)
w(42,1,1,225)
w(42,2,1,225)
w(42,3,1,225)
w(42,4,1,225)
w(42,8,8,228)
r(39,3,8,228)
w(38,4,8,228)
r(39,3,8,228)
r(43,0,8,228)
r(43,0,1,231)
r(39,3,1,231)
r(43,0,1,231)
w(39,4,1,231)
w(39,5,1,231)
w(39,6,1,231)
r(43,0,3,232)
r(43,0,3,232)
r(38,4,3,232)
r(39,3,3,232)
r(43,0,3,232)
r(43,0,2,233)
w(43,1,2,233)
r(43,1,2,233)
r(41,1,2,233)
w(43,2,2,233)
r(43,2,2,239)
r(43,2,2,239)
r(43,2,2,239)
r(43,2,2,239)
w(39,7,2,239)
r(43,2,2,239)
r(39,7,2,239)
r(43,2,4,240)
w(41,2,4,240)
w(43,3,4,240)
w(41,3,4,240)
r(43,3,4,240)
w(43,4,4,240)
w(38,5,4,240)
r(44,0,5,244)
r(43,4,5,244)
r(44,0,5,244)
r(43,4,5,244)
r(45,0,5,244)
r(39,7,8,245)
r(43,4,8,245)
r(39,7,8,245)
w(43,7,8,245)
r(38,5,8,245)
w(43,8,8,245)
r(38,5,8,245)
r(43,8,8,245)
w(44,1,7,249)
r(44,1,7,249)
w(44,2,7,249)
w(45,1,7,249)
r(44,2,7,249)
w(45,2,7,249)
r(45,2,7,249)
w(41,4,3,252)
r(45,2,3,252)
r(38,5,3,252)
r(45,2,3,252)
r(45,2,0,253)
r(45,2,0,253)
w(45,4,0,253)
w(45,5,0,253)
r(45,5,0,253)
w(45,6,3,255)
r(38,5,3,255)
w(45,7,3,255)
w(45,8,3,255)
r(41,4,5,260)
r(38,5,5,260)
r(45,8,5,260)
r(45,8,5,260)
w(44,3,5,260)
r(46,0,4,265)
w(46,1,4,265)
w(46,2,4,265)
w(38,6,4,265)
r(46,2,3,270)
w(38,7,3,270)
r(38,7,3,270)
r(47,0,3,270)
r(47,0,3,270)
r(47,0,3,270)
r(47,0,3,270)
r(47,0,3,270)
w(47,4,9,276)
w(47,5,9,276)
w(47,6,9,276)
w(47,7,9,276)
w(44,8,9,276)
r(47,7,9,276)
r(49,0,2,277)
r(44,3,2,277)
r(44,3,2,277)
r(49,0,2,277)
r(49,0,2,277)
w(49,1,2,279)
r(44,8,2,279)
r(33,0,2,279)
r(49,1,2,279)
w(48,1,2,286)
w(49,2,2,286)
w(49,3,2,286)
r(49,3,2,286)
r(44,8,2,286)
w(49,4,2,286)
w(48,2,2,286)
r(50,0,7,287)
r(33,0,7,287)
w(50,3,7,287)
r(50,3,7,287)
r(50,3,7,287)
w(50,4,7,287)
r(48,2,9,291)
w(49,7,9,291)
r(49,7,9,291)
w(49,8,9,291)
r(50,0,9,291)
r(51,0,3,292)
w(41,7,3,292)
r(50,4,3,292)
r(51,0,3,292)
r(33,0,5,293)
r(33,0,5,293)
w(50,6,5,293)
r(48,2,5,293)
w(50,7,5,293)
w(51,1,4,295)
r(51,1,4,295)
r(41,7,4,295)
r(48,2,4,295)
r(48,2,4,295)
w(51,2,5,299)
w(51,3,5,299)
w(51,4,5,299)
w(41,8,5,299)
r(50,7,5,299)
r(50,7,5,299)
w(51,5,5,299)
w(50,8,2,303)
r(51,5,2,303)
r(52,0,2,303)
r(51,5,2,303)
w(48,3,2,303)
w(48,4,2,303)
w(33,6,0,312)
w(52,2,0,312)
w(52,3,0,312)
r(52,3,0,312)
w(48,5,0,312)
r(53,0,0,312)
w(52,8,2,317)
w(53,7,2,317)
w(53,8,2,317)
r(53,8,2,317)
w(48,8,2,317)
r(55,0,2,317)
r(53,8,2,317)
r(53,8,2,317)
r(53,0,8,318)
w(55,1,8,318)
r(53,0,8,318)
r(55,1,8,318)
w(55,2,8,318)
w(33,8,8,318)
r(48,5,8,318)
r(57,0,1,327)
w(57,1,1,327)
w(55,6,1,327)
r(57,1,1,327)
r(55,6,1,327)
w(55,7,1,327)
r(59,0,0,331)
r(60,0,0,331)
r(60,0,0,331)
r(59,0,0,331)
r(60,0,0,331)
w(59,2,0,331)
w(60,1,1,337)
w(60,2,1,337)
r(60,2,1,337)
w(54,1,1,337)
r(59,2,1,337)
r(59,2,1,337)
w(59,4,3,338)
r(60,0,3,338)
r(57,1,3,338)
w(59,5,3,338)
r(59,5,3,338)
w(60,5,7,348)
w(59,7,7,348)
w(59,8,7,348)
w(60,6,7,348)
w(57,5,7,348)
r(60,6,7,348)
r(60,6,7,348)
w(60,7,7,348)
r(61,0,5,349)
w(62,1,5,349)
r(62,1,5,349)
r(54,1,5,349)
w(54,4,7,352)
r(62,1,7,352)
r(62,1,7,352)
r(57,5,7,352)
r(62,1,7,352)
r(62,1,7,352)
w(57,6,9,354)
r(62,1,9,354)
w(57,7,9,354)
w(62,2,9,354)
r(62,2,9,354)
r(62,1,6,356)
r(57,5,6,356)
r(57,5,6,356)
r(62,1,6,356)
w(61,3,6,356)
r(61,3,9,359)
w(62,3,9,359)
r(62,3,9,359)
r(61,3,9,359)
r(62,3,2,363)
r(62,3,2,363)
w(61,4,2,363)
r(62,3,2,363)
r(62,3,2,363)
w(61,5,3,370)
r(63,0,3,370)
w(54,5,3,370)
r(57,7,3,370)
r(63,0,3,370)
r(63,0,3,370)
w(63,1,3,370)
r(63,1,3,370)
r(63,1,1,377)
w(65,2,1,377)
w(65,3,1,377)
w(54,6,1,377)
w(66,1,1,377)
w(65,5,9,381)
r(65,5,9,381)
w(64,3,9,381)
w(66,3,9,381)
r(66,3,9,381)
w(66,4,9,381)
w(67,1,8,385)
w(65,7,8,385)
r(64,3,8,385)
r(64,3,8,385)
w(65,8,8,385)
r(67,1,8,385)
r(65,8,8,385)
r(65,8,2,388)
r(64,3,2,388)
w(68,1,2,388)
r(67,1,2,388)
r(67,1,2,388)
r(67,1,2,388)
r(67,1,2,388)
r(67,1,2,388)
w(67,2,4,392)
r(68,1,4,392)
r(67,2,4,392)
r(67,2,4,392)
w(67,3,4,392)
w(67,4,8,393)
r(67,4,8,393)
w(67,5,8,393)
r(67,5,8,393)
r(67,5,5,396)
r(68,1,5,396)
w(67,6,5,396)
r(67,6,5,396)
r(67,6,2,400)
r(67,6,2,400)
r(68,1,2,400)
r(67,6,2,400)
w(64,6,2,400)
r(69,0,6,406)
w(64,8,6,406)
w(68,6,6,406)
w(69,1,6,406)
w(69,2,6,406)
r(69,2,6,406)
r(69,0,3,407)
r(71,0,3,407)
r(69,0,3,407)
r(69,0,3,407)
r(71,0,5,410)
r(69,2,5,410)
w(69,4,5,410)
w(70,2,5,410)
r(70,2,5,410)
w(69,5,5,410)
r(69,5,3,412)
w(69,6,3,412)
r(58,0,3,412)
r(71,0,3,412)
r(69,5,4,413)
r(71,0,4,413)
w(58,1,4,413)
r(69,5,4,413)
r(69,5,4,413)
w(69,7,1,423)
r(69,7,1,423)
r(69,7,1,423)
r(70,2,1,423)
w(71,1,1,423)
r(70,2,1,423)
w(71,2,1,423)
w(71,3,1,423)
r(72,0,2,429)
r(71,3,2,429)
r(72,0,2,429)
r(71,3,2,429)
w(74,1,2,429)
w(72,8,9,430)
w(71,7,9,430)
r(73,0,9,430)
w(71,8,9,430)
r(75,0,9,433)
r(75,0,9,433)
r(74,1,9,433)
w(74,2,9,433)
r(74,2,1,439)
w(75,5,1,439)
w(74,5,1,439)
w(74,6,1,439)
w(74,7,1,439)
w(74,8,1,439)
w(70,7,2,445)
r(73,0,2,445)
r(75,5,2,445)
r(76,0,2,445)
w(75,8,2,445)
r(76,0,0,449)
r(77,0,0,449)
r(78,0,0,449)
r(78,0,0,449)
w(79,2,1,460)
w(73,4,1,460)
r(79,2,1,460)
r(79,2,1,460)
w(79,3,1,460)
r(79,3,1,460)
r(79,3,8,466)
w(77,7,8,466)
r(78,0,8,466)
w(77,8,8,466)
r(77,8,8,466)
w(80,1,8,466)
r(81,0,8,466)
w(81,1,8,466)
w(73,5,3,468)
r(58,1,3,468)
r(80,0,3,468)
r(80,0,3,468)
r(80,1,1,473)
r(81,1,1,473)
r(80,1,1,473)
r(81,1,1,473)
w(80,3,6,475)
w(81,4,6,475)
r(81,4,6,475)
r(80,3,6,475)
w(80,4,6,475)
r(81,4,6,475)
w(80,5,6,475)
r(78,0,3,479)
w(82,1,3,479)
r(78,0,3,479)
r(78,0,3,479)
r(81,4,1,480)
w(81,7,1,480)
r(81,7,1,480)
w(81,8,1,480)
r(82,1,5,481)
r(82,1,5,481)
r(78,0,5,481)
r(82,1,5,481)
r(58,1,5,481)
r(82,1,6,484)
r(73,5,6,484)
r(82,1,6,484)
w(73,6,6,484)
w(78,7,6,484)
w(82,2,6,484)
w(83,2,7,488)
r(82,2,7,488)
w(73,7,7,488)
r(82,2,7,488)
r(83,2,7,488)
w(84,1,7,488)
r(73,7,7,488)
r(83,2,4,496)
w(83,5,4,496)
w(85,2,4,496)
r(85,2,4,496)
w(83,6,4,496)
r(83,6,9,501)
r(85,2,9,501)
w(84,3,9,501)
r(86,0,9,501)
w(86,1,9,501)
w(85,7,5,502)
w(83,7,5,502)
r(58,1,5,502)
w(85,8,5,502)
r(86,1,6,505)
w(86,2,6,505)
r(86,2,6,505)
r(86,2,6,505)
r(73,7,6,505)
r(86,2,6,505)
r(83,6,6,505)
r(83,6,6,505)
w(86,5,7,512)
r(86,5,7,512)
w(73,8,7,512)
w(84,4,7,512)
w(86,6,7,512)
r(86,6,7,512)
r(87,0,7,512)
r(88,0,2,516)
w(88,2,2,516)
w(88,3,2,516)
r(88,3,2,516)
r(87,0,2,516)
r(88,3,2,516)
r(84,4,0,521)
r(88,3,0,521)
w(88,5,0,521)
w(88,6,0,521)
r(84,4,0,521)
r(84,4,0,521)
r(88,6,0,521)
w(88,7,0,521)
r(90,0,9,524)
w(87,4,9,524)
r(90,0,9,524)
w(90,2,9,524)
r(90,2,9,524)
w(89,1,0,527)
r(87,4,0,527)
w(90,3,0,527)
w(58,5,0,527)
w(89,2,0,527)
r(90,3,0,527)
r(89,2,0,527)
r(90,3,7,528)
r(90,3,7,528)
r(90,3,7,528)
r(89,2,7,528)
r(87,4,7,528)
w(87,7,0,533)
r(90,3,0,533)
r(87,7,0,533)
w(87,8,0,533)
r(58,5,2,535)
r(90,3,2,535)
w(90,6,2,535)
r(84,4,2,535)
r(89,2,2,535)
w(90,7,2,535)
r(90,7,2,535)
w(91,1,2,535)
r(91,1,9,540)
r(92,0,9,540)
r(91,1,9,540)
w(91,4,9,540)
w(89,3,9,540)
w(92,1,9,540)
r(92,1,9,540)
r(92,1,0,546)
r(91,4,0,546)
r(92,1,0,546)
r(91,4,0,546)
w(92,7,9,548)
r(91,4,9,548)
r(92,7,9,548)
w(91,7,9,548)
r(92,7,9,548)
r(91,7,9,548)
r(93,0,9,550)
r(93,0,9,550)
r(84,4,9,550)
r(93,0,9,550)
r(93,0,9,550)
r(92,7,3,551)
r(84,4,3,551)
r(58,5,3,551)
w(92,8,3,551)
r(92,8,3,551)
r(93,0,3,551)
w(93,1,3,551)
r(93,1,4,556)
r(91,7,4,556)
w(91,8,4,556)
r(93,1,4,556)
r(93,1,4,556)
w(89,4,0,559)
w(93,2,0,559)
w(93,3,0,559)
w(93,4,0,559)
w(93,5,0,559)
r(91,7,0,559)
r(89,4,0,559)
r(93,5,0,559)
r(93,1,7,561)
r(91,7,7,561)
r(95,0,7,561)
w(95,1,7,561)
r(95,1,7,561)
r(95,1,7,561)
r(94,0,7,561)
r(94,0,7,561)
w(95,5,5,567)
r(94,0,5,567)
w(95,6,5,567)
r(94,0,5,567)
w(95,7,5,567)
r(95,1,3,568)
w(94,3,3,568)
r(84,4,3,568)
w(94,4,3,568)
r(95,1,3,568)
r(94,4,3,568)
r(58,5,3,568)
r(84,4,3,568)
w(94,7,6,576)
r(96,0,6,576)
w(96,2,6,576)
r(96,2,6,576)
w(94,8,6,576)
r(96,2,6,576)
w(96,3,6,576)
r(96,3,8,581)
r(98,0,8,581)
w(96,7,8,581)
w(98,4,8,581)
w(96,8,8,581)
r(58,5,8,581)
r(97,0,8,581)
w(99,1,9,586)
r(99,1,9,586)
w(58,7,9,586)
w(99,2,9,586)
w(99,3,9,586)
r(58,7,9,586)
w(99,4,9,586)
w(58,8,9,586)
r(99,0,4,587)
r(99,0,4,587)
w(98,7,4,587)
w(100,1,4,587)
r(98,7,0,590)
w(97,5,0,590)
r(100,1,0,590)
r(98,7,0,590)
w(100,2,0,590)
r(89,4,0,590)
r(100,1,7,592)
r(100,1,7,592)
r(100,1,7,592)
r(100,1,7,592)
r(98,7,7,592)
r(100,1,7,592)
w(100,3,3,594)
w(100,4,3,594)
w(98,8,3,594)
w(100,5,3,594)
r(100,5,3,594)
r(89,4,3,594)
r(100,5,3,594)
w(100,6,3,594)
w(101,1,4,595)
r(100,2,4,595)
r(100,2,4,595)
r(97,5,4,595)
r(101,1,4,595)
w(97,6,4,595)
r(89,4,0,597)
w(101,2,0,597)
r(101,2,0,597)
w(100,7,0,597)
r(100,7,0,597)
r(100,7,0,597)
r(58,8,0,603)
r(100,7,0,603)
w(97,7,0,603)
r(100,7,0,603)
w(100,8,0,603)
r(100,7,5,606)
w(89,6,5,606)
w(101,3,5,606)
r(103,0,5,606)
r(103,0,0,610)
r(102,0,0,610)
r(101,3,0,610)
w(103,4,0,610)
w(103,5,0,610)
r(101,3,4,617)
w(105,1,4,617)
r(102,0,4,617)
w(101,7,4,617)
r(104,0,4,617)
w(105,2,4,617)
w(101,8,4,617)
r(104,0,3,622)
r(89,6,3,622)
w(107,1,3,622)
w(106,2,3,622)
r(106,2,0,627)
r(102,0,0,627)
r(107,1,0,627)
w(106,3,0,627)
w(106,4,6,631)
r(89,6,6,631)
w(107,8,6,631)
r(107,8,6,631)
w(102,8,6,631)
r(107,8,6,631)
w(89,7,6,631)
r(106,4,5,633)
r(109,0,5,633)
w(109,1,5,633)
r(106,4,5,633)
r(108,0,5,633)
r(108,0,8,635)
w(108,1,8,635)
w(108,2,8,635)
r(108,2,8,635)
w(108,3,8,635)
r(108,3,8,635)
w(108,4,8,635)
w(89,8,9,637)
w(108,6,9,637)
w(106,6,9,637)
r(104,0,9,637)
w(108,7,9,641)
w(108,8,9,641)
w(106,7,9,641)
r(106,7,9,641)
w(110,1,9,641)
w(110,2,9,641)
r(106,7,9,641)
w(110,7,0,645)
r(111,0,0,645)
w(111,1,0,645)
w(110,8,0,645)
r(109,1,0,645)
w(109,3,4,648)
r(112,0,4,648)
r(112,0,4,648)
r(109,3,4,648)
w(111,5,4,648)
w(111,6,4,648)
r(109,3,4,648)
r(112,0,4,648)
r(109,1,0,650)
r(112,0,0,650)
r(112,0,0,650)
w(112,1,0,650)
r(111,1,0,650)
r(112,1,0,650)
w(112,2,0,650)
r(111,1,0,650)
r(113,0,8,651)
r(111,6,8,651)
r(113,0,8,651)
r(111,6,8,651)
r(112,0,8,651)
w(113,1,6,656)
w(111,7,6,656)
w(112,3,6,656)
r(113,1,6,656)
r(111,7,6,656)
r(109,3,6,656)
r(112,3,6,656)
w(111,8,6,656)
r(112,2,3,657)
r(109,3,3,657)
r(109,3,3,657)
r(112,2,3,657)
r(114,0,9,659)
r(114,0,9,659)
r(112,3,9,659)
r(112,3,9,659)
r(109,3,9,659)
r(112,3,9,659)
w(112,6,6,662)
w(112,7,6,662)
w(113,2,6,662)
r(112,7,6,662)
w(112,8,6,662)
r(104,0,2,665)
r(115,0,2,665)
w(115,1,2,665)
r(115,1,2,665)
r(115,1,2,665)
r(115,1,2,665)
w(115,2,2,665)
r(115,0,4,666)
r(113,2,4,666)
r(115,0,4,666)
r(115,0,4,666)
r(115,0,4,666)
w(115,5,0,672)
r(114,0,0,672)
w(115,6,0,672)
r(115,6,0,672)
r(115,2,6,676)
w(114,3,6,676)
r(113,2,6,676)
r(115,2,6,676)
w(113,3,6,676)
w(113,4,6,676)
w(116,1,4,684)
w(109,7,4,684)
r(116,1,4,684)
r(113,2,4,684)
w(116,2,4,684)
r(114,0,4,684)
r(116,2,4,684)
w(116,3,4,684)
w(118,2,9,690)
r(118,2,9,690)
r(113,4,9,690)
w(118,3,9,690)
w(117,4,9,690)
r(117,4,9,690)
w(118,4,9,690)
w(118,7,0,695)
w(117,5,0,695)
r(119,0,0,695)
w(118,8,0,695)
w(104,4,7,699)
r(113,4,7,699)
w(120,1,7,699)
w(117,7,7,699)
w(120,2,7,699)
r(119,0,7,699)
r(120,2,7,699)
w(119,3,7,699)
w(113,6,8,703)
r(113,6,8,703)
w(120,6,8,703)
r(113,6,8,703)
r(120,6,8,703)
r(121,0,1,705)
r(121,0,1,705)
w(122,1,1,705)
w(122,2,1,705)
r(122,2,1,705)
w(121,1,4,708)
w(122,3,4,708)
w(119,4,4,708)
w(122,4,4,708)
w(122,5,4,708)
r(121,0,5,709)
r(121,0,5,709)
r(122,2,5,709)
r(122,2,5,709)
w(121,2,1,716)
w(104,5,1,716)
r(122,5,1,716)
w(121,3,1,716)
w(122,6,1,716)
w(122,7,1,716)
r(123,0,9,718)
w(123,3,9,718)
r(123,3,9,718)
w(123,4,9,718)
w(123,5,9,718)
w(123,6,9,718)
r(123,6,9,718)
w(119,5,9,718)
w(124,2,0,724)
w(113,7,0,724)
r(121,3,0,724)
r(124,2,0,724)
w(121,5,0,724)
w(124,3,0,724)
w(104,6,0,724)
r(121,5,0,724)
w(124,6,6,727)
r(124,6,6,727)
r(124,6,6,727)
w(121,8,6,727)
r(124,6,4,729)
r(104,6,4,729)
w(124,7,4,729)
w(124,8,4,729)
r(124,8,4,729)
r(119,5,4,729)
w(126,1,2,736)
r(127,0,2,736)
r(127,0,2,736)
w(125,1,2,736)
r(119,5,7,737)
w(127,1,7,737)
w(127,2,7,737)
r(127,2,7,737)
w(119,7,7,737)
w(127,3,7,737)
w(126,2,8,740)
r(127,3,8,740)
r(127,3,8,740)
r(128,0,8,740)
w(128,1,8,740)
r(126,2,8,740)
w(127,6,8,740)
r(127,6,1,744)
r(104,6,1,744)
w(127,8,1,744)
r(126,2,1,744)
r(127,6,3,745)
w(126,3,3,745)
r(127,6,3,745)
r(126,3,3,745)
r(126,3,3,745)
w(128,4,3,745)
r(129,0,6,754)
w(129,4,6,754)
r(126,3,6,754)
r(129,4,6,754)
r(128,4,6,754)
r(129,0,0,756)
r(125,1,0,756)
r(125,1,0,756)
r(128,4,0,756)
r(125,1,0,756)
r(126,3,0,756)
w(126,6,0,756)
r(131,0,4,763)
r(130,0,4,763)
r(128,4,4,763)
w(128,6,4,763)
r(131,0,4,763)
r(131,0,0,764)
w(131,1,0,764)
r(128,4,0,764)
w(130,5,0,764)
r(130,5,0,764)
r(131,1,8,769)
w(131,4,8,769)
r(131,4,8,769)
w(131,5,8,769)
w(125,3,8,774)
r(131,5,8,774)
r(131,5,8,774)
r(132,0,8,774)
w(132,1,5,778)
r(132,1,5,778)
r(132,1,5,778)
w(132,2,5,778)
r(132,2,5,778)
w(104,8,5,778)
w(125,4,9,782)
w(133,2,9,782)
w(132,6,9,782)
r(133,2,9,782)
r(132,6,9,782)
w(132,7,9,782)
r(125,4,9,782)
r(133,2,5,787)
w(132,8,5,787)
w(133,4,5,787)
w(125,8,5,787)
w(137,2,9,794)
r(133,4,9,794)
r(136,0,9,794)
r(137,2,9,794)
w(137,3,9,799)
r(135,0,9,799)
r(133,4,9,799)
w(135,3,9,799)
w(138,1,9,799)
r(136,0,9,799)
w(137,4,9,799)
w(139,2,8,808)
w(136,1,8,808)
r(139,2,8,808)
w(139,3,8,808)
r(139,3,8,808)
w(139,4,8,808)
r(135,3,7,814)
r(135,3,7,814)
w(140,2,7,814)
r(140,2,7,814)
w(140,3,7,814)
r(133,4,7,814)
r(140,3,7,814)
w(133,7,7,814)
r(140,0,4,818)
w(141,1,4,818)
w(136,3,4,818)
r(141,1,4,818)
r(140,0,4,818)
w(141,2,4,818)
w(141,3,4,818)
w(141,4,4,818)
w(145,1,7,834)
r(144,0,7,834)
w(145,2,7,834)
w(136,6,7,834)
w(145,3,7,834)
r(145,3,7,836)
w(144,6,7,836)
r(145,3,7,836)
r(145,3,7,836)
w(136,8,7,836)
w(145,7,7,836)
w(145,8,7,836)
w(142,5,7,836)
w(144,7,7,838)
r(144,7,7,838)
r(142,5,7,838)
w(144,8,7,838)
r(146,0,7,840)
w(146,1,7,840)
r(136,8,7,840)
w(146,2,7,840)
w(146,3,7,840)
w(142,6,7,840)
r(146,3,7,842)
r(146,3,7,842)
r(146,3,7,842)
r(146,3,7,842)
r(143,0,4,846)
r(143,0,4,846)
r(142,6,4,846)
r(138,1,4,846)
r(146,3,7,852)
r(146,3,7,852)
w(146,4,7,852)
r(146,4,7,852)
w(146,5,7,852)
w(146,6,7,852)
w(146,7,7,852)
r(143,0,8,854)
w(144,1,8,854)
r(143,0,8,854)
w(142,1,8,854)
w(144,2,8,854)
r(138,1,8,854)
r(145,8,1,856)
r(144,0,1,856)
w(145,5,1,856)
w(145,6,1,856)
w(140,8,0,861)
w(143,1,0,861)
w(143,2,0,861)
r(141,4,0,861)
w(143,3,0,861)
r(136,3,0,861)
w(138,3,0,861)
w(147,3,9,864)
w(147,4,9,864)
r(147,4,9,864)
w(149,1,9,864)
r(150,0,3,867)
r(147,4,3,867)
r(147,4,3,867)
r(151,0,3,867)
r(147,4,3,867)
w(151,4,3,867)
w(151,5,9,869)
r(151,5,9,869)
w(149,3,9,869)
r(147,4,9,869)
w(147,8,4,873)
w(151,6,4,873)
w(151,7,4,873)
r(151,7,4,873)
r(138,3,4,873)
r(151,7,4,873)
r(151,7,4,873)
r(150,0,3,880)
w(150,1,3,880)
w(152,2,3,880)
r(152,2,3,880)
w(150,2,3,880)
r(152,2,3,880)
r(152,0,1,881)
r(153,0,1,881)
r(153,0,1,881)
r(153,0,1,881)
r(153,0,1,881)
r(152,0,1,881)
r(153,0,1,881)
w(153,3,8,885)
r(149,3,8,885)
r(152,0,8,885)
w(153,4,8,885)
r(152,0,8,885)
r(149,3,0,886)
r(153,0,0,886)
r(153,0,0,886)
r(149,3,0,886)
r(152,2,0,886)
r(152,2,0,886)
r(152,2,0,886)
r(153,0,0,886)
w(153,5,4,890)
r(149,3,4,890)
r(153,5,4,890)
w(152,3,4,890)
r(153,5,4,890)
r(153,5,4,890)
r(152,3,4,890)
w(150,5,4,890)
r(153,5,4,896)
w(150,7,4,896)
w(152,6,4,896)
w(153,8,4,896)
w(152,7,16,899)
w(152,8,16,899)
r(153,8,16,899)
r(152,8,16,899)
w(154,1,16,899)
r(150,7,16,899)
w(154,2,16,899)
r(154,2,1,904)
r(155,0,1,904)
w(155,2,1,904)
w(155,3,1,904)
w(155,4,1,904)
w(154,6,15,908)
r(154,6,15,908)
r(156,0,15,908)
w(154,7,15,908)
r(150,7,15,908)
r(154,7,15,908)
r(154,2,4,909)
r(149,3,4,909)
r(156,0,4,909)
w(156,2,4,909)
w(150,8,4,909)
r(156,2,4,909)
r(154,2,4,909)
r(156,2,16,911)
r(154,7,16,911)
r(150,8,16,911)
w(149,7,16,911)
w(157,1,8,916)
r(157,1,8,916)
r(150,8,8,916)
r(156,2,8,916)
r(157,1,8,916)
r(156,2,8,916)
r(156,2,0,917)
r(156,2,0,917)
w(154,8,0,917)
r(149,7,0,917)
r(156,2,0,917)
r(156,2,0,917)
r(156,2,0,917)
r(150,8,0,917)
r(138,3,4,918)
r(149,7,4,918)
r(149,7,4,918)
w(156,3,4,918)
w(149,8,4,918)
w(156,4,4,918)
r(150,8,16,922)
r(156,4,16,922)
w(157,3,16,922)
w(157,4,16,922)
w(156,7,16,922)
r(157,4,16,922)
r(150,8,16,922)
w(157,6,15,928)
r(160,0,15,928)
r(160,0,15,928)
r(159,0,15,928)
r(160,0,0,934)
w(159,2,0,934)
r(158,0,0,934)
r(160,0,0,934)
r(159,2,0,934)
w(161,5,15,945)
r(161,5,15,945)
r(159,2,15,945)
w(159,5,15,945)
r(162,0,3,946)
w(157,8,3,946)
r(159,2,3,946)
r(161,0,3,946)
r(163,0,3,946)
w(163,1,3,946)
r(163,1,3,946)
w(162,1,1,947)
r(164,0,1,947)
w(164,1,1,947)
r(158,0,1,947)
r(159,5,1,947)
r(158,0,1,947)
r(164,1,3,950)
r(164,1,3,950)
r(164,1,3,950)
r(164,1,3,950)
w(164,2,3,950)
w(164,3,3,950)
r(164,3,3,950)
r(164,3,4,958)
r(164,3,4,958)
r(164,3,4,958)
w(164,7,4,958)
r(164,7,4,958)
w(163,3,4,958)
w(163,4,4,958)
w(163,5,4,958)
r(166,0,3,966)
r(166,0,3,966)
r(166,0,3,966)
w(165,3,3,966)
w(165,4,3,966)
r(166,0,2,969)
r(167,0,2,969)
r(165,4,2,969)
r(165,4,2,969)
r(166,0,2,969)
r(165,4,2,969)
w(165,6,2,969)
w(165,7,2,969)
r(165,7,3,973)
r(165,7,3,973)
w(166,5,3,973)
r(167,0,3,973)
w(166,7,2,977)
r(168,0,2,977)
w(166,8,2,977)
w(167,2,2,977)
r(166,8,2,977)
r(167,2,2,977)
w(168,1,2,977)
r(169,0,9,982)
r(169,0,9,982)
w(167,5,9,982)
r(170,0,9,982)
r(170,0,9,982)
r(168,1,3,983)
w(169,4,3,983)
w(168,6,3,983)
r(167,2,3,983)
w(168,7,3,983)
w(168,8,3,983)
w(169,5,3,983)
w(170,1,16,989)
w(170,2,16,989)
w(169,6,16,989)
w(170,3,16,989)
w(170,4,16,989)
w(170,5,16,989)
w(170,6,16,989)
w(171,2,2,996)
r(167,5,2,996)
w(172,1,2,996)
r(167,5,2,996)
r(167,5,2,996)
w(167,6,2,996)
w(171,3,2,996)
r(172,1,2,1001)
r(171,3,2,1001)
r(162,1,2,1001)
r(173,0,2,1001)
r(173,0,2,1001)
w(173,1,2,1001)
r(158,0,2,1003)
w(173,3,2,1003)
r(173,3,2,1003)
w(171,5,2,1003)
r(171,5,2,1003)
r(173,3,7,1007)
w(162,3,7,1007)
w(173,4,7,1007)
r(158,0,7,1007)
w(171,6,7,1007)
w(171,7,7,1007)
w(174,1,7,1007)
w(171,8,7,1007)
r(174,1,9,1010)
r(175,0,9,1010)
r(173,4,9,1010)
w(174,2,9,1010)
w(175,1,9,1010)
w(173,8,9,1010)
w(175,3,3,1014)
w(174,3,3,1014)
r(174,3,3,1014)
r(175,3,3,1014)
r(175,3,3,1014)
w(175,4,3,1014)
w(176,2,3,1014)
w(174,4,9,1018)
w(176,3,9,1018)
r(176,3,9,1018)
r(176,3,9,1018)
r(176,3,1,1021)
w(158,3,1,1021)
r(176,3,1,1021)
w(174,7,1,1021)
r(176,3,1,1021)
r(177,0,1,1021)
r(177,0,3,1024)
w(176,5,3,1024)
w(177,1,3,1024)
w(174,8,3,1024)
r(162,3,3,1024)
r(162,3,16,1030)
w(177,5,16,1030)
w(177,6,16,1030)
w(178,1,16,1030)
r(179,0,1,1037)
r(177,6,1,1037)
r(177,6,1,1037)
w(178,3,1,1037)
w(179,3,1,1037)
w(177,8,1,1037)
r(177,8,1,1037)
r(179,3,1,1037)
w(179,4,7,1043)
r(180,0,7,1043)
w(180,2,7,1043)
w(158,5,7,1043)
w(180,3,7,1043)
r(179,4,7,1043)
w(180,6,0,1045)
r(179,4,0,1045)
r(180,6,0,1045)
r(179,4,0,1045)
r(179,4,0,1045)
w(180,7,0,1045)
w(180,8,7,1047)
r(178,3,7,1047)
r(179,4,7,1047)
r(179,4,7,1047)
w(179,6,7,1047)
r(179,6,7,1047)
r(178,3,9,1049)
r(179,6,9,1049)
w(179,7,9,1049)
r(179,7,9,1049)
r(179,7,9,1049)
r(179,7,9,1049)
w(178,5,9,1049)
w(179,8,9,1052)
r(178,5,9,1052)
w(181,1,9,1052)
r(178,5,9,1052)
w(178,6,9,1052)
w(181,2,3,1056)
r(182,0,3,1056)
r(182,0,3,1056)
w(178,8,3,1056)
r(178,8,4,1064)
r(181,2,4,1064)
w(182,5,4,1064)
r(181,2,4,1064)
r(182,5,4,1064)
w(182,6,4,1064)
r(182,6,4,1064)
w(182,7,4,1064)
r(182,0,7,1065)
r(158,5,7,1065)
r(182,0,7,1065)
r(181,2,7,1065)
r(182,0,7,1065)
w(184,1,7,1065)
w(183,1,7,1065)
r(184,1,7,1065)
r(181,2,8,1068)
r(184,1,8,1068)
r(181,2,8,1068)
w(183,2,8,1068)
r(184,1,8,1068)
w(181,5,8,1068)
w(162,5,2,1070)
r(183,1,2,1070)
r(184,1,2,1070)
w(184,2,2,1070)
r(184,2,2,1070)
w(184,3,2,1070)
r(183,1,2,1070)
r(181,5,8,1072)
r(184,1,8,1072)
w(181,6,8,1072)
r(184,1,8,1072)
w(183,3,8,1072)
w(183,4,8,1072)
r(181,6,8,1072)
w(181,7,8,1072)
w(184,4,4,1078)
r(184,4,4,1078)
r(184,4,4,1078)
r(181,7,4,1078)
w(184,5,4,1078)
r(183,4,4,1078)
r(158,5,4,1078)
w(185,2,2,1080)
w(185,3,2,1080)
w(186,1,2,1080)
r(185,3,2,1080)
r(187,0,2,1080)
r(187,0,1,1085)
w(183,6,1,1085)
w(185,5,1,1085)
r(162,5,1,1085)
w(185,6,1,1085)
w(187,1,1,1085)
r(187,1,1,1085)
r(188,0,0,1090)
w(188,3,0,1090)
r(187,1,0,1090)
w(188,4,0,1090)
w(187,2,4,1094)
w(188,7,4,1094)
r(189,0,4,1094)
w(162,6,4,1094)
r(188,7,4,1094)
r(188,7,4,1094)
r(187,1,2,1095)
r(190,0,2,1095)
w(190,1,2,1095)
r(187,1,2,1095)
r(190,1,8,1100)
w(187,3,8,1100)
r(190,1,8,1100)
r(190,1,8,1100)
w(187,4,8,1100)
w(190,2,8,1100)
w(189,3,8,1100)
r(162,6,8,1100)
w(190,6,1,1105)
w(187,6,1,1105)
r(187,6,1,1105)
r(187,6,1,1105)
w(187,7,1,1105)
r(191,0,1,1109)
r(189,3,1,1109)
w(189,8,1,1109)
w(191,3,1,1109)
w(191,4,1,1109)
r(191,4,15,1113)
w(191,5,15,1113)
w(186,2,15,1113)
r(191,5,15,1113)
w(191,6,15,1113)
w(191,7,15,1113)
r(194,0,8,1116)
w(194,2,8,1116)
r(194,2,8,1116)
r(193,0,8,1116)
r(194,2,8,1116)
w(193,1,8,1116)
r(192,0,8,1116)
r(194,2,8,1116)
w(194,3,4,1119)
w(194,4,4,1119)
r(194,4,4,1119)
r(192,0,4,1119)
r(192,0,9,1124)
w(192,1,9,1124)
w(193,2,9,1124)
w(194,5,9,1124)
w(192,2,9,1124)
r(194,5,9,1124)
r(192,2,9,1127)
r(193,2,9,1127)
w(192,5,9,1127)
w(192,6,9,1127)
r(186,2,2,1132)
r(195,0,2,1132)
w(162,8,2,1132)
r(195,0,2,1132)
w(192,7,2,1132)
w(193,3,2,1132)
r(162,8,2,1132)
w(195,1,15,1134)
w(195,2,15,1134)
r(195,2,15,1134)
w(195,3,15,1134)
w(199,2,1,1143)
r(198,0,1,1143)
w(193,5,1,1143)
r(198,0,1,1143)
r(199,2,1,1143)
r(199,2,4,1146)
r(198,0,4,1146)
r(197,0,4,1146)
w(197,2,4,1146)
w(196,1,1,1150)
w(193,7,1,1150)
r(198,0,1,1150)
r(198,0,1,1150)
r(198,0,1,1150)
w(198,3,1,1150)
w(200,1,1,1150)
r(198,3,1,1150)
w(200,3,16,1155)
r(200,3,16,1155)
w(200,4,16,1155)
r(200,4,16,1155)
r(200,4,16,1155)
w(198,7,16,1155)
w(197,3,16,1155)
r(196,1,16,1155)
r(200,4,15,1157)
r(198,7,15,1157)
w(200,8,15,1157)
w(198,8,15,1157)
r(198,8,15,1157)
r(200,8,16,1161)
r(201,0,16,1161)
r(200,8,16,1161)
r(202,0,16,1161)
w(203,1,16,1161)
r(196,1,16,1161)
w(202,1,3,1169)
w(196,2,3,1169)
r(203,1,3,1169)
r(202,1,3,1169)
r(203,1,3,1169)
r(203,1,3,1169)
w(202,2,3,1169)
r(203,1,16,1173)
r(202,0,16,1173)
r(202,0,16,1173)
w(203,4,16,1173)
w(203,5,16,1173)
w(201,2,16,1173)
r(202,0,16,1173)
w(202,8,15,1178)
r(203,5,15,1178)
r(203,5,15,1178)
w(201,6,15,1178)
w(205,1,15,1181)
w(205,2,15,1181)
r(204,0,15,1181)
w(205,3,15,1181)
r(203,5,7,1182)
w(203,7,7,1182)
w(203,8,7,1182)
r(203,8,7,1182)
w(197,6,7,1182)
w(204,1,7,1182)
r(203,8,7,1182)
w(204,2,7,1182)
w(205,5,9,1187)
r(201,6,9,1187)
w(201,8,9,1187)
r(205,5,9,1187)
r(205,5,9,1187)
w(205,6,9,1187)
r(201,8,9,1187)
r(205,6,9,1187)
w(207,3,15,1194)
w(207,4,15,1194)
w(207,5,15,1194)
w(206,1,15,1194)
r(197,6,15,1194)
w(197,7,0,1195)
r(208,0,0,1195)
w(208,1,0,1195)
w(204,4,0,1195)
r(204,4,0,1195)
r(204,4,0,1195)
r(196,2,0,1195)
w(208,7,9,1199)
r(204,4,9,1199)
r(208,7,9,1199)
r(208,7,9,1199)
w(204,5,7,1203)
w(208,8,7,1203)
w(204,6,7,1203)
r(204,6,7,1203)
r(209,0,0,1207)
r(206,1,0,1207)
w(197,8,0,1207)
r(206,1,0,1207)
w(209,1,0,1207)
w(209,2,0,1207)
w(209,3,0,1207)
r(210,0,7,1212)
r(209,3,7,1212)
r(209,3,7,1212)
r(206,1,7,1212)
w(209,6,7,1212)
r(206,1,7,1212)
r(206,1,7,1212)
r(209,6,1,1217)
w(210,6,1,1217)
w(209,8,1,1217)
w(210,7,1,1217)
w(206,6,1,1217)
r(209,8,1,1217)
r(213,0,7,1221)
r(213,0,7,1221)
r(213,0,7,1221)
w(212,2,7,1221)
w(211,2,7,1221)
r(213,0,16,1223)
r(206,6,16,1223)
r(212,2,16,1223)
r(206,6,16,1223)
r(213,0,16,1223)
w(213,1,2,1224)
w(213,2,2,1224)
r(213,2,2,1224)
r(213,2,2,1224)
r(206,6,2,1224)
r(213,2,16,1230)
r(196,2,16,1230)
r(213,2,16,1230)
r(213,2,16,1230)
w(213,4,16,1230)
w(206,7,16,1230)
w(213,5,16,1230)
r(196,2,2,1231)
r(214,0,2,1231)
r(214,0,2,1231)
r(214,0,2,1231)
r(212,2,2,1231)
r(214,0,2,1231)
w(214,1,9,1239)
r(196,2,9,1239)
r(214,1,9,1239)
r(214,1,9,1239)
w(214,2,9,1239)
w(214,3,9,1239)
w(215,2,16,1241)
r(215,2,16,1241)
r(212,2,16,1241)
r(206,7,16,1241)
r(215,2,16,1241)
r(212,2,16,1241)
w(212,5,15,1247)
w(212,6,15,1247)
w(212,7,15,1247)
r(212,7,15,1247)
r(212,7,15,1247)
r(215,2,15,1247)
w(212,8,15,1247)
r(196,2,7,1248)
r(206,7,7,1248)
w(215,3,7,1248)
w(215,4,7,1248)
w(215,5,7,1248)
w(215,6,7,1248)
w(215,7,7,1248)
r(218,0,16,1250)
w(218,2,16,1250)
w(218,3,16,1250)
w(217,1,16,1250)
r(218,3,3,1253)
r(216,0,3,1253)
r(218,3,3,1253)
r(217,1,3,1253)
w(216,2,2,1256)
r(218,3,2,1256)
w(218,7,2,1256)
r(218,7,2,1256)
r(218,7,2,1256)
r(219,0,9,1259)
r(219,0,9,1259)
w(219,1,9,1259)
r(217,1,9,1259)
w(216,4,9,1259)
w(219,2,9,1259)
r(219,2,9,1259)
r(219,2,4,1263)
r(196,2,4,1263)
r(219,2,4,1263)
w(217,3,4,1263)
w(216,5,4,1263)
w(219,3,4,1263)
w(219,4,4,1263)
w(219,5,4,1263)
r(220,0,2,1266)
w(220,1,2,1266)
w(211,5,2,1266)
r(216,5,2,1266)
r(220,1,2,1266)
w(220,2,2,1266)
r(220,2,2,1266)
r(216,5,1,1269)
w(220,4,1,1269)
r(216,5,1,1269)
r(220,4,1,1269)
w(220,5,0,1271)
w(220,6,0,1271)
r(220,6,0,1271)
w(220,7,0,1271)
w(220,8,9,1274)
w(217,5,9,1274)
w(216,7,9,1274)
r(220,8,9,1274)
r(216,7,9,1274)
w(211,7,7,1279)
w(216,8,7,1279)
r(221,0,7,1279)
r(221,0,7,1279)
w(221,3,7,1279)
r(221,3,7,1279)
w(221,4,7,1279)
w(217,7,7,1279)
r(196,2,1,1282)
r(221,4,1,1282)
r(221,4,1,1282)
r(221,4,1,1282)
w(221,6,1,1282)
r(196,2,1,1282)
r(221,6,1,1282)
w(221,7,1,1282)
r(211,7,16,1284)
r(221,4,16,1284)
r(221,4,16,1284)
w(222,1,16,1284)
w(222,2,16,1284)
r(221,4,16,1284)
r(221,4,16,1284)
r(221,4,16,1284)
r(222,2,0,1287)
w(222,3,0,1287)
w(222,4,0,1287)
w(221,8,0,1287)
r(221,8,0,1287)
w(222,5,0,1287)
r(222,5,0,1291)
r(224,0,0,1291)
r(222,5,0,1291)
r(222,5,0,1291)
w(224,3,4,1296)
w(196,5,4,1296)
r(223,0,4,1296)
w(224,4,4,1296)
w(224,5,4,1296)
w(224,6,4,1296)
r(224,6,4,1296)
r(222,5,4,1296)
r(222,5,0,1298)
r(223,0,0,1298)
r(222,5,0,1298)
r(222,5,0,1298)
r(223,0,0,1298)
r(222,5,0,1298)
r(226,0,4,1304)
r(226,0,4,1304)
r(223,0,4,1304)
w(196,7,4,1304)
r(226,0,4,1304)
r(226,0,1,1307)
r(226,0,1,1307)
w(222,8,1,1307)
w(226,1,1,1307)
w(223,2,1,1307)
w(227,1,1,1307)
w(226,2,1,1307)
w(227,2,1,1307)
r(226,2,0,1315)
w(227,7,0,1315)
w(226,8,0,1315)
r(223,2,0,1315)
w(225,3,0,1315)
w(228,1,0,1315)
r(223,2,0,1315)
r(228,1,0,1315)
r(229,0,0,1319)
r(230,0,0,1319)
w(230,3,0,1319)
r(229,0,0,1319)
r(225,3,9,1321)
r(229,0,9,1321)
r(230,0,9,1321)
r(230,0,9,1321)
r(223,2,9,1321)
r(229,0,9,1321)
w(230,4,2,1326)
w(230,5,2,1326)
w(230,6,2,1326)
w(230,7,2,1326)
r(229,0,2,1326)
w(225,7,1,1331)
w(229,4,1,1331)
r(231,0,1,1331)
r(229,4,1,1331)
w(231,1,4,1336)
r(223,2,4,1336)
w(231,2,4,1336)
r(229,0,4,1336)
w(223,5,4,1336)
r(223,5,4,1336)
w(229,6,15,1342)
w(232,1,15,1342)
w(232,2,15,1342)
w(232,3,15,1342)
r(225,7,15,1342)
r(229,6,15,1342)
w(229,7,15,1342)
r(232,3,15,1342)
r(232,3,8,1347)
r(232,3,8,1347)
r(232,3,8,1347)
w(232,7,8,1347)
r(196,7,8,1347)
r(234,0,15,1367)
r(233,0,15,1367)
w(234,3,15,1367)
r(233,0,15,1367)
w(196,8,15,1367)
w(225,8,15,1367)
r(234,3,15,1367)
r(233,0,15,1367)
w(237,7,4,1369)
w(237,8,4,1369)
w(239,1,4,1369)
r(238,0,4,1369)
r(238,0,4,1369)
w(235,2,8,1380)
r(236,0,8,1380)
w(236,3,8,1380)
w(239,5,8,1380)
w(238,8,8,1380)
r(234,3,0,1383)
w(233,7,0,1383)
r(234,3,0,1383)
w(234,7,0,1383)
w(234,8,0,1383)
r(233,7,0,1383)
r(237,8,0,1383)
w(239,6,4,1386)
w(239,7,4,1386)
w(239,8,4,1386)
w(236,4,4,1386)
r(236,4,4,1386)
r(235,2,4,1386)
r(241,0,4,1386)
r(241,0,4,1386)
r(242,0,2,1389)
r(242,0,2,1389)
r(236,3,2,1389)
r(235,2,2,1389)
r(242,0,2,1389)
r(242,0,2,1389)
r(235,2,2,1389)
r(242,0,4,1393)
r(242,0,4,1393)
r(242,0,4,1393)
w(235,4,4,1393)
w(242,3,4,1393)
r(242,3,4,1393)
w(236,6,9,1398)
w(241,4,9,1398)
w(242,5,9,1398)
r(242,5,9,1398)
w(241,5,9,1398)
r(236,6,9,1398)
w(241,6,9,1398)
r(243,0,7,1405)
r(235,4,7,1405)
r(236,6,7,1405)
r(243,0,7,1405)
r(243,0,7,1405)
w(243,1,7,1405)
r(243,1,7,1405)
r(236,6,7,1405)
w(243,2,3,1408)
r(236,6,3,1408)
w(244,1,3,1408)
r(236,6,3,1408)
r(243,2,8,1412)
w(243,6,8,1412)
r(244,1,8,1412)
w(243,7,8,1412)
r(243,7,8,1412)
r(235,4,4,1417)
w(244,5,4,1417)
r(246,0,4,1417)
w(244,6,4,1417)
r(235,4,4,1417)
w(247,4,4,1431)
w(246,4,4,1431)
w(240,1,4,1431)
r(246,4,4,1431)
r(246,4,4,1431)
r(247,4,4,1431)
r(247,0,0,1432)
r(245,0,0,1432)
r(248,0,0,1432)
r(248,0,0,1432)
w(245,3,0,1432)
r(247,4,9,1435)
w(248,6,9,1435)
r(248,6,9,1435)
w(248,7,9,1435)
r(245,3,9,1435)
r(248,7,9,1435)
w(248,8,9,1439)
r(247,4,9,1439)
w(245,4,9,1439)
w(249,1,9,1439)
r(250,0,2,1445)
w(245,5,2,1445)
w(240,3,2,1445)
w(249,5,2,1445)
w(249,6,2,1445)
w(235,7,0,1449)
r(249,1,0,1449)
r(249,1,0,1449)
r(249,1,0,1449)
w(250,4,0,1449)
w(250,5,0,1449)
w(251,2,3,1455)
w(250,7,3,1455)
w(250,8,3,1455)
w(251,3,3,1455)
w(245,6,3,1455)
r(251,3,3,1455)
r(251,3,3,1455)
r(245,6,0,1463)
w(251,8,0,1463)
r(252,0,0,1463)
w(252,2,0,1463)
w(253,1,0,1463)
w(253,2,0,1463)
w(252,3,0,1463)
w(252,4,0,1463)
r(252,4,2,1473)
w(253,6,2,1473)
r(253,6,2,1473)
w(255,1,2,1473)
r(252,4,9,1475)
r(256,0,9,1475)
w(256,2,9,1475)
r(252,4,9,1475)
r(256,2,9,1475)
w(256,3,9,1475)
w(256,5,1,1478)
w(254,1,1,1478)
r(255,1,1,1478)
r(254,1,1,1478)
r(252,4,1,1478)
w(256,6,1,1478)
r(252,4,1,1478)
w(254,2,1,1478)
r(258,0,2,1485)
r(257,0,2,1485)
r(257,0,2,1485)
w(258,2,2,1485)
r(258,2,2,1485)
w(258,3,2,1485)
w(255,5,7,1488)
r(258,3,7,1488)
w(258,4,7,1488)
r(257,0,7,1488)
w(257,4,1,1496)
w(258,7,1,1496)
w(258,8,1,1496)
r(254,2,1,1496)
w(255,6,1,1496)
w(257,5,1,1496)
w(259,1,1,1496)
r(259,1,1,1503)
r(259,1,1,1503)
w(259,7,1,1503)
w(254,5,1,1503)
w(257,6,1,1503)
w(259,8,1,1503)
w(254,6,1,1503)
w(261,1,3,1509)
r(260,0,3,1509)
w(260,3,3,1509)
w(260,4,3,1509)
w(260,5,3,1509)
r(260,5,3,1509)
r(260,5,3,1509)
r(262,0,3,1509)
r(254,6,3,1512)
w(263,1,3,1512)
r(262,0,3,1512)
w(261,4,3,1512)
r(263,1,3,1512)
r(263,1,16,1516)
w(240,5,16,1516)
r(263,1,16,1516)
r(254,6,16,1516)
r(261,4,7,1518)
r(254,6,7,1518)
r(262,0,7,1518)
r(262,0,7,1518)
r(261,4,7,1518)
w(261,6,7,1518)
w(261,7,7,1518)
r(261,7,9,1519)
w(263,3,9,1519)
r(262,0,9,1519)
r(263,3,9,1519)
w(263,4,9,1519)
w(261,8,2,1522)
r(261,8,2,1522)
r(263,4,2,1522)
w(263,5,2,1522)
r(262,0,2,1522)
w(263,6,2,1522)
w(263,8,9,1526)
w(262,2,9,1526)
w(264,3,9,1526)
r(265,0,9,1526)
r(265,0,9,1526)
w(262,4,9,1531)
w(265,3,9,1531)
w(262,5,9,1531)
r(264,3,9,1531)
r(265,3,9,1531)
w(240,7,9,1531)
w(264,6,4,1534)
r(262,2,4,1534)
r(265,0,4,1534)
r(265,0,4,1534)
r(265,0,4,1534)
r(266,0,15,1539)
r(266,0,15,1539)
r(265,3,15,1539)
w(266,1,15,1539)
r(266,1,15,1539)
r(266,1,15,1539)
w(265,6,2,1540)
r(264,6,2,1540)
w(265,7,2,1540)
r(262,5,2,1540)
w(265,8,2,1540)
r(265,8,2,1540)
r(265,8,2,1540)
r(268,0,16,1546)
w(267,2,16,1546)
w(267,3,16,1546)
w(268,1,16,1546)
w(266,8,2,1550)
r(269,0,2,1550)
w(269,2,2,1550)
r(266,8,2,1550)
r(270,0,0,1557)
r(240,7,0,1557)
r(269,2,0,1557)
w(270,4,0,1557)
w(269,7,3,1561)
r(269,7,3,1561)
w(270,5,3,1561)
r(270,5,3,1561)
w(268,2,16,1563)
w(254,8,16,1563)
r(269,7,16,1563)
w(240,8,16,1563)
r(270,5,16,1563)
r(268,2,4,1567)
r(269,7,4,1567)
w(270,8,4,1567)
r(271,0,4,1567)
r(271,0,4,1567)
r(271,0,8,1572)
w(271,3,8,1572)
r(268,2,8,1572)
w(271,4,8,1572)
w(271,5,8,1572)
r(270,5,8,1572)
w(275,1,3,1575)
r(268,2,3,1575)
r(268,2,3,1575)
r(274,0,3,1575)
w(274,1,3,1575)
w(275,2,3,1575)
w(274,3,0,1580)
w(275,4,0,1580)
w(274,4,0,1580)
r(272,0,0,1580)
r(275,2,7,1581)
r(275,2,7,1581)
r(268,2,7,1581)
r(276,0,7,1581)
r(275,4,16,1583)
r(275,4,16,1583)
w(268,4,16,1583)
r(276,0,16,1583)
r(268,4,16,1583)
w(276,1,16,1583)
r(276,1,16,1583)
r(276,1,8,1588)
r(275,4,8,1588)
r(268,4,8,1588)
r(275,4,8,1588)
r(276,1,8,1588)
w(275,6,8,1588)
w(275,7,8,1588)
r(275,7,8,1588)
w(275,8,7,1596)
w(276,4,7,1596)
r(275,8,7,1596)
r(276,4,7,1596)
w(276,5,7,1596)
r(276,5,7,1596)
w(268,6,7,1596)
r(276,5,7,1596)
w(278,3,9,1598)
w(278,4,9,1598)
r(277,0,9,1598)
w(278,5,9,1598)
r(277,0,4,1604)
w(278,7,4,1604)
w(273,3,4,1604)
r(273,3,4,1604)
w(268,8,4,1604)
r(279,0,15,1606)
r(279,0,15,1606)
r(279,0,15,1606)
w(279,3,15,1606)
w(277,6,15,1606)
r(279,3,15,1606)
w(279,5,16,1610)
w(277,7,16,1610)
r(277,7,16,1610)
r(279,5,16,1610)
r(282,0,1,1616)
w(281,1,1,1616)
r(282,0,1,1616)
w(281,2,1,1616)
w(281,3,1,1616)
w(282,2,8,1620)
r(281,3,8,1620)
r(281,3,8,1620)
r(281,3,8,1620)
r(281,3,9,1622)
r(281,3,9,1622)
r(281,3,9,1622)
r(281,3,9,1622)
w(281,7,9,1622)
w(281,8,9,1622)
r(282,0,9,1622)
r(282,0,9,1622)
w(283,1,3,1624)
r(283,1,3,1624)
w(282,3,3,1624)
w(283,2,3,1624)
r(283,2,3,1624)
w(282,6,16,1629)
r(282,6,16,1629)
r(283,2,16,1629)
r(280,0,16,1629)
r(285,0,4,1638)
r(284,0,4,1638)
r(285,0,4,1638)
r(284,0,4,1638)
w(285,1,8,1641)
w(284,5,8,1641)
r(285,1,8,1641)
w(285,2,8,1641)
r(284,5,8,1641)
r(284,5,8,1641)
w(284,6,8,1641)
r(284,6,7,1643)
r(286,0,7,1643)
w(286,1,7,1643)
r(286,1,7,1643)
r(272,0,7,1643)
r(286,1,7,1643)
r(285,2,7,1643)
w(286,2,7,1647)
r(273,3,7,1647)
r(286,2,7,1647)
w(286,3,7,1647)
r(286,3,7,1647)
r(286,3,7,1647)
r(286,3,7,1647)
r(286,3,7,1647)
w(285,7,2,1650)
r(285,7,2,1650)
r(285,7,2,1650)
w(280,7,2,1650)
r(280,7,2,1650)
w(286,5,2,1650)
r(280,7,7,1653)
w(286,6,7,1653)
w(286,7,7,1653)
w(286,8,7,1653)
r(272,0,2,1654)
r(285,7,2,1654)
w(285,8,2,1654)
r(287,0,2,1654)
w(287,1,8,1657)
r(287,1,8,1657)
r(287,1,8,1657)
r(287,1,8,1657)
w(280,8,8,1657)
w(287,2,8,1657)
r(287,2,0,1660)
r(280,8,0,1660)
r(287,2,0,1660)
w(287,5,0,1660)
w(287,6,0,1660)
w(288,1,0,1660)
r(287,6,0,1660)
r(290,0,1,1666)
r(288,1,1,1666)
r(288,1,1,1666)
w(288,3,1,1666)
r(290,0,1,1666)
w(289,1,1,1666)
r(290,0,1,1666)
r(290,0,2,1671)
w(290,4,2,1671)
r(288,3,2,1671)
w(273,7,2,1671)
r(273,7,2,1671)
r(288,3,2,1671)
w(273,8,9,1675)
r(288,3,9,1675)
r(273,8,9,1675)
w(289,4,9,1675)
r(290,4,9,1675)
r(289,4,9,1675)
r(291,0,15,1676)
w(291,1,15,1676)
r(291,1,15,1676)
r(291,1,15,1676)
r(273,7,7,1678)
r(290,4,7,1678)
w(288,7,7,1678)
w(288,8,7,1678)
w(290,7,7,1678)
w(290,8,7,1678)
w(291,2,8,1679)
r(273,8,8,1679)
r(291,2,8,1679)
r(289,4,8,1679)
w(291,3,9,1682)
r(289,4,9,1682)
r(291,3,9,1682)
r(291,3,9,1682)
r(292,0,9,1682)
w(292,1,9,1682)
r(289,4,9,1682)
r(273,8,9,1682)
w(291,8,8,1693)
w(293,3,8,1693)
r(293,3,8,1693)
w(294,1,8,1693)
w(292,4,8,1693)
w(294,2,8,1693)
w(289,5,0,1696)
r(292,4,0,1696)
w(289,6,0,1696)
r(292,4,0,1696)
r(292,4,0,1696)
r(289,6,9,1701)
w(292,8,9,1701)
r(292,8,9,1701)
r(289,6,9,1701)
r(295,0,9,1701)
w(295,1,9,1701)
w(295,2,9,1701)
r(295,2,9,1704)
r(295,2,9,1704)
w(296,2,9,1704)
r(295,2,9,1704)
w(295,7,9,1704)
r(295,7,9,1704)
r(298,0,3,1714)
w(296,4,3,1714)
w(298,1,3,1714)
w(298,2,3,1714)
w(297,1,3,1714)
r(300,0,7,1718)
r(300,0,7,1718)
r(297,1,7,1718)
r(297,1,7,1718)
r(300,0,8,1719)
r(300,0,8,1719)
r(300,0,8,1719)
w(300,3,8,1719)
w(300,4,16,1723)
w(299,3,16,1723)
w(301,1,16,1723)
w(299,4,16,1723)
r(272,0,2,1726)
r(300,4,2,1726)
r(301,1,2,1726)
w(300,7,2,1726)
r(300,4,1,1727)
r(300,4,1,1727)
r(300,4,1,1727)
w(297,5,1,1727)
r(299,4,7,1732)
r(301,1,7,1732)
r(299,4,7,1732)
w(301,2,7,1732)
w(300,8,7,1732)
r(301,2,7,1732)
w(272,2,7,1732)
r(302,0,7,1732)
w(302,5,2,1736)
w(302,6,2,1736)
r(301,2,2,1736)
w(301,5,2,1736)
r(297,5,2,1736)
w(302,7,2,1736)
w(301,6,8,1739)
r(301,6,8,1739)
r(299,4,8,1739)
w(303,1,8,1739)
r(297,5,9,1747)
r(303,1,9,1747)
w(303,3,9,1747)
w(303,4,9,1747)
w(303,5,9,1747)
w(303,6,9,1747)
w(303,7,9,1747)
r(303,7,9,1747)
w(304,3,16,1750)
r(304,3,16,1750)
r(299,4,16,1750)
w(272,4,16,1750)
r(304,3,16,1750)
w(305,5,7,1753)
w(305,6,7,1753)
r(272,2,7,1753)
r(304,0,7,1753)
w(305,7,7,1753)
r(272,2,7,1753)
r(299,4,15,1755)
r(306,0,15,1755)
r(304,3,15,1755)
w(304,4,15,1755)
w(304,5,15,1755)
w(304,6,15,1755)
r(304,6,0,1762)
r(304,6,0,1762)
w(272,5,0,1762)
r(307,0,0,1762)
r(308,0,0,1762)
w(307,2,9,1765)
w(304,7,9,1765)
r(307,2,9,1765)
w(304,8,9,1765)
r(306,0,9,1765)
r(306,0,3,1774)
r(272,5,3,1774)
w(307,8,3,1774)
w(309,3,3,1774)
r(309,3,3,1774)
w(306,4,3,1774)
w(308,2,1,1775)
w(299,7,1,1775)
w(308,3,1,1775)
w(308,4,1,1775)
r(306,0,1,1775)
w(308,5,1,1775)
w(308,6,1,1775)
w(308,7,1,1775)
r(272,5,0,1778)
w(306,5,0,1778)
r(310,0,0,1778)
r(310,0,0,1778)
w(310,2,0,1778)
r(309,3,4,1780)
w(309,6,4,1780)
w(309,7,4,1780)
w(309,8,4,1780)
r(310,0,4,1780)
r(310,0,4,1780)
w(272,8,1,1782)
r(310,2,1,1782)
w(311,1,1,1782)
w(311,2,1,1782)
w(311,3,1,1782)
r(311,3,2,1785)
w(311,5,2,1785)
w(310,5,2,1785)
r(310,5,2,1785)
r(311,5,2,1785)
r(311,5,4,1787)
w(310,6,4,1787)
r(311,5,4,1787)
r(311,5,4,1787)
r(311,5,2,1790)
w(311,6,2,1790)
r(311,6,2,1790)
w(311,7,2,1790)
w(310,8,7,1795)
r(314,0,7,1795)
r(314,0,7,1795)
w(306,8,7,1795)
r(314,0,7,1795)
r(314,0,7,1795)
r(314,0,7,1795)
w(315,1,1,1796)
r(315,1,1,1796)
r(312,0,1,1796)
r(314,0,1,1796)
w(314,1,3,1798)
r(312,0,3,1798)
r(312,0,3,1798)
w(314,2,3,1798)
r(312,0,3,1798)
w(314,3,3,1798)
w(315,2,9,1799)
r(314,3,9,1799)
r(314,3,9,1799)
w(315,3,9,1799)
w(314,4,4,1803)
w(314,5,4,1803)
r(306,8,4,1803)
w(314,6,4,1803)
w(315,5,3,1808)
r(317,0,3,1808)
w(315,6,3,1808)
r(317,0,3,1808)
r(317,0,3,1808)
r(315,6,3,1808)
w(312,1,7,1813)
r(317,0,7,1813)
r(317,0,7,1813)
w(317,1,7,1813)
w(317,2,7,1813)
r(315,6,7,1813)
w(318,1,0,1819)
w(316,5,0,1819)
w(317,6,0,1819)
w(316,6,0,1819)
r(312,1,0,1819)
w(317,7,0,1819)
r(316,6,0,1819)
w(318,8,4,1824)
w(313,1,4,1824)
r(318,8,4,1824)
w(319,3,4,1824)
r(319,3,4,1824)
w(321,2,4,1834)
w(312,2,4,1834)
r(321,2,4,1834)
w(316,7,4,1834)
r(316,7,4,1834)
w(322,4,16,1840)
r(312,2,16,1840)
r(322,4,16,1840)
r(322,4,16,1840)
r(320,0,16,1840)
w(320,5,16,1840)
r(324,0,7,1845)
r(323,0,7,1845)
r(323,0,7,1845)
w(323,3,7,1845)
w(316,8,7,1845)
w(323,4,7,1845)
w(323,5,7,1845)
r(324,0,7,1845)
r(325,0,2,1856)
r(316,8,2,1856)
w(326,1,2,1856)
r(325,0,2,1856)
w(325,4,15,1857)
r(325,4,15,1857)
r(325,4,15,1857)
r(325,4,15,1857)
w(325,5,15,1857)
w(325,6,15,1857)
r(325,6,15,1857)
w(325,7,15,1857)
r(325,7,9,1862)
w(325,8,9,1862)
w(328,1,9,1862)
w(328,2,9,1862)
w(328,3,9,1862)
r(328,3,1,1867)
r(326,1,1,1867)
w(327,3,1,1867)
r(326,1,1,1867)
r(327,3,16,1875)
r(326,1,16,1875)
r(329,0,16,1875)
r(329,0,16,1875)
r(329,0,7,1877)
r(326,1,7,1877)
w(326,5,7,1877)
r(326,5,7,1877)
r(329,0,7,1877)
r(330,0,7,1877)
r(329,0,7,1877)
r(329,0,7,1877)
w(329,2,0,1878)
w(329,3,0,1878)
r(327,3,0,1878)
w(329,4,0,1878)
w(329,5,0,1878)
r(329,5,2,1884)
r(329,5,2,1884)
r(329,5,2,1884)
w(327,6,2,1884)
w(326,8,2,1884)
w(330,2,2,1884)
r(332,0,3,1886)
r(331,0,3,1886)
w(332,2,3,1886)
r(327,6,3,1886)
w(329,7,4,1887)
r(329,7,4,1887)
r(327,3,4,1887)
w(331,1,4,1887)
r(327,3,4,1887)
w(331,2,4,1887)
r(331,2,4,1887)
w(329,8,4,1887)
r(327,6,0,1891)
r(327,6,0,1891)
r(331,2,0,1891)
w(331,5,0,1891)
r(332,2,0,1891)
r(332,2,0,1891)
w(327,8,0,1891)
r(333,0,4,1899)
w(334,3,4,1899)
w(333,1,4,1899)
w(334,4,4,1899)
r(334,4,4,1899)
w(330,3,4,1899)
r(333,1,4,1899)
r(327,8,8,1902)
w(334,8,8,1902)
r(334,8,8,1902)
r(334,8,8,1902)
r(334,8,8,1902)
r(330,3,8,1902)
r(313,1,8,1902)
w(330,4,8,1902)
r(327,8,16,1904)
r(330,3,16,1904)
w(335,1,16,1904)
w(335,2,16,1904)
w(335,4,7,1908)
w(335,5,7,1908)
w(333,4,7,1908)
r(330,4,7,1908)
r(335,5,7,1908)
r(335,5,7,1908)
r(335,5,7,1914)
w(333,6,7,1914)
w(335,6,7,1914)
r(335,6,7,1914)
w(335,7,7,1914)
w(337,2,4,1919)
w(337,3,4,1919)
r(337,3,4,1919)
w(337,4,4,1919)
r(339,0,16,1924)
w(339,1,16,1924)
r(338,0,16,1924)
w(338,3,16,1924)
