r(2,0,3,3)
r(4,0,3,3)
r(4,0,3,3)
w(3,1,3,3)
r(4,0,7,9)
w(3,4,7,9)
w(1,2,7,9)
r(4,0,7,9)
w(6,1,3,16)
r(5,0,3,16)
w(5,1,3,16)
r(5,1,3,16)
w(6,2,3,16)
r(6,2,3,16)
w(6,4,4,22)
r(5,1,4,22)
w(2,1,4,22)
w(5,3,4,22)
r(6,4,4,22)
r(6,4,7,26)
w(6,6,7,26)
r(6,6,7,26)
r(2,1,7,26)
w(6,7,7,26)
r(6,7,7,26)
w(6,8,7,26)
r(5,3,3,28)
r(6,4,3,28)
r(2,1,3,28)
r(2,1,3,28)
w(7,1,3,28)
r(5,3,3,28)
r(7,0,1,32)
w(2,3,1,32)
w(5,5,1,32)
r(7,0,1,32)
r(7,0,1,32)
r(7,0,1,32)
r(7,1,7,37)
r(0,0,7,37)
r(7,1,7,37)
r(5,5,7,37)
w(7,5,7,37)
w(5,8,7,37)
r(9,0,0,41)
w(2,5,0,41)
r(8,0,0,41)
r(2,5,0,41)
w(9,1,4,44)
r(8,0,4,44)
w(9,2,4,44)
w(9,3,4,44)
r(9,3,4,44)
w(9,4,4,44)
w(9,5,4,44)
w(9,6,4,44)
r(9,6,5,46)
r(9,6,5,46)
r(9,6,5,46)
w(9,8,5,46)
r(9,6,1,48)
w(8,2,1,48)
w(2,6,1,48)
r(10,0,1,48)
r(10,0,1,48)
w(10,3,0,52)
r(10,3,0,52)
r(2,6,0,52)
r(10,3,0,52)
w(8,3,2,54)
r(10,0,2,54)
w(2,7,2,54)
r(2,7,2,54)
r(1,2,2,54)
w(2,8,2,54)
r(1,2,2,54)
r(10,3,6,56)
r(10,3,6,56)
r(10,3,6,56)
w(10,4,6,56)
r(8,2,6,56)
r(0,0,6,56)
r(8,3,1,61)
r(11,0,1,61)
r(12,0,1,61)
w(11,1,1,61)
r(8,3,8,64)
w(12,2,8,64)
r(11,1,8,64)
r(11,1,8,64)
r(13,0,8,64)
r(12,2,8,64)
r(11,1,3,67)
r(12,2,3,67)
r(0,0,3,67)
r(12,2,3,67)
r(12,2,9,70)
w(12,4,9,70)
w(1,8,9,70)
w(11,2,9,70)
r(13,0,1,73)
w(12,6,1,73)
r(12,6,1,73)
w(12,7,1,73)
r(12,7,4,77)
r(13,0,4,77)
r(11,2,4,77)
w(12,8,4,77)
r(13,0,4,77)
r(15,0,4,77)
w(14,1,4,77)
w(0,3,3,83)
w(11,4,3,83)
r(11,4,3,83)
r(15,0,3,83)
w(11,5,3,83)
r(15,0,2,87)
w(13,4,2,87)
w(14,3,2,87)
r(15,0,2,87)
r(13,4,2,87)
w(15,7,2,93)
w(15,8,2,93)
w(16,1,2,93)
r(16,1,2,93)
r(16,1,2,93)
w(13,8,1,99)
r(16,1,1,99)
r(17,0,1,99)
w(16,3,1,99)
w(16,4,1,99)
r(17,0,1,99)
r(16,4,9,102)
r(17,0,9,102)
r(18,0,9,102)
r(16,4,9,102)
w(16,7,9,102)
w(16,8,9,102)
w(18,2,9,102)
r(18,2,9,102)
r(16,8,7,105)
w(18,4,7,105)
r(17,0,7,105)
r(16,8,7,105)
w(18,5,9,108)
w(19,1,9,108)
r(19,1,9,108)
w(17,2,9,108)
r(17,2,9,112)
r(19,1,9,112)
w(18,6,9,112)
r(19,1,9,112)
r(19,1,9,112)
w(19,7,9,112)
r(17,2,9,112)
w(19,8,9,112)
w(17,3,0,113)
w(0,4,0,113)
w(17,4,0,113)
r(20,0,0,113)
r(20,0,8,117)
w(18,7,8,117)
w(18,8,8,117)
r(20,0,8,117)
r(18,8,8,117)
r(14,3,1,124)
r(14,3,1,124)
w(20,2,1,124)
w(17,5,1,124)
w(20,3,1,124)
r(21,0,1,124)
w(20,4,1,124)
r(20,0,6,126)
r(21,0,6,126)
w(0,5,6,126)
w(22,1,6,126)
w(22,2,6,126)
r(21,0,8,131)
r(23,0,8,131)
r(23,0,8,131)
r(23,0,8,131)
w(14,6,3,133)
r(23,0,3,133)
r(21,0,3,133)
r(23,0,3,133)
r(23,0,4,137)
w(23,1,4,137)
w(23,2,4,137)
w(21,5,4,137)
r(21,5,9,142)
w(23,4,9,142)
w(23,5,9,142)
r(23,5,9,142)
r(23,5,9,142)
w(23,6,9,142)
w(21,7,9,142)
r(23,6,9,142)
r(24,0,0,145)
r(25,0,0,145)
r(24,0,0,145)
r(24,0,0,145)
r(24,0,0,145)
w(25,2,0,145)
r(24,0,0,148)
r(25,2,0,148)
w(26,1,0,148)
w(22,5,0,148)
w(27,1,3,154)
w(26,2,3,154)
w(27,2,3,154)
r(24,0,3,154)
w(27,3,3,154)
w(26,3,3,161)
w(27,5,3,161)
w(26,4,3,161)
w(24,4,3,161)
w(27,6,3,161)
r(27,6,5,163)
r(27,6,5,163)
w(28,1,5,163)
r(26,4,5,163)
w(28,2,5,163)
w(28,6,0,167)
r(24,4,0,167)
r(28,6,0,167)
r(28,6,0,167)
w(24,6,0,167)
w(26,6,8,171)
r(29,0,8,171)
r(29,0,8,171)
w(29,1,8,171)
w(29,2,4,175)
w(24,7,4,175)
r(29,2,4,175)
w(29,3,4,175)
r(29,3,4,175)
w(24,8,4,175)
r(24,8,4,175)
r(22,5,4,179)
r(31,0,4,179)
r(32,0,4,179)
r(22,5,4,179)
r(32,0,4,179)
r(30,0,4,179)
w(29,7,5,180)
w(29,8,5,180)
r(29,8,5,180)
r(31,0,5,180)
r(31,0,5,180)
w(31,1,9,187)
r(31,1,9,187)
w(31,2,9,187)
w(31,3,9,187)
w(26,7,9,187)
w(33,3,5,190)
r(32,0,5,190)
r(32,0,5,190)
r(31,3,5,190)
r(32,0,5,190)
r(31,3,5,190)
r(31,3,5,190)
r(32,0,1,191)
w(26,8,1,191)
r(26,8,1,191)
w(32,4,1,191)
r(34,0,1,191)
w(32,5,1,191)
r(34,0,3,193)
w(34,1,3,193)
w(34,2,3,193)
r(34,2,3,193)
r(34,2,3,193)
r(34,2,3,193)
r(34,2,2,197)
w(34,3,2,197)
r(34,3,2,197)
w(32,6,2,197)
r(32,6,6,201)
w(32,7,6,201)
r(32,7,6,201)
w(34,5,6,201)
w(34,6,6,201)
w(34,7,6,201)
r(33,3,6,201)
w(37,1,2,205)
r(36,0,2,205)
w(37,2,2,205)
r(37,2,2,205)
r(35,0,2,205)
r(36,0,2,205)
r(37,2,2,205)
r(37,2,2,205)
r(36,0,9,207)
r(37,0,9,207)
r(37,0,9,207)
r(37,0,9,207)
r(37,0,9,207)
w(37,5,6,212)
r(37,5,6,212)
r(35,0,6,212)
w(37,6,6,212)
w(37,7,6,212)
w(37,8,6,212)
r(35,0,6,212)
r(37,8,6,212)
r(37,2,3,214)
r(37,2,3,214)
r(36,0,3,214)
w(36,1,3,214)
r(37,2,3,214)
r(33,3,3,214)
w(36,2,3,214)
r(37,2,3,214)
r(38,0,6,218)
w(36,4,6,218)
w(38,1,6,218)
w(38,2,6,218)
r(38,2,8,223)
w(38,6,8,223)
w(36,8,8,223)
w(38,7,8,223)
r(38,7,5,226)
r(39,0,5,226)
r(35,0,5,226)
r(39,0,5,226)
r(39,0,5,226)
r(41,0,5,226)
w(41,1,5,226)
r(33,3,9,228)
w(39,1,9,228)
w(33,8,9,228)
r(40,0,9,228)
w(39,2,9,228)
r(30,0,9,228)
r(39,2,9,228)
w(39,3,9,228)
w(40,1,4,232)
w(30,2,4,232)
r(41,1,4,232)
r(41,1,4,232)
r(39,3,4,232)
r(39,3,5,235)
r(41,1,5,235)
w(39,6,5,235)
r(41,1,5,235)
w(41,4,5,235)
w(41,5,5,235)
w(41,6,5,235)
r(39,6,5,235)
r(40,1,0,250)
r(41,6,0,250)
r(30,2,0,250)
r(39,6,0,250)
w(39,7,0,250)
w(42,1,0,250)
w(42,2,0,250)
w(42,3,0,250)
r(40,1,8,256)
w(43,2,8,256)
r(43,2,8,256)
r(43,2,8,256)
w(43,3,8,256)
r(44,0,8,256)
w(43,4,8,256)
r(45,0,1,257)
r(45,0,1,257)
r(40,1,1,257)
w(44,5,1,257)
r(45,0,9,259)
r(45,0,9,259)
r(44,5,9,259)
r(44,5,9,259)
r(45,0,9,259)
r(45,0,9,259)
w(44,6,9,259)
r(45,0,9,259)
r(44,6,9,266)
w(44,7,9,266)
w(30,3,9,266)
w(40,8,9,266)
r(45,0,1,271)
r(35,0,1,271)
r(47,0,1,271)
w(47,1,1,271)
r(46,0,1,271)
r(47,0,2,272)
r(47,0,2,272)
r(47,0,2,272)
r(47,0,2,272)
w(46,2,2,272)
r(45,0,2,272)
r(45,0,2,272)
r(46,0,5,274)
r(45,0,5,274)
r(45,0,5,274)
r(45,0,5,274)
w(45,6,5,274)
r(45,6,5,274)
w(47,2,5,274)
r(47,2,5,274)
r(45,6,9,277)
w(46,3,9,277)
r(45,6,9,277)
r(46,3,9,277)
r(45,6,9,277)
r(30,3,9,277)
w(46,4,9,277)
w(48,1,7,281)
w(48,2,7,281)
w(48,3,7,281)
w(48,4,7,281)
w(47,3,7,281)
r(46,4,0,286)
r(48,4,0,286)
r(48,4,0,286)
r(35,0,0,286)
w(47,5,0,286)
r(48,4,0,286)
w(46,5,0,286)
r(48,4,0,286)
r(48,4,5,288)
r(47,3,5,288)
r(48,4,5,288)
w(48,7,5,288)
w(48,8,5,288)
r(48,4,0,292)
w(46,6,0,292)
r(48,4,0,292)
w(47,6,0,292)
w(49,1,0,292)
w(35,5,0,292)
r(47,6,9,297)
w(49,5,9,297)
w(49,6,9,297)
r(49,6,9,297)
w(49,7,9,297)
r(49,1,4,300)
w(50,1,4,300)
r(49,1,4,300)
r(47,6,4,300)
w(50,2,4,300)
r(47,6,4,300)
r(50,0,7,301)
r(51,0,7,301)
r(50,0,7,301)
r(51,0,7,301)
r(51,0,7,301)
w(51,1,7,301)
r(51,1,8,305)
w(50,3,8,305)
r(51,1,8,305)
r(51,1,8,305)
w(50,4,8,305)
r(52,0,8,305)
r(52,0,8,305)
w(52,2,8,305)
r(51,1,4,308)
w(52,3,4,308)
r(51,1,4,308)
w(52,4,4,308)
r(51,1,5,309)
r(51,1,5,309)
w(51,5,5,309)
r(51,5,5,309)
r(35,5,5,309)
r(52,4,2,311)
r(51,5,2,311)
w(52,5,2,311)
w(51,6,2,311)
w(51,7,4,314)
w(52,6,4,314)
w(51,8,4,314)
r(35,5,4,314)
w(50,5,4,314)
r(52,6,4,314)
r(51,8,4,314)
r(30,3,0,319)
r(52,6,0,319)
r(53,0,0,319)
r(50,5,0,319)
r(53,0,0,319)
r(52,6,0,319)
r(35,5,0,319)
w(30,6,0,319)
r(52,6,1,323)
w(53,3,1,323)
r(53,3,1,323)
r(53,3,1,323)
r(53,3,1,323)
r(52,6,1,323)
r(53,3,1,323)
r(55,0,1,323)
r(53,3,4,326)
r(53,3,4,326)
w(53,4,4,326)
w(53,5,4,326)
w(55,1,1,329)
r(55,1,1,329)
r(55,1,1,329)
r(55,1,1,329)
w(54,1,6,335)
w(35,6,6,335)
w(54,2,6,335)
w(53,7,6,335)
w(35,7,6,335)
r(53,7,6,335)
w(55,2,6,335)
r(55,2,8,336)
r(35,7,8,336)
r(35,7,8,336)
w(55,5,8,336)
r(54,2,8,336)
w(54,3,3,342)
w(56,2,3,342)
w(54,4,3,342)
w(55,6,3,342)
r(55,6,3,342)
w(56,3,3,342)
r(30,6,2,346)
w(56,4,2,346)
w(54,7,2,346)
r(56,4,2,346)
w(56,5,2,346)
r(30,6,2,346)
w(56,7,9,347)
r(56,7,9,347)
r(56,7,9,347)
w(56,8,9,347)
r(35,7,3,350)
w(57,1,3,350)
w(57,2,3,350)
w(58,1,3,350)
r(58,1,3,350)
w(57,3,3,350)
r(59,0,3,350)
r(57,3,1,355)
w(58,3,1,355)
r(58,3,1,355)
r(58,3,1,355)
w(30,7,1,355)
r(58,3,1,355)
w(57,5,1,355)
r(58,3,4,365)
r(58,3,4,365)
w(57,7,4,365)
w(59,2,4,365)
r(58,3,4,365)
w(57,8,4,365)
w(63,1,8,371)
r(62,0,8,371)
r(62,0,8,371)
r(62,0,8,371)
r(62,0,2,373)
r(62,0,2,373)
w(62,6,2,373)
w(61,3,2,373)
w(61,4,4,379)
w(64,3,4,379)
r(59,2,4,379)
w(59,8,4,379)
r(59,8,4,379)
r(61,4,4,379)
r(65,0,3,386)
r(65,0,3,386)
r(65,0,3,386)
r(61,4,3,386)
r(65,0,3,386)
r(61,4,5,387)
r(65,0,5,387)
w(65,2,5,387)
r(59,8,5,387)
w(61,5,5,387)
r(61,5,5,387)
w(65,3,5,387)
r(67,0,6,391)
r(61,5,6,391)
w(67,1,6,391)
r(67,1,6,391)
r(65,3,9,394)
w(61,7,9,394)
r(59,8,9,394)
r(65,3,9,394)
r(66,0,9,394)
w(63,3,9,394)
w(65,8,9,394)
w(68,1,5,403)
w(66,3,5,403)
r(68,1,5,403)
w(69,1,5,403)
w(69,2,5,403)
w(63,4,5,403)
w(69,3,5,403)
r(66,3,2,405)
r(69,3,2,405)
w(68,5,2,405)
w(69,8,2,405)
r(69,8,2,405)
r(63,4,4,407)
r(60,0,4,407)
r(68,5,4,407)
r(68,5,4,407)
w(70,1,4,407)
r(68,5,3,413)
w(70,2,3,413)
r(70,2,3,413)
r(66,3,3,413)
r(66,3,3,413)
w(66,5,3,413)
w(70,3,3,413)
w(60,6,9,416)
r(66,5,9,416)
w(70,6,9,416)
r(70,6,9,416)
r(70,6,9,416)
r(66,5,9,416)
r(70,6,9,416)
r(70,3,5,417)
r(70,3,5,417)
r(70,3,5,417)
w(66,7,5,417)
r(70,6,6,420)
w(70,7,6,420)
w(70,8,6,420)
r(66,7,6,420)
r(72,0,6,420)
w(71,1,0,423)
r(72,0,0,423)
w(72,1,0,423)
r(71,1,0,423)
r(72,1,0,423)
w(72,2,0,423)
w(72,3,0,423)
r(71,1,7,427)
w(60,7,7,427)
w(71,4,7,427)
r(71,4,7,427)
r(72,3,7,427)
w(71,5,7,427)
w(71,6,7,427)
r(60,7,7,427)
r(66,7,0,430)
r(72,3,0,430)
r(71,6,0,430)
r(60,7,0,430)
w(71,8,0,430)
r(66,7,0,430)
r(60,7,0,430)
r(73,0,0,430)
r(73,0,8,434)
w(72,5,8,434)
w(72,6,8,434)
r(73,0,8,434)
w(72,7,8,434)
r(73,0,8,434)
r(73,0,8,434)
r(73,0,8,434)
r(73,0,4,436)
r(73,0,4,436)
r(75,0,4,436)
r(75,0,4,436)
r(72,3,0,438)
r(72,3,0,438)
r(74,0,0,438)
w(73,4,0,438)
r(72,3,0,438)
r(73,4,0,438)
r(72,3,0,438)
r(73,4,6,442)
r(73,4,6,442)
r(74,0,6,442)
r(75,0,6,442)
r(75,0,6,442)
w(73,7,5,446)
r(75,0,5,446)
w(73,8,5,446)
r(76,0,5,446)
w(75,1,5,446)
r(76,0,5,446)
r(60,7,5,446)
w(76,1,5,446)
w(76,6,5,451)
r(77,0,5,451)
w(76,7,5,451)
w(76,8,5,451)
w(77,1,0,456)
w(63,6,0,456)
w(78,1,0,456)
w(78,2,0,456)
r(74,0,0,456)
w(74,4,0,456)
w(78,8,2,462)
w(75,7,2,462)
r(78,8,2,462)
w(79,1,2,462)
r(74,4,2,462)
r(79,1,7,466)
r(80,0,7,466)
r(79,1,7,466)
r(80,0,7,466)
r(79,1,7,466)
w(75,8,9,467)
r(79,1,9,467)
r(79,1,9,467)
r(79,1,9,467)
r(79,1,9,467)
w(74,5,9,467)
w(74,6,9,467)
w(79,4,9,467)
w(79,5,8,470)
w(79,6,8,470)
w(80,1,8,470)
w(74,7,8,470)
r(80,1,2,475)
r(80,1,2,475)
r(81,0,2,475)
w(80,3,2,475)
w(77,4,2,475)
r(74,7,2,475)
w(80,4,2,475)
r(80,4,9,478)
r(81,0,9,478)
w(80,6,9,478)
w(80,7,9,478)
r(80,7,9,478)
r(81,0,5,479)
r(81,0,5,479)
r(81,0,5,479)
w(81,4,5,479)
r(77,4,5,479)
w(81,5,5,479)
r(81,5,5,479)
r(81,5,8,482)
r(81,5,8,482)
w(63,8,8,482)
w(81,6,8,482)
r(81,6,8,482)
r(80,7,8,482)
r(81,6,8,482)
w(80,8,1,488)
r(81,6,1,488)
r(77,4,1,488)
r(77,4,1,488)
w(83,1,9,492)
w(82,1,9,492)
r(80,7,9,492)
r(83,1,9,492)
w(83,2,9,492)
w(77,6,9,492)
w(82,2,9,492)
w(77,7,9,492)
w(84,2,5,496)
w(84,3,5,496)
w(86,1,5,496)
r(84,3,5,496)
r(86,1,8,501)
r(86,1,8,501)
r(84,3,8,501)
r(86,1,8,501)
w(82,3,7,504)
r(84,3,7,504)
r(82,3,7,504)
w(85,2,7,504)
r(82,3,7,504)
r(86,1,7,504)
w(86,4,3,507)
r(86,4,3,507)
w(86,5,3,507)
w(86,6,3,507)
r(84,3,3,507)
w(84,5,3,507)
r(84,5,3,507)
r(86,6,6,509)
r(87,0,6,509)
r(82,3,6,509)
r(86,6,6,509)
w(84,7,6,509)
r(88,0,4,513)
r(82,3,4,513)
r(84,7,4,513)
r(88,0,4,513)
w(88,2,4,513)
r(82,3,4,513)
r(84,7,4,513)
w(88,3,9,519)
w(84,8,9,519)
w(88,4,9,519)
w(88,5,9,519)
r(84,8,9,519)
r(88,5,9,519)
w(90,1,2,526)
r(89,0,2,526)
r(82,3,2,526)
w(89,3,2,526)
w(82,7,2,526)
w(82,8,2,526)
w(90,2,2,526)
r(90,2,8,529)
r(90,2,8,529)
r(89,3,8,529)
w(87,1,8,529)
r(90,2,8,529)
r(90,2,8,529)
w(87,2,8,531)
w(90,5,8,531)
r(89,3,8,531)
r(90,5,8,531)
w(85,4,3,537)
r(91,0,3,537)
r(91,0,3,537)
r(91,0,3,537)
w(90,7,9,540)
r(90,7,9,540)
w(90,8,9,540)
w(91,1,9,540)
r(91,1,9,540)
r(91,1,9,540)
r(91,1,9,540)
w(91,2,9,540)
r(91,2,1,543)
w(91,6,1,543)
r(91,6,1,543)
r(82,8,1,543)
r(89,3,1,543)
w(91,7,1,545)
w(87,4,1,545)
r(91,7,1,545)
r(93,0,1,545)
r(91,7,1,545)
r(87,4,9,548)
r(91,7,9,548)
w(91,8,9,548)
w(94,1,9,548)
r(85,4,9,548)
w(94,2,9,548)
r(93,0,9,548)
r(93,0,1,553)
r(94,2,1,553)
r(93,0,1,553)
r(94,2,1,553)
r(92,0,1,553)
r(93,0,1,553)
r(92,0,1,553)
r(94,2,1,553)
w(94,3,4,556)
w(94,4,4,556)
w(87,5,4,556)
w(94,5,4,556)
w(93,1,4,556)
r(87,5,4,556)
r(87,5,4,556)
w(93,2,4,556)
r(87,5,7,557)
r(94,5,7,557)
r(94,5,7,557)
w(87,6,7,557)
w(95,1,0,560)
r(87,6,0,560)
r(92,0,0,560)
r(95,1,0,560)
w(92,3,0,560)
w(95,4,2,565)
w(95,5,2,565)
r(95,5,2,565)
r(92,3,2,565)
w(93,4,2,565)
w(92,4,2,565)
r(95,5,2,565)
r(92,4,2,565)
w(92,6,6,567)
w(87,7,6,567)
r(96,0,6,567)
r(96,0,6,567)
w(96,1,3,575)
r(96,1,3,575)
w(93,5,3,575)
r(92,6,3,575)
w(96,2,3,575)
w(92,7,3,575)
r(92,7,3,575)
w(87,8,3,575)
w(98,2,9,577)
r(98,2,9,577)
r(99,0,9,577)
r(98,2,9,577)
r(99,0,9,577)
r(93,5,9,577)
r(99,0,9,577)
w(93,7,5,582)
r(99,0,5,582)
w(99,1,5,582)
r(99,1,5,582)
w(98,3,4,584)
r(99,0,4,584)
w(85,6,4,584)
r(99,0,4,584)
r(93,5,4,584)
r(99,0,4,584)
r(99,0,4,584)
r(98,2,7,585)
r(98,2,7,585)
w(99,4,7,585)
w(99,5,7,585)
r(98,3,0,588)
w(98,4,0,588)
w(99,6,0,588)
w(98,5,0,588)
r(93,7,0,588)
w(102,1,5,595)
r(101,0,5,595)
r(101,0,5,595)
r(101,0,5,595)
r(101,0,5,595)
r(101,0,5,595)
r(101,0,5,595)
w(98,8,6,598)
r(101,0,6,598)
r(102,0,6,598)
r(100,0,6,598)
r(101,0,6,598)
r(102,0,6,598)
w(101,2,6,598)
w(101,3,6,598)
w(102,4,4,600)
r(101,0,4,600)
r(102,4,4,600)
r(101,0,4,600)
w(102,5,4,600)
r(100,0,4,600)
r(103,0,9,610)
r(103,0,9,610)
r(102,5,9,610)
w(102,8,9,610)
r(102,8,9,610)
r(102,8,9,610)
w(103,5,6,612)
r(103,5,6,612)
w(104,1,6,612)
r(85,6,6,612)
r(103,5,6,612)
r(103,5,6,612)
w(103,6,6,612)
r(103,6,6,612)
r(100,0,1,615)
r(105,0,1,615)
w(105,2,1,615)
w(105,3,1,615)
r(105,3,1,615)
r(105,3,9,619)
r(100,0,9,619)
w(105,4,9,619)
w(105,5,9,619)
w(100,4,9,619)
r(100,4,9,619)
r(104,1,9,619)
r(106,0,2,626)
w(106,8,2,626)
r(100,4,2,626)
r(107,0,2,626)
r(107,0,2,626)
w(107,1,2,626)
r(104,1,9,628)
r(107,0,9,628)
r(107,0,9,628)
w(85,7,9,628)
r(97,0,9,628)
w(85,8,9,628)
r(107,1,3,636)
w(107,2,3,636)
r(85,6,3,636)
w(104,5,3,636)
w(100,6,3,636)
w(104,6,3,636)
r(107,2,3,636)
r(107,2,3,636)
r(108,0,1,637)
r(109,0,1,637)
w(108,3,1,637)
r(108,3,1,637)
r(108,3,1,637)
r(108,3,1,637)
r(108,3,3,642)
r(109,0,3,642)
w(108,4,3,642)
w(109,2,3,642)
w(109,3,3,642)
r(109,3,3,642)
w(97,4,0,645)
w(108,8,0,645)
w(97,5,0,645)
r(97,5,0,645)
r(108,8,8,648)
r(100,6,8,648)
r(109,3,8,648)
w(111,1,8,648)
w(109,7,8,648)
r(97,5,5,652)
r(109,7,5,652)
r(111,1,5,652)
w(112,1,5,652)
w(110,1,5,652)
w(112,5,8,657)
w(112,6,8,657)
w(111,5,8,657)
r(100,6,8,657)
w(112,7,8,657)
w(111,6,8,657)
r(112,7,8,657)
r(113,0,0,665)
r(114,0,0,665)
r(97,5,0,665)
r(113,0,0,665)
w(114,1,9,669)
w(114,2,9,669)
r(113,0,9,669)
w(114,3,9,669)
r(113,0,9,669)
r(113,0,9,669)
w(97,7,9,669)
r(113,0,3,672)
w(115,1,3,672)
w(113,6,3,672)
w(113,7,3,672)
r(116,0,2,673)
r(115,0,2,673)
w(116,1,2,673)
r(116,1,2,673)
w(116,2,7,677)
r(116,2,7,677)
r(116,2,7,677)
w(116,3,7,677)
w(110,2,7,677)
r(116,3,7,677)
r(116,3,7,677)
r(117,0,4,681)
r(116,3,4,681)
r(117,0,4,681)
w(115,3,4,681)
r(114,3,8,682)
r(116,1,8,682)
r(114,3,8,682)
w(114,7,8,682)
r(114,7,8,682)
w(114,8,8,682)
w(117,1,8,682)
w(117,5,4,687)
r(117,5,4,687)
r(116,3,4,687)
r(116,3,4,687)
r(115,3,7,689)
r(118,0,7,689)
r(117,1,7,689)
r(118,0,7,689)
w(115,4,7,689)
r(118,0,7,689)
r(118,0,1,693)
r(115,4,1,693)
w(117,6,1,693)
w(118,1,1,693)
w(117,7,1,693)
w(117,8,1,693)
r(110,2,1,695)
w(118,4,1,695)
r(118,4,1,695)
w(119,1,1,695)
r(119,1,1,695)
w(119,2,2,699)
r(118,4,2,699)
w(115,5,2,699)
r(97,7,2,699)
r(119,1,4,700)
r(119,1,4,700)
r(118,4,4,700)
r(118,4,4,700)
r(118,4,4,700)
r(115,5,8,708)
w(115,6,8,708)
w(119,4,8,708)
w(115,7,8,708)
w(121,5,9,711)
r(121,5,9,711)
r(123,0,9,711)
w(121,6,9,711)
r(121,6,6,714)
w(123,1,6,714)
r(121,6,6,714)
r(121,6,6,714)
r(120,0,6,714)
w(122,1,6,714)
r(121,6,6,714)
r(122,1,6,719)
w(120,2,6,719)
w(122,3,6,719)
r(122,3,6,719)
w(121,8,6,719)
r(124,0,6,719)
w(123,3,3,725)
r(124,0,3,725)
r(120,2,3,725)
r(125,0,3,725)
r(125,0,3,725)
w(122,6,3,725)
r(122,6,3,725)
w(124,4,4,727)
w(124,5,4,727)
w(124,6,4,727)
r(124,6,4,727)
r(123,1,4,727)
w(124,7,4,727)
w(120,3,4,727)
w(124,8,4,727)
w(123,6,2,732)
r(126,0,2,732)
w(123,7,2,732)
r(125,0,2,732)
w(125,2,2,732)
w(125,3,2,732)
r(123,7,2,732)
w(126,2,9,734)
w(126,3,9,734)
r(125,0,9,734)
r(123,3,9,734)
r(125,0,9,734)
r(126,3,9,734)
r(123,7,8,736)
r(125,3,8,736)
w(123,8,8,736)
r(125,3,8,736)
w(126,4,8,736)
r(125,3,8,736)
r(125,3,5,740)
r(126,4,5,740)
w(125,7,5,740)
w(125,8,5,740)
w(127,1,5,740)
w(128,1,5,740)
w(127,2,6,749)
w(128,5,6,749)
r(128,5,6,749)
r(128,5,6,749)
w(128,6,6,749)
w(126,7,6,749)
r(128,6,6,749)
r(128,6,6,749)
r(131,0,5,756)
w(131,1,5,756)
r(131,1,5,756)
w(131,2,5,756)
r(131,2,5,756)
w(127,7,5,756)
r(131,2,2,760)
r(131,2,2,760)
r(131,2,2,760)
w(130,5,2,760)
w(133,1,6,765)
r(133,1,6,765)
r(133,1,6,765)
r(133,1,6,765)
w(132,1,6,765)
w(132,2,6,765)
r(132,2,7,778)
r(134,0,7,778)
w(120,6,7,778)
r(132,2,7,778)
w(132,6,7,778)
r(133,1,7,778)
w(132,7,7,778)
w(133,8,7,778)
r(133,1,5,781)
r(133,1,5,781)
r(134,0,5,781)
w(135,2,5,781)
r(136,0,5,781)
w(135,3,5,781)
w(136,7,9,788)
r(135,3,9,788)
w(120,8,9,788)
w(136,8,9,788)
r(137,0,9,788)
r(137,0,0,791)
w(138,4,0,791)
r(137,0,0,791)
r(138,4,0,791)
r(139,0,8,804)
r(140,0,8,804)
r(143,0,8,804)
w(143,1,8,804)
r(140,0,8,804)
r(139,0,8,804)
r(140,0,9,808)
w(140,1,9,808)
r(140,1,9,808)
r(140,1,9,808)
r(134,0,9,808)
r(140,0,1,812)
r(141,0,1,812)
w(141,4,1,812)
r(134,0,1,812)
r(139,0,1,812)
w(141,5,1,812)
r(141,5,1,812)
r(141,5,1,812)
w(143,2,8,814)
w(143,3,8,814)
r(142,0,8,814)
w(143,4,8,814)
r(143,4,8,814)
w(143,5,8,814)
w(144,2,3,822)
r(139,0,3,822)
w(144,3,3,822)
r(134,0,3,822)
w(144,4,3,822)
w(144,5,3,822)
r(140,1,4,826)
w(140,6,4,826)
r(134,0,4,826)
r(144,0,4,826)
r(144,0,4,826)
r(140,1,6,827)
r(144,5,6,827)
r(144,5,6,827)
r(144,5,6,827)
r(146,0,6,827)
w(146,1,6,827)
r(141,5,5,831)
w(141,6,5,831)
r(141,6,5,831)
r(134,0,5,831)
r(141,6,5,831)
r(141,6,5,831)
w(141,7,5,831)
w(146,3,9,833)
w(146,4,9,833)
r(140,6,9,833)
w(146,5,9,833)
w(146,6,9,833)
w(145,1,6,837)
r(145,1,6,837)
w(147,1,6,837)
w(147,2,6,837)
r(147,2,6,837)
r(147,2,6,837)
w(147,5,8,841)
r(148,0,8,841)
w(145,3,8,841)
w(148,1,8,841)
r(145,3,8,841)
r(145,3,8,841)
r(147,5,3,845)
w(148,3,3,845)
r(147,5,3,845)
w(145,4,3,845)
r(148,3,3,845)
r(148,3,2,851)
w(149,2,2,851)
r(149,2,2,851)
r(148,3,2,851)
r(149,2,2,851)
w(148,4,2,851)
r(148,4,2,851)
w(148,5,4,862)
r(149,2,4,862)
w(149,5,4,862)
w(149,6,4,862)
w(139,5,4,862)
w(149,7,4,862)
r(145,4,0,865)
r(151,0,0,865)
r(152,0,0,865)
r(139,5,0,865)
r(151,0,9,867)
w(151,1,9,867)
r(145,4,9,867)
w(151,2,9,867)
w(151,3,9,867)
w(151,5,6,869)
r(151,5,6,869)
w(151,6,6,869)
w(151,7,6,869)
r(145,4,6,869)
r(139,5,9,872)
w(151,8,9,872)
r(139,5,9,872)
r(151,8,9,872)
r(152,0,9,872)
w(145,6,5,873)
w(152,4,5,873)
r(152,4,5,873)
w(152,5,5,873)
r(145,6,9,876)
w(152,6,9,876)
r(153,0,9,876)
r(153,0,9,876)
r(153,0,9,876)
r(152,6,9,876)
w(153,1,9,876)
r(152,6,1,880)
r(145,6,1,880)
r(153,1,1,880)
r(153,1,1,880)
r(145,6,1,880)
r(153,1,1,880)
w(153,4,1,880)
w(153,5,9,884)
r(153,5,9,884)
w(145,8,9,884)
r(153,5,9,884)
r(152,6,9,884)
w(153,8,0,886)
r(155,0,0,886)
w(155,1,0,886)
w(154,2,0,886)
w(155,4,9,890)
w(154,3,9,890)
r(156,0,9,890)
w(155,5,9,890)
r(155,5,9,890)
r(155,5,9,890)
w(155,6,9,890)
w(156,2,1,894)
r(155,6,1,894)
r(142,0,1,894)
w(142,2,1,894)
r(157,0,1,894)
w(157,1,1,894)
r(157,0,0,896)
r(157,0,0,896)
w(154,4,0,896)
r(156,0,0,896)
r(156,0,0,896)
w(139,6,0,896)
r(156,0,0,896)
r(157,0,0,896)
r(154,3,2,897)
r(157,1,2,897)
w(157,2,2,897)
r(139,5,2,897)
r(139,5,2,897)
r(157,2,8,901)
w(156,3,8,901)
r(157,2,8,901)
r(139,6,8,901)
w(157,3,8,901)
w(157,4,8,901)
r(154,4,8,901)
w(154,5,1,902)
r(156,2,1,902)
r(157,2,1,902)
r(154,5,1,902)
r(157,2,1,902)
r(157,2,1,902)
r(158,0,4,906)
r(139,6,4,906)
r(158,0,4,906)
r(156,3,4,906)
r(158,0,4,906)
w(156,5,8,907)
r(156,5,8,907)
w(157,6,8,907)
r(154,5,8,907)
w(157,7,8,907)
w(157,8,8,907)
r(139,6,8,907)
r(158,0,8,907)
r(154,5,2,912)
w(154,6,2,912)
r(158,0,2,912)
w(158,1,2,912)
w(158,2,2,912)
r(158,2,2,912)
w(154,7,2,912)
w(158,8,8,917)
r(159,0,8,917)
r(159,0,8,917)
w(142,3,8,917)
r(142,2,1,918)
r(156,5,1,918)
r(159,0,1,918)
w(159,1,1,918)
r(160,0,1,918)
r(159,1,1,918)
w(161,1,1,918)
r(159,1,1,918)
w(159,6,5,925)
w(159,7,5,925)
r(159,7,5,925)
w(160,2,5,925)
r(159,7,5,925)
w(162,2,0,932)
w(160,6,0,932)
r(160,6,0,932)
w(162,3,0,932)
r(162,3,0,932)
r(160,6,0,932)
w(162,4,0,932)
r(163,0,6,937)
r(163,0,6,937)
r(160,6,6,937)
w(160,8,6,937)
w(161,2,6,937)
r(163,0,6,937)
w(142,4,6,937)
r(163,0,5,941)
w(163,7,5,941)
r(139,6,5,941)
r(163,7,5,941)
r(163,7,5,941)
r(164,0,5,941)
w(163,8,5,941)
w(165,1,1,945)
w(165,2,1,945)
w(161,5,1,945)
w(165,3,1,945)
r(161,5,1,945)
r(164,0,1,945)
r(165,3,1,945)
r(165,3,8,950)
w(165,5,8,950)
w(165,6,8,950)
r(165,6,8,950)
w(164,2,8,950)
w(165,7,8,950)
w(164,3,8,950)
w(164,4,8,950)
r(164,0,6,951)
r(164,0,6,951)
w(166,2,6,951)
r(167,0,6,951)
r(142,4,5,953)
w(164,5,5,953)
w(164,6,5,953)
r(167,0,5,953)
r(166,2,5,953)
r(166,2,5,953)
w(164,7,8,955)
r(167,0,8,955)
r(166,2,8,955)
w(166,3,8,955)
w(164,8,3,958)
r(161,5,3,958)
w(166,4,3,958)
r(164,8,3,958)
r(161,5,3,958)
w(168,1,1,959)
r(168,1,1,959)
r(168,1,1,959)
r(166,3,1,959)
r(166,3,1,959)
w(168,2,8,961)
r(166,4,8,961)
w(168,3,8,961)
r(166,4,8,961)
r(168,3,8,961)
r(166,4,8,961)
r(166,4,6,964)
r(166,4,6,964)
r(168,3,6,964)
r(166,4,6,964)
w(167,1,6,964)
r(166,4,0,965)
r(168,3,0,965)
r(168,3,0,965)
w(166,5,0,965)
w(166,6,1,969)
w(142,5,1,969)
r(166,6,1,969)
w(166,7,1,969)
r(167,1,2,972)
r(168,3,2,972)
r(169,0,2,972)
r(169,0,2,972)
r(168,3,2,972)
r(169,0,2,972)
r(169,0,2,972)
r(168,3,2,972)
w(168,4,17,974)
w(169,1,17,974)
w(169,2,17,974)
w(161,8,17,974)
w(169,3,17,974)
r(168,4,17,974)
w(168,7,5,978)
w(170,1,5,978)
w(169,6,5,978)
w(170,2,5,978)
r(170,2,5,983)
r(170,2,5,983)
r(169,6,5,983)
w(169,7,5,983)
r(169,7,5,983)
r(169,7,5,983)
r(171,0,3,986)
r(170,2,3,986)
r(167,1,3,986)
r(171,0,3,986)
r(170,2,3,986)
r(168,7,3,986)
r(171,0,2,989)
r(171,0,2,989)
r(171,0,2,989)
r(170,2,2,989)
r(170,2,2,989)
r(171,0,0,990)
w(171,3,0,990)
r(171,3,0,990)
w(171,4,0,990)
r(170,2,0,990)
r(170,2,0,990)
r(170,2,1,996)
r(167,1,1,996)
r(170,2,1,996)
w(167,5,1,996)
r(173,0,1,996)
r(173,0,8,999)
r(172,0,8,999)
r(170,2,8,999)
r(173,0,8,999)
w(172,2,8,999)
r(173,0,2,1000)
r(173,0,2,1000)
r(167,1,2,1000)
w(173,2,2,1000)
r(170,2,2,1000)
r(172,0,2,1000)
r(170,2,2,1000)
r(172,2,4,1008)
r(173,2,4,1008)
r(173,2,4,1008)
w(172,5,4,1008)
w(173,5,4,1008)
w(173,6,4,1008)
r(173,6,4,1008)
r(172,5,4,1008)
w(174,2,9,1015)
w(174,3,9,1015)
r(174,3,9,1015)
r(170,2,9,1015)
r(175,0,9,1015)
r(174,3,9,1015)
r(175,0,9,1015)
r(175,0,9,1015)
r(170,2,4,1020)
r(174,3,4,1020)
r(174,3,4,1020)
w(174,6,4,1020)
w(175,2,4,1020)
w(175,3,4,1020)
w(174,7,4,1020)
w(174,8,4,1020)
r(174,3,9,1021)
r(174,3,9,1021)
r(175,0,9,1021)
w(167,6,9,1021)
w(170,7,9,1021)
r(174,3,9,1021)
r(174,3,9,1021)
w(176,1,9,1021)
r(167,6,6,1023)
r(176,1,6,1023)
w(176,2,6,1023)
w(176,3,6,1023)
r(167,6,6,1026)
w(177,1,6,1026)
w(177,2,6,1026)
w(176,4,6,1026)
w(175,7,5,1032)
r(175,7,5,1032)
r(175,7,5,1032)
r(176,4,5,1032)
r(175,7,5,1032)
w(167,7,5,1032)
w(175,8,5,1032)
w(176,7,5,1032)
w(179,1,8,1036)
r(179,1,8,1036)
w(177,5,8,1036)
w(179,2,8,1036)
r(178,0,17,1040)
w(179,4,17,1040)
w(179,5,17,1040)
w(178,2,17,1040)
r(177,5,17,1040)
w(179,6,4,1042)
w(178,3,4,1042)
r(179,6,4,1042)
w(178,4,4,1042)
r(179,6,4,1042)
w(178,6,3,1048)
r(179,6,3,1048)
w(177,7,3,1048)
w(180,1,3,1048)
w(180,2,3,1048)
r(180,2,3,1048)
r(180,2,3,1048)
r(178,6,3,1048)
r(177,7,6,1052)
r(180,2,6,1052)
r(180,2,6,1052)
w(180,6,6,1052)
w(180,7,6,1052)
r(180,7,6,1052)
w(180,8,6,1052)
r(178,6,4,1054)
r(181,0,4,1054)
w(181,1,4,1054)
r(178,6,4,1054)
r(181,1,1,1062)
w(181,4,1,1062)
r(182,0,1,1062)
r(182,0,1,1062)
r(182,0,1,1062)
w(181,5,1,1062)
r(181,5,1,1062)
w(182,6,4,1066)
r(181,5,4,1066)
r(182,6,4,1066)
r(182,6,4,1066)
w(182,7,4,1066)
r(181,5,4,1066)
w(181,7,4,1066)
r(184,0,9,1072)
r(185,0,9,1072)
r(185,0,9,1072)
r(185,0,9,1072)
w(185,1,9,1072)
r(185,1,9,1072)
r(184,0,9,1072)
w(185,2,9,1072)
r(185,2,2,1074)
r(185,2,2,1074)
r(185,2,2,1074)
w(183,4,2,1074)
r(185,2,2,1074)
w(185,5,2,1074)
r(186,0,8,1075)
w(185,6,8,1075)
r(185,6,8,1075)
r(184,0,8,1075)
r(186,0,4,1083)
w(186,1,4,1083)
w(184,2,4,1083)
w(184,3,4,1083)
r(185,6,4,1083)
w(185,7,4,1083)
w(187,2,4,1086)
r(187,2,4,1086)
r(187,2,4,1086)
r(187,2,4,1086)
w(184,6,2,1096)
w(187,4,2,1096)
r(188,0,2,1096)
r(187,4,2,1096)
w(187,5,2,1096)
w(184,7,2,1096)
r(183,4,0,1097)
r(190,0,0,1097)
w(190,1,0,1097)
w(183,7,0,1097)
r(189,0,3,1100)
w(190,3,3,1100)
r(188,0,3,1100)
r(190,3,3,1100)
r(188,0,3,1100)
w(190,4,3,1100)
r(188,0,3,1102)
r(190,4,3,1102)
r(189,0,3,1102)
r(190,4,3,1102)
r(188,0,3,1102)
r(190,4,3,1102)
w(190,5,1,1109)
w(188,6,1,1109)
r(190,5,1,1109)
w(190,6,1,1109)
r(190,6,1,1109)
w(188,7,1,1109)
w(188,8,1,1109)
w(190,7,1,1109)
r(183,7,5,1110)
r(192,0,5,1110)
w(192,1,5,1110)
r(191,0,5,1110)
r(190,4,17,1111)
r(190,4,17,1111)
w(142,7,17,1111)
r(192,0,17,1111)
r(191,0,17,1111)
r(183,7,3,1113)
r(192,1,3,1113)
r(183,7,3,1113)
r(191,0,3,1113)
r(191,0,5,1117)
r(191,0,5,1117)
w(191,1,5,1117)
w(191,2,5,1117)
w(183,8,5,1117)
r(191,2,5,1117)
w(192,2,9,1121)
r(183,7,9,1121)
r(192,2,9,1121)
r(192,2,9,1121)
w(192,3,9,1121)
w(192,4,9,1121)
w(192,5,9,1121)
r(191,2,9,1123)
r(193,0,9,1123)
r(191,2,9,1123)
r(193,0,9,1123)
w(193,3,9,1127)
r(191,2,9,1127)
r(189,0,9,1127)
w(142,8,9,1127)
r(191,2,9,1127)
w(193,4,9,1127)
r(193,4,9,1127)
r(193,4,9,1127)
w(191,5,3,1132)
w(195,1,3,1132)
r(191,5,3,1132)
r(189,0,3,1132)
r(195,1,3,1132)
r(195,1,3,1132)
r(195,1,0,1140)
w(195,5,0,1140)
w(189,5,0,1140)
r(191,5,0,1140)
w(189,6,0,1140)
r(195,5,0,1140)
w(194,2,3,1145)
r(197,0,3,1145)
r(195,5,3,1145)
w(189,7,3,1145)
w(189,8,3,1145)
w(195,7,3,1145)
r(195,7,3,1145)
r(195,7,3,1145)
r(198,0,8,1148)
w(197,1,8,1148)
w(197,2,8,1148)
r(199,0,8,1148)
w(198,1,8,1148)
r(197,2,8,1148)
r(196,0,2,1149)
w(199,1,2,1149)
r(197,0,2,1149)
w(199,2,2,1149)
r(197,0,2,1149)
r(199,2,8,1152)
r(198,1,8,1152)
w(198,2,8,1152)
w(197,3,8,1152)
w(198,3,8,1152)
r(198,3,6,1155)
r(198,3,6,1155)
r(199,2,6,1155)
w(198,5,6,1155)
w(197,5,9,1161)
r(197,5,9,1161)
r(199,2,9,1161)
w(198,6,9,1161)
w(198,7,9,1161)
r(198,7,9,1161)
r(198,7,9,1161)
r(197,3,6,1164)
r(198,5,6,1164)
r(198,5,6,1164)
w(200,1,6,1164)
w(200,2,6,1164)
r(199,2,8,1167)
r(200,2,8,1167)
w(201,1,8,1167)
w(199,5,8,1167)
w(200,7,4,1170)
w(200,8,4,1170)
r(202,0,4,1170)
r(201,1,4,1170)
w(202,1,4,1170)
r(201,1,17,1173)
r(202,0,17,1173)
w(201,2,17,1173)
r(202,0,17,1173)
r(202,0,17,1173)
r(196,0,17,1173)
r(194,2,17,1173)
w(194,3,17,1173)
w(199,7,1,1180)
w(202,7,1,1180)
w(203,1,1,1180)
r(202,7,1,1180)
r(202,7,1,1180)
r(199,7,1,1180)
r(199,7,1,1180)
w(199,8,1,1180)
w(205,4,17,1184)
w(196,2,17,1184)
w(205,5,17,1184)
w(204,1,17,1184)
r(196,2,8,1188)
r(205,5,8,1188)
r(205,5,8,1188)
r(203,1,8,1188)
r(205,5,8,1188)
r(205,5,8,1188)
w(204,2,8,1188)
r(204,2,8,1188)
r(203,1,0,1192)
w(206,1,0,1192)
w(206,2,0,1192)
r(206,2,0,1192)
r(203,1,2,1198)
w(206,7,2,1198)
w(203,5,2,1198)
w(204,3,2,1198)
r(206,7,2,1198)
w(206,8,2,1198)
w(207,3,4,1201)
w(203,8,4,1201)
r(208,0,4,1201)
r(207,3,4,1201)
w(207,4,6,1206)
w(207,5,6,1206)
r(208,0,6,1206)
r(207,5,6,1206)
r(207,5,6,1206)
r(207,5,6,1206)
r(208,0,6,1206)
r(207,5,6,1206)
w(194,4,9,1212)
w(208,2,9,1212)
w(196,4,9,1212)
w(196,5,9,1212)
r(196,5,8,1218)
r(204,3,8,1218)
r(208,0,8,1218)
w(209,1,8,1218)
r(209,1,8,1218)
r(209,1,8,1218)
w(209,2,8,1218)
r(196,5,8,1218)
r(209,0,3,1219)
r(204,3,3,1219)
w(204,5,3,1219)
r(204,5,3,1219)
r(209,0,3,1219)
r(208,2,3,1219)
r(209,0,3,1219)
r(209,0,3,1219)
w(194,5,4,1222)
r(209,2,4,1222)
r(209,2,4,1222)
r(209,2,4,1222)
w(208,8,4,1222)
w(204,7,2,1224)
w(204,8,2,1224)
r(209,2,2,1224)
w(209,8,2,1224)
r(209,8,2,1224)
w(196,7,2,1224)
r(208,2,2,1224)
w(211,1,4,1226)
w(211,2,4,1226)
r(208,8,4,1226)
r(208,8,4,1226)
r(208,8,0,1227)
r(194,5,0,1227)
r(208,8,0,1227)
r(211,2,0,1227)
r(210,0,0,1227)
w(212,1,0,1227)
r(210,0,2,1233)
r(212,1,2,1233)
r(210,0,2,1233)
r(212,1,2,1233)
r(212,1,6,1242)
w(212,4,6,1242)
w(212,5,6,1242)
r(213,0,6,1242)
w(210,2,6,1242)
w(213,6,6,1242)
r(212,5,6,1242)
r(210,2,9,1247)
w(214,2,9,1247)
w(216,1,9,1247)
r(214,2,9,1247)
r(210,2,9,1247)
w(214,3,8,1251)
r(214,3,8,1251)
w(215,1,8,1251)
r(215,1,8,1251)
r(216,1,9,1255)
w(210,5,9,1255)
w(210,6,9,1255)
w(215,3,9,1255)
w(210,7,9,1255)
r(215,3,9,1255)
w(214,6,4,1256)
r(215,1,4,1256)
r(210,2,4,1256)
r(214,6,4,1256)
r(215,1,4,1256)
w(216,2,4,1256)
w(214,7,4,1256)
r(215,1,4,1256)
r(194,5,5,1259)
r(194,5,5,1259)
r(215,3,5,1259)
r(214,7,5,1259)
r(215,3,17,1261)
r(210,7,17,1261)
r(216,2,17,1261)
w(214,8,17,1261)
r(214,8,17,1261)
r(194,5,17,1261)
r(210,7,17,1261)
w(217,1,2,1264)
w(210,8,2,1264)
w(215,5,2,1264)
r(194,5,2,1264)
r(215,5,2,1264)
r(217,1,2,1264)
w(216,3,2,1264)
w(217,3,1,1268)
r(217,3,1,1268)
r(217,3,1,1268)
w(217,4,1,1268)
r(210,8,6,1271)
w(215,6,6,1271)
r(217,4,6,1271)
r(217,4,6,1271)
r(217,4,17,1273)
w(215,7,17,1273)
w(217,7,17,1273)
r(217,7,17,1273)
w(215,8,17,1276)
r(217,7,17,1276)
r(217,7,17,1276)
r(219,0,17,1276)
r(219,0,17,1276)
r(218,0,5,1278)
r(218,0,5,1278)
r(217,7,5,1278)
w(194,7,5,1278)
r(217,7,5,1278)
w(194,8,5,1278)
w(217,8,5,1278)
r(194,5,0,1280)
r(216,3,0,1280)
w(220,1,0,1280)
r(218,0,0,1280)
w(218,1,0,1280)
r(220,1,0,1280)
w(219,1,17,1284)
r(219,1,17,1284)
w(220,2,17,1284)
w(220,3,17,1284)
w(220,4,17,1284)
w(222,3,2,1295)
w(222,4,2,1295)
w(219,5,2,1295)
r(216,3,2,1295)
r(221,0,2,1295)
w(222,5,2,1295)
w(223,1,6,1298)
r(223,1,6,1298)
r(221,0,6,1298)
w(223,2,6,1298)
r(223,2,6,1298)
w(221,2,6,1303)
r(219,5,6,1303)
r(216,3,6,1303)
w(221,3,6,1303)
w(223,5,6,1303)
w(223,6,6,1303)
r(223,6,6,1303)
r(223,2,5,1306)
r(219,5,5,1306)
r(223,2,5,1306)
r(219,5,5,1306)
r(219,5,5,1306)
r(224,0,5,1306)
r(218,1,5,1306)
r(224,0,5,1306)
r(224,0,9,1308)
r(224,0,9,1308)
r(224,0,9,1308)
r(224,0,9,1308)
r(224,0,4,1315)
w(216,6,4,1315)
r(224,0,4,1315)
w(218,6,4,1315)
w(216,7,4,1315)
w(224,1,4,1315)
w(225,1,5,1317)
r(224,0,5,1317)
r(224,0,5,1317)
w(227,1,5,1317)
w(226,2,5,1321)
r(227,1,5,1321)
r(225,1,5,1321)
w(227,8,5,1321)
r(227,8,5,1321)
w(225,3,8,1325)
r(227,8,8,1325)
w(225,4,8,1325)
w(226,3,8,1325)
r(228,0,8,1325)
r(225,4,8,1325)
r(226,3,0,1327)
w(228,3,0,1327)
r(225,4,0,1327)
r(228,3,0,1327)
w(226,4,0,1327)
r(225,4,0,1327)
r(231,0,4,1344)
w(231,1,4,1344)
w(231,2,4,1344)
w(226,6,4,1344)
r(230,0,4,1344)
w(230,2,4,1344)
r(226,6,4,1344)
w(232,1,4,1346)
w(232,2,4,1346)
r(232,2,4,1346)
r(230,2,4,1346)
w(230,8,4,1346)
r(232,2,4,1348)
w(232,3,4,1348)
r(226,6,4,1348)
r(232,3,4,1348)
r(230,8,4,1348)
w(226,8,4,1350)
r(226,8,4,1350)
r(221,3,4,1350)
r(232,3,4,1350)
w(232,4,4,1350)
r(221,3,4,1350)
r(226,8,4,1350)
r(233,0,4,1352)
r(232,4,4,1352)
w(232,5,4,1352)
w(232,6,4,1352)
r(232,6,4,1352)
w(233,1,4,1352)
r(221,3,4,1354)
w(233,2,4,1354)
w(232,7,4,1354)
r(232,7,4,1354)
r(232,7,4,1354)
w(233,3,4,1356)
w(233,4,4,1356)
r(221,3,4,1356)
w(232,8,4,1356)
w(233,5,4,1356)
w(233,6,4,1356)
w(221,6,4,1356)
r(234,0,4,1358)
r(234,0,4,1358)
w(234,1,4,1358)
r(234,1,4,1358)
w(233,7,4,1358)
r(234,1,4,1358)
r(229,0,8,1368)
r(236,0,8,1368)
r(234,1,8,1368)
r(229,0,8,1368)
w(234,3,8,1368)
w(234,4,8,1368)
r(234,4,8,1368)
w(233,8,4,1369)
r(233,8,4,1369)
r(229,0,4,1369)
r(233,8,4,1369)
r(233,8,4,1369)
w(229,1,4,1369)
r(234,1,4,1369)
r(233,8,4,1369)
r(229,0,3,1372)
r(234,1,3,1372)
r(234,1,3,1372)
r(234,1,3,1372)
w(236,4,3,1372)
w(237,1,3,1372)
r(237,1,3,1372)
w(237,2,3,1372)
r(236,0,4,1373)
w(237,3,4,1373)
r(229,1,4,1373)
r(237,3,4,1373)
r(237,3,4,1373)
w(237,7,3,1381)
r(237,7,3,1381)
r(237,7,3,1381)
w(236,5,3,1381)
r(237,7,3,1381)
w(225,7,6,1387)
r(228,3,6,1387)
r(226,4,6,1387)
w(225,8,6,1387)
r(221,3,6,1387)
r(238,0,9,1389)
w(238,4,9,1389)
r(236,5,9,1389)
w(235,4,9,1389)
w(235,5,9,1389)
w(238,5,9,1389)
r(229,1,9,1389)
r(238,5,9,1389)
w(230,6,5,1392)
r(231,2,5,1392)
r(221,3,5,1392)
w(230,7,5,1392)
r(231,2,5,1392)
w(231,4,0,1393)
w(231,5,0,1393)
w(231,6,0,1393)
w(226,7,0,1393)
w(239,3,9,1400)
w(221,8,9,1400)
r(239,3,9,1400)
r(235,5,9,1400)
r(236,5,9,1400)
r(239,3,9,1400)
w(239,4,9,1400)
r(239,4,9,1400)
r(241,0,8,1405)
w(236,8,8,1405)
w(229,4,8,1405)
r(221,8,8,1405)
r(240,0,8,1405)
w(240,1,8,1405)
w(229,5,8,1405)
w(242,1,6,1410)
w(241,5,6,1410)
w(240,3,6,1410)
w(240,4,6,1410)
r(241,5,6,1410)
w(241,8,8,1414)
r(243,0,8,1414)
w(242,3,8,1414)
w(243,1,8,1414)
w(240,7,4,1418)
r(243,1,4,1418)
r(240,7,4,1418)
r(242,3,4,1418)
w(229,6,4,1418)
r(243,1,4,1418)
r(243,1,8,1420)
w(242,5,8,1420)
r(240,7,8,1420)
r(240,7,8,1420)
r(243,1,8,1420)
r(245,0,11,1430)
w(243,4,11,1430)
w(243,5,11,1430)
w(243,6,11,1430)
r(247,0,8,1435)
r(246,0,8,1435)
r(247,0,8,1435)
r(244,0,8,1435)
r(245,0,11,1436)
r(245,0,11,1436)
r(229,6,11,1436)
w(229,7,11,1436)
w(245,7,11,1436)
w(245,8,11,1436)
r(246,0,6,1437)
r(246,0,6,1437)
w(247,1,6,1437)
r(229,6,6,1437)
r(246,0,6,1437)
w(246,3,6,1437)
r(247,1,6,1437)
r(246,3,0,1441)
w(246,4,0,1441)
w(246,5,0,1441)
w(246,6,0,1441)
w(246,7,0,1441)
r(248,0,0,1441)
w(249,2,4,1445)
r(249,2,4,1445)
w(249,3,4,1445)
r(249,3,4,1445)
r(248,0,4,1445)
w(249,4,4,1445)
r(247,1,8,1450)
w(244,1,8,1450)
r(248,0,8,1450)
r(250,0,8,1450)
w(248,3,8,1450)
w(250,2,3,1451)
r(248,0,3,1451)
r(248,0,3,1451)
w(247,3,3,1451)
r(250,2,9,1453)
r(247,3,9,1453)
w(247,4,9,1453)
r(250,2,9,1453)
r(248,3,9,1453)
r(250,2,8,1461)
r(250,2,8,1461)
r(250,2,8,1461)
w(248,4,8,1461)
r(250,2,8,1461)
w(248,5,8,1461)
w(248,6,8,1461)
w(252,3,3,1464)
w(244,2,3,1464)
r(248,3,3,1464)
r(248,3,3,1464)
r(252,3,3,1464)
r(247,4,3,1464)
w(250,3,9,1466)
w(251,1,9,1466)
r(250,3,9,1466)
w(250,4,9,1466)
r(247,4,9,1466)
w(250,5,9,1466)
w(253,1,8,1469)
r(253,1,8,1469)
w(248,8,8,1469)
r(248,8,8,1469)
w(253,2,8,1469)
r(253,2,8,1469)
r(253,2,8,1469)
w(253,6,3,1476)
w(247,5,3,1476)
r(253,6,3,1476)
r(253,6,3,1476)
r(253,6,3,1476)
w(253,7,3,1476)
r(253,7,3,1476)
r(253,7,3,1476)
w(255,3,8,1479)
r(255,3,8,1479)
w(255,4,8,1479)
r(255,4,8,1479)
r(255,4,8,1479)
r(251,1,0,1483)
r(254,0,0,1483)
r(254,0,0,1483)
r(254,0,0,1483)
r(254,0,0,1483)
r(254,0,5,1486)
r(255,4,5,1486)
w(255,5,5,1486)
w(247,8,5,1486)
w(254,5,5,1486)
r(247,8,5,1486)
w(257,1,9,1490)
r(254,0,9,1490)
r(257,1,9,1490)
w(257,2,9,1490)
w(257,3,9,1490)
r(257,3,9,1490)
r(257,3,9,1490)
w(257,4,9,1490)
r(257,0,8,1492)
w(251,2,8,1492)
w(254,7,8,1492)
r(257,0,8,1492)
r(257,0,8,1492)
r(257,0,8,1492)
r(257,0,8,1492)
r(257,0,8,1492)
r(254,7,4,1496)
w(258,5,4,1496)
r(258,5,4,1496)
w(258,6,4,1496)
w(256,3,4,1496)
r(254,7,4,1496)
r(258,6,4,1496)
r(251,2,5,1500)
w(256,4,5,1500)
w(258,7,5,1500)
w(258,8,5,1500)
r(251,2,5,1500)
w(259,1,5,1500)
w(259,2,5,1500)
r(259,2,5,1500)
r(259,2,9,1506)
w(260,3,9,1506)
r(259,2,9,1506)
r(259,2,9,1506)
r(256,4,9,1506)
r(259,2,9,1506)
r(259,2,9,1506)
r(259,2,3,1508)
w(260,4,3,1508)
r(259,2,3,1508)
r(259,2,3,1508)
r(260,0,17,1510)
r(259,2,17,1510)
w(259,7,17,1510)
w(259,8,17,1510)
r(260,0,17,1510)
r(259,8,17,1510)
r(259,8,9,1513)
r(256,4,9,1513)
w(260,5,9,1513)
w(261,1,9,1513)
w(260,6,9,1513)
r(261,1,9,1513)
r(261,1,8,1517)
r(244,2,8,1517)
r(261,1,8,1517)
w(261,5,8,1517)
w(256,8,9,1520)
w(260,7,9,1520)
r(261,1,9,1520)
w(251,4,9,1520)
r(260,7,9,1520)
w(260,8,9,1520)
w(262,1,6,1522)
r(262,1,6,1522)
w(262,2,6,1522)
r(251,2,6,1522)
w(262,3,6,1522)
r(262,3,5,1525)
r(261,5,5,1525)
w(244,4,5,1525)
w(261,7,5,1525)
w(261,8,5,1525)
r(262,3,2,1529)
r(262,3,2,1529)
r(262,3,2,1529)
w(264,1,2,1529)
w(264,2,2,1529)
w(262,7,2,1529)
r(264,2,5,1534)
w(264,4,5,1534)
w(244,5,5,1534)
r(244,5,5,1534)
w(264,5,5,1534)
r(264,5,5,1534)
w(264,6,5,1534)
w(265,2,2,1538)
w(265,3,2,1538)
r(266,0,2,1538)
w(266,2,2,1538)
r(266,2,3,1543)
r(266,2,3,1543)
r(244,5,3,1543)
r(265,3,3,1543)
r(265,3,3,1543)
w(266,4,4,1546)
r(266,4,4,1546)
w(266,5,4,1546)
w(266,6,4,1546)
w(263,3,4,1546)
w(265,4,4,1546)
r(266,6,4,1546)
w(265,5,4,1546)
w(267,2,11,1556)
r(267,2,11,1556)
w(251,5,11,1556)
w(267,3,11,1556)
w(265,7,2,1557)
r(267,0,2,1557)
w(268,1,2,1557)
r(268,1,2,1557)
r(268,1,2,1557)
r(268,1,2,1557)
w(268,2,9,1563)
r(268,2,9,1563)
r(265,7,9,1563)
w(268,3,9,1563)
w(268,4,9,1563)
r(268,4,9,1563)
w(268,5,9,1563)
r(265,7,9,1563)
w(269,1,5,1566)
w(251,7,5,1566)
r(269,1,5,1566)
w(269,2,5,1566)
r(269,2,5,1566)
r(265,7,5,1571)
w(269,5,5,1571)
w(263,5,5,1571)
w(251,8,5,1571)
w(271,1,6,1576)
r(270,0,6,1576)
r(270,0,6,1576)
r(271,1,6,1576)
w(263,7,6,1576)
w(270,1,6,1576)
r(271,1,3,1579)
r(270,1,3,1579)
r(263,7,3,1579)
w(244,8,3,1579)
r(271,1,3,1579)
r(263,7,3,1579)
r(271,1,3,1584)
w(271,4,3,1584)
w(271,5,3,1584)
r(251,8,3,1584)
w(270,2,3,1584)
w(273,2,2,1585)
r(273,2,2,1585)
r(263,7,2,1585)
r(273,2,2,1585)
w(273,3,2,1585)
r(270,1,2,1585)
w(274,2,8,1592)
r(270,2,8,1592)
r(273,3,8,1592)
r(273,3,8,1592)
r(274,2,8,1592)
w(274,3,8,1592)
w(273,4,17,1594)
r(270,2,17,1594)
r(273,4,17,1594)
r(274,0,17,1594)
w(273,5,17,1594)
w(273,6,17,1594)
r(273,6,17,1594)
w(270,7,8,1596)
r(270,7,8,1596)
w(274,4,8,1596)
r(273,3,8,1596)
r(273,3,8,1596)
w(270,8,8,1596)
w(275,1,0,1597)
r(274,3,0,1597)
r(273,6,0,1597)
r(273,6,0,1597)
r(276,0,0,1597)
r(275,1,0,1597)
w(273,7,0,1597)
r(274,3,0,1597)
w(276,3,2,1602)
r(276,3,2,1602)
w(276,4,2,1602)
r(276,4,2,1602)
w(276,5,2,1602)
r(276,5,2,1602)
w(276,6,2,1602)
w(275,2,4,1605)
r(276,0,4,1605)
r(277,0,4,1605)
w(272,1,4,1605)
w(274,5,4,1605)
w(277,1,4,1605)
r(276,0,4,1605)
r(276,0,4,1605)
r(277,1,9,1609)
w(276,8,9,1609)
r(274,5,9,1609)
r(277,1,9,1609)
r(277,1,9,1609)
r(277,1,3,1611)
r(277,1,3,1611)
w(278,1,3,1611)
w(278,2,3,1611)
r(274,5,3,1611)
r(272,1,3,1611)
r(277,1,3,1611)
w(277,2,3,1611)
w(278,4,2,1615)
w(277,5,2,1615)
r(274,5,2,1615)
r(277,5,2,1615)
w(275,3,2,1615)
w(278,5,2,1615)
r(277,5,2,1615)
r(279,0,6,1623)
r(278,5,6,1623)
w(279,2,6,1623)
w(279,3,6,1623)
r(278,5,6,1623)
w(280,2,6,1623)
r(279,3,6,1623)
w(278,7,6,1623)
r(279,3,0,1628)
w(280,3,0,1628)
w(279,7,0,1628)
w(280,4,0,1628)
r(279,7,0,1628)
r(275,3,3,1630)
r(282,0,3,1630)
r(282,0,3,1630)
w(282,1,3,1630)
r(280,4,0,1634)
r(282,1,0,1634)
r(282,1,0,1634)
r(282,1,0,1634)
r(282,1,0,1634)
r(275,3,3,1637)
r(282,1,3,1637)
r(282,1,3,1637)
r(282,1,3,1637)
w(281,2,3,1637)
r(281,2,3,1643)
r(281,2,3,1643)
r(282,1,3,1643)
w(283,1,3,1643)
r(281,2,5,1650)
r(282,1,5,1650)
r(282,1,5,1650)
w(281,5,5,1650)
w(281,6,5,1650)
r(275,3,5,1650)
w(281,7,5,1650)
w(282,8,5,1650)
w(284,5,3,1654)
w(284,6,3,1654)
w(284,7,3,1654)
r(275,3,3,1654)
r(284,7,3,1654)
w(286,1,6,1659)
r(275,3,6,1659)
r(272,1,6,1659)
w(286,2,6,1659)
r(286,2,6,1659)
w(287,3,5,1662)
r(285,0,5,1662)
w(285,2,5,1662)
r(287,3,5,1662)
w(287,4,5,1662)
r(286,2,5,1662)
w(286,5,6,1667)
w(287,6,6,1667)
r(286,5,6,1667)
r(286,5,6,1667)
r(287,6,6,1667)
w(287,7,6,1667)
r(287,7,6,1667)
r(288,0,11,1674)
w(288,3,11,1674)
w(286,7,11,1674)
r(275,3,11,1674)
w(286,8,11,1674)
r(288,3,8,1681)
w(288,8,8,1681)
w(285,5,8,1681)
w(289,2,8,1681)
r(285,5,8,1681)
r(290,0,8,1681)
r(290,0,8,1681)
r(272,1,11,1687)
r(285,5,11,1687)
w(290,3,11,1687)
r(290,3,11,1687)
r(290,3,11,1687)
r(285,5,11,1687)
w(289,7,9,1689)
r(275,3,9,1689)
w(285,6,9,1689)
r(290,0,9,1689)
w(289,8,9,1689)
w(275,5,9,1689)
r(289,8,9,1689)
r(290,0,9,1689)
w(291,2,11,1695)
r(272,1,11,1695)
r(290,3,11,1695)
r(290,3,11,1695)
r(291,2,11,1695)
r(290,3,11,1695)
w(291,3,11,1695)
w(290,4,8,1696)
r(290,4,8,1696)
r(291,0,8,1696)
r(290,4,8,1696)
r(291,0,8,1696)
r(290,4,8,1696)
w(290,5,8,1696)
w(292,2,17,1699)
r(292,2,17,1699)
r(291,3,17,1699)
r(292,2,17,1699)
w(292,3,17,1704)
r(292,3,17,1704)
w(275,7,17,1704)
r(292,3,17,1704)
w(292,4,17,1704)
r(292,4,17,1704)
w(292,8,3,1706)
r(291,3,3,1706)
r(292,8,3,1706)
r(292,8,3,1706)
w(291,6,3,1706)
r(292,8,3,1706)
w(272,3,3,1706)
r(291,3,2,1707)
r(291,3,2,1707)
w(285,8,2,1707)
r(292,4,2,1707)
r(291,6,2,1710)
r(292,8,2,1710)
w(293,1,2,1710)
r(294,0,2,1710)
w(294,1,2,1710)
r(294,1,11,1714)
w(275,8,11,1714)
w(294,2,11,1714)
r(294,2,11,1714)
r(294,2,11,1714)
r(294,2,6,1722)
w(294,6,6,1722)
w(295,1,6,1722)
r(294,6,6,1722)
w(295,2,6,1722)
w(295,3,6,1722)
w(272,4,6,1722)
w(293,4,6,1722)
r(296,0,8,1728)
r(296,0,8,1728)
r(295,3,8,1728)
r(293,4,8,1728)
r(296,0,8,1728)
w(296,3,11,1729)
r(296,3,11,1729)
w(296,4,11,1729)
r(295,3,11,1729)
r(295,3,11,1729)
w(296,5,11,1729)
w(296,6,11,1729)
r(296,6,9,1733)
r(297,0,9,1733)
w(295,7,9,1733)
w(293,5,9,1733)
w(296,8,9,1733)
w(293,7,8,1736)
w(298,2,8,1736)
w(298,3,8,1736)
r(295,7,8,1736)
r(293,7,8,1736)
r(295,7,8,1736)
w(298,4,8,1736)
w(298,7,3,1740)
r(298,7,3,1740)
w(298,8,3,1740)
w(293,8,3,1740)
r(297,0,3,1740)
r(299,0,3,1740)
w(299,1,3,1740)
r(299,1,8,1745)
r(295,7,8,1745)
w(300,1,8,1745)
r(299,1,8,1745)
r(299,1,8,1745)
w(299,8,8,1752)
r(299,8,8,1752)
r(302,0,8,1752)
w(302,1,8,1752)
r(300,1,2,1754)
r(272,4,2,1754)
r(300,1,2,1754)
r(301,0,2,1754)
w(300,3,2,1754)
w(301,2,17,1756)
w(301,3,17,1756)
r(302,1,17,1756)
r(302,1,17,1756)
w(301,5,0,1760)
w(301,6,0,1760)
w(301,7,0,1760)
r(302,1,0,1760)
r(300,3,3,1762)
w(272,8,3,1762)
w(302,4,3,1762)
w(300,4,3,1762)
r(302,4,3,1762)
w(300,5,3,1762)
w(302,6,8,1767)
w(303,1,8,1767)
r(303,1,8,1767)
w(302,7,8,1767)
w(302,8,8,1767)
r(303,1,5,1776)
w(304,2,5,1776)
w(303,3,5,1776)
w(297,2,5,1776)
w(304,3,5,1776)
r(304,3,5,1776)
w(304,4,5,1776)
w(307,1,6,1781)
r(303,3,6,1781)
r(303,3,6,1781)
r(305,0,6,1781)
w(306,3,8,1783)
w(300,7,8,1783)
r(300,7,8,1783)
r(306,3,8,1783)
w(306,4,8,1783)
r(306,4,8,1783)
r(303,3,5,1786)
w(297,4,5,1786)
r(303,3,5,1786)
w(303,8,5,1786)
w(307,3,0,1788)
r(300,7,0,1788)
w(307,4,0,1788)
r(307,4,0,1788)
r(308,0,0,1788)
r(297,2,0,1788)
r(307,4,5,1792)
r(307,4,5,1792)
r(307,4,5,1792)
r(310,0,5,1792)
r(308,0,5,1792)
w(308,2,5,1792)
w(308,3,5,1792)
w(309,1,5,1792)
r(310,0,11,1796)
r(308,3,11,1796)
w(308,5,11,1796)
w(308,6,11,1796)
r(309,1,11,1796)
w(309,3,11,1799)
w(310,2,11,1799)
r(309,3,11,1799)
r(310,2,11,1799)
r(310,2,11,1799)
r(310,2,11,1799)
w(310,4,3,1805)
w(310,5,3,1805)
w(311,1,3,1805)
w(311,2,3,1805)
r(311,2,8,1809)
r(310,5,8,1809)
r(311,2,8,1809)
r(310,5,8,1809)
r(310,5,8,1809)
w(311,4,8,1809)
r(311,4,8,1809)
w(309,7,2,1812)
r(297,4,2,1812)
r(312,0,2,1812)
r(311,4,2,1812)
r(311,4,2,1812)
r(312,0,2,1812)
r(309,7,2,1812)
w(297,6,8,1818)
w(297,7,8,1818)
w(312,1,8,1818)
r(312,1,8,1818)
w(312,2,8,1818)
w(312,3,8,1818)
w(312,4,8,1818)
w(312,5,8,1818)
r(311,4,17,1821)
w(312,8,17,1821)
r(313,0,17,1821)
w(313,1,17,1821)
r(311,4,17,1821)
w(311,7,17,1821)
r(309,7,17,1821)
w(313,5,2,1824)
r(313,5,2,1824)
r(313,5,2,1824)
w(315,1,2,1824)
r(314,0,4,1831)
w(315,4,4,1831)
r(313,5,4,1831)
w(313,7,4,1831)
w(313,8,4,1831)
r(314,0,4,1831)
w(316,1,4,1831)
r(315,4,4,1831)
w(316,5,5,1836)
w(314,2,5,1836)
r(316,5,5,1836)
r(316,5,5,1836)
w(316,6,5,1836)
w(305,1,2,1840)
w(318,1,2,1840)
w(318,2,2,1840)
w(318,3,2,1840)
r(314,2,2,1840)
r(305,1,9,1847)
r(317,0,9,1847)
w(317,1,9,1847)
w(317,2,9,1847)
r(317,2,9,1847)
r(305,1,9,1847)
w(318,8,9,1847)
r(319,0,3,1849)
w(317,7,3,1849)
w(319,2,3,1849)
r(319,2,3,1849)
r(317,7,3,1849)
r(319,2,3,1849)
r(317,7,6,1853)
w(317,8,6,1853)
r(319,2,6,1853)
r(319,2,6,1853)
w(319,3,6,1853)
r(319,3,6,1853)
r(319,3,3,1856)
r(319,3,3,1856)
r(319,3,3,1856)
w(319,8,3,1856)
r(321,0,3,1856)
r(319,8,11,1863)
r(319,8,11,1863)
r(319,8,11,1863)
r(320,0,11,1863)
w(321,1,11,1863)
w(314,6,5,1867)
r(314,6,5,1867)
r(314,6,5,1867)
r(322,0,5,1867)
w(322,2,5,1867)
w(322,8,0,1873)
w(321,6,0,1873)
w(323,1,0,1873)
w(323,2,0,1873)
w(323,3,0,1873)
r(314,6,0,1873)
w(323,4,0,1873)
r(321,6,0,1873)
w(323,6,17,1876)
w(321,7,17,1876)
w(321,8,17,1876)
w(323,7,17,1876)
w(323,8,17,1876)
r(324,0,9,1877)
r(324,0,9,1877)
r(325,0,9,1877)
w(314,8,9,1877)
r(324,0,11,1881)
r(314,8,11,1881)
w(325,1,11,1881)
w(325,2,11,1881)
r(325,2,11,1881)
w(325,3,11,1881)
r(305,1,6,1883)
r(320,0,6,1883)
r(325,0,6,1883)
w(324,1,6,1883)
w(320,3,6,1883)
r(326,0,6,1883)
r(324,1,6,1883)
r(325,3,0,1887)
r(324,1,0,1887)
w(325,5,0,1887)
w(324,5,0,1887)
w(324,6,0,1887)
r(324,6,0,1887)
w(325,6,0,1887)
w(324,7,0,1887)
w(325,7,11,1890)
w(327,2,11,1890)
r(325,7,11,1890)
w(326,2,11,1890)
r(327,2,11,1890)
r(325,7,11,1890)
w(327,5,4,1895)
r(327,5,4,1895)
w(325,8,4,1895)
w(326,4,4,1895)
r(326,4,4,1895)
w(327,8,3,1899)
w(326,5,3,1899)
r(326,5,3,1899)
r(327,8,3,1899)
r(325,8,3,1899)
