r(4,0,7,6)
r(4,0,7,6)
r(4,0,7,6)
r(4,0,7,6)
w(2,1,7,6)
w(0,3,4,17)
r(5,0,4,17)
r(5,0,4,17)
r(5,0,4,17)
r(2,1,7,18)
r(3,0,7,18)
w(5,2,7,18)
w(5,3,7,18)
r(5,3,7,18)
w(1,1,7,18)
r(0,0,7,18)
w(5,7,4,22)
r(5,7,4,22)
w(5,8,4,22)
r(7,0,4,22)
r(6,0,4,22)
w(7,1,5,26)
r(7,1,5,26)
w(7,2,5,26)
r(1,1,5,26)
w(7,3,5,26)
r(7,3,5,26)
r(7,3,2,28)
r(6,0,2,28)
w(7,5,2,28)
w(6,2,2,28)
r(7,5,2,28)
r(7,5,2,28)
w(7,6,2,28)
w(1,4,4,32)
w(7,8,4,32)
r(7,8,4,32)
r(6,2,4,32)
w(6,3,4,32)
r(1,4,4,32)
w(0,4,8,34)
r(1,1,8,34)
r(9,0,8,34)
w(8,1,8,34)
r(1,1,8,34)
r(9,0,8,34)
r(8,1,6,36)
w(1,5,6,36)
r(0,4,6,36)
r(6,3,6,36)
r(6,3,2,40)
w(9,3,2,40)
w(1,6,2,40)
r(8,1,2,40)
w(0,5,4,44)
r(9,3,4,44)
w(9,5,4,44)
r(9,5,4,44)
w(9,6,4,44)
w(6,8,1,46)
r(9,3,1,46)
w(10,1,1,46)
w(10,2,1,46)
r(10,2,4,55)
r(12,0,4,55)
r(12,0,4,55)
w(12,2,4,55)
r(12,0,5,56)
r(12,0,5,56)
r(10,2,5,56)
w(10,7,5,56)
w(11,2,9,58)
r(11,2,9,58)
w(11,3,9,58)
w(1,7,9,58)
w(11,4,9,58)
w(11,5,9,58)
w(11,6,9,58)
w(8,2,9,58)
r(10,7,0,61)
w(12,3,0,61)
w(0,6,0,61)
r(10,7,0,61)
w(12,4,0,61)
r(12,4,0,61)
r(12,4,8,64)
w(12,6,8,64)
r(12,6,8,64)
r(12,6,8,64)
w(13,1,8,64)
w(12,7,8,64)
r(13,1,2,67)
r(12,7,2,67)
w(13,2,2,67)
w(12,8,2,67)
w(13,3,2,67)
r(14,0,2,67)
r(8,2,2,67)
w(14,5,9,76)
r(1,7,9,76)
w(14,6,9,76)
r(13,3,9,76)
r(14,6,9,76)
r(8,2,8,77)
r(14,0,8,77)
r(14,0,8,77)
r(15,0,8,77)
w(8,5,6,85)
r(8,5,6,85)
w(15,1,6,85)
w(15,2,6,85)
w(0,8,6,85)
r(8,5,6,85)
r(13,3,6,85)
w(8,6,9,90)
w(15,6,9,90)
r(17,0,9,90)
r(17,0,9,90)
w(15,7,9,90)
w(15,8,9,90)
r(16,0,9,90)
r(17,0,9,90)
w(18,2,8,96)
w(18,3,8,96)
w(16,1,8,96)
r(8,5,8,96)
w(18,4,8,96)
r(18,4,8,96)
r(8,5,8,96)
w(19,1,6,103)
r(19,1,6,103)
w(19,2,6,103)
w(19,3,6,103)
w(19,4,6,103)
r(17,0,9,105)
w(17,2,9,105)
r(17,2,9,105)
w(22,1,9,105)
w(17,3,9,105)
r(22,1,7,107)
r(22,1,7,107)
w(21,1,7,107)
w(17,5,7,107)
r(22,1,7,107)
r(17,5,7,107)
r(17,5,7,107)
r(22,1,3,111)
r(20,0,3,111)
r(22,1,3,111)
w(22,5,3,111)
r(21,1,3,111)
r(22,5,3,111)
r(17,5,3,111)
w(22,6,3,111)
r(16,1,6,114)
w(17,6,6,114)
r(22,1,6,114)
w(21,2,6,114)
r(21,2,6,114)
r(24,0,9,120)
r(23,0,9,120)
w(24,2,9,120)
w(24,3,9,120)
r(24,3,9,120)
w(24,4,9,120)
r(24,4,9,120)
w(20,2,9,120)
w(25,3,4,122)
r(25,3,4,122)
r(20,0,4,122)
w(25,4,4,122)
r(23,0,5,127)
w(23,4,5,127)
r(21,2,5,127)
w(21,4,5,127)
w(25,7,5,127)
w(21,5,6,130)
w(26,1,6,130)
w(23,7,6,130)
r(21,5,6,130)
r(23,7,3,135)
w(23,8,3,135)
r(26,1,3,135)
r(26,1,3,135)
r(23,8,3,135)
r(21,5,5,138)
w(26,4,5,138)
r(20,2,5,138)
r(26,4,5,138)
w(26,5,5,138)
r(26,5,5,138)
r(26,1,4,141)
r(21,5,4,141)
w(28,1,4,141)
w(28,2,4,141)
w(27,1,2,143)
w(20,4,2,143)
r(26,1,2,143)
r(27,1,2,143)
w(27,2,2,143)
w(27,3,2,143)
w(21,6,2,143)
r(27,3,4,146)
r(28,2,4,146)
w(28,5,4,146)
w(28,6,4,146)
r(20,4,9,154)
r(16,1,9,154)
w(27,7,9,154)
w(27,8,9,154)
r(27,8,9,154)
r(30,0,9,154)
r(29,0,9,154)
w(16,4,9,154)
r(30,0,6,159)
r(30,0,6,159)
w(30,1,6,159)
w(29,3,6,159)
w(30,2,6,159)
r(29,3,6,159)
w(29,8,7,164)
w(31,3,7,164)
r(31,3,7,164)
r(31,3,7,164)
r(30,2,7,164)
r(30,2,7,164)
r(32,0,7,164)
r(32,0,8,166)
r(20,4,8,166)
r(32,0,8,166)
w(32,1,8,166)
r(32,1,8,169)
w(30,7,8,169)
r(20,4,8,169)
r(32,1,8,169)
r(32,1,8,169)
r(32,1,8,169)
r(30,7,0,172)
r(32,1,0,172)
w(32,3,0,172)
w(30,8,0,172)
r(30,8,0,172)
w(32,4,0,172)
r(30,8,0,172)
r(33,0,6,177)
r(32,4,6,177)
w(31,6,6,177)
w(32,7,6,177)
w(32,8,6,177)
r(34,0,6,177)
r(33,0,6,177)
w(34,1,5,179)
w(20,5,5,179)
r(33,0,5,179)
r(31,3,5,179)
r(34,1,5,179)
w(34,6,2,181)
w(33,2,2,181)
r(34,6,2,181)
r(20,5,2,181)
r(31,6,2,181)
w(33,3,2,181)
r(33,3,5,184)
r(31,6,5,184)
r(34,6,5,184)
w(31,7,5,184)
w(31,8,5,184)
r(34,6,2,187)
w(34,8,2,187)
r(36,0,2,187)
w(36,1,2,187)
r(36,1,9,191)
r(36,1,9,191)
w(35,1,9,191)
w(35,2,9,191)
r(33,3,9,191)
w(33,6,9,191)
r(36,1,9,191)
r(36,1,9,191)
r(36,1,4,193)
w(33,7,4,193)
r(33,7,4,193)
w(36,5,4,193)
r(35,2,7,199)
r(38,0,7,199)
r(38,0,7,199)
w(38,2,7,199)
w(16,6,3,201)
w(35,4,3,201)
w(33,8,3,201)
w(20,7,3,201)
r(36,5,3,201)
r(36,5,3,201)
r(16,6,3,201)
r(39,0,9,207)
r(38,2,9,207)
r(38,2,9,207)
w(37,4,9,207)
w(35,7,9,207)
w(38,5,9,207)
w(39,1,9,215)
r(39,1,9,215)
w(37,6,9,215)
r(35,7,9,215)
r(40,0,9,215)
r(37,6,9,215)
r(35,7,8,219)
w(40,7,8,219)
r(35,7,8,219)
r(40,7,8,219)
r(40,7,8,219)
r(40,7,8,219)
w(40,8,6,221)
r(40,8,6,221)
w(41,1,6,221)
r(42,0,6,221)
r(42,0,6,221)
r(42,0,7,224)
w(41,2,7,224)
r(39,1,7,224)
r(16,6,7,224)
r(35,7,7,224)
r(41,2,7,224)
w(39,2,7,224)
w(44,2,8,233)
r(44,2,8,233)
r(39,2,8,233)
r(41,2,8,233)
r(41,2,8,233)
r(44,2,8,233)
r(41,2,8,233)
r(16,6,8,233)
r(43,0,6,237)
r(41,2,6,237)
w(16,7,6,237)
r(43,0,6,237)
w(44,5,0,239)
w(41,7,0,239)
r(39,2,0,239)
w(44,6,0,239)
w(44,7,0,239)
r(44,7,0,239)
r(43,0,5,241)
w(39,4,5,241)
r(45,0,5,241)
r(45,0,5,241)
r(39,4,5,241)
w(45,1,5,241)
w(45,2,6,247)
r(43,0,6,247)
r(43,0,6,247)
w(39,5,6,247)
r(16,7,6,247)
w(43,2,6,247)
r(46,0,6,247)
w(45,3,6,247)
w(46,6,4,254)
w(46,7,4,254)
r(46,7,4,254)
w(45,6,4,254)
r(43,2,4,254)
w(46,8,4,254)
w(47,1,3,258)
r(47,1,3,258)
w(47,2,3,258)
r(47,2,3,258)
w(47,3,3,258)
w(47,4,3,258)
r(47,4,3,258)
w(39,8,3,258)
r(50,0,2,263)
r(50,0,2,263)
r(50,0,2,263)
w(50,3,2,263)
w(48,1,0,265)
r(48,1,0,265)
r(50,0,0,265)
r(50,0,0,265)
r(51,0,1,269)
r(43,2,1,269)
w(48,2,1,269)
r(50,3,1,269)
w(43,4,1,269)
w(50,4,1,269)
r(51,0,1,269)
w(48,4,1,276)
r(51,0,1,276)
w(50,6,1,276)
r(48,4,1,276)
r(51,0,1,276)
r(50,4,6,278)
w(51,2,6,278)
w(43,6,6,278)
r(50,4,6,278)
w(51,3,6,278)
r(50,4,6,278)
r(52,0,3,287)
r(52,0,3,287)
w(52,5,3,287)
w(51,7,3,287)
w(51,8,3,287)
w(52,6,3,287)
w(52,7,3,287)
r(52,7,3,287)
w(53,1,9,288)
r(48,4,9,288)
r(49,0,9,288)
w(53,2,9,288)
r(54,0,1,293)
w(55,3,1,293)
w(54,2,1,293)
r(54,2,1,293)
w(49,1,1,293)
w(48,7,9,294)
r(55,0,9,294)
r(55,0,9,294)
w(48,8,9,294)
w(53,7,9,294)
r(55,0,9,294)
r(54,2,5,299)
r(53,7,5,299)
w(55,6,5,299)
r(49,1,5,299)
r(57,0,7,303)
r(58,0,7,303)
w(57,2,7,303)
w(58,3,7,303)
r(58,3,7,303)
r(54,2,7,303)
w(58,4,8,308)
w(58,5,8,308)
r(58,5,8,308)
r(54,2,8,308)
w(58,6,8,308)
r(58,3,3,309)
r(54,2,3,309)
w(54,8,3,309)
r(54,8,3,309)
w(57,3,5,314)
w(57,4,5,314)
r(57,4,5,314)
r(58,6,5,314)
r(58,6,5,314)
r(57,4,5,314)
r(58,6,5,314)
w(57,5,5,314)
w(59,2,6,322)
w(59,3,6,322)
w(59,4,6,322)
w(60,8,6,322)
r(57,5,6,322)
r(61,0,0,325)
r(61,0,0,325)
r(61,0,0,325)
w(61,2,0,325)
r(61,2,0,325)
w(59,7,0,325)
w(61,3,1,335)
r(57,5,1,335)
r(57,5,1,335)
w(59,8,1,335)
w(61,4,1,335)
w(61,5,1,335)
r(59,8,1,335)
w(61,6,1,335)
r(65,0,5,338)
r(56,0,5,338)
r(62,0,5,338)
r(56,0,5,338)
w(63,3,6,340)
w(62,5,6,340)
r(62,5,6,340)
w(63,4,6,340)
w(57,8,6,340)
r(63,4,6,340)
r(62,5,6,340)
r(65,0,1,347)
r(65,0,1,347)
w(65,2,1,347)
w(62,7,1,347)
r(65,2,1,347)
w(62,8,1,347)
w(66,3,8,351)
r(66,3,8,351)
r(65,2,8,351)
w(66,4,8,351)
r(64,0,8,351)
r(65,2,8,351)
r(66,4,9,355)
r(66,4,9,355)
w(67,1,9,355)
r(64,0,9,355)
w(66,8,9,355)
r(67,1,0,358)
r(56,0,0,358)
w(67,2,0,358)
w(67,3,0,358)
w(67,4,0,358)
w(68,3,7,364)
r(68,3,7,364)
w(68,4,7,364)
r(56,0,7,364)
w(56,6,7,364)
r(68,4,7,364)
r(68,4,7,364)
r(68,4,1,369)
r(56,6,1,369)
w(69,2,1,369)
w(69,3,1,369)
w(69,4,1,369)
r(68,4,6,371)
r(68,4,6,371)
w(56,7,6,371)
r(68,4,6,371)
r(69,0,6,371)
r(69,0,6,371)
r(68,4,6,371)
w(56,8,6,371)
w(68,7,1,373)
r(68,7,1,373)
r(68,7,1,373)
r(69,4,1,373)
w(69,6,1,377)
w(68,8,1,377)
r(69,6,1,377)
w(69,7,1,377)
r(64,0,1,377)
r(64,0,7,378)
r(64,0,7,378)
w(64,4,7,378)
r(69,7,7,378)
r(68,8,7,378)
r(68,8,7,378)
r(69,7,7,378)
r(70,0,7,378)
w(70,1,8,381)
w(69,8,8,381)
w(70,2,8,381)
w(70,3,8,381)
r(64,0,8,381)
w(70,4,8,381)
r(70,4,8,381)
w(70,8,5,386)
w(72,1,5,386)
w(72,2,5,386)
r(72,2,5,386)
r(71,0,5,386)
w(71,4,5,386)
w(71,8,9,389)
w(64,8,9,389)
r(71,8,9,389)
r(72,2,9,389)
r(72,2,0,391)
w(72,5,0,391)
r(72,5,0,391)
r(73,0,0,391)
r(74,0,1,395)
r(64,8,1,395)
w(72,6,1,395)
w(74,1,1,395)
r(64,8,1,395)
r(74,1,1,395)
r(72,6,1,395)
r(64,8,8,397)
r(49,1,8,397)
w(74,3,8,397)
r(64,8,8,397)
r(64,8,8,397)
r(72,6,8,397)
w(72,8,0,400)
r(72,8,0,400)
w(75,1,0,400)
r(74,3,0,400)
r(74,3,3,401)
w(76,1,3,401)
r(76,1,3,401)
r(76,1,3,401)
r(73,0,5,404)
r(76,1,5,404)
w(76,2,5,404)
r(74,3,5,404)
r(74,3,5,406)
r(74,3,5,406)
r(76,2,5,406)
w(76,4,5,406)
r(75,1,5,406)
w(76,5,0,412)
r(74,3,0,412)
w(75,2,0,412)
r(76,5,0,412)
w(76,6,0,412)
w(76,7,0,412)
r(76,7,0,412)
w(77,1,2,415)
r(73,0,2,415)
r(75,1,2,415)
w(74,7,2,415)
r(77,1,2,415)
w(79,2,5,422)
r(73,0,5,422)
r(78,0,5,422)
r(79,2,5,422)
r(79,2,0,427)
w(79,7,0,427)
r(79,7,0,427)
w(78,2,0,427)
r(79,7,8,431)
r(75,2,8,431)
r(75,2,8,431)
w(49,5,8,431)
r(80,0,3,433)
w(75,4,3,433)
r(80,0,3,433)
w(73,2,3,433)
r(80,0,3,433)
w(80,3,5,438)
w(49,6,5,438)
w(78,6,5,438)
r(78,6,5,438)
r(73,2,5,438)
r(80,3,3,441)
r(80,3,3,441)
r(80,3,3,441)
r(73,2,3,441)
r(78,6,3,441)
r(73,2,3,441)
r(80,3,3,441)
r(80,3,5,445)
r(78,6,5,445)
w(80,6,5,445)
r(75,4,5,445)
w(80,7,5,445)
w(80,8,5,445)
r(75,4,2,447)
w(78,7,2,447)
r(81,0,2,447)
r(49,6,2,447)
r(81,0,2,447)
w(73,4,2,447)
w(81,2,3,449)
r(73,4,3,449)
r(75,4,3,449)
r(81,2,3,449)
r(75,4,3,449)
r(82,0,1,454)
r(81,2,1,454)
r(81,2,1,454)
r(81,2,1,454)
r(81,2,1,454)
r(73,4,1,454)
r(81,2,1,454)
w(81,3,1,454)
r(75,4,8,461)
w(82,1,8,461)
r(81,3,8,461)
r(81,3,8,461)
r(83,0,3,467)
r(49,6,3,467)
w(83,1,3,467)
w(83,2,3,467)
r(83,2,3,467)
r(75,4,3,467)
w(82,5,3,467)
r(49,6,8,470)
r(83,2,8,470)
w(83,6,8,470)
r(82,5,8,470)
w(83,7,8,470)
r(82,5,8,470)
r(84,0,8,470)
w(83,8,8,470)
w(85,1,0,472)
r(85,1,0,472)
r(85,1,0,472)
w(85,2,0,472)
r(73,4,0,472)
w(49,8,1,475)
r(49,8,1,475)
w(84,1,1,475)
w(84,2,1,475)
w(82,6,2,478)
w(85,4,2,478)
r(85,4,2,478)
w(85,5,2,478)
r(85,5,2,478)
r(73,4,2,478)
w(86,1,6,481)
r(86,1,6,481)
w(82,7,6,481)
w(82,8,6,481)
r(82,8,6,484)
r(86,1,6,484)
w(86,2,6,484)
w(86,3,6,484)
w(86,4,6,484)
r(86,4,6,484)
w(87,1,0,487)
r(88,0,0,487)
r(87,1,0,487)
r(84,2,0,487)
w(84,3,0,487)
r(84,3,0,487)
r(88,0,0,487)
w(84,4,0,493)
w(87,2,0,493)
r(88,0,0,493)
w(87,3,0,493)
r(88,0,0,493)
w(88,1,0,493)
r(88,1,0,493)
r(88,1,0,493)
w(88,5,6,496)
r(87,3,6,496)
w(88,6,6,496)
w(88,7,6,496)
r(88,7,6,496)
w(84,6,6,496)
w(87,5,6,496)
r(88,7,6,496)
r(90,0,2,502)
r(90,0,2,502)
w(90,3,2,502)
r(90,3,2,502)
w(90,4,2,502)
r(87,5,2,502)
r(90,4,3,506)
w(90,7,3,506)
r(87,5,3,506)
r(73,4,3,506)
w(90,8,3,506)
w(89,1,3,506)
r(92,0,5,511)
w(89,2,5,511)
r(92,0,5,511)
r(91,0,5,511)
r(92,0,5,511)
r(90,4,6,514)
r(90,4,6,514)
w(91,2,6,514)
r(87,5,6,514)
r(92,0,6,514)
w(92,1,6,514)
w(92,2,6,514)
r(73,4,2,519)
r(94,0,2,519)
w(94,1,2,519)
w(94,2,2,519)
w(94,3,2,519)
w(73,8,2,519)
w(93,2,9,521)
w(91,4,9,521)
r(93,2,9,521)
w(93,3,9,521)
r(93,3,9,521)
r(94,0,9,521)
r(93,3,9,521)
w(95,1,4,526)
r(95,1,4,526)
w(95,2,4,526)
r(95,2,4,526)
r(93,3,4,526)
r(95,2,4,526)
r(73,8,4,526)
r(91,4,4,526)
w(93,6,1,532)
w(91,6,1,532)
w(91,7,1,532)
w(93,7,1,532)
r(97,0,0,535)
r(97,0,0,535)
r(97,0,0,535)
w(97,3,0,535)
w(98,1,0,535)
r(95,2,2,538)
w(96,1,2,538)
r(97,0,2,538)
w(91,8,2,538)
r(95,2,2,538)
w(95,8,2,538)
w(97,4,1,542)
r(98,1,1,542)
w(98,4,1,542)
w(97,5,1,542)
w(97,6,1,542)
r(96,0,1,542)
r(97,6,6,545)
r(98,4,6,545)
w(98,6,6,545)
r(96,1,6,545)
w(98,7,6,545)
r(97,6,5,547)
r(98,7,5,547)
r(98,7,5,547)
r(96,1,5,547)
w(97,8,0,550)
r(96,1,0,550)
w(100,1,0,550)
r(100,1,0,550)
r(100,1,0,550)
w(100,2,0,550)
r(101,0,0,550)
r(100,2,0,550)
r(100,2,9,553)
r(100,2,9,553)
r(101,0,9,553)
w(100,6,9,553)
r(101,0,9,553)
w(100,7,2,556)
w(101,2,2,556)
w(101,3,2,556)
w(100,8,2,556)
w(101,5,1,562)
r(101,5,1,562)
w(102,1,1,562)
w(96,2,1,562)
r(102,1,7,565)
w(99,2,7,565)
r(101,5,7,565)
w(102,4,7,565)
r(99,2,7,565)
w(101,7,7,565)
r(99,2,6,568)
w(102,5,6,568)
w(102,6,6,568)
r(101,7,6,568)
r(101,7,6,574)
w(103,1,6,574)
w(103,2,6,574)
r(101,7,6,574)
w(103,3,6,574)
w(103,4,6,574)
w(103,5,6,574)
r(101,7,6,574)
r(103,0,2,576)
r(104,0,2,576)
w(104,2,2,576)
r(105,0,2,576)
w(105,1,2,576)
r(105,1,2,576)
w(104,3,0,579)
w(105,4,0,579)
r(105,4,0,579)
r(105,4,0,579)
w(104,4,5,582)
r(104,4,5,582)
w(105,5,5,582)
r(105,5,5,582)
r(104,4,5,582)
w(105,6,5,582)
r(104,4,2,589)
r(105,6,2,589)
w(105,8,2,589)
r(106,0,2,589)
w(106,1,2,589)
r(99,2,2,589)
w(104,5,2,589)
r(107,0,2,593)
r(99,2,2,593)
r(96,2,2,593)
r(106,1,2,593)
w(106,7,2,593)
r(106,7,2,593)
r(96,2,2,593)
r(107,0,8,595)
r(106,7,8,595)
r(89,2,8,595)
w(106,8,8,595)
r(106,8,8,595)
w(108,4,1,601)
r(108,4,1,601)
w(108,5,1,601)
r(107,0,1,601)
w(99,6,3,604)
r(109,0,3,604)
r(109,0,3,604)
r(107,0,3,604)
w(109,1,8,606)
r(99,6,8,606)
w(99,7,8,606)
r(107,0,8,606)
w(107,5,6,616)
r(96,2,6,616)
r(109,1,6,616)
w(96,7,6,616)
r(110,0,6,616)
r(109,1,6,616)
w(109,6,6,616)
w(112,3,6,625)
w(112,4,6,625)
r(112,4,6,625)
w(112,5,6,625)
r(113,0,6,625)
r(114,0,1,630)
w(111,5,1,630)
r(107,5,1,630)
r(114,0,1,630)
r(114,0,1,630)
w(114,1,1,630)
r(114,1,6,639)
r(114,1,6,639)
w(114,4,6,639)
r(114,4,6,639)
w(114,5,6,639)
r(111,5,6,639)
w(116,2,9,644)
w(115,4,9,644)
r(116,2,9,644)
r(116,2,9,644)
r(115,4,9,644)
w(113,2,9,644)
r(111,5,7,650)
r(115,4,7,650)
r(117,0,7,650)
r(115,4,7,650)
w(115,6,7,650)
r(115,6,7,650)
r(111,5,7,650)
w(116,4,1,651)
r(116,4,1,651)
r(116,4,1,651)
w(116,5,1,651)
w(116,6,1,651)
w(116,7,1,651)
w(116,8,1,651)
r(117,0,1,651)
w(113,4,8,652)
r(115,4,8,652)
w(117,1,8,652)
r(111,5,8,652)
w(117,3,3,661)
r(113,4,3,661)
w(115,8,3,661)
r(117,3,3,661)
r(117,3,3,661)
r(117,3,3,661)
r(113,4,3,661)
w(119,3,5,668)
r(119,3,5,668)
w(119,4,5,668)
w(121,1,5,668)
w(119,5,5,668)
r(119,5,5,668)
r(122,0,9,674)
w(122,2,9,674)
r(122,2,9,674)
w(122,3,9,674)
w(121,2,9,674)
w(122,8,7,678)
r(122,8,7,678)
r(122,8,7,678)
r(113,4,7,678)
r(123,0,7,678)
w(123,1,5,681)
r(121,2,5,681)
w(121,4,5,681)
r(110,0,5,681)
r(123,1,5,681)
w(123,2,6,683)
r(121,4,6,683)
r(123,2,6,683)
r(113,4,6,683)
w(120,3,6,683)
r(121,4,6,683)
w(123,3,9,688)
w(123,4,9,688)
w(120,4,9,688)
r(120,4,9,688)
w(123,5,9,688)
w(120,5,9,688)
w(121,5,9,688)
r(123,5,9,688)
r(125,0,0,694)
w(120,7,0,694)
r(121,5,0,694)
r(125,0,0,694)
w(121,8,0,694)
r(125,0,2,698)
r(125,0,2,698)
r(125,0,2,698)
r(125,0,2,698)
r(125,0,2,698)
w(125,3,2,698)
w(125,4,2,698)
r(110,0,2,698)
w(127,1,9,702)
w(120,8,9,702)
w(127,2,9,702)
r(126,0,9,702)
r(127,2,9,702)
w(127,3,9,702)
r(126,0,9,702)
r(127,3,1,705)
r(126,0,1,705)
w(127,8,1,705)
w(124,2,1,705)
r(129,0,1,705)
r(129,0,1,705)
w(128,1,8,709)
w(129,1,8,709)
w(129,2,8,709)
w(129,3,8,709)
w(129,4,8,709)
r(129,4,8,709)
w(130,2,0,715)
r(126,0,0,715)
w(130,3,0,715)
r(130,3,0,715)
w(110,5,0,715)
w(130,4,0,715)
r(130,4,0,715)
w(128,4,0,715)
w(128,5,0,719)
w(130,8,0,719)
r(126,0,0,719)
r(128,5,0,719)
r(130,4,8,720)
w(126,4,8,720)
w(126,5,8,720)
w(126,6,8,720)
w(128,6,9,724)
w(128,7,9,724)
r(126,6,9,724)
r(126,6,9,724)
r(131,0,9,724)
w(131,4,9,724)
r(128,7,4,727)
r(126,6,4,727)
r(131,4,4,727)
w(131,5,4,727)
r(131,5,4,727)
r(124,2,4,727)
w(124,3,9,730)
w(126,8,9,730)
r(128,7,9,730)
r(131,4,9,730)
r(124,2,8,732)
r(132,0,8,732)
w(128,8,8,732)
r(132,0,8,732)
r(126,8,5,734)
r(132,0,5,734)
r(132,0,5,734)
r(124,3,5,734)
w(132,1,5,734)
w(132,2,5,734)
r(132,2,4,738)
w(132,8,4,738)
r(133,0,4,738)
w(124,4,4,738)
w(133,2,4,738)
r(133,2,3,740)
w(135,1,3,740)
r(134,0,3,740)
w(135,2,3,740)
w(133,3,6,744)
r(135,2,6,744)
w(133,4,6,744)
r(135,2,6,744)
w(133,5,6,744)
r(135,2,6,744)
w(134,5,7,761)
w(137,4,7,761)
r(136,0,7,761)
w(136,7,7,761)
r(137,4,7,761)
w(137,7,7,766)
w(136,8,7,766)
r(136,8,7,766)
r(136,8,7,766)
w(138,1,0,770)
r(138,1,0,770)
r(138,1,0,770)
w(134,7,0,770)
r(138,1,0,770)
r(138,1,0,770)
r(110,5,0,770)
r(138,1,2,771)
w(138,2,2,771)
r(138,2,2,771)
w(124,6,2,771)
w(139,1,1,776)
w(138,3,1,776)
r(138,3,1,776)
w(138,4,1,776)
r(139,1,1,776)
w(139,5,2,780)
r(124,6,2,780)
w(139,6,2,780)
w(139,7,2,780)
r(139,7,2,780)
r(139,7,2,783)
r(138,4,2,783)
r(138,4,2,783)
r(138,4,2,783)
r(124,6,2,783)
r(138,4,2,783)
r(138,4,2,783)
r(124,6,2,783)
r(138,4,5,789)
w(140,1,5,789)
r(141,0,5,789)
r(142,0,5,789)
w(140,2,5,789)
r(142,0,5,789)
w(142,1,5,789)
r(140,2,5,789)
r(141,0,4,793)
r(142,1,4,793)
w(140,4,4,793)
r(140,4,4,793)
r(140,4,4,793)
r(142,1,4,793)
w(142,4,6,795)
w(142,5,6,795)
r(142,5,6,795)
r(142,5,6,795)
w(142,6,6,795)
r(142,6,6,795)
r(142,6,6,795)
r(140,2,6,795)
r(142,6,4,799)
w(142,8,4,799)
r(143,0,4,799)
r(140,4,4,799)
w(124,8,8,812)
w(143,8,8,812)
r(141,0,8,812)
w(141,4,8,812)
r(143,8,8,812)
r(143,8,8,812)
r(143,8,8,812)
w(141,5,8,812)
w(145,5,8,814)
r(144,0,8,814)
r(145,5,8,814)
w(144,7,8,814)
r(141,5,8,814)
w(141,7,8,816)
w(144,8,8,816)
r(147,0,8,816)
w(141,8,8,816)
w(147,1,8,820)
r(146,0,8,820)
w(146,1,8,820)
w(147,2,8,820)
r(147,2,8,820)
w(146,2,8,820)
r(147,2,8,824)
r(146,2,8,824)
r(147,2,8,824)
r(145,5,8,824)
r(145,5,8,824)
r(124,8,7,825)
w(124,7,7,825)
r(143,8,7,825)
w(143,6,7,825)
w(144,1,2,826)
r(141,0,2,826)
r(140,4,2,826)
r(144,1,2,826)
w(144,2,2,826)
r(145,5,8,833)
r(148,0,8,833)
r(148,0,8,833)
w(147,6,8,833)
w(149,1,8,833)
r(147,6,8,833)
w(149,2,8,833)
r(149,2,8,836)
w(110,8,8,836)
r(150,0,8,836)
w(150,1,8,836)
w(148,1,5,839)
w(149,4,5,839)
w(148,2,5,839)
r(150,1,5,839)
w(149,5,5,839)
r(149,5,5,839)
r(150,1,5,839)
w(146,3,9,849)
w(150,5,9,849)
r(149,5,9,849)
w(146,4,9,849)
w(149,7,9,849)
w(150,6,9,849)
w(152,7,4,859)
r(152,7,4,859)
r(153,0,4,859)
r(153,0,4,859)
w(153,2,4,859)
w(152,8,4,859)
w(148,5,4,859)
r(146,4,4,859)
r(153,0,8,860)
r(155,0,8,860)
r(153,0,8,860)
w(155,1,8,860)
r(146,4,8,860)
w(148,6,8,862)
r(153,2,8,862)
w(153,3,8,862)
r(155,1,8,862)
w(153,4,5,869)
r(146,4,5,869)
r(153,4,5,869)
w(153,5,5,869)
w(146,6,5,869)
w(153,6,5,869)
w(156,3,8,874)
r(156,3,8,874)
w(156,4,8,874)
w(156,5,8,874)
w(155,5,4,880)
w(155,6,4,880)
r(155,6,4,880)
w(155,7,4,880)
r(156,5,2,881)
w(157,1,2,881)
r(157,1,2,881)
r(157,1,2,881)
r(157,1,2,881)
w(155,8,2,886)
w(157,2,2,886)
r(146,6,2,886)
r(157,2,2,886)
w(148,7,2,886)
r(157,2,2,886)
r(158,0,2,886)
r(148,7,7,889)
w(157,4,7,889)
w(158,2,7,889)
r(154,0,7,889)
r(148,7,7,889)
r(158,2,7,889)
w(158,3,0,891)
w(157,5,0,891)
r(158,3,0,891)
r(157,5,0,891)
r(148,7,0,891)
w(157,6,0,891)
w(158,4,0,894)
w(158,5,0,894)
w(158,6,0,894)
w(157,7,0,894)
w(157,8,0,894)
r(157,8,0,894)
r(160,0,0,894)
r(160,0,0,894)
r(158,3,3,895)
r(160,0,3,895)
r(158,3,3,895)
w(154,2,3,895)
r(160,0,3,895)
r(160,0,3,895)
r(158,3,3,895)
r(154,2,7,898)
r(159,0,7,898)
w(160,1,7,898)
w(160,2,7,898)
r(160,2,7,898)
r(148,7,7,898)
w(160,3,7,898)
r(160,0,2,901)
w(158,7,2,901)
w(158,8,2,901)
w(159,1,2,901)
r(154,2,2,901)
r(154,2,2,901)
w(154,3,2,901)
r(160,3,9,904)
r(160,3,9,904)
r(162,0,9,904)
w(161,1,9,904)
r(160,3,9,904)
w(162,3,7,910)
w(163,1,7,910)
r(162,3,7,910)
r(163,1,7,910)
w(159,2,7,910)
w(163,2,7,910)
r(162,3,7,910)
r(163,2,0,913)
r(162,3,0,913)
w(163,5,0,913)
r(162,3,0,913)
r(163,5,0,913)
r(162,3,0,913)
w(159,3,0,913)
r(161,1,5,918)
w(159,5,5,918)
r(164,0,5,918)
r(164,0,5,918)
r(162,3,5,918)
r(164,0,3,923)
w(164,1,3,923)
r(164,1,3,923)
r(164,1,3,923)
r(162,3,3,923)
w(164,2,3,923)
r(162,3,3,923)
r(162,3,3,923)
w(161,4,9,928)
w(164,4,9,928)
r(162,3,9,928)
w(164,5,9,928)
w(165,2,3,935)
r(154,3,3,935)
r(165,2,3,935)
r(165,2,3,935)
r(165,2,3,935)
w(165,3,3,935)
w(165,4,3,935)
w(161,6,3,935)
r(166,0,5,938)
r(166,0,5,938)
w(165,7,5,938)
r(166,0,5,938)
r(165,7,5,938)
w(166,2,5,938)
r(166,2,5,941)
r(166,2,5,941)
r(165,7,5,941)
w(161,7,5,941)
r(167,0,11,946)
w(166,4,11,946)
r(167,0,11,946)
w(159,8,11,946)
r(166,4,11,946)
r(161,7,11,946)
w(167,1,4,949)
w(167,2,4,949)
w(167,3,4,949)
w(161,8,4,949)
r(167,3,4,949)
r(167,3,4,949)
r(168,0,7,951)
r(167,3,7,951)
r(166,4,7,951)
w(167,7,7,951)
w(166,6,7,951)
r(154,3,7,951)
r(167,7,7,951)
r(167,7,7,951)
w(166,7,3,954)
w(166,8,3,954)
w(167,8,3,954)
r(170,0,3,954)
r(166,6,0,957)
r(154,3,0,957)
w(170,1,0,957)
r(170,1,0,957)
w(170,2,0,957)
w(170,3,0,957)
r(170,3,0,957)
w(169,1,0,957)
r(170,3,3,960)
r(169,1,3,960)
w(170,5,3,960)
w(170,6,3,960)
r(170,6,3,960)
w(170,7,3,960)
w(170,8,3,960)
r(154,3,3,960)
w(171,1,16,962)
r(169,1,16,962)
w(172,1,16,962)
r(172,1,16,962)
w(172,2,16,962)
r(172,2,16,962)
r(172,0,0,963)
r(171,0,0,963)
r(169,1,0,963)
r(172,0,0,963)
r(172,2,11,965)
r(172,2,11,965)
r(172,2,11,965)
r(172,2,11,965)
r(172,2,11,965)
r(172,2,4,968)
r(172,2,4,968)
w(172,3,4,968)
r(172,3,4,968)
r(172,3,16,971)
r(169,1,16,971)
w(172,7,16,971)
w(172,8,16,971)
r(172,8,16,971)
r(172,8,16,971)
r(172,8,16,973)
r(173,0,16,973)
r(173,0,16,973)
r(171,1,16,973)
r(173,0,16,973)
w(173,1,16,973)
w(173,2,16,976)
r(171,1,16,976)
w(173,3,16,976)
w(168,2,16,976)
r(173,3,16,976)
w(174,1,5,981)
r(174,1,5,981)
r(169,1,5,981)
w(169,3,5,981)
r(171,1,5,981)
w(174,2,5,981)
w(168,3,9,982)
r(171,1,9,982)
w(171,2,9,982)
r(171,2,9,982)
w(173,7,9,982)
w(173,8,9,982)
r(169,1,9,982)
r(169,1,9,982)
r(168,3,16,989)
r(175,0,16,989)
r(175,0,16,989)
r(176,0,16,989)
w(174,4,3,992)
w(174,5,3,992)
r(174,5,3,992)
r(169,3,3,992)
w(171,4,3,992)
w(174,6,3,992)
w(171,5,3,992)
r(176,0,4,994)
r(169,3,4,994)
r(176,0,4,994)
w(154,4,4,994)
r(154,4,5,995)
r(175,0,5,995)
r(176,0,5,995)
r(176,0,5,995)
w(176,1,8,1000)
r(175,0,8,1000)
w(154,5,8,1000)
w(176,2,8,1000)
r(176,2,8,1000)
r(175,0,9,1008)
w(175,4,9,1008)
r(175,4,9,1008)
r(177,0,9,1008)
r(177,0,8,1013)
r(169,3,8,1013)
r(169,3,8,1013)
w(177,3,8,1013)
w(169,6,0,1016)
w(177,8,0,1016)
r(175,4,0,1016)
w(178,1,0,1016)
w(178,2,16,1019)
r(175,4,16,1019)
w(175,7,16,1019)
w(178,3,16,1019)
r(178,3,16,1019)
w(178,5,11,1024)
w(178,6,11,1024)
w(179,1,11,1024)
r(178,6,11,1024)
r(178,3,2,1028)
r(178,3,2,1028)
w(154,6,2,1028)
r(178,3,2,1028)
w(168,6,2,1028)
r(179,0,2,1028)
r(181,0,2,1028)
r(181,0,16,1030)
r(181,0,16,1030)
w(181,1,16,1030)
w(181,2,16,1030)
w(181,4,2,1034)
w(181,5,2,1034)
r(181,5,2,1034)
r(181,5,2,1034)
w(179,6,2,1034)
r(181,5,2,1034)
r(179,6,2,1034)
r(181,5,2,1034)
r(179,6,7,1038)
r(182,0,7,1038)
r(182,0,7,1038)
w(182,1,7,1038)
r(179,6,7,1038)
w(179,7,9,1039)
r(181,5,9,1039)
w(181,8,9,1039)
r(181,8,9,1039)
r(181,8,9,1039)
w(179,8,9,1039)
r(179,8,9,1039)
r(181,8,9,1039)
w(182,2,7,1041)
r(179,8,7,1041)
w(182,3,7,1041)
r(182,3,7,1041)
w(182,4,7,1041)
r(182,4,7,1041)
r(182,4,11,1045)
w(182,5,11,1045)
r(180,0,11,1045)
r(182,5,11,1045)
w(182,6,11,1045)
w(182,7,11,1045)
r(154,6,11,1045)
w(184,4,8,1050)
r(180,0,8,1050)
w(184,5,8,1050)
w(184,6,8,1050)
w(183,1,8,1050)
r(184,6,8,1050)
w(184,7,8,1050)
w(180,2,0,1052)
w(185,2,0,1052)
w(180,3,0,1052)
r(185,2,0,1052)
w(183,3,0,1067)
w(183,4,0,1067)
r(183,4,0,1067)
r(180,3,0,1067)
r(186,0,0,1067)
r(186,0,0,1067)
r(186,0,0,1067)
r(180,3,5,1068)
r(183,1,5,1068)
w(186,3,5,1068)
w(187,1,5,1068)
r(187,1,5,1068)
w(186,4,5,1068)
w(186,5,5,1068)
r(183,4,3,1073)
w(180,6,3,1073)
r(154,6,3,1073)
r(186,5,3,1073)
r(186,5,7,1076)
w(183,8,7,1076)
r(180,3,7,1076)
w(186,8,7,1076)
r(189,0,7,1076)
w(188,1,7,1076)
w(180,7,0,1084)
r(180,7,0,1084)
r(187,1,0,1084)
w(189,1,0,1084)
w(188,3,0,1084)
r(189,1,0,1084)
r(188,3,11,1087)
r(189,1,11,1087)
w(188,6,11,1087)
r(180,7,11,1087)
w(188,7,11,1087)
r(190,0,11,1087)
r(190,0,11,1087)
r(190,0,2,1093)
w(188,8,2,1093)
w(190,1,2,1093)
w(190,2,2,1093)
w(190,3,2,1093)
r(180,7,2,1093)
w(192,3,2,1102)
r(192,3,2,1102)
w(192,4,2,1102)
w(187,6,2,1102)
w(192,5,2,1102)
r(187,6,0,1104)
w(193,3,0,1104)
w(191,4,0,1104)
r(191,4,0,1104)
r(191,4,0,1104)
w(191,5,0,1104)
w(194,2,7,1111)
w(191,7,7,1111)
w(187,7,7,1111)
r(191,7,7,1111)
w(194,3,7,1111)
r(194,3,7,1111)
w(191,8,7,1111)
w(187,8,5,1115)
r(194,3,5,1115)
r(194,3,5,1115)
w(194,7,5,1115)
r(195,0,5,1115)
r(196,0,9,1118)
r(196,0,9,1118)
r(195,0,9,1118)
r(195,0,9,1118)
r(195,0,5,1120)
w(194,8,5,1120)
w(193,6,5,1120)
r(196,0,5,1120)
r(195,0,5,1120)
r(193,6,5,1120)
r(193,6,0,1121)
r(193,6,0,1121)
w(195,1,0,1121)
w(196,1,0,1121)
w(196,2,2,1124)
r(195,1,2,1124)
r(195,1,2,1124)
r(196,2,2,1124)
r(196,1,3,1125)
r(196,1,3,1125)
r(195,1,3,1125)
w(195,2,3,1125)
r(195,2,3,1125)
r(195,2,3,1125)
r(198,0,3,1125)
w(195,3,5,1128)
r(197,0,5,1128)
r(196,2,5,1128)
r(196,2,5,1128)
w(195,6,2,1137)
w(198,1,2,1137)
w(196,8,2,1137)
r(196,8,2,1137)
r(195,6,2,1137)
w(200,1,2,1137)
r(200,1,2,1137)
r(202,0,3,1147)
r(202,0,3,1147)
r(198,1,3,1147)
r(198,1,3,1147)
r(202,0,3,1147)
w(199,4,9,1148)
r(201,0,9,1148)
w(197,1,9,1148)
w(200,3,9,1148)
w(200,4,9,1148)
r(200,4,9,1148)
w(201,3,9,1148)
r(201,3,9,1148)
r(198,1,0,1150)
w(203,1,0,1150)
w(202,1,0,1150)
w(202,2,0,1150)
w(197,3,0,1150)
w(203,3,7,1153)
r(197,3,7,1153)
r(202,2,7,1153)
r(198,1,7,1153)
r(198,1,7,1153)
r(203,3,7,1153)
w(203,4,7,1153)
r(203,4,7,1155)
w(203,5,7,1155)
r(202,2,7,1155)
w(202,3,7,1155)
w(202,4,9,1163)
w(202,5,9,1163)
w(202,6,9,1163)
r(199,4,9,1163)
r(202,6,9,1163)
r(203,5,9,1163)
w(199,8,9,1163)
r(203,5,9,1163)
w(205,2,0,1165)
r(205,2,0,1165)
r(205,2,0,1165)
r(205,2,0,1165)
r(205,2,0,1165)
r(204,0,0,1165)
r(205,2,0,1165)
r(204,0,0,1165)
r(199,8,2,1169)
r(198,1,2,1169)
r(204,0,2,1169)
r(204,0,2,1169)
w(204,4,2,1169)
r(204,4,2,1169)
r(205,2,2,1169)
w(197,4,2,1169)
w(205,3,0,1171)
r(206,0,0,1171)
r(205,3,0,1171)
w(204,6,0,1171)
w(205,4,3,1176)
r(205,4,3,1176)
w(204,7,3,1176)
w(205,5,3,1176)
w(206,1,3,1176)
w(204,8,3,1176)
r(206,1,9,1183)
w(208,2,9,1183)
w(208,3,9,1183)
r(208,3,9,1183)
w(208,4,9,1183)
w(208,8,2,1187)
r(198,1,2,1187)
w(207,7,2,1187)
r(208,8,2,1187)
r(207,7,2,1187)
w(209,1,4,1191)
r(209,1,4,1191)
r(209,1,4,1191)
r(209,1,4,1191)
w(198,6,4,1191)
r(209,1,7,1193)
w(206,2,7,1193)
r(209,1,7,1193)
w(207,8,7,1193)
r(209,1,16,1197)
w(209,4,16,1197)
w(209,5,16,1197)
r(209,5,16,1197)
r(210,0,16,1197)
w(206,3,16,1197)
r(210,0,9,1199)
r(206,3,9,1199)
w(209,7,9,1199)
r(209,7,9,1199)
r(206,3,9,1199)
w(209,8,2,1204)
w(210,3,2,1204)
r(211,0,2,1204)
r(210,3,2,1204)
r(211,0,2,1204)
w(210,4,2,1204)
r(211,0,2,1204)
w(211,1,0,1207)
w(211,2,0,1207)
r(210,0,0,1207)
r(210,0,0,1207)
r(198,6,0,1207)
w(211,3,0,1207)
r(206,3,0,1207)
w(211,6,9,1210)
r(211,6,9,1210)
w(211,7,9,1210)
w(197,5,9,1210)
w(206,5,9,1214)
r(210,4,9,1214)
w(198,7,9,1214)
r(211,7,9,1214)
r(211,7,9,1214)
r(197,5,9,1214)
r(212,0,9,1214)
r(210,4,9,1214)
r(212,0,4,1221)
w(212,1,4,1221)
w(212,2,4,1221)
w(212,3,4,1221)
w(210,7,4,1221)
w(212,4,4,1221)
w(212,5,4,1221)
r(206,5,4,1221)
w(213,1,9,1225)
w(213,2,9,1225)
r(215,0,9,1225)
r(213,2,9,1225)
r(213,2,9,1225)
r(214,0,9,1225)
r(215,0,0,1229)
w(213,4,0,1229)
w(198,8,0,1229)
r(213,4,0,1229)
r(219,0,5,1236)
r(219,0,5,1236)
r(219,0,5,1236)
w(219,1,5,1236)
w(215,8,8,1238)
r(198,8,8,1238)
w(216,1,8,1238)
r(215,8,8,1238)
r(215,8,8,1238)
w(216,2,8,1238)
r(217,0,8,1238)
w(216,3,8,1238)
w(219,2,0,1242)
r(214,0,0,1242)
r(219,2,0,1242)
r(216,3,0,1242)
r(219,2,0,1242)
w(219,3,0,1242)
w(219,5,8,1248)
r(219,5,8,1248)
w(214,1,8,1248)
w(219,6,8,1248)
w(220,3,5,1252)
w(220,4,5,1252)
r(220,4,5,1252)
w(214,4,5,1252)
w(220,6,11,1257)
r(221,0,11,1257)
r(217,0,11,1257)
w(221,1,11,1257)
r(220,6,11,1257)
r(220,6,11,1257)
r(222,0,5,1264)
r(222,0,5,1264)
w(217,2,5,1264)
r(222,0,5,1264)
r(222,0,4,1268)
r(224,0,4,1268)
r(223,0,4,1268)
r(223,0,4,1268)
w(224,1,5,1270)
r(223,0,5,1270)
r(222,0,5,1270)
r(222,0,5,1270)
w(222,1,3,1271)
r(222,1,3,1271)
w(214,7,3,1271)
w(221,5,3,1271)
r(221,5,3,1271)
w(224,2,3,1276)
r(222,1,3,1276)
w(224,3,3,1276)
r(224,3,3,1276)
w(222,3,3,1276)
w(222,4,8,1280)
w(222,5,8,1280)
r(224,3,8,1280)
r(222,5,8,1280)
w(224,7,0,1284)
w(224,8,0,1284)
w(223,2,0,1284)
w(217,3,0,1284)
w(217,4,0,1287)
r(226,0,0,1287)
r(225,0,0,1287)
r(225,0,0,1287)
w(226,1,0,1287)
r(226,1,0,1289)
r(225,0,0,1289)
r(217,4,0,1289)
r(225,0,0,1289)
r(225,0,0,1289)
w(226,2,9,1293)
w(217,5,9,1293)
w(217,6,9,1293)
r(226,2,9,1293)
r(225,0,9,1293)
w(225,4,9,1293)
w(223,4,9,1293)
r(226,2,9,1293)
r(225,4,4,1296)
r(225,4,4,1296)
r(223,4,4,1296)
w(218,2,4,1296)
r(223,4,8,1297)
r(226,2,8,1297)
r(226,2,8,1297)
r(223,4,8,1297)
w(225,6,8,1297)
r(226,2,11,1300)
r(226,2,11,1300)
r(226,2,11,1300)
r(226,2,11,1300)
w(223,5,3,1304)
w(223,6,3,1304)
w(225,7,3,1304)
w(223,7,3,1304)
w(226,3,3,1304)
w(227,3,8,1306)
r(227,3,8,1306)
w(227,4,8,1306)
r(218,2,8,1306)
r(227,4,8,1306)
r(226,2,8,1306)
r(226,2,8,1306)
r(227,4,8,1306)
w(218,4,8,1312)
r(226,3,8,1312)
r(217,6,8,1312)
w(227,7,8,1312)
r(227,7,8,1312)
w(227,8,8,1312)
r(227,8,8,1312)
w(228,1,8,1312)
r(227,4,11,1313)
r(227,4,11,1313)
r(227,4,11,1313)
r(229,0,11,1313)
w(229,1,11,1313)
r(217,6,11,1313)
r(227,8,3,1322)
w(229,2,3,1322)
w(230,1,3,1322)
r(218,4,3,1322)
r(230,1,3,1322)
r(230,1,3,1322)
w(230,2,3,1322)
r(229,2,3,1322)
r(228,1,16,1323)
r(230,0,16,1323)
r(229,1,16,1323)
r(229,1,16,1323)
w(230,6,4,1326)
w(228,3,4,1326)
r(228,3,4,1326)
w(228,4,4,1326)
r(230,6,4,1326)
r(218,4,4,1326)
r(229,2,0,1331)
w(228,5,0,1331)
r(228,5,0,1331)
r(231,0,0,1331)
r(229,2,0,1331)
r(229,2,0,1331)
w(231,1,0,1331)
w(231,2,0,1331)
r(229,2,7,1336)
w(229,8,7,1336)
r(231,2,7,1336)
r(217,6,7,1336)
r(228,5,7,1336)
r(231,2,7,1336)
r(231,2,7,1336)
w(231,4,11,1338)
w(231,5,11,1338)
w(231,6,11,1338)
w(231,7,11,1338)
r(228,5,11,1338)
w(233,5,8,1344)
w(217,8,8,1344)
r(233,5,8,1344)
r(233,5,8,1344)
r(233,5,0,1351)
r(232,0,0,1351)
r(233,5,0,1351)
r(233,5,0,1351)
r(233,5,0,1351)
w(233,7,0,1351)
w(233,8,0,1351)
r(233,8,0,1351)
r(218,4,4,1353)
r(235,0,4,1353)
r(232,0,4,1353)
r(235,0,4,1353)
r(232,0,4,1353)
w(234,6,16,1357)
w(234,7,16,1357)
r(235,0,16,1357)
r(232,0,16,1357)
r(217,8,2,1360)
r(235,0,2,1360)
r(235,0,2,1360)
r(234,7,2,1360)
r(218,4,2,1360)
r(232,0,8,1364)
r(235,0,8,1364)
r(232,0,8,1364)
r(236,0,8,1364)
r(235,0,8,1364)
r(232,0,9,1367)
w(235,6,9,1367)
r(235,6,9,1367)
w(235,7,9,1367)
r(236,0,9,1388)
w(240,6,9,1388)
w(240,7,9,1388)
r(240,7,9,1388)
r(240,7,9,1388)
w(240,8,9,1388)
w(242,2,11,1390)
r(238,0,11,1390)
w(241,2,11,1390)
r(242,2,11,1390)
r(241,2,11,1390)
r(241,2,11,1398)
r(241,2,11,1398)
r(241,2,11,1398)
w(242,8,11,1398)
r(241,2,11,1398)
r(242,8,11,1398)
w(244,1,4,1404)
w(244,2,4,1404)
w(244,3,4,1404)
r(242,8,4,1404)
w(244,4,4,1404)
w(239,4,4,1404)
r(244,4,4,1404)
r(243,0,4,1404)
w(243,2,8,1407)
r(244,0,8,1407)
r(245,0,8,1407)
w(243,3,8,1407)
r(243,3,8,1407)
w(247,2,2,1419)
w(239,7,2,1419)
r(247,2,2,1419)
w(239,8,2,1419)
w(247,3,2,1419)
w(246,1,7,1420)
r(247,0,7,1420)
r(247,0,7,1420)
r(245,0,7,1420)
r(247,0,7,1420)
r(245,0,7,1420)
r(247,3,3,1423)
w(247,6,3,1423)
r(247,6,3,1423)
r(245,0,3,1423)
r(245,0,3,1423)
r(245,0,3,1423)
r(247,6,3,1423)
r(247,6,3,1423)
w(243,6,9,1424)
r(247,3,9,1424)
r(245,0,9,1424)
r(247,3,9,1424)
w(248,1,9,1426)
r(245,0,9,1426)
r(245,0,9,1426)
w(245,6,9,1426)
r(243,6,9,1426)
w(243,7,9,1429)
w(248,2,9,1429)
w(247,7,9,1429)
r(247,7,9,1429)
r(247,7,9,1429)
r(248,2,0,1434)
r(245,6,0,1434)
w(243,8,0,1434)
w(249,2,0,1434)
w(249,3,0,1434)
w(249,8,7,1439)
r(249,8,7,1439)
w(251,1,7,1439)
r(252,0,7,1439)
w(252,1,3,1440)
r(252,1,3,1440)
w(250,1,3,1440)
r(248,2,3,1440)
w(252,2,9,1442)
w(250,2,9,1442)
r(250,2,9,1442)
w(248,4,9,1442)
r(252,2,3,1444)
r(251,1,3,1444)
w(248,5,3,1444)
r(250,2,3,1444)
r(252,2,3,1444)
r(251,1,3,1444)
r(252,2,3,1444)
r(251,1,3,1444)
r(235,0,5,1445)
r(234,7,5,1445)
w(236,1,5,1445)
w(237,1,5,1445)
w(237,2,5,1445)
r(237,2,5,1445)
w(238,1,5,1445)
w(236,2,5,1445)
w(252,3,3,1449)
w(252,4,3,1449)
r(252,4,3,1449)
r(251,1,3,1449)
w(252,5,3,1449)
w(251,2,3,1449)
r(251,2,3,1449)
w(248,6,2,1451)
w(252,8,2,1451)
r(246,1,2,1451)
r(253,0,2,1451)
r(251,2,2,1451)
r(251,2,8,1457)
w(253,1,8,1457)
w(251,5,8,1457)
w(251,6,8,1457)
w(251,7,8,1457)
r(251,7,8,1457)
w(251,8,8,1457)
r(253,1,7,1462)
r(254,0,7,1462)
r(253,1,7,1462)
r(255,0,7,1462)
r(254,0,7,1462)
w(255,1,7,1462)
r(255,1,7,1462)
w(254,1,11,1466)
w(254,2,11,1466)
w(250,6,11,1466)
r(255,0,11,1466)
r(255,1,7,1470)
r(254,2,7,1470)
r(248,6,7,1470)
r(255,1,7,1470)
w(255,4,7,1470)
r(248,6,9,1474)
w(256,1,9,1474)
r(255,4,9,1474)
r(255,4,9,1474)
r(255,4,9,1474)
w(254,4,11,1475)
r(256,1,11,1475)
r(248,6,11,1475)
r(254,4,11,1475)
r(255,4,11,1475)
w(254,5,11,1475)
r(255,4,9,1478)
r(255,4,9,1478)
w(254,6,9,1478)
r(256,1,9,1478)
w(257,3,0,1484)
r(257,3,0,1484)
r(257,3,0,1484)
w(257,4,0,1484)
w(256,2,0,1484)
w(254,7,0,1484)
r(257,4,0,1484)
w(257,6,2,1489)
r(254,7,2,1489)
w(254,8,2,1489)
w(257,7,2,1489)
r(258,0,2,1489)
r(257,7,2,1489)
w(257,8,2,1489)
r(257,4,8,1491)
r(259,0,8,1491)
w(259,1,8,1491)
r(256,2,8,1491)
w(259,2,8,1491)
w(256,3,8,1491)
r(259,2,5,1494)
r(259,2,5,1494)
w(259,6,5,1494)
r(259,6,5,1494)
w(259,7,5,1494)
r(256,3,5,1494)
r(259,7,9,1500)
r(259,7,9,1500)
r(256,3,9,1500)
w(258,2,9,1500)
w(261,1,9,1500)
w(246,4,9,1500)
r(261,1,9,1500)
w(260,3,16,1505)
w(260,4,16,1505)
r(258,2,16,1505)
w(260,5,16,1505)
w(260,6,16,1505)
w(260,7,16,1505)
r(261,1,16,1505)
r(261,1,0,1508)
w(261,4,0,1508)
r(261,4,0,1508)
w(258,4,0,1508)
w(246,5,0,1508)
w(261,5,0,1508)
w(261,6,0,1508)
r(258,4,0,1508)
r(262,0,11,1509)
r(262,0,11,1509)
r(262,0,11,1509)
r(263,0,11,1509)
w(263,1,11,1509)
w(256,5,11,1509)
r(262,0,11,1509)
r(258,2,11,1509)
w(246,6,16,1512)
r(263,1,16,1512)
w(262,1,16,1512)
w(258,5,16,1512)
r(256,5,16,1512)
r(263,1,16,1512)
w(262,2,16,1512)
r(258,4,2,1517)
w(256,6,2,1517)
w(263,2,2,1517)
w(263,3,2,1517)
w(263,4,2,1517)
w(264,3,8,1524)
r(262,2,8,1524)
w(264,4,8,1524)
w(262,5,8,1524)
r(264,4,8,1524)
r(264,4,8,1524)
r(264,0,9,1526)
r(264,0,9,1526)
r(262,2,9,1526)
w(258,7,9,1526)
w(256,8,9,1526)
w(264,7,7,1530)
w(262,7,7,1530)
r(264,7,7,1530)
r(262,7,7,1530)
r(264,7,7,1530)
w(264,8,7,1530)
r(262,7,7,1530)
r(266,0,7,1530)
w(266,1,16,1534)
r(262,7,16,1534)
r(262,7,16,1534)
w(266,2,16,1534)
w(267,2,5,1537)
w(265,1,5,1537)
r(265,1,5,1537)
r(267,2,5,1537)
w(258,8,5,1537)
w(266,5,4,1540)
w(267,4,4,1540)
r(267,4,4,1540)
w(266,6,4,1540)
r(268,0,5,1548)
w(268,3,5,1548)
r(268,3,5,1548)
w(268,4,5,1548)
w(267,6,5,1548)
w(268,5,5,1548)
w(267,8,2,1552)
r(267,8,2,1552)
r(267,8,2,1552)
r(270,0,2,1552)
r(267,8,2,1552)
w(270,1,2,1552)
r(270,1,2,1552)
w(272,6,4,1566)
w(272,7,4,1566)
r(265,1,4,1566)
w(272,8,4,1566)
r(269,0,4,1566)
r(273,0,4,1566)
w(269,1,4,1566)
r(273,0,5,1569)
w(273,1,5,1569)
w(273,2,5,1569)
r(271,0,5,1569)
w(265,8,5,1569)
w(273,3,5,1569)
w(273,5,4,1572)
r(269,1,4,1572)
w(273,6,4,1572)
w(273,7,4,1572)
w(271,7,11,1575)
r(271,7,11,1575)
r(273,3,11,1575)
w(269,2,11,1575)
r(273,7,2,1581)
r(271,0,2,1581)
w(273,8,2,1581)
r(246,6,2,1581)
r(273,8,2,1581)
r(275,0,4,1589)
r(275,0,4,1589)
w(277,1,4,1589)
r(278,0,4,1589)
w(277,2,4,1589)
w(274,4,4,1589)
r(278,0,4,1589)
r(269,2,4,1589)
r(269,2,4,1593)
r(277,2,4,1593)
r(278,0,4,1593)
r(277,2,4,1593)
r(277,2,4,1597)
r(278,0,4,1597)
r(269,2,4,1597)
w(278,8,4,1597)
r(278,8,4,1597)
r(279,0,4,1597)
r(277,2,4,1597)
r(279,0,9,1599)
r(277,2,9,1599)
r(277,2,9,1599)
r(279,0,9,1599)
r(279,0,9,1599)
r(277,2,9,1599)
r(277,2,9,1599)
r(279,0,2,1604)
r(279,0,2,1604)
w(274,7,2,1604)
r(277,2,2,1604)
w(280,1,2,1604)
w(279,1,2,1604)
r(279,1,2,1604)
r(280,1,2,1604)
w(280,2,8,1607)
w(280,3,8,1607)
w(280,4,8,1607)
r(280,4,8,1607)
w(269,5,8,1607)
w(274,8,8,1607)
w(280,6,0,1613)
w(279,5,0,1613)
r(279,5,0,1613)
r(280,6,0,1613)
w(279,6,0,1613)
r(275,0,0,1613)
w(279,7,0,1613)
r(279,7,0,1613)
r(282,0,3,1616)
w(281,1,3,1616)
w(282,1,3,1616)
w(282,2,3,1616)
w(280,8,5,1621)
r(281,1,5,1621)
r(282,2,5,1621)
w(283,1,5,1621)
r(282,2,5,1621)
r(269,5,11,1623)
r(283,1,11,1623)
w(275,2,11,1623)
r(282,2,11,1623)
r(282,2,11,1623)
w(283,2,11,1623)
w(281,2,2,1625)
r(282,2,2,1625)
r(281,2,2,1625)
r(283,2,2,1625)
w(282,7,16,1627)
r(282,7,16,1627)
w(282,8,16,1627)
r(283,2,16,1627)
r(283,2,16,1627)
w(283,3,7,1630)
r(284,0,7,1630)
w(269,7,7,1630)
r(284,0,7,1630)
w(269,8,7,1630)
r(284,0,7,1630)
w(283,4,7,1630)
r(281,2,8,1632)
w(284,1,8,1632)
r(284,1,8,1632)
w(284,2,8,1632)
r(269,5,8,1632)
r(284,2,8,1632)
r(284,2,8,1632)
w(283,6,0,1638)
r(269,8,0,1638)
w(281,4,0,1638)
r(283,6,0,1638)
w(281,5,0,1638)
r(284,2,3,1643)
w(284,6,3,1643)
r(269,8,3,1643)
r(284,6,3,1643)
w(281,8,3,1643)
r(285,0,3,1643)
r(285,0,3,1643)
r(284,6,3,1643)
w(285,1,4,1646)
r(285,1,4,1646)
w(285,2,4,1646)
r(269,8,4,1646)
r(285,2,4,1646)
r(281,5,4,1646)
r(286,0,2,1651)
r(285,2,2,1651)
r(285,2,2,1651)
w(287,2,2,1651)
w(287,3,2,1651)
w(286,4,16,1657)
r(286,4,16,1657)
r(285,2,16,1657)
w(286,5,16,1657)
w(286,6,16,1657)
r(286,6,16,1657)
w(286,7,16,1657)
r(288,0,3,1660)
r(288,0,3,1660)
r(287,3,3,1660)
r(269,8,3,1660)
w(275,3,3,1660)
w(288,1,3,1660)
r(287,3,11,1667)
w(288,8,11,1667)
r(288,8,11,1667)
w(287,6,11,1667)
w(290,1,11,1667)
w(287,7,11,1667)
r(290,1,11,1667)
r(290,1,11,1667)
r(290,1,8,1671)
w(291,1,8,1671)
w(290,7,8,1671)
w(289,5,8,1671)
r(290,7,8,1671)
w(289,6,9,1674)
w(289,7,9,1674)
w(290,8,9,1674)
r(290,8,9,1674)
r(292,0,9,1674)
r(292,0,9,1674)
r(292,0,9,1674)
r(292,0,9,1679)
w(292,2,9,1679)
r(293,0,9,1679)
w(292,3,9,1679)
w(292,4,9,1679)
r(289,7,9,1679)
w(293,2,9,1679)
r(292,4,9,1679)
r(295,0,7,1681)
r(294,0,7,1681)
w(291,4,7,1681)
w(295,1,7,1681)
w(293,3,4,1684)
w(295,2,4,1684)
r(295,2,4,1684)
r(293,3,4,1684)
r(295,2,8,1688)
w(291,6,8,1688)
w(294,1,8,1688)
r(295,2,8,1688)
w(294,2,8,1688)
w(294,3,8,1688)
r(295,2,4,1690)
w(295,5,4,1690)
r(293,3,4,1690)
w(275,6,4,1690)
r(295,5,4,1690)
r(295,5,4,1690)
w(295,6,4,1690)
w(293,4,8,1696)
r(294,3,8,1696)
r(294,3,8,1696)
r(294,3,8,1696)
r(295,6,8,1696)
r(294,3,8,1696)
r(295,6,8,1696)
w(293,5,8,1696)
w(291,7,4,1703)
r(297,0,4,1703)
w(291,8,4,1703)
r(294,3,4,1703)
w(296,4,4,1703)
w(296,5,4,1703)
r(294,3,7,1710)
w(298,1,7,1710)
r(297,0,7,1710)
w(297,1,7,1710)
w(275,7,7,1710)
r(294,3,7,1710)
r(299,0,7,1710)
r(299,0,7,1710)
w(299,3,3,1712)
r(299,3,3,1712)
w(294,8,3,1712)
r(299,3,3,1712)
r(275,6,3,1712)
r(300,0,9,1714)
w(297,4,9,1714)
r(299,0,9,1714)
r(299,0,9,1714)
r(299,0,9,1714)
r(275,7,9,1714)
r(300,0,9,1714)
w(300,2,9,1714)
r(300,2,2,1717)
r(299,3,2,1717)
r(299,3,2,1717)
r(298,1,2,1717)
r(297,4,8,1721)
r(299,3,8,1721)
r(299,3,8,1721)
r(299,3,8,1721)
w(299,6,8,1721)
w(299,7,8,1721)
w(299,8,8,1721)
r(301,0,9,1725)
w(301,2,9,1725)
w(301,3,9,1725)
w(301,4,9,1725)
w(301,5,9,1725)
w(300,8,8,1727)
r(301,5,8,1727)
r(297,4,8,1727)
r(301,5,8,1727)
r(298,1,8,1727)
r(301,5,5,1729)
r(297,4,5,1729)
w(301,8,5,1729)
r(301,8,5,1729)
r(301,8,5,1729)
r(302,0,5,1729)
r(302,0,5,1729)
w(302,1,4,1733)
r(302,1,4,1733)
w(302,2,4,1733)
r(302,2,4,1733)
w(302,3,4,1733)
r(302,3,3,1741)
r(304,0,3,1741)
r(304,0,3,1741)
w(304,4,3,1741)
w(302,5,0,1742)
w(302,6,0,1742)
w(303,6,0,1742)
w(298,4,0,1742)
w(302,7,0,1742)
w(298,5,0,1742)
w(303,7,0,1742)
w(304,5,16,1744)
r(297,4,16,1744)
r(304,5,16,1744)
r(304,5,16,1744)
r(304,5,9,1747)
r(304,5,9,1747)
w(297,8,9,1747)
r(305,0,9,1747)
w(304,7,9,1747)
r(304,7,9,1747)
w(304,8,9,1747)
w(298,6,5,1753)
r(305,0,5,1753)
r(304,8,5,1753)
w(306,1,5,1753)
w(306,2,5,1753)
w(306,3,5,1753)
w(306,4,5,1753)
r(306,4,5,1753)
w(307,1,7,1759)
w(308,2,7,1759)
w(307,2,7,1759)
w(308,3,7,1759)
r(308,3,7,1759)
w(308,4,7,1759)
r(308,4,7,1759)
r(308,4,3,1761)
r(308,4,3,1761)
r(308,4,3,1761)
w(305,6,3,1761)
r(308,4,3,1761)
w(308,5,2,1765)
w(305,7,2,1765)
w(305,8,2,1765)
w(308,6,2,1765)
w(309,1,9,1767)
r(307,2,9,1767)
r(307,2,9,1767)
r(311,0,9,1767)
r(311,0,9,1767)
w(311,1,9,1767)
r(311,1,9,1767)
r(309,1,9,1767)
w(309,2,3,1770)
r(311,1,3,1770)
w(311,2,3,1770)
r(311,2,3,1770)
w(307,6,3,1777)
w(310,1,3,1777)
w(307,7,3,1777)
r(311,2,3,1777)
r(311,2,8,1781)
w(309,5,8,1781)
r(311,2,8,1781)
w(311,8,8,1781)
r(275,7,8,1781)
w(313,1,5,1786)
w(313,2,5,1786)
w(309,7,5,1786)
r(309,7,5,1786)
r(313,2,7,1792)
r(313,2,7,1792)
w(312,3,7,1792)
w(314,2,7,1792)
w(310,3,7,1792)
r(312,3,7,1792)
r(312,3,7,1792)
r(313,2,7,1792)
w(315,3,9,1798)
r(314,2,9,1798)
w(315,4,9,1798)
w(315,5,9,1798)
r(310,3,9,1798)
r(314,2,9,1798)
r(312,3,9,1798)
w(312,5,5,1802)
w(316,1,5,1802)
r(316,1,5,1802)
r(312,5,5,1802)
w(312,6,5,1802)
r(312,6,5,1802)
r(275,7,5,1802)
r(316,1,11,1806)
w(314,5,11,1806)
r(312,6,11,1806)
w(312,8,11,1806)
r(314,5,11,1806)
r(312,8,11,1806)
w(316,3,7,1808)
w(316,4,7,1808)
r(316,4,7,1808)
w(314,6,7,1808)
r(314,6,4,1811)
r(316,4,4,1811)
r(316,4,4,1811)
r(316,4,4,1811)
r(316,4,4,1811)
r(310,3,4,1811)
r(310,3,4,1811)
w(314,7,0,1814)
w(314,8,0,1814)
w(316,6,0,1814)
w(316,7,0,1814)
w(316,8,0,1814)
r(316,8,0,1814)
r(316,8,0,1814)
r(310,3,0,1814)
w(318,1,2,1818)
r(318,1,2,1818)
w(318,2,2,1818)
w(317,1,2,1818)
w(318,3,2,1818)
w(318,4,2,1818)
r(317,1,2,1818)
r(317,1,5,1821)
w(317,4,5,1821)
w(320,1,5,1821)
w(320,2,5,1821)
r(320,2,5,1821)
r(320,2,5,1821)
r(317,4,9,1828)
w(320,3,9,1828)
r(319,0,9,1828)
r(320,3,9,1828)
w(317,5,9,1828)
w(317,6,9,1828)
w(317,7,9,1828)
w(323,1,3,1833)
w(323,2,3,1833)
r(323,2,3,1833)
r(323,2,3,1833)
r(323,2,0,1838)
w(319,3,0,1838)
r(319,3,0,1838)
r(323,2,0,1838)
w(319,4,0,1838)
w(319,5,0,1838)
w(323,8,5,1841)
r(324,0,5,1841)
r(325,0,5,1841)
r(321,0,5,1841)
r(321,0,5,1841)
r(324,0,5,1841)
r(326,0,5,1841)
r(321,0,3,1844)
r(324,0,3,1844)
r(324,0,3,1844)
r(324,0,3,1844)
w(324,1,11,1848)
w(324,2,11,1848)
w(321,5,11,1848)
w(324,3,11,1848)
w(325,1,11,1848)
w(321,6,11,1848)
r(325,1,11,1848)
r(321,6,5,1853)
r(324,3,5,1853)
r(324,3,5,1853)
w(324,8,5,1853)
r(321,6,5,1853)
r(327,0,7,1854)
r(327,0,7,1854)
r(327,0,7,1854)
w(328,1,7,1854)
r(328,1,7,1854)
w(327,1,11,1855)
w(322,1,11,1855)
w(325,2,11,1855)
r(328,0,11,1855)
w(327,3,8,1860)
r(328,1,8,1860)
r(327,3,8,1860)
r(327,3,8,1860)
w(325,4,8,1860)
r(328,1,8,1860)
r(327,3,8,1860)
w(327,5,3,1864)
r(327,5,3,1864)
r(328,1,3,1864)
r(325,4,3,1864)
r(327,5,3,1864)
r(327,5,5,1868)
r(327,5,5,1868)
w(325,5,5,1868)
r(328,1,5,1868)
w(327,7,5,1868)
r(327,7,5,1868)
r(329,0,3,1876)
r(329,0,3,1876)
r(328,1,3,1876)
r(328,1,3,1876)
w(329,3,3,1876)
r(328,1,3,1876)
w(329,4,3,1876)
w(330,1,7,1878)
w(330,2,7,1878)
w(328,6,7,1878)
r(326,0,7,1878)
r(330,2,7,1878)
w(330,3,7,1878)
r(330,3,11,1883)
r(331,0,11,1883)
r(325,5,11,1883)
r(332,0,11,1883)
r(331,0,11,1883)
w(322,4,11,1883)
w(330,6,7,1887)
w(328,8,7,1887)
w(325,7,7,1887)
w(330,7,7,1887)
w(330,8,7,1887)
r(331,0,16,1889)
r(332,0,16,1889)
w(332,5,16,1889)
r(332,5,16,1889)
r(332,5,16,1889)
r(331,0,16,1889)
r(332,5,16,1889)
r(331,0,9,1893)
w(332,6,9,1893)
r(332,6,9,1893)
r(333,0,9,1893)
r(331,0,9,1893)
w(332,7,9,1893)
w(332,8,9,1893)
r(333,0,9,1893)
r(326,0,2,1897)
w(331,2,2,1897)
r(331,2,2,1897)
w(333,1,2,1897)
w(334,1,2,1897)
r(331,2,2,1897)
r(331,2,2,1897)
r(331,2,2,1897)
r(331,2,0,1900)
r(334,1,0,1900)
r(334,1,0,1900)
w(334,4,0,1900)
w(322,6,11,1901)
r(331,2,11,1901)
w(326,2,11,1901)
r(334,1,11,1901)
r(334,1,11,1901)
w(331,7,11,1901)
r(333,1,11,1901)
w(331,8,11,1901)
