r(4,0,6,10)
r(4,0,6,10)
w(4,4,6,10)
r(3,0,6,10)
r(5,0,5,19)
w(2,4,5,19)
r(5,0,5,19)
r(1,0,5,19)
r(5,0,5,19)
w(5,2,5,19)
r(2,4,5,19)
w(5,3,5,19)
w(3,7,9,20)
r(3,7,9,20)
r(3,7,9,20)
r(3,7,9,20)
r(3,7,9,20)
w(3,8,9,20)
r(5,0,9,20)
r(6,0,9,25)
w(7,1,9,25)
r(6,0,9,25)
r(7,1,9,25)
r(7,0,0,29)
w(1,1,0,29)
r(2,4,0,29)
r(6,0,0,29)
r(7,0,0,29)
w(6,3,0,29)
r(6,3,0,29)
w(7,7,5,33)
w(2,5,5,33)
r(6,3,5,33)
r(7,7,5,33)
r(7,7,5,33)
w(7,8,5,33)
r(7,8,5,33)
r(6,3,5,33)
r(9,0,6,35)
r(9,0,6,35)
r(8,0,6,35)
r(1,1,6,35)
w(8,2,6,35)
r(8,2,3,38)
r(8,2,3,38)
r(8,2,3,38)
r(8,2,3,38)
r(2,5,3,38)
w(8,3,3,38)
w(8,4,8,41)
w(0,1,8,41)
w(2,7,8,41)
w(8,5,8,41)
r(8,5,8,41)
r(8,5,8,41)
r(2,7,7,44)
r(8,5,7,44)
r(8,5,7,44)
r(9,0,7,44)
r(1,1,7,44)
r(10,0,7,44)
w(9,2,7,44)
r(10,0,7,44)
w(10,1,0,46)
w(10,2,0,46)
r(11,0,0,46)
r(11,0,0,46)
w(10,3,0,46)
w(10,4,0,46)
w(9,4,7,52)
w(10,8,7,52)
r(10,8,7,52)
r(12,0,7,52)
w(1,2,5,56)
w(11,1,5,56)
w(12,1,5,56)
w(12,2,5,56)
r(12,2,5,56)
w(1,3,6,60)
r(1,3,6,60)
w(12,7,6,60)
r(12,7,6,60)
r(12,2,9,63)
r(12,2,9,63)
w(11,4,9,63)
w(0,2,9,63)
r(11,4,9,63)
w(11,5,9,63)
r(11,5,9,63)
w(13,2,8,68)
w(13,3,8,68)
r(13,3,8,68)
w(13,4,8,68)
w(13,5,8,68)
w(13,8,5,73)
w(0,3,5,73)
r(11,5,5,73)
r(13,8,5,73)
r(13,5,1,76)
r(13,5,1,76)
r(11,5,1,76)
r(14,0,1,76)
w(14,1,1,76)
r(14,1,1,76)
w(14,2,1,76)
w(14,6,3,85)
w(14,7,3,85)
r(15,0,3,85)
w(1,4,3,85)
r(14,7,3,85)
r(14,7,3,85)
r(17,0,9,90)
r(16,0,9,90)
r(17,0,9,90)
r(15,0,9,90)
w(17,6,9,90)
w(17,7,9,90)
w(1,8,8,92)
r(16,0,8,92)
r(17,7,8,92)
w(15,5,8,92)
r(17,7,8,92)
r(17,7,8,92)
r(17,7,8,92)
r(17,7,5,93)
r(17,7,5,93)
w(15,6,5,93)
r(15,6,5,93)
w(15,7,5,93)
r(18,0,5,93)
r(18,0,7,97)
r(17,7,7,97)
r(16,0,7,97)
w(16,1,7,97)
w(15,8,7,97)
r(17,7,7,97)
w(17,8,1,99)
r(15,7,1,99)
w(19,1,1,99)
r(20,0,1,99)
r(19,1,0,104)
r(20,0,0,104)
r(20,0,0,104)
w(19,5,0,104)
w(18,1,0,104)
w(16,3,0,104)
r(20,0,0,104)
r(0,3,8,109)
w(20,6,8,109)
r(19,1,8,109)
w(20,7,8,109)
r(19,1,8,109)
r(18,1,7,115)
w(21,4,7,115)
r(21,4,7,115)
r(16,3,7,115)
w(0,4,7,115)
w(21,5,7,115)
w(21,6,7,115)
r(19,5,7,115)
r(19,5,8,118)
r(22,0,8,118)
w(22,1,8,118)
r(22,1,8,118)
r(22,1,8,118)
r(22,1,8,122)
r(22,1,8,122)
w(16,6,8,122)
r(19,5,8,122)
w(0,5,8,122)
r(19,5,8,122)
w(23,3,1,126)
w(22,6,1,126)
r(22,6,1,126)
w(22,7,1,126)
w(22,8,1,126)
r(24,0,1,126)
w(18,3,2,130)
r(23,0,2,130)
w(24,1,2,130)
w(24,2,2,130)
r(24,0,4,133)
r(16,6,4,133)
r(18,3,4,133)
w(16,8,4,133)
r(23,3,1,138)
w(0,6,1,138)
r(23,3,1,138)
r(23,3,1,138)
w(23,5,3,145)
w(25,1,3,145)
w(25,2,3,145)
r(25,2,3,145)
r(18,3,3,145)
r(25,2,3,145)
r(23,5,3,145)
w(25,3,3,145)
r(28,0,5,156)
r(0,6,5,156)
w(27,2,5,156)
w(18,4,5,156)
w(27,3,5,156)
w(27,4,5,156)
w(27,5,5,156)
r(28,0,5,156)
w(26,4,6,162)
w(29,6,6,162)
r(29,6,6,162)
r(26,4,6,162)
w(29,7,6,162)
w(29,8,6,162)
r(28,0,6,162)
r(29,8,6,162)
w(30,1,9,166)
w(30,2,9,166)
w(31,1,9,166)
r(30,2,9,166)
w(31,2,9,166)
r(31,2,9,166)
r(31,2,9,166)
r(30,2,9,166)
w(30,6,2,170)
r(31,2,2,170)
w(26,6,2,170)
w(26,7,2,170)
w(30,7,2,170)
r(30,2,7,172)
w(31,8,7,172)
r(31,8,7,172)
r(26,4,7,172)
w(18,7,7,172)
w(18,8,7,172)
r(32,0,7,172)
w(32,1,5,181)
r(32,1,5,181)
w(26,8,5,181)
r(32,1,5,181)
w(0,7,5,181)
w(30,8,5,181)
w(32,2,5,181)
w(32,3,5,181)
w(37,2,0,193)
r(37,2,0,193)
w(34,8,0,193)
r(37,2,0,193)
r(37,2,0,193)
w(37,3,0,193)
r(37,0,3,195)
w(38,1,3,195)
r(37,0,3,195)
w(38,2,3,195)
r(39,0,6,199)
r(35,0,6,199)
r(39,0,6,199)
r(39,0,6,199)
w(35,3,4,201)
w(39,1,4,201)
r(35,3,4,201)
w(39,2,4,201)
w(38,3,4,201)
w(39,3,4,201)
r(38,3,4,201)
r(0,7,4,201)
w(39,7,2,203)
w(39,8,2,203)
r(39,8,2,203)
r(35,3,2,203)
r(38,3,2,203)
r(38,3,4,206)
r(38,3,4,206)
r(33,0,4,206)
r(35,3,4,206)
r(39,8,1,207)
w(40,1,1,207)
w(38,5,1,207)
r(35,3,1,207)
w(38,6,1,207)
r(39,8,1,207)
r(41,0,4,216)
r(41,0,4,216)
r(41,0,4,216)
w(41,2,4,216)
w(42,1,4,216)
r(42,1,4,216)
w(42,2,4,216)
r(41,2,4,216)
r(43,0,2,222)
r(43,0,2,222)
r(43,0,2,222)
w(43,2,2,222)
r(43,2,2,222)
r(42,2,2,222)
r(35,3,2,222)
r(42,2,9,223)
r(43,0,9,223)
r(35,3,9,223)
w(35,7,9,223)
r(40,1,8,228)
w(43,3,8,228)
w(33,3,8,228)
r(35,3,8,228)
w(42,5,8,228)
r(43,3,8,228)
r(35,3,8,228)
r(33,3,6,232)
w(43,6,6,232)
r(42,5,6,232)
r(33,3,6,232)
w(40,3,8,236)
r(42,5,8,236)
r(43,6,8,236)
w(43,8,8,236)
w(42,7,3,240)
w(45,1,3,240)
w(45,2,3,240)
w(45,3,3,240)
w(45,4,3,240)
r(45,4,3,240)
w(45,8,8,245)
r(45,8,8,245)
w(42,8,8,245)
r(45,8,8,245)
w(33,5,8,245)
w(44,3,8,245)
w(33,6,8,245)
w(47,1,8,245)
w(44,6,4,249)
r(46,0,4,249)
r(48,0,4,249)
w(48,1,4,249)
r(46,0,4,249)
w(48,2,4,249)
r(48,2,7,251)
w(33,8,7,251)
r(46,0,7,251)
w(46,2,7,251)
w(48,3,7,251)
w(48,4,5,257)
r(46,2,5,257)
r(48,4,5,257)
w(48,5,5,257)
r(48,5,5,257)
w(44,7,5,257)
w(48,6,5,257)
w(46,8,6,261)
w(49,2,6,261)
r(44,7,6,261)
r(49,2,6,261)
r(49,2,6,261)
r(44,7,6,261)
r(44,7,6,261)
w(49,3,6,261)
r(49,3,5,263)
r(49,3,5,263)
r(46,8,5,263)
w(49,6,5,263)
w(49,7,5,263)
r(49,7,1,265)
r(49,7,1,265)
w(50,1,1,265)
w(40,6,1,265)
w(49,8,2,267)
r(49,8,2,267)
r(49,8,2,267)
r(51,0,2,267)
r(50,1,2,267)
w(53,1,2,267)
r(52,0,2,267)
w(53,2,2,269)
r(52,0,2,269)
r(53,2,2,269)
r(53,2,2,269)
r(50,1,2,269)
w(53,3,2,269)
r(50,1,2,269)
r(53,3,2,269)
w(53,4,6,272)
r(53,4,6,272)
r(51,0,6,272)
w(53,5,6,272)
r(53,5,6,272)
w(50,2,6,272)
r(53,5,6,272)
r(51,0,6,272)
w(52,1,7,273)
r(52,1,7,273)
r(53,3,7,273)
r(52,1,7,273)
w(50,3,4,276)
w(40,7,4,276)
r(53,5,4,276)
r(50,3,4,276)
r(53,5,9,279)
w(53,6,9,279)
w(52,3,9,279)
r(52,3,9,279)
w(53,7,0,284)
w(52,4,0,284)
r(52,4,0,284)
r(50,3,0,284)
r(53,7,0,284)
r(50,3,8,287)
r(50,3,8,287)
r(52,4,8,287)
r(52,4,8,287)
r(50,3,8,287)
w(54,3,7,290)
r(54,3,7,290)
r(54,3,7,290)
w(54,4,7,290)
w(50,6,7,290)
r(52,4,7,290)
w(54,5,7,290)
w(54,7,7,295)
w(54,8,7,295)
w(52,6,7,295)
w(52,7,7,295)
r(54,8,7,295)
r(54,8,7,295)
w(55,1,7,295)
r(52,7,9,297)
r(52,7,9,297)
r(55,1,9,297)
r(55,1,9,297)
w(56,1,9,297)
w(55,3,9,297)
r(50,6,9,297)
r(55,3,5,299)
r(55,3,5,299)
r(55,3,5,299)
w(55,4,5,299)
r(55,4,5,299)
w(56,2,5,299)
r(55,4,9,301)
w(55,5,9,301)
r(56,2,9,301)
r(51,0,9,301)
r(56,2,1,306)
r(56,2,1,306)
r(55,5,1,306)
r(56,2,1,306)
r(59,0,1,306)
w(57,1,3,311)
w(51,1,3,311)
w(55,6,3,311)
w(51,2,3,311)
r(57,1,3,311)
w(55,7,3,311)
r(56,2,3,311)
r(59,0,3,315)
r(59,0,3,315)
r(59,0,3,315)
w(56,3,3,315)
w(56,4,3,315)
r(59,0,3,315)
r(59,0,1,317)
r(57,1,1,317)
w(59,3,1,317)
r(56,2,1,317)
r(59,3,1,317)
w(57,4,1,317)
w(59,4,1,317)
w(59,5,1,317)
r(56,4,8,320)
w(59,7,8,320)
r(56,4,8,320)
w(59,8,8,320)
r(59,5,4,323)
w(56,5,4,323)
w(57,6,4,323)
r(57,6,4,323)
r(60,0,4,323)
w(51,4,4,323)
r(57,6,4,323)
r(60,0,4,323)
w(58,1,5,327)
r(60,0,5,327)
r(60,0,5,327)
w(57,8,5,327)
w(51,5,5,327)
w(56,6,8,331)
w(61,1,8,331)
r(60,0,8,331)
w(60,3,8,331)
r(60,3,8,331)
w(60,4,8,331)
r(60,4,8,331)
r(60,4,0,336)
w(60,7,0,336)
r(60,7,0,336)
w(51,6,0,336)
w(61,2,0,336)
w(60,8,0,336)
w(63,1,8,337)
r(63,1,8,337)
w(62,1,8,337)
r(63,1,8,337)
r(63,1,8,337)
w(63,2,0,340)
r(51,6,0,340)
r(63,2,0,340)
r(62,1,0,340)
w(62,6,0,346)
r(51,6,0,346)
w(63,6,0,346)
w(63,7,0,346)
r(63,2,9,348)
w(61,6,9,348)
r(64,0,9,348)
r(61,6,9,348)
w(64,1,9,348)
w(64,2,9,348)
w(51,8,1,356)
w(58,3,1,356)
w(64,5,1,356)
w(65,5,1,356)
w(66,2,9,360)
r(66,2,9,360)
r(67,0,9,360)
w(67,1,9,360)
w(66,3,9,360)
r(67,1,6,365)
w(67,4,6,365)
w(66,5,6,365)
w(66,6,6,365)
w(68,1,6,365)
r(66,6,6,365)
r(66,6,6,365)
w(66,7,6,365)
w(58,4,2,373)
w(70,1,2,373)
w(70,2,2,373)
w(67,6,2,373)
w(70,3,2,373)
w(67,7,2,373)
r(58,4,2,373)
w(70,4,2,373)
w(72,1,9,375)
r(71,0,9,375)
r(68,1,9,375)
w(72,2,9,375)
r(72,2,9,375)
r(71,0,9,375)
r(72,2,9,375)
r(72,2,6,379)
w(71,5,6,379)
r(58,4,6,379)
r(71,5,6,379)
w(72,6,0,384)
r(72,6,0,384)
r(72,6,0,384)
r(71,5,0,384)
w(71,6,0,384)
w(72,7,0,384)
r(71,6,0,384)
w(71,7,0,388)
r(71,7,0,388)
r(73,0,0,388)
r(71,7,0,388)
w(69,3,8,393)
w(68,4,8,393)
r(73,0,8,393)
w(73,1,8,393)
r(73,1,8,393)
w(73,2,8,393)
r(73,2,8,393)
w(73,3,8,393)
w(73,8,2,396)
r(74,0,2,396)
w(68,7,2,396)
r(73,8,2,396)
w(74,1,2,396)
w(75,1,4,401)
r(75,1,4,401)
r(75,1,4,401)
r(75,1,4,401)
r(75,1,4,401)
w(74,5,9,408)
r(75,1,9,408)
w(75,4,9,408)
w(75,5,9,408)
r(75,5,9,408)
w(74,6,2,411)
w(75,7,2,411)
w(74,7,2,411)
w(74,8,2,411)
w(76,1,2,411)
r(75,5,3,413)
w(78,1,3,413)
r(76,0,3,413)
w(78,2,3,413)
r(78,2,3,413)
r(78,2,3,413)
w(78,3,6,417)
r(77,0,6,417)
w(76,2,6,417)
r(78,3,6,417)
r(78,3,6,417)
w(78,4,6,417)
w(79,6,9,427)
r(79,6,9,427)
w(79,7,9,427)
w(79,8,9,427)
r(77,0,9,427)
r(69,3,9,427)
r(78,4,6,428)
r(78,4,6,428)
r(69,3,6,428)
r(78,4,6,428)
r(78,4,6,428)
w(77,2,6,428)
w(76,3,6,428)
w(78,7,6,428)
w(77,6,7,433)
w(77,7,7,433)
r(69,3,7,433)
w(80,5,7,433)
w(80,6,7,437)
w(58,8,7,437)
r(77,7,7,437)
w(80,7,7,437)
r(76,3,6,441)
w(81,1,6,441)
w(81,2,6,441)
w(81,3,6,441)
r(81,3,6,441)
r(81,3,1,445)
r(81,3,1,445)
w(82,1,1,445)
w(81,8,1,445)
r(82,1,1,445)
w(83,1,1,445)
w(69,7,1,445)
r(84,0,3,452)
r(84,0,3,452)
w(84,5,3,452)
w(84,6,3,452)
w(82,4,1,457)
r(82,4,1,457)
r(85,0,1,457)
r(87,0,1,457)
r(82,4,1,457)
r(86,0,1,457)
r(86,0,1,457)
r(84,0,7,459)
w(85,1,7,459)
r(82,1,7,459)
w(83,2,7,459)
r(87,0,7,459)
w(86,1,7,459)
w(86,2,7,459)
r(86,2,9,463)
w(83,3,9,463)
w(86,4,9,463)
r(86,4,9,463)
r(82,4,9,463)
w(82,8,9,463)
r(86,4,4,468)
r(83,3,4,468)
w(86,8,4,468)
r(88,0,4,468)
r(87,0,8,472)
r(88,0,8,472)
r(86,4,8,472)
r(86,4,8,472)
r(88,0,8,472)
w(89,1,8,472)
r(89,1,8,472)
w(85,2,8,472)
r(89,0,1,473)
r(88,0,1,473)
w(88,1,1,473)
w(87,4,1,473)
w(90,2,5,484)
w(90,3,5,484)
r(90,3,5,484)
r(90,3,5,484)
w(87,5,5,484)
w(90,4,5,484)
r(88,1,5,484)
r(90,4,5,484)
w(91,2,0,488)
r(90,0,0,488)
r(90,0,0,488)
w(83,7,0,488)
r(85,2,0,488)
w(91,3,0,488)
w(91,4,0,488)
w(87,8,9,489)
r(90,4,9,489)
w(90,6,9,489)
r(87,8,9,489)
r(90,6,8,491)
r(90,6,8,491)
w(90,7,8,491)
r(87,8,8,491)
w(91,6,6,494)
r(90,7,6,494)
w(91,7,6,494)
r(87,8,6,494)
w(91,8,6,494)
w(83,8,6,494)
w(90,8,0,495)
r(83,7,0,495)
r(90,8,0,495)
r(90,8,0,495)
r(90,8,6,498)
r(91,8,6,498)
w(92,1,6,498)
r(91,8,6,498)
r(92,1,6,498)
r(92,1,6,498)
w(92,2,6,498)
w(92,3,6,498)
r(87,8,7,504)
r(92,3,7,504)
r(92,3,7,504)
r(92,3,7,504)
w(92,6,7,504)
r(92,6,7,504)
w(94,1,7,504)
w(94,2,7,504)
r(85,2,9,506)
r(92,6,9,506)
r(92,6,9,506)
w(92,8,9,506)
r(96,0,9,506)
r(94,2,6,510)
w(96,1,6,510)
w(94,4,6,510)
w(94,5,6,510)
r(95,0,6,510)
w(94,6,6,510)
w(96,7,7,514)
w(96,8,7,514)
r(96,8,7,514)
r(97,0,7,514)
w(97,1,7,514)
r(85,2,3,516)
r(98,0,3,516)
w(98,1,3,516)
r(95,0,3,516)
r(98,1,3,516)
w(98,2,3,516)
r(95,0,2,525)
r(98,2,2,525)
r(97,1,2,525)
r(95,0,2,525)
r(97,1,2,525)
w(97,2,2,525)
w(99,1,2,525)
r(98,2,2,525)
r(98,2,3,527)
w(98,5,3,527)
r(98,5,3,527)
w(98,6,3,527)
r(98,6,3,527)
w(98,7,3,527)
r(99,1,0,534)
w(97,6,0,534)
w(95,3,0,534)
w(100,3,0,534)
w(95,4,0,534)
r(99,1,0,534)
r(95,0,6,536)
r(95,0,6,536)
w(99,4,6,536)
r(101,0,6,536)
r(102,0,6,536)
r(101,0,6,536)
r(95,4,4,542)
r(99,4,4,542)
w(101,2,4,542)
r(101,2,4,542)
w(102,7,8,545)
w(102,8,8,545)
r(103,0,8,545)
w(103,1,8,545)
r(103,1,8,545)
r(95,4,8,545)
w(103,2,8,545)
r(103,2,8,545)
r(103,2,6,549)
w(103,8,6,549)
r(101,2,6,549)
w(104,1,6,549)
w(105,3,8,554)
w(105,4,8,554)
w(105,5,8,554)
r(101,2,8,554)
r(101,2,1,559)
r(101,2,1,559)
w(105,8,1,559)
r(105,8,1,559)
w(93,4,1,559)
w(101,8,3,561)
w(106,1,3,561)
r(107,0,3,561)
r(101,8,3,561)
w(106,2,3,561)
w(104,5,4,568)
w(108,1,4,568)
r(106,2,4,568)
r(104,5,4,568)
w(104,6,4,568)
w(108,2,4,568)
r(106,2,3,570)
w(107,3,3,570)
r(106,2,3,570)
w(93,5,3,570)
r(108,0,3,570)
r(108,0,3,570)
w(109,1,1,574)
r(109,1,1,574)
w(109,2,1,574)
r(104,6,1,574)
r(109,2,0,577)
r(109,2,0,577)
r(108,2,0,577)
w(109,6,0,577)
r(93,5,0,577)
w(108,8,6,581)
r(109,6,6,581)
w(109,7,6,581)
r(107,3,6,581)
w(109,8,6,581)
r(110,0,6,581)
w(112,1,3,583)
r(112,1,3,583)
w(112,2,3,583)
w(110,1,3,583)
w(112,3,3,583)
r(112,3,3,583)
r(112,3,2,588)
r(112,3,2,588)
r(112,3,2,588)
r(111,0,2,588)
w(112,5,2,588)
w(111,4,2,588)
r(107,3,2,599)
w(111,6,2,599)
w(111,7,2,599)
r(111,7,2,599)
w(113,5,2,599)
w(113,6,2,599)
w(113,7,2,599)
r(114,0,4,605)
w(115,3,4,605)
r(114,0,4,605)
r(114,0,4,605)
w(115,4,4,605)
w(110,8,1,608)
r(115,0,1,608)
w(114,2,1,608)
r(110,8,1,608)
r(115,0,1,608)
r(114,2,1,608)
r(115,0,1,608)
w(116,1,7,612)
w(115,6,7,612)
w(115,7,7,612)
r(114,2,7,612)
w(114,6,7,612)
w(118,1,7,619)
r(116,1,7,619)
w(118,2,7,619)
r(117,0,7,619)
w(118,3,7,619)
w(107,4,7,619)
r(117,0,7,619)
w(117,1,3,620)
r(117,1,3,620)
r(117,1,3,620)
r(107,3,3,620)
w(117,2,3,620)
w(117,3,3,620)
w(117,4,3,620)
r(116,1,9,629)
w(118,6,9,629)
r(118,6,9,629)
w(117,7,9,629)
w(117,8,9,629)
r(93,5,1,632)
w(119,1,1,632)
r(119,1,1,632)
w(116,2,1,632)
r(116,2,3,641)
r(119,1,3,641)
r(119,1,3,641)
r(121,0,3,641)
r(119,1,3,641)
r(119,1,1,642)
w(119,6,1,642)
w(120,7,1,642)
w(119,7,1,642)
r(120,7,1,642)
w(120,8,1,642)
r(123,0,6,649)
r(123,0,6,649)
w(123,6,6,649)
w(123,7,6,649)
w(123,8,6,649)
r(124,0,7,653)
r(124,0,7,653)
w(124,2,7,653)
w(116,8,7,653)
w(122,3,7,653)
w(122,4,7,653)
r(107,4,7,653)
r(121,0,7,653)
r(124,2,2,655)
w(124,3,2,655)
r(124,3,2,655)
r(124,3,2,655)
r(126,0,2,655)
w(122,7,2,655)
w(122,8,8,658)
r(124,3,8,658)
r(122,8,8,658)
w(124,4,8,658)
w(127,1,9,665)
r(124,4,9,665)
r(127,1,9,665)
w(127,2,9,665)
w(128,1,9,665)
w(128,2,9,665)
w(128,3,9,665)
r(127,2,9,665)
r(126,0,6,669)
r(127,2,6,669)
w(121,3,6,669)
w(128,6,6,669)
r(125,0,6,669)
w(128,7,6,669)
r(129,0,9,672)
w(129,2,9,672)
w(125,3,9,672)
w(125,4,9,672)
r(129,2,9,672)
r(129,2,9,672)
w(129,3,9,672)
r(126,0,5,677)
r(126,0,5,677)
r(121,3,5,677)
r(127,2,5,677)
r(127,2,6,679)
w(129,5,6,679)
r(129,5,6,679)
r(129,5,6,679)
r(129,5,2,683)
w(129,6,2,683)
r(129,6,2,683)
r(127,2,2,683)
r(127,2,2,683)
r(129,6,2,683)
w(125,6,2,683)
r(129,6,2,683)
w(125,8,7,692)
r(127,2,7,692)
w(130,1,7,692)
r(130,1,7,692)
r(130,1,7,692)
w(132,1,7,692)
w(130,2,7,692)
r(130,2,7,692)
w(133,1,8,695)
r(133,1,8,695)
w(133,2,8,695)
w(126,1,8,695)
w(133,4,8,700)
w(132,6,8,700)
w(133,5,8,700)
r(131,0,8,700)
r(132,6,3,706)
w(135,1,3,706)
w(134,1,3,706)
r(135,1,3,706)
w(135,2,3,706)
r(134,1,3,706)
w(134,2,3,706)
r(134,2,4,707)
r(131,0,4,707)
w(134,4,4,707)
w(131,6,4,707)
r(131,6,4,707)
w(134,5,4,707)
r(135,2,9,713)
r(134,5,9,713)
w(134,6,9,713)
r(134,6,9,713)
w(134,7,9,713)
r(121,3,9,713)
w(136,2,5,718)
w(126,3,5,718)
w(121,6,5,718)
w(136,3,5,718)
w(136,4,5,718)
r(131,6,7,721)
r(135,2,7,721)
w(136,6,7,721)
r(126,3,7,721)
r(121,6,7,721)
r(136,6,5,725)
r(121,6,5,725)
r(136,6,5,725)
r(136,6,5,725)
r(135,2,5,725)
w(126,6,5,725)
w(135,6,8,729)
w(131,7,8,729)
r(136,6,8,729)
r(131,7,8,729)
w(136,7,8,729)
r(136,7,8,729)
w(136,8,8,729)
r(137,0,0,734)
w(137,4,0,734)
r(137,4,0,734)
w(138,1,0,734)
r(137,4,0,734)
w(131,8,0,734)
w(138,2,0,734)
r(131,8,0,734)
r(137,4,8,738)
w(138,5,8,738)
w(138,6,8,738)
r(126,6,8,738)
w(138,7,8,738)
r(139,0,1,746)
w(140,1,1,746)
w(121,7,1,746)
w(137,8,1,746)
r(139,0,1,746)
r(140,1,1,746)
w(141,1,1,746)
r(139,0,2,751)
w(139,3,2,751)
w(140,6,2,751)
w(140,7,2,751)
w(141,7,2,751)
w(139,4,2,751)
r(144,0,6,757)
r(144,0,6,757)
r(143,0,6,757)
r(143,0,6,757)
w(139,5,6,757)
r(144,0,6,757)
r(143,0,6,757)
r(141,7,7,758)
w(143,1,7,758)
r(141,7,7,758)
w(143,2,7,758)
r(141,7,7,758)
w(142,1,7,758)
w(139,7,0,762)
w(144,4,0,762)
w(144,5,0,762)
r(145,0,0,762)
r(144,5,0,762)
r(146,0,0,762)
r(144,5,0,762)
r(146,0,7,774)
r(146,0,7,774)
w(148,2,7,774)
r(147,0,7,774)
w(147,7,7,774)
w(148,3,7,774)
r(149,0,2,776)
w(149,1,2,776)
r(146,0,2,776)
r(149,1,2,776)
r(148,3,1,781)
r(149,1,1,781)
w(148,6,1,781)
w(149,3,1,781)
r(150,0,1,781)
w(149,4,1,781)
w(149,6,8,784)
r(149,6,8,784)
r(149,6,8,784)
r(150,0,8,784)
r(150,0,5,787)
r(148,6,5,787)
r(148,6,5,787)
r(151,0,5,787)
r(150,0,9,789)
r(150,0,9,789)
w(150,1,9,789)
r(150,1,9,789)
r(150,1,9,789)
r(151,0,6,791)
r(151,0,6,791)
w(151,2,6,791)
r(145,0,6,791)
r(150,1,3,798)
w(151,3,3,798)
r(151,3,3,798)
w(151,4,3,798)
w(152,2,5,806)
w(150,5,5,806)
w(145,3,5,806)
w(152,3,5,806)
w(152,4,5,806)
w(152,5,5,806)
r(152,5,5,806)
w(154,2,1,815)
w(154,3,1,815)
r(154,3,1,815)
r(153,0,1,815)
r(145,3,1,815)
r(157,0,3,848)
r(157,0,3,848)
r(153,0,3,848)
r(157,0,3,848)
w(145,7,3,848)
r(153,0,3,848)
r(158,0,3,848)
r(157,0,3,848)
w(157,4,7,855)
r(157,4,7,855)
r(157,4,7,855)
w(157,5,7,855)
r(158,0,7,855)
r(158,0,7,855)
r(142,1,7,855)
w(157,6,7,855)
w(163,1,3,862)
w(160,3,3,862)
w(163,2,3,862)
r(162,0,3,862)
w(162,1,3,862)
r(162,1,3,862)
r(161,0,3,862)
w(165,2,1,867)
r(165,2,1,867)
w(165,3,1,867)
w(165,4,1,867)
r(142,1,1,867)
r(165,4,1,867)
w(158,4,2,868)
r(159,0,2,868)
w(142,7,2,868)
w(153,5,2,868)
w(162,7,7,874)
w(162,8,7,874)
r(166,0,7,874)
r(167,0,7,874)
w(167,1,7,874)
r(156,0,5,877)
r(156,0,5,877)
r(156,0,5,877)
w(153,3,5,877)
r(156,0,5,877)
w(157,1,5,877)
r(155,0,5,877)
r(166,0,7,879)
w(167,4,7,879)
r(166,0,7,879)
r(166,0,7,879)
r(166,0,7,879)
w(166,7,7,879)
r(167,4,7,879)
w(163,8,7,879)
w(166,8,8,882)
w(167,5,8,882)
r(168,0,8,882)
r(168,0,8,882)
w(167,6,8,882)
w(168,1,5,886)
r(168,1,5,886)
w(168,2,5,886)
w(168,3,5,886)
r(169,0,1,890)
w(168,7,1,890)
w(169,1,1,890)
r(168,7,1,890)
w(171,1,7,896)
w(169,3,7,896)
r(171,1,7,896)
w(171,2,7,896)
r(169,3,7,896)
r(170,0,7,896)
r(171,0,3,903)
w(170,5,3,903)
w(170,6,3,903)
w(170,7,3,903)
w(170,8,3,903)
r(171,0,3,903)
r(171,2,6,905)
r(170,0,6,905)
w(171,4,6,905)
w(171,5,6,905)
r(171,5,6,905)
w(169,5,6,905)
w(142,8,6,905)
r(172,0,7,912)
r(172,0,7,912)
r(172,0,7,912)
w(174,1,7,912)
w(174,2,7,912)
w(174,3,7,912)
w(176,1,0,920)
r(176,1,0,920)
r(175,0,0,920)
w(175,1,0,920)
w(172,5,0,920)
w(176,2,0,920)
r(172,5,0,920)
w(176,5,0,928)
w(176,6,0,928)
r(176,6,0,928)
r(176,6,0,928)
w(177,1,0,928)
w(176,7,0,928)
w(176,8,0,928)
w(178,8,5,944)
w(175,4,5,944)
r(178,8,5,944)
w(175,5,5,944)
r(175,5,5,944)
r(177,1,5,944)
r(178,8,5,944)
r(178,8,5,944)
r(180,0,3,945)
w(179,3,3,945)
r(175,1,3,945)
r(180,0,3,945)
w(160,8,8,953)
w(182,2,8,953)
r(182,2,8,953)
r(180,0,8,953)
w(182,4,4,956)
w(182,5,4,956)
w(180,5,4,956)
r(182,5,4,956)
r(182,5,4,956)
r(181,0,4,956)
w(173,4,6,961)
r(183,0,6,961)
r(183,0,6,961)
r(160,8,6,961)
w(183,2,6,961)
r(183,2,6,961)
r(184,0,6,961)
r(184,0,5,963)
w(181,2,5,963)
r(181,2,5,963)
r(183,0,5,963)
r(184,0,5,963)
r(183,0,5,963)
r(184,0,5,963)
r(183,2,4,969)
r(183,2,4,969)
w(184,2,4,969)
w(183,3,4,969)
r(183,3,4,969)
w(183,4,4,969)
r(184,0,8,972)
r(185,0,8,972)
r(184,0,8,972)
w(185,1,8,972)
r(185,1,4,980)
w(184,5,4,980)
w(185,3,4,980)
r(185,3,4,980)
w(184,6,4,980)
r(184,6,4,980)
w(185,4,4,980)
w(185,5,4,980)
r(185,5,0,983)
r(185,5,0,983)
r(187,0,0,983)
w(187,1,0,983)
r(181,2,0,983)
r(187,1,0,983)
r(187,1,0,983)
r(173,4,3,986)
r(187,1,3,986)
r(173,4,3,986)
w(181,6,3,986)
r(187,1,3,986)
r(181,6,3,986)
w(187,2,3,986)
r(187,2,4,993)
w(188,1,4,993)
r(188,1,4,993)
w(187,5,4,993)
r(173,4,4,993)
w(187,6,4,993)
r(189,0,9,999)
r(188,1,9,999)
w(189,5,9,999)
r(188,1,9,999)
r(189,5,9,999)
r(189,5,9,999)
w(189,6,9,999)
r(188,1,3,1004)
w(190,2,3,1004)
r(190,2,3,1004)
r(189,6,3,1004)
r(186,0,0,1013)
r(190,2,0,1013)
w(190,5,0,1013)
w(192,3,0,1013)
r(186,0,0,1013)
r(191,0,0,1013)
r(191,0,0,1013)
r(191,0,4,1020)
r(186,0,4,1020)
r(191,0,4,1020)
w(186,4,4,1020)
r(192,3,4,1020)
w(173,7,3,1026)
r(192,3,3,1026)
w(192,8,3,1026)
r(191,0,3,1026)
w(190,8,3,1026)
r(191,0,3,1026)
r(193,0,6,1030)
r(190,5,6,1030)
r(193,0,6,1030)
w(193,2,6,1030)
r(190,5,6,1030)
w(193,3,6,1030)
r(190,8,4,1031)
w(173,8,4,1031)
r(193,0,4,1031)
r(190,8,4,1031)
r(190,8,6,1035)
r(193,3,6,1035)
r(193,3,6,1035)
r(193,3,6,1035)
w(193,6,5,1037)
r(193,6,5,1037)
r(194,0,5,1037)
w(193,7,5,1037)
r(186,4,4,1038)
r(193,3,4,1038)
w(194,3,4,1038)
r(194,3,4,1038)
w(194,4,4,1038)
r(193,3,4,1038)
r(193,3,4,1038)
w(194,5,4,1038)
w(194,6,0,1042)
r(193,7,0,1042)
r(193,7,0,1042)
r(193,7,0,1042)
r(193,7,0,1042)
w(196,1,4,1044)
w(196,2,4,1044)
r(196,2,4,1044)
r(196,2,4,1044)
w(196,3,4,1044)
r(196,3,4,1044)
r(196,3,4,1044)
w(196,4,4,1044)
r(194,6,0,1047)
r(196,4,0,1047)
r(196,4,0,1047)
w(196,7,0,1047)
r(196,7,6,1050)
w(186,6,6,1050)
r(196,7,6,1050)
r(196,7,6,1050)
r(196,7,6,1050)
w(198,4,0,1060)
r(197,0,0,1060)
w(198,5,0,1060)
w(198,6,0,1060)
w(195,4,0,1060)
w(200,1,6,1064)
r(199,0,6,1064)
r(200,1,6,1064)
r(200,1,6,1064)
r(200,0,9,1065)
r(199,0,9,1065)
r(201,0,9,1065)
r(200,0,9,1065)
r(200,0,9,1065)
r(199,0,9,1065)
w(199,1,9,1065)
r(199,1,9,1065)
r(200,1,2,1069)
r(200,1,2,1069)
w(195,6,2,1069)
r(200,1,2,1069)
r(199,1,6,1072)
r(195,4,6,1072)
w(200,2,6,1072)
r(200,2,6,1072)
r(199,1,6,1072)
w(200,3,6,1072)
w(201,1,6,1072)
r(195,4,6,1072)
r(173,8,0,1080)
w(199,3,0,1080)
w(202,1,0,1080)
w(199,4,0,1080)
r(202,1,0,1080)
r(202,1,0,1080)
w(202,2,0,1080)
r(203,0,8,1084)
r(202,2,8,1084)
r(202,2,8,1084)
r(202,2,8,1084)
r(199,4,8,1084)
r(202,2,8,1084)
w(204,1,0,1088)
w(199,6,0,1088)
w(199,7,0,1088)
r(199,7,0,1088)
w(199,8,0,1088)
r(199,8,0,1088)
r(202,2,0,1088)
r(204,1,0,1088)
w(206,2,7,1095)
w(206,3,7,1095)
w(203,2,7,1095)
r(201,1,7,1095)
r(204,0,7,1095)
w(206,4,7,1095)
w(205,5,7,1095)
r(206,4,7,1095)
w(207,1,4,1102)
r(207,1,4,1102)
w(205,8,4,1102)
w(207,2,4,1102)
r(201,1,6,1118)
r(211,0,6,1118)
w(211,4,6,1118)
r(210,0,6,1118)
r(210,0,6,1118)
w(203,4,8,1120)
r(210,0,8,1120)
w(203,5,8,1120)
r(210,0,8,1120)
r(211,0,8,1120)
w(209,1,8,1120)
r(203,5,8,1120)
r(210,0,9,1124)
r(209,0,9,1124)
w(210,2,9,1124)
w(210,3,9,1124)
w(210,4,9,1124)
w(210,5,9,1124)
w(210,6,9,1124)
w(212,1,0,1127)
r(212,1,0,1127)
w(212,2,0,1127)
r(212,2,0,1127)
w(211,5,0,1127)
w(211,6,0,1127)
w(211,8,9,1130)
w(212,4,9,1130)
w(212,5,9,1130)
r(209,1,9,1130)
r(212,5,9,1130)
w(201,7,9,1130)
w(212,8,1,1133)
r(212,8,1,1133)
r(203,5,1,1133)
r(212,8,1,1133)
r(209,1,3,1135)
r(212,8,3,1135)
r(212,8,3,1135)
r(212,8,3,1135)
r(212,8,3,1135)
r(201,7,3,1135)
r(214,0,6,1137)
r(214,0,6,1137)
w(213,1,6,1137)
r(201,7,6,1137)
w(213,2,2,1139)
r(213,2,2,1139)
w(209,4,2,1139)
r(213,2,2,1139)
w(213,3,7,1148)
w(214,1,7,1148)
r(214,1,7,1148)
w(214,2,7,1148)
r(209,4,7,1148)
w(213,4,7,1148)
r(209,4,8,1154)
r(209,4,8,1154)
r(217,0,8,1154)
r(216,0,8,1154)
w(217,1,8,1154)
w(209,5,8,1154)
w(216,2,8,1154)
r(216,2,9,1158)
r(216,2,9,1158)
w(209,7,9,1158)
w(217,3,9,1158)
r(216,2,9,1158)
w(216,5,9,1158)
r(217,3,9,1158)
w(216,6,9,1158)
w(217,5,5,1163)
r(216,6,5,1163)
r(217,5,5,1163)
r(216,6,5,1163)
w(218,1,5,1163)
w(220,1,1,1169)
w(220,2,1,1169)
r(220,2,1,1169)
r(218,1,1,1169)
w(220,3,1,1169)
w(220,4,1,1169)
r(220,4,2,1173)
r(221,0,2,1173)
r(219,0,2,1173)
r(220,4,2,1173)
r(220,4,2,1173)
r(221,0,2,1173)
r(220,4,4,1175)
r(218,1,4,1175)
r(221,0,4,1175)
w(218,3,4,1175)
r(203,5,4,1175)
w(222,1,4,1175)
w(222,2,4,1175)
r(221,0,4,1175)
w(221,1,5,1179)
w(221,2,5,1179)
r(219,0,5,1179)
w(222,3,5,1179)
r(222,3,5,1179)
r(218,3,5,1179)
w(222,4,5,1179)
w(222,5,9,1183)
r(222,5,9,1183)
r(222,5,9,1183)
w(222,6,9,1183)
r(218,3,9,1183)
w(222,7,9,1183)
r(218,3,9,1183)
r(221,2,4,1188)
r(221,2,4,1188)
r(223,0,4,1188)
w(223,2,4,1188)
w(223,3,4,1188)
w(223,4,4,1188)
r(223,4,4,1188)
w(219,2,4,1188)
w(219,3,8,1194)
w(219,4,8,1194)
r(218,3,8,1194)
r(203,5,8,1194)
r(219,4,8,1194)
w(223,6,8,1194)
r(223,6,8,1194)
r(225,0,7,1199)
w(224,1,7,1199)
r(224,1,7,1199)
w(224,2,7,1199)
r(225,0,7,1199)
w(225,3,7,1199)
r(225,3,7,1199)
w(219,7,7,1199)
w(225,7,7,1203)
r(225,7,7,1203)
w(225,8,7,1203)
w(224,3,7,1203)
r(225,8,7,1203)
r(224,3,7,1203)
w(224,6,7,1208)
w(226,4,7,1208)
r(226,4,7,1208)
r(224,6,7,1208)
r(218,3,7,1208)
r(203,5,3,1211)
r(226,4,3,1211)
r(226,4,3,1211)
w(226,6,3,1211)
r(218,3,8,1216)
w(228,1,8,1216)
r(227,0,8,1216)
w(227,1,8,1216)
r(228,1,8,1216)
w(227,2,8,1216)
r(227,2,4,1220)
w(228,3,4,1220)
w(228,4,4,1220)
w(218,6,4,1220)
r(218,6,4,1220)
w(219,8,1,1224)
r(228,4,1,1224)
w(228,7,1,1224)
w(218,7,1,1224)
r(227,2,8,1228)
r(229,0,8,1228)
r(229,0,8,1228)
w(218,8,8,1228)
r(227,2,8,1228)
r(227,2,8,1228)
w(229,1,8,1228)
r(203,5,8,1228)
r(229,1,9,1231)
r(231,0,9,1231)
w(230,1,9,1231)
w(229,3,9,1231)
r(229,3,9,1231)
r(229,3,9,1231)
w(231,1,9,1231)
w(231,2,0,1235)
r(219,8,0,1235)
w(229,4,0,1235)
w(230,2,0,1235)
w(230,3,0,1235)
r(231,2,0,1235)
r(230,3,0,1235)
r(229,4,7,1238)
w(230,4,7,1238)
w(231,3,7,1238)
r(231,3,7,1238)
w(232,1,7,1238)
r(232,1,6,1244)
w(232,2,6,1244)
r(232,2,6,1244)
w(232,3,6,1244)
w(232,4,6,1244)
r(230,4,1,1245)
w(230,5,1,1245)
r(203,5,1,1245)
r(230,5,1,1245)
r(219,8,1,1245)
r(203,5,1,1245)
w(232,7,0,1249)
w(231,8,0,1249)
w(232,8,0,1249)
r(232,8,0,1249)
r(233,0,0,1249)
r(219,8,0,1249)
w(233,1,0,1249)
r(233,1,0,1249)
r(233,1,5,1254)
r(233,1,5,1254)
r(230,5,5,1254)
w(233,5,5,1254)
r(233,5,5,1254)
w(233,6,5,1254)
w(233,8,2,1258)
r(233,8,2,1258)
w(235,1,2,1258)
r(233,8,2,1258)
r(233,8,2,1258)
r(234,0,3,1259)
r(237,0,3,1259)
w(234,3,3,1259)
w(230,7,3,1259)
r(234,3,3,1259)
w(237,1,6,1267)
w(234,4,6,1267)
w(237,2,6,1267)
w(234,5,6,1267)
r(237,2,6,1267)
w(237,3,6,1267)
r(237,0,2,1269)
w(238,1,2,1269)
r(230,7,2,1269)
r(237,0,2,1269)
r(237,3,6,1271)
r(239,0,6,1271)
w(238,2,6,1271)
r(239,0,6,1271)
r(239,0,9,1273)
r(230,7,9,1273)
r(236,0,9,1273)
w(239,1,9,1273)
w(238,3,9,1273)
r(239,1,9,1273)
r(239,1,4,1276)
r(239,1,4,1276)
w(239,2,4,1276)
w(236,2,4,1276)
w(239,3,4,1276)
r(236,2,4,1276)
w(239,4,4,1276)
r(239,4,4,1276)
r(235,1,6,1278)
r(239,1,6,1278)
w(238,4,6,1278)
w(238,5,6,1278)
r(238,5,2,1285)
w(241,1,2,1285)
w(241,2,2,1285)
r(241,2,2,1285)
w(241,3,2,1285)
w(241,4,2,1285)
r(240,0,2,1285)
r(238,5,2,1285)
r(238,5,0,1286)
w(239,6,0,1286)
r(238,5,0,1286)
w(239,7,0,1286)
w(238,7,0,1286)
w(239,8,0,1286)
w(238,8,0,1286)
w(242,1,3,1288)
w(242,2,3,1288)
r(243,0,3,1288)
w(242,3,3,1288)
r(242,3,3,1288)
r(242,3,3,1288)
w(235,4,3,1288)
r(240,0,3,1288)
r(243,0,2,1293)
w(242,5,2,1293)
r(240,0,2,1293)
w(240,1,2,1293)
r(242,5,2,1293)
w(243,2,2,1293)
r(242,5,2,1293)
w(243,3,2,1293)
r(243,3,1,1298)
w(242,7,1,1298)
r(242,7,1,1298)
r(242,7,1,1298)
r(242,7,1,1298)
r(242,7,1,1298)
r(243,3,1,1306)
w(244,4,1,1306)
w(244,5,1,1306)
r(243,3,1,1306)
r(244,5,1,1306)
r(246,0,7,1310)
w(246,1,7,1310)
r(246,1,7,1310)
r(246,1,7,1310)
w(246,2,7,1310)
w(245,1,2,1311)
r(246,0,2,1311)
r(247,0,2,1311)
r(245,1,2,1311)
r(246,0,2,1311)
r(236,2,2,1311)
r(247,0,2,1311)
w(245,2,2,1311)
w(247,1,9,1314)
r(246,2,9,1314)
w(247,2,9,1314)
w(246,3,9,1314)
r(246,3,9,1314)
w(245,3,9,1314)
w(246,4,9,1314)
r(246,4,5,1320)
r(246,4,5,1320)
r(236,2,5,1320)
r(246,4,5,1320)
r(245,3,5,1320)
w(248,1,5,1320)
r(245,3,5,1320)
w(245,6,2,1321)
w(236,6,2,1321)
r(248,0,2,1321)
r(245,6,2,1321)
w(245,8,8,1325)
r(248,1,8,1325)
r(245,8,8,1325)
r(248,1,8,1325)
r(245,8,8,1325)
r(248,1,8,1325)
r(248,1,7,1327)
r(248,1,7,1327)
r(248,1,7,1327)
r(236,6,7,1327)
r(248,1,7,1327)
r(248,1,7,1327)
r(236,6,4,1331)
w(235,8,4,1331)
w(236,7,4,1331)
r(245,8,4,1331)
r(248,1,4,1331)
r(248,1,4,1331)
w(248,2,4,1331)
r(248,2,5,1336)
w(248,8,5,1336)
r(249,0,5,1336)
r(249,0,5,1336)
r(252,0,5,1336)
w(252,1,9,1341)
w(251,1,9,1341)
w(252,2,9,1341)
w(252,3,9,1341)
w(247,4,9,1341)
w(252,4,9,1341)
r(252,4,9,1341)
r(253,0,4,1344)
r(253,0,4,1344)
r(253,0,4,1344)
r(253,0,4,1344)
r(250,0,4,1344)
w(249,4,4,1344)
w(253,1,4,1344)
w(250,1,4,1344)
w(251,2,0,1350)
r(253,1,0,1350)
w(247,5,0,1350)
w(247,6,0,1350)
w(253,4,0,1350)
w(254,1,6,1358)
r(254,1,6,1358)
w(254,2,6,1358)
w(254,3,6,1358)
r(254,3,6,1358)
r(249,4,6,1358)
r(251,2,6,1358)
w(249,7,3,1364)
w(255,1,3,1364)
w(251,8,3,1364)
w(249,8,3,1364)
w(255,2,3,1364)
w(255,7,5,1369)
r(255,7,5,1369)
r(255,7,5,1369)
w(257,1,5,1369)
r(255,7,5,1369)
r(255,7,5,1369)
w(257,2,5,1369)
w(257,3,5,1369)
w(256,2,0,1372)
r(255,7,0,1372)
r(255,7,0,1372)
w(257,5,0,1372)
r(255,7,0,1372)
r(255,7,0,1372)
w(258,4,0,1379)
r(256,2,0,1379)
w(257,7,0,1379)
w(257,8,0,1379)
r(258,4,0,1379)
w(258,5,0,1379)
w(258,6,0,1379)
r(258,6,8,1381)
r(260,0,8,1381)
w(258,8,8,1381)
r(261,0,8,1381)
r(261,0,8,1381)
w(261,1,8,1381)
w(261,2,0,1385)
w(261,3,0,1385)
w(256,4,0,1385)
r(261,3,0,1385)
r(259,0,0,1385)
r(260,0,0,1385)
w(261,4,0,1385)
r(256,4,0,1385)
w(261,7,9,1388)
r(261,7,9,1388)
r(261,7,9,1388)
w(259,3,9,1388)
r(259,3,9,1388)
r(261,7,9,1388)
r(259,3,7,1395)
r(261,7,7,1395)
w(256,6,7,1395)
r(261,7,7,1395)
r(260,0,7,1395)
w(262,1,7,1395)
r(256,6,7,1395)
r(260,0,7,1395)
r(262,0,3,1396)
r(262,0,3,1396)
r(260,0,3,1396)
r(260,0,3,1396)
r(262,1,5,1414)
w(264,1,5,1414)
r(265,0,5,1414)
r(264,1,5,1414)
r(264,1,5,1414)
w(265,1,5,1414)
r(264,1,5,1414)
r(265,1,5,1416)
r(265,1,5,1416)
r(259,3,5,1416)
w(265,7,5,1416)
r(264,1,5,1416)
w(264,7,5,1416)
w(265,8,5,1416)
w(263,2,5,1418)
w(259,5,5,1418)
w(266,1,5,1418)
w(263,3,5,1418)
w(264,8,5,1418)
w(266,2,5,1418)
w(263,4,5,1418)
w(263,5,5,1418)
r(266,2,5,1423)
w(266,3,5,1423)
w(263,6,5,1423)
w(266,4,5,1423)
r(260,0,6,1428)
r(262,1,6,1428)
w(262,4,6,1428)
w(250,4,6,1428)
w(266,5,4,1429)
r(264,8,4,1429)
w(266,6,4,1429)
r(266,6,4,1429)
r(266,6,4,1429)
r(266,6,4,1429)
w(259,6,4,1429)
w(266,7,4,1429)
w(264,4,1,1432)
r(264,4,1,1432)
r(264,4,1,1432)
w(265,3,1,1432)
r(265,3,1,1432)
r(265,3,1,1432)
w(265,4,1,1432)
r(268,0,9,1433)
w(263,7,9,1433)
r(250,4,9,1433)
w(268,2,9,1433)
w(267,5,9,1435)
w(267,6,9,1435)
w(268,3,9,1435)
r(263,7,9,1435)
w(267,7,9,1440)
r(268,3,9,1440)
r(267,7,9,1440)
w(267,8,9,1440)
w(263,8,9,1440)
r(267,8,9,1440)
w(268,4,1,1444)
r(267,6,1,1444)
r(267,6,1,1444)
w(268,5,1,1444)
r(263,8,0,1446)
w(259,4,0,1446)
r(259,4,0,1446)
r(264,4,0,1446)
r(269,0,9,1448)
w(269,1,9,1448)
w(269,2,9,1448)
r(268,5,9,1448)
w(269,3,9,1448)
r(268,5,5,1453)
w(270,2,5,1453)
w(269,4,5,1453)
r(268,5,5,1453)
w(269,5,5,1453)
r(269,5,5,1453)
r(259,4,0,1455)
r(259,4,0,1455)
r(270,2,0,1455)
w(272,1,0,1455)
r(272,1,0,1455)
w(272,2,1,1464)
w(250,5,1,1464)
r(272,2,1,1464)
w(270,3,1,1464)
w(270,4,1,1464)
w(272,3,1,1464)
r(271,0,1,1464)
w(273,1,2,1467)
r(271,0,2,1467)
w(274,3,2,1467)
r(271,0,2,1467)
w(270,6,2,1467)
r(262,1,7,1470)
r(262,1,7,1470)
w(260,4,7,1470)
r(250,1,7,1470)
r(271,0,2,1480)
r(271,0,2,1480)
r(271,0,2,1480)
r(271,0,2,1480)
r(275,0,2,1480)
r(275,0,2,1480)
r(273,1,6,1481)
w(275,5,6,1481)
r(276,0,6,1481)
r(275,5,6,1481)
r(275,5,6,1481)
r(275,5,1,1483)
w(275,6,1,1483)
w(275,7,1,1483)
w(275,8,1,1483)
w(271,6,6,1489)
r(271,6,6,1489)
w(276,1,6,1489)
w(271,7,6,1489)
w(277,1,6,1489)
r(271,7,6,1489)
r(277,1,6,1489)
r(271,7,6,1489)
r(276,1,6,1494)
w(277,7,6,1494)
r(276,1,6,1494)
r(277,7,6,1494)
w(278,1,6,1494)
w(278,2,6,1494)
r(277,7,6,1494)
r(279,0,9,1501)
w(278,4,9,1501)
r(279,0,9,1501)
r(278,4,9,1501)
w(279,2,9,1501)
w(279,3,9,1501)
r(273,1,7,1508)
w(278,7,7,1508)
w(278,8,7,1508)
r(276,1,7,1508)
r(281,0,7,1508)
r(276,1,5,1509)
w(273,5,5,1509)
w(279,8,5,1509)
r(279,8,5,1509)
w(276,6,5,1509)
r(279,8,5,1509)
r(280,0,8,1519)
r(273,5,8,1519)
r(280,0,8,1519)
r(276,6,8,1519)
w(282,1,8,1519)
r(281,0,8,1519)
r(282,1,8,1519)
w(276,7,6,1522)
r(281,0,6,1522)
r(280,0,6,1522)
w(280,8,6,1522)
r(280,8,6,1522)
r(273,5,6,1522)
w(273,6,9,1526)
w(282,6,9,1526)
r(282,6,9,1526)
w(281,8,9,1526)
r(282,6,9,1526)
r(282,6,9,1526)
r(282,6,9,1526)
r(282,6,9,1526)
r(273,6,9,1529)
r(284,0,9,1529)
w(284,1,9,1529)
r(285,0,9,1529)
r(283,0,9,1529)
r(285,0,9,1529)
r(284,1,9,1536)
r(284,1,9,1536)
w(283,1,9,1536)
w(285,2,9,1536)
w(285,3,9,1536)
r(285,3,9,1536)
w(285,4,9,1536)
w(284,7,13,1545)
w(287,2,13,1545)
r(284,7,13,1545)
r(273,6,13,1545)
r(273,6,13,1545)
w(284,8,13,1545)
r(287,2,13,1547)
w(287,4,13,1547)
r(287,4,13,1547)
r(288,0,13,1547)
r(288,0,13,1547)
w(287,5,6,1550)
r(287,5,6,1550)
r(287,5,6,1550)
r(288,0,6,1550)
w(287,6,6,1550)
r(273,6,9,1554)
w(288,3,9,1554)
w(273,7,9,1554)
r(287,6,9,1554)
r(288,3,6,1558)
r(289,0,6,1558)
r(289,0,6,1558)
r(273,7,6,1558)
w(288,5,6,1558)
w(289,2,0,1566)
r(289,2,0,1566)
w(289,3,0,1566)
r(288,5,0,1566)
r(286,0,0,1566)
r(288,5,0,1566)
w(289,4,0,1566)
w(289,5,0,1566)
w(290,2,7,1569)
w(291,1,7,1569)
w(290,3,7,1569)
w(290,4,7,1569)
w(291,2,7,1569)
r(290,4,7,1569)
w(291,3,6,1574)
w(290,7,6,1574)
r(290,7,6,1574)
w(290,8,6,1574)
r(291,3,6,1574)
w(292,1,6,1574)
r(292,1,1,1577)
w(292,3,1,1577)
w(291,6,1,1577)
r(292,3,1,1577)
r(292,3,1,1577)
w(291,7,0,1581)
r(291,7,0,1581)
r(292,3,0,1581)
r(291,7,0,1581)
w(292,4,0,1581)
w(291,8,0,1581)
w(293,1,0,1581)
w(292,5,0,1581)
r(296,0,5,1584)
r(296,0,5,1584)
r(295,0,5,1584)
r(296,0,5,1584)
r(296,0,5,1584)
r(296,0,5,1584)
w(293,2,5,1584)
w(296,2,1,1585)
r(294,0,1,1585)
r(295,0,1,1585)
r(295,0,1,1585)
r(296,2,0,1594)
r(296,2,0,1594)
w(295,2,0,1594)
r(296,2,0,1594)
w(295,3,0,1594)
r(293,2,0,1594)
w(294,3,0,1594)
w(286,3,2,1595)
w(296,6,2,1595)
w(296,7,2,1595)
w(296,8,2,1595)
r(295,3,5,1601)
r(295,3,5,1601)
w(295,7,5,1601)
w(298,1,5,1601)
r(295,7,5,1601)
w(293,4,5,1601)
w(286,4,2,1608)
w(298,4,2,1608)
w(298,5,2,1608)
r(295,7,2,1608)
w(298,6,2,1608)
w(294,6,2,1608)
w(293,5,6,1611)
w(299,1,6,1611)
r(295,7,6,1611)
r(294,3,6,1611)
w(299,2,6,1611)
w(295,8,6,1611)
w(299,5,1,1613)
r(299,5,1,1613)
w(299,6,1,1613)
r(299,6,1,1613)
r(300,0,1,1613)
r(300,0,1,1613)
r(299,6,1,1613)
r(299,6,6,1615)
r(300,0,6,1615)
r(294,6,6,1615)
r(300,0,6,1615)
w(299,7,6,1615)
r(294,6,2,1619)
w(300,1,2,1619)
w(300,2,2,1619)
w(300,3,2,1619)
w(299,8,2,1619)
r(299,8,2,1619)
r(293,5,2,1619)
w(300,4,2,1619)
r(301,0,5,1624)
w(301,7,5,1624)
r(293,5,5,1624)
r(301,7,5,1624)
r(300,4,5,1624)
w(293,7,5,1624)
w(301,8,5,1624)
r(301,8,5,1624)
r(301,0,9,1625)
r(300,4,9,1625)
w(300,6,9,1625)
r(301,0,9,1625)
r(300,6,9,1625)
w(302,1,9,1625)
w(302,2,6,1628)
r(302,2,6,1628)
r(294,6,6,1628)
w(302,3,6,1628)
w(300,7,6,1628)
r(302,3,6,1628)
r(302,3,9,1632)
r(300,6,9,1632)
w(302,4,9,1632)
r(300,6,9,1632)
r(302,4,9,1632)
w(294,7,9,1632)
w(286,5,9,1632)
w(304,1,7,1639)
r(303,0,7,1639)
r(303,0,7,1639)
r(305,0,7,1639)
w(304,2,7,1639)
r(300,7,5,1640)
w(303,1,5,1640)
r(303,1,5,1640)
r(300,7,5,1640)
w(293,8,5,1640)
r(303,1,5,1640)
w(306,1,9,1645)
w(303,7,9,1645)
r(303,7,9,1645)
w(303,8,9,1645)
w(305,1,9,1645)
r(303,8,9,1645)
r(305,1,9,1645)
r(305,1,9,1645)
w(307,1,13,1650)
r(307,1,13,1650)
w(305,5,13,1650)
w(307,2,13,1650)
w(307,3,13,1650)
r(304,2,13,1650)
r(307,3,13,1650)
w(307,4,13,1650)
w(306,3,0,1657)
w(308,2,0,1657)
r(308,2,0,1657)
r(306,3,0,1657)
w(308,3,0,1657)
w(305,6,6,1663)
r(305,6,6,1663)
w(305,7,6,1663)
r(309,0,6,1663)
r(309,0,6,1663)
r(310,0,9,1668)
w(310,3,9,1668)
r(309,0,9,1668)
w(304,6,9,1668)
w(304,7,9,1668)
w(310,4,4,1674)
w(306,7,4,1674)
r(311,0,4,1674)
r(310,4,4,1674)
w(311,1,4,1674)
r(304,7,8,1677)
r(310,3,8,1677)
r(306,3,8,1677)
r(311,0,8,1677)
r(311,0,8,1677)
w(312,1,8,1677)
w(311,5,2,1681)
r(311,5,2,1681)
w(312,7,2,1681)
w(310,5,2,1681)
w(311,6,2,1681)
r(311,6,2,1681)
r(311,6,13,1686)
w(311,8,13,1686)
r(311,8,13,1686)
r(310,5,13,1686)
r(311,8,13,1686)
r(286,5,13,1686)
w(310,7,13,1686)
r(311,8,13,1686)
w(313,1,8,1690)
w(313,2,8,1690)
r(313,2,8,1690)
w(312,8,8,1690)
r(313,0,1,1691)
r(313,0,1,1691)
r(310,7,1,1691)
r(313,0,1,1691)
r(313,0,1,1691)
r(306,7,1,1696)
r(313,2,1,1696)
w(313,3,1,1696)
w(313,4,1,1696)
w(313,5,1,1696)
r(313,5,1,1696)
r(314,0,1,1696)
w(306,8,1,1696)
r(315,0,5,1703)
r(317,0,5,1703)
w(317,1,5,1703)
w(317,2,5,1703)
r(317,2,5,1703)
w(314,1,5,1703)
r(317,2,6,1707)
r(315,0,6,1707)
r(315,0,6,1707)
r(317,2,6,1707)
r(286,5,6,1707)
r(314,1,6,1707)
r(315,0,6,1707)
r(317,2,8,1710)
r(315,0,8,1710)
w(317,7,8,1710)
r(315,0,8,1710)
r(314,1,8,1710)
r(315,0,8,1710)
w(317,8,8,1710)
r(314,1,2,1714)
w(318,2,2,1714)
r(318,2,2,1714)
r(315,0,2,1714)
r(315,0,2,1714)
w(314,4,2,1714)
w(315,5,2,1714)
r(316,0,2,1714)
r(318,0,8,1715)
r(314,4,8,1715)
w(316,4,8,1715)
r(318,0,8,1715)
w(314,5,5,1717)
r(315,5,5,1717)
w(318,3,5,1717)
r(315,5,5,1717)
r(314,5,5,1717)
w(318,5,5,1723)
w(318,6,5,1723)
w(315,6,5,1723)
r(315,6,5,1723)
r(286,5,5,1723)
w(315,7,5,1723)
r(316,4,4,1727)
w(315,8,4,1727)
w(314,7,4,1727)
w(318,8,4,1727)
w(314,8,4,1727)
r(318,8,4,1727)
r(318,6,7,1729)
w(319,1,7,1729)
r(319,1,7,1729)
r(318,6,7,1729)
w(321,1,8,1736)
w(321,2,8,1736)
r(319,0,8,1736)
w(321,3,8,1736)
w(321,4,8,1736)
r(319,1,13,1737)
w(286,8,13,1737)
w(319,3,13,1737)
r(286,8,13,1737)
r(321,0,13,1737)
r(321,4,7,1742)
r(321,4,7,1742)
w(319,6,7,1742)
r(321,4,7,1742)
r(322,0,7,1742)
w(319,7,7,1742)
r(319,7,7,1742)
w(322,1,6,1745)
r(322,1,6,1745)
w(316,6,6,1745)
w(322,2,6,1745)
r(322,2,2,1752)
r(323,0,2,1752)
w(320,2,2,1752)
w(322,7,2,1752)
r(322,7,2,1752)
r(322,7,2,1752)
r(320,2,8,1757)
w(323,4,8,1757)
r(324,0,8,1757)
w(324,5,8,1757)
r(320,2,2,1759)
w(324,6,2,1759)
r(324,6,2,1759)
r(323,4,2,1759)
w(323,7,6,1764)
w(325,2,6,1764)
r(325,2,6,1764)
w(320,8,6,1764)
r(320,8,2,1767)
r(320,8,2,1767)
w(325,4,2,1767)
w(325,5,2,1767)
r(325,5,2,1767)
r(325,5,2,1767)
r(327,0,2,1767)
r(325,5,2,1767)
w(327,2,8,1773)
w(325,6,8,1773)
r(327,2,8,1773)
r(320,8,8,1773)
r(320,8,8,1773)
r(325,6,8,1773)
r(325,6,8,1773)
r(328,0,4,1775)
r(316,6,4,1775)
r(328,0,4,1775)
w(327,3,4,1775)
r(316,6,8,1777)
r(328,0,8,1777)
r(327,3,8,1777)
w(328,1,8,1777)
w(328,2,8,1777)
w(316,8,8,1780)
r(327,3,8,1780)
r(328,2,8,1780)
w(327,4,8,1780)
r(328,2,8,1780)
r(328,2,4,1781)
r(328,2,4,1781)
w(328,3,4,1781)
w(328,4,4,1781)
w(327,5,6,1783)
r(327,5,6,1783)
r(327,5,6,1783)
r(329,0,6,1783)
w(330,7,4,1801)
r(333,0,4,1801)
r(333,0,4,1801)
r(333,0,4,1801)
w(333,1,7,1804)
w(333,2,7,1804)
w(329,2,7,1804)
w(333,3,7,1804)
w(333,4,7,1804)
w(333,5,7,1804)
w(333,6,7,1804)
r(333,6,7,1804)
r(329,0,13,1809)
w(334,1,13,1809)
w(334,2,13,1809)
w(335,1,13,1809)
w(335,2,13,1809)
r(335,2,13,1809)
r(335,2,13,1809)
r(335,2,1,1814)
w(335,5,1,1814)
r(335,5,1,1814)
r(331,0,1,1814)
r(334,2,1,1814)
r(334,2,1,1814)
r(336,0,4,1819)
r(337,0,4,1819)
r(336,0,4,1819)
r(329,2,4,1819)
r(329,2,4,1819)
w(337,1,4,1819)
r(336,0,4,1819)
w(336,4,2,1824)
r(336,4,2,1824)
w(337,5,2,1824)
r(337,5,2,1824)
r(331,0,2,1824)
w(336,5,2,1824)
r(337,1,13,1826)
w(331,5,13,1826)
w(331,6,13,1826)
w(329,6,13,1826)
r(338,0,13,1831)
w(337,8,13,1831)
r(338,0,13,1831)
r(338,0,13,1831)
r(338,0,6,1836)
r(339,0,6,1836)
w(339,1,6,1836)
w(329,8,6,1836)
w(340,1,6,1836)
w(340,5,6,1842)
w(331,8,6,1842)
r(331,8,6,1842)
r(340,5,6,1842)
r(340,5,6,1842)
r(343,0,0,1845)
r(341,0,0,1845)
w(343,1,0,1845)
r(339,1,0,1845)
w(341,3,0,1845)
r(339,1,0,1845)
w(343,2,4,1847)
r(343,2,4,1847)
r(339,1,4,1847)
r(326,0,4,1847)
r(339,1,8,1850)
r(339,1,8,1850)
w(326,3,8,1850)
r(343,2,8,1850)
w(343,3,4,1852)
r(339,1,4,1852)
w(342,1,4,1852)
w(342,2,4,1852)
r(339,1,4,1852)
w(339,8,9,1856)
r(339,8,9,1856)
r(339,8,9,1856)
w(344,1,9,1856)
w(343,8,5,1858)
r(344,0,5,1858)
w(342,3,5,1858)
r(344,0,5,1858)
r(344,0,5,1858)
r(344,0,5,1858)
r(341,3,5,1858)
r(344,0,5,1858)
r(342,3,2,1860)
r(339,8,2,1860)
r(339,8,2,1860)
r(344,1,2,1860)
r(342,3,2,1860)
r(341,3,2,1860)
w(341,4,2,1860)
r(344,1,1,1861)
r(326,3,1,1861)
r(344,1,1,1861)
r(341,3,1,1861)
r(346,0,4,1874)
w(346,3,4,1874)
w(345,3,4,1874)
r(346,3,4,1874)
r(345,3,4,1874)
r(345,3,4,1874)
w(346,4,4,1874)
w(345,6,0,1878)
r(346,4,0,1878)
r(345,6,0,1878)
r(347,0,0,1878)
w(347,1,9,1880)
r(345,3,9,1880)
r(345,3,9,1880)
w(347,2,9,1880)
r(345,3,9,1880)
r(347,2,9,1880)
r(342,3,9,1880)
r(347,2,9,1884)
r(347,2,9,1884)
r(342,3,9,1884)
r(347,2,9,1884)
w(347,4,9,1884)
w(347,5,9,1884)
w(347,6,9,1884)
r(347,6,9,1884)
r(347,6,13,1885)
r(345,6,13,1885)
r(342,3,13,1885)
r(347,6,13,1885)
w(347,7,7,1889)
w(347,8,7,1889)
r(341,4,7,1889)
w(345,7,7,1889)
r(347,8,7,1889)
r(345,6,5,1890)
r(342,3,5,1890)
r(348,0,5,1890)
r(326,3,5,1890)
r(348,0,9,1892)
w(326,4,9,1892)
w(348,1,9,1892)
w(348,2,9,1892)
r(348,2,9,1892)
r(349,0,0,1895)
r(349,0,0,1895)
r(349,0,0,1895)
r(348,2,0,1895)
r(348,2,5,1898)
w(348,5,5,1898)
r(349,0,5,1898)
w(349,1,5,1898)
r(349,1,5,1898)
r(351,0,13,1903)
w(351,1,13,1903)
r(349,1,13,1903)
r(351,1,13,1903)
w(351,2,13,1903)
r(342,3,13,1903)
r(351,2,13,1903)
r(349,1,6,1905)
w(349,2,6,1905)
w(349,3,6,1905)
w(349,4,6,1905)
w(349,5,6,1905)
r(350,0,6,1909)
w(349,7,6,1909)
r(351,2,6,1909)
w(351,6,6,1909)
w(351,8,7,1914)
r(351,8,7,1914)
r(351,8,7,1914)
w(326,5,7,1914)
r(351,8,7,1914)
r(351,8,0,1915)
r(351,8,0,1915)
w(352,1,0,1915)
r(342,3,0,1915)
r(353,0,0,1915)
r(353,0,0,1915)
r(352,1,0,1915)
w(353,1,7,1920)
r(353,1,7,1920)
w(352,2,7,1920)
w(353,2,7,1920)
r(350,0,6,1925)
w(350,2,6,1925)
w(352,4,6,1925)
r(353,2,6,1925)
w(350,3,6,1925)
r(352,2,7,1926)
r(353,2,7,1926)
r(352,2,7,1926)
r(353,2,7,1926)
r(352,2,7,1926)
w(353,6,7,1926)
w(353,7,7,1926)
r(342,3,7,1926)
w(326,7,1,1930)
w(352,6,1,1930)
r(354,0,1,1930)
r(354,0,1,1930)
r(354,0,8,1931)
w(342,8,8,1931)
r(354,0,8,1931)
r(354,0,8,1931)
w(354,1,8,1931)
r(354,1,2,1934)
w(355,1,2,1934)
w(352,8,2,1934)
r(352,8,2,1934)
r(354,1,2,1934)
w(350,4,9,1940)
r(354,1,9,1940)
w(354,5,9,1940)
r(356,0,9,1940)
w(326,8,9,1940)
r(356,0,9,1940)
w(355,2,9,1940)
r(354,5,13,1941)
r(326,8,13,1941)
r(354,5,13,1941)
r(356,0,13,1941)
r(355,2,13,1943)
r(356,0,13,1943)
w(354,7,13,1943)
r(350,4,13,1943)
w(354,8,13,1943)
r(354,8,13,1943)
r(356,0,13,1943)
w(357,2,8,1950)
r(356,0,8,1950)
r(357,2,8,1950)
w(357,3,8,1950)
r(357,3,8,1950)
r(356,0,8,1950)
r(350,4,13,1954)
r(355,2,13,1954)
w(356,7,13,1954)
w(356,8,13,1954)
r(358,0,13,1954)
r(358,0,13,1954)
r(358,0,13,1954)
w(358,1,13,1954)
r(359,0,9,1956)
r(359,0,9,1956)
w(359,1,9,1956)
r(358,0,9,1956)
r(358,0,9,1956)
