r(3,0,2,5)
r(1,0,2,5)
r(4,0,2,5)
r(1,0,2,5)
r(2,0,2,5)
r(4,0,2,5)
r(4,0,0,9)
w(4,2,0,9)
w(4,3,0,9)
w(4,4,0,9)
r(4,0,5,10)
w(3,1,5,10)
w(2,2,5,10)
r(3,1,5,10)
r(1,0,5,10)
r(2,2,5,10)
w(5,1,0,16)
r(5,1,0,16)
r(5,1,0,16)
r(5,1,0,16)
w(5,2,0,16)
r(3,1,0,16)
r(2,2,0,16)
r(5,2,9,27)
w(5,4,9,27)
r(5,4,9,27)
r(5,4,9,27)
r(6,0,9,27)
r(5,4,9,27)
w(5,5,9,27)
r(6,0,9,27)
r(7,0,2,37)
w(6,5,2,37)
w(2,3,2,37)
r(7,0,2,37)
r(2,3,2,37)
w(1,6,8,38)
r(6,0,8,38)
w(7,4,8,38)
r(7,4,8,38)
w(7,5,8,38)
r(7,5,6,44)
r(7,5,6,44)
r(7,5,6,44)
r(6,5,6,44)
r(7,5,6,44)
r(6,5,6,44)
r(9,0,6,44)
r(6,5,9,45)
w(6,8,9,45)
r(7,5,9,45)
w(2,5,9,45)
r(6,8,9,45)
r(7,5,9,45)
w(7,7,3,46)
r(6,0,3,46)
r(2,2,3,46)
r(6,0,3,46)
w(1,8,3,46)
w(7,8,3,46)
r(7,8,3,46)
w(9,2,7,51)
r(10,0,7,51)
r(2,5,7,51)
r(10,0,7,51)
r(2,5,5,58)
r(11,0,5,58)
r(11,0,5,58)
r(10,0,5,58)
r(10,0,5,58)
r(11,0,5,58)
r(11,0,5,58)
r(11,0,5,58)
w(11,2,2,62)
r(11,2,2,62)
w(11,3,2,62)
w(2,8,2,62)
w(11,4,2,62)
r(2,8,2,62)
r(11,4,2,62)
w(10,4,2,62)
r(10,0,5,64)
r(12,0,5,64)
w(12,1,5,64)
r(13,0,5,64)
w(12,2,5,64)
r(13,0,5,64)
w(12,3,5,64)
w(13,4,6,69)
r(10,4,6,69)
w(13,5,6,69)
r(13,5,6,69)
w(10,8,6,69)
w(13,7,1,72)
r(14,0,1,72)
w(13,8,1,72)
r(13,8,1,72)
r(13,8,1,72)
r(13,8,1,72)
r(14,0,9,74)
r(15,0,9,74)
r(8,0,9,74)
r(15,0,9,74)
w(15,1,9,74)
w(15,2,9,74)
r(15,2,9,74)
r(15,2,9,74)
r(15,2,3,76)
r(15,2,3,76)
r(14,0,3,76)
r(14,0,3,76)
r(12,3,3,76)
w(12,5,3,76)
r(15,2,3,76)
w(15,4,3,76)
w(15,5,7,79)
w(15,6,7,79)
r(0,0,7,79)
r(8,0,7,79)
r(15,6,8,84)
w(15,8,8,84)
r(15,8,8,84)
w(12,6,8,84)
w(14,2,8,84)
r(16,0,1,88)
w(16,3,1,88)
w(16,4,1,88)
r(12,6,1,88)
w(16,5,1,88)
w(12,8,3,97)
r(14,2,3,97)
w(14,5,3,97)
r(16,5,3,97)
r(16,5,3,97)
r(8,0,3,97)
r(16,5,3,97)
w(20,2,2,109)
w(19,3,2,109)
r(20,2,2,109)
r(20,2,2,109)
r(19,3,2,109)
w(19,4,2,109)
w(17,1,2,109)
r(20,2,8,117)
w(0,3,8,117)
r(19,4,8,117)
r(21,0,8,117)
r(20,2,8,117)
r(20,2,8,117)
r(20,2,8,117)
w(20,8,1,120)
w(19,8,1,120)
r(17,1,1,120)
r(19,8,1,120)
r(20,8,1,120)
w(21,5,5,128)
r(21,5,5,128)
w(21,6,5,128)
w(22,2,5,128)
w(22,3,5,128)
r(22,3,5,128)
r(21,6,2,133)
r(17,1,2,133)
r(22,3,2,133)
r(21,6,2,133)
r(22,3,2,133)
w(17,7,2,133)
w(22,6,2,133)
r(24,0,2,133)
w(23,2,9,142)
r(17,7,9,142)
r(25,0,9,142)
w(25,3,9,142)
r(23,2,9,142)
w(24,2,4,144)
r(24,2,4,144)
r(25,0,4,144)
w(24,3,4,144)
w(24,4,4,144)
w(27,1,2,148)
r(27,1,2,148)
r(27,1,2,148)
w(24,6,2,148)
w(27,2,2,148)
r(27,2,4,151)
r(26,0,4,151)
w(24,8,4,151)
w(27,3,4,151)
r(28,0,4,151)
r(28,0,4,151)
r(26,0,3,156)
w(0,6,3,156)
r(27,3,3,156)
r(27,3,3,156)
r(26,0,3,156)
r(0,6,3,156)
r(28,0,3,156)
w(27,4,5,158)
r(27,4,5,158)
w(28,1,5,158)
w(28,2,5,158)
r(27,4,5,158)
w(28,3,5,158)
r(27,4,1,160)
w(28,5,1,160)
w(27,5,1,160)
w(27,6,1,160)
r(26,0,1,160)
r(27,6,1,160)
w(28,8,9,165)
w(0,7,9,165)
r(27,6,9,165)
r(26,0,9,165)
w(27,7,1,166)
w(27,8,1,166)
r(27,8,1,166)
r(27,8,1,166)
w(29,1,2,174)
w(30,1,2,174)
w(30,2,2,174)
w(29,2,2,174)
w(30,3,2,174)
r(30,3,2,174)
w(26,4,3,176)
r(26,4,3,176)
r(26,4,3,176)
w(29,5,3,176)
r(29,5,3,176)
r(30,3,2,180)
w(29,6,2,180)
r(26,4,2,180)
r(30,3,2,180)
r(29,6,2,180)
r(30,3,2,180)
r(30,3,2,180)
r(23,2,0,188)
r(31,0,0,188)
r(31,0,0,188)
r(32,0,0,188)
w(31,5,6,189)
r(31,5,6,189)
w(31,6,6,189)
w(32,1,6,189)
r(26,4,6,189)
r(23,2,6,189)
w(31,7,6,189)
w(32,2,1,193)
w(31,8,1,193)
w(32,3,1,193)
r(32,3,1,193)
r(31,8,1,193)
r(32,3,1,193)
r(32,1,3,196)
r(32,1,3,196)
r(32,1,3,196)
w(34,1,3,196)
w(34,2,3,196)
r(33,0,2,203)
r(33,0,2,203)
r(32,3,2,203)
r(34,2,2,203)
r(34,2,3,205)
w(32,6,3,205)
r(35,0,3,205)
r(35,0,3,205)
r(35,0,3,205)
r(35,0,1,208)
w(32,7,1,208)
w(35,1,1,208)
r(35,1,1,208)
w(35,2,1,208)
r(35,0,7,210)
r(35,0,7,210)
r(32,6,7,210)
w(0,8,7,210)
r(32,6,7,210)
r(32,6,7,210)
r(36,0,9,219)
r(36,0,9,219)
w(36,4,9,219)
w(36,5,9,219)
r(36,5,9,219)
r(34,2,1,220)
r(35,2,1,220)
w(35,6,1,220)
r(36,0,1,220)
w(23,7,1,220)
r(35,6,1,220)
w(35,7,1,220)
w(23,8,1,220)
r(37,0,4,226)
r(34,2,4,226)
w(37,4,4,226)
w(37,5,4,226)
w(37,6,4,226)
r(37,6,4,226)
w(37,7,4,226)
r(37,7,4,226)
r(37,0,2,227)
r(37,0,2,227)
w(39,1,2,227)
w(39,2,2,227)
r(37,0,2,227)
w(42,3,8,236)
r(40,0,8,236)
r(42,3,8,236)
r(40,0,8,236)
r(42,3,8,236)
r(34,2,3,238)
w(41,1,3,238)
w(41,2,3,238)
r(41,2,3,238)
r(41,2,3,238)
r(41,2,3,238)
w(34,7,3,238)
w(41,3,3,238)
w(42,5,4,243)
w(39,8,4,243)
w(43,1,4,243)
r(38,0,4,243)
r(43,1,4,243)
r(43,1,4,243)
w(43,2,4,243)
r(42,5,4,243)
w(45,3,5,257)
w(45,4,5,257)
r(45,4,5,257)
w(44,7,5,257)
r(44,7,5,257)
w(44,8,5,257)
r(45,4,5,257)
r(46,0,5,257)
r(45,0,6,262)
w(48,1,6,262)
r(46,0,6,262)
r(47,0,6,262)
w(48,2,6,262)
w(48,5,1,264)
r(48,5,1,264)
r(48,5,1,264)
w(48,6,1,264)
r(46,0,1,264)
w(47,3,1,264)
w(48,7,1,264)
w(47,4,4,271)
r(48,7,4,271)
w(40,1,4,271)
r(48,7,4,271)
r(40,1,4,271)
w(40,2,4,271)
r(46,0,4,271)
r(49,0,4,271)
r(49,0,0,275)
r(49,0,0,275)
w(49,1,0,275)
w(49,2,0,275)
r(46,0,0,275)
w(50,1,0,275)
w(38,3,0,275)
r(49,2,0,275)
r(50,1,6,277)
r(49,2,6,277)
r(50,1,6,277)
r(50,1,6,277)
r(50,1,6,277)
r(40,2,9,280)
r(49,2,9,280)
w(50,7,9,280)
w(49,4,9,280)
r(49,4,9,280)
r(49,4,9,280)
w(49,5,9,280)
w(51,1,6,296)
r(50,7,6,296)
w(51,2,6,296)
w(47,6,6,296)
r(51,2,6,296)
w(38,7,6,296)
w(40,3,0,297)
r(38,7,0,297)
w(40,4,0,297)
r(40,4,0,297)
r(54,0,0,297)
r(52,0,0,297)
r(40,2,5,305)
w(53,1,5,305)
w(38,8,5,305)
w(53,2,5,305)
r(52,0,5,305)
w(52,7,5,305)
w(53,3,5,305)
r(53,3,5,305)
w(55,2,1,309)
r(55,2,1,309)
w(54,4,1,309)
w(40,5,1,309)
r(55,2,1,309)
w(54,5,1,309)
r(57,0,3,314)
r(40,5,3,314)
r(55,2,3,314)
w(57,8,3,314)
r(57,8,3,314)
w(55,7,3,314)
r(57,0,0,316)
r(57,0,0,316)
r(58,0,0,316)
r(58,0,0,316)
w(54,7,0,316)
r(58,0,0,316)
r(55,2,0,316)
r(54,7,0,316)
r(55,7,8,318)
w(58,1,8,318)
w(58,2,8,318)
r(58,2,8,318)
r(59,0,0,321)
r(54,7,0,321)
r(58,2,0,321)
r(58,2,0,321)
r(58,2,0,321)
r(59,0,0,321)
r(58,2,0,321)
w(59,1,0,329)
r(54,7,0,329)
w(58,5,0,329)
w(59,2,0,329)
w(58,6,0,329)
r(59,2,0,329)
w(59,3,0,329)
w(58,7,0,329)
r(61,0,6,331)
w(60,3,6,331)
w(60,4,6,331)
r(60,4,6,331)
w(60,5,6,331)
r(59,3,4,335)
w(59,8,4,335)
r(60,5,4,335)
w(60,7,4,335)
w(40,6,4,335)
r(40,6,8,343)
w(63,5,8,343)
w(62,3,8,343)
w(63,6,8,343)
r(63,6,8,343)
r(63,6,8,343)
w(64,1,2,345)
w(61,3,2,345)
r(64,1,2,345)
w(62,5,2,345)
r(62,5,2,345)
r(61,3,2,345)
w(61,4,8,350)
w(64,2,8,350)
r(64,2,8,350)
r(64,2,8,350)
r(62,5,8,350)
w(62,6,8,350)
w(62,7,8,350)
r(64,2,7,353)
r(62,7,7,353)
r(62,7,7,353)
r(65,0,7,353)
w(65,1,7,353)
r(62,7,7,353)
w(65,2,7,353)
r(40,6,7,353)
r(40,6,4,356)
w(65,4,4,356)
r(56,0,4,356)
r(40,6,4,356)
r(65,4,4,356)
w(61,8,4,356)
w(65,5,0,363)
r(66,0,0,363)
w(66,2,0,363)
r(66,2,0,363)
w(66,3,0,363)
r(61,8,9,368)
w(66,4,9,368)
r(40,6,9,368)
w(67,1,9,368)
r(67,1,9,368)
r(67,1,9,368)
r(61,8,9,368)
w(67,2,9,368)
w(66,7,7,372)
r(66,7,7,372)
r(40,6,7,372)
w(67,8,7,372)
w(56,6,7,372)
r(66,7,7,372)
r(66,4,1,374)
w(69,1,1,374)
r(70,0,1,374)
r(70,0,1,374)
r(70,0,1,374)
w(70,1,8,376)
w(66,8,8,376)
r(70,1,8,376)
w(70,2,8,376)
r(70,2,3,387)
w(70,7,3,387)
w(70,8,3,387)
w(68,3,3,387)
w(71,1,3,387)
w(71,2,3,387)
r(69,1,3,387)
r(69,1,3,387)
r(56,6,2,391)
r(71,2,2,391)
w(71,4,2,391)
r(73,0,2,391)
w(73,1,2,391)
r(71,4,9,395)
r(73,1,9,395)
r(73,1,9,395)
r(73,1,9,395)
r(71,4,5,396)
r(71,4,5,396)
r(73,1,5,396)
w(69,2,5,396)
r(73,1,5,396)
r(71,4,5,396)
r(71,4,5,396)
r(73,1,1,402)
r(73,1,1,402)
w(56,7,1,402)
w(71,5,1,402)
r(73,1,1,402)
w(73,2,1,402)
w(73,3,1,402)
r(69,2,6,406)
w(73,7,6,406)
w(73,8,6,406)
w(69,4,6,406)
r(73,8,3,408)
w(68,8,3,408)
r(73,8,3,408)
r(73,8,3,408)
w(75,1,3,408)
w(74,1,3,408)
w(74,2,3,408)
r(75,1,7,411)
w(75,6,7,411)
w(75,7,7,411)
r(75,7,7,411)
r(74,2,2,413)
r(75,7,2,413)
w(75,8,2,413)
r(77,0,2,413)
w(74,5,8,421)
w(69,7,8,421)
r(77,0,8,421)
w(74,6,8,421)
w(77,2,8,421)
r(76,0,8,421)
r(74,6,8,421)
w(78,4,5,425)
w(76,3,5,425)
r(56,7,5,425)
w(80,1,5,425)
r(79,0,2,429)
r(80,1,2,429)
r(76,3,2,429)
r(80,1,2,429)
r(80,1,2,429)
r(78,4,2,429)
r(76,3,2,429)
w(80,2,0,430)
w(80,3,0,430)
w(79,1,0,430)
w(80,4,0,430)
w(80,5,0,430)
w(78,6,4,435)
r(80,5,4,435)
w(80,6,4,435)
w(80,7,4,435)
w(81,2,0,439)
r(76,3,0,439)
w(81,3,0,439)
r(78,6,0,439)
r(79,1,0,439)
w(81,4,0,439)
w(81,5,0,439)
w(84,3,3,454)
r(84,3,3,454)
r(79,1,3,454)
w(84,4,3,454)
w(84,5,3,454)
r(84,5,3,454)
r(82,0,3,454)
r(82,0,3,454)
r(84,0,5,460)
w(86,1,5,460)
w(79,6,5,460)
w(86,2,5,460)
w(86,3,5,460)
w(82,5,5,460)
w(82,6,5,460)
w(86,4,5,460)
w(87,3,6,463)
r(87,3,6,463)
r(87,3,6,463)
r(82,6,6,463)
r(82,6,6,463)
r(87,3,6,463)
r(79,6,6,463)
w(87,8,1,471)
w(88,4,1,471)
w(88,5,1,471)
r(85,0,1,471)
r(87,8,1,471)
r(88,5,1,471)
r(88,5,2,478)
w(89,1,2,478)
w(90,1,2,478)
w(89,2,2,478)
r(91,0,4,483)
w(85,6,4,483)
r(91,0,4,483)
w(90,2,4,483)
w(91,2,4,483)
r(91,2,4,483)
w(89,7,4,483)
w(89,8,4,483)
r(91,2,0,487)
w(92,5,0,487)
r(91,2,0,487)
r(85,6,0,487)
r(92,5,0,487)
r(91,2,5,492)
r(91,2,5,492)
r(91,2,5,492)
r(91,2,5,492)
w(91,7,5,492)
w(93,1,6,496)
w(83,2,6,496)
w(93,2,6,496)
w(93,3,6,496)
w(93,6,3,501)
w(90,4,3,501)
r(94,0,3,501)
r(94,0,3,501)
w(95,1,3,501)
w(96,1,3,504)
r(96,1,3,504)
w(96,2,3,504)
r(94,0,3,504)
r(94,0,3,504)
r(96,2,3,504)
r(95,1,2,514)
w(94,4,2,514)
w(94,5,2,514)
w(94,6,2,514)
r(95,1,0,516)
w(97,2,0,516)
r(97,2,0,516)
r(97,2,0,516)
r(97,2,1,520)
r(98,0,1,520)
w(98,1,1,520)
r(98,1,1,520)
w(98,7,1,526)
w(90,5,1,526)
r(90,5,1,526)
w(98,8,1,526)
w(97,8,3,530)
r(100,0,3,530)
r(99,0,3,530)
r(99,0,3,530)
r(97,8,3,530)
w(99,1,3,530)
r(99,1,3,530)
w(101,1,2,532)
r(99,0,2,532)
r(99,0,2,532)
r(101,1,2,532)
r(99,0,2,532)
w(101,3,6,538)
w(99,3,6,538)
r(101,3,6,538)
r(101,3,6,538)
w(83,4,6,538)
r(99,3,6,538)
r(83,4,0,541)
w(101,7,0,541)
r(99,3,0,541)
r(100,0,0,541)
w(99,5,0,541)
r(99,5,0,541)
w(102,2,1,545)
w(103,1,1,545)
w(103,2,1,545)
w(103,3,1,545)
r(103,3,1,545)
w(100,3,8,549)
w(102,5,8,549)
r(102,5,8,549)
w(90,8,8,549)
w(102,6,1,553)
r(102,6,1,553)
r(103,3,1,553)
r(102,6,1,553)
w(103,5,1,553)
r(102,6,1,553)
w(103,6,1,553)
w(103,8,8,556)
r(102,6,8,556)
w(102,8,8,556)
w(105,1,8,556)
r(105,1,3,559)
r(105,1,3,559)
w(104,2,3,559)
r(105,1,3,559)
r(100,3,0,563)
w(104,3,0,563)
w(104,4,0,563)
r(104,4,0,563)
w(104,5,0,563)
r(105,1,0,563)
w(100,8,5,568)
r(105,1,5,568)
r(105,1,5,568)
r(105,1,5,568)
w(105,7,5,568)
w(104,7,5,568)
w(83,5,7,572)
r(106,0,7,572)
r(107,0,7,572)
r(108,0,7,572)
r(108,0,7,572)
w(105,8,0,574)
r(106,0,0,574)
r(105,8,0,574)
r(105,8,0,574)
w(106,1,0,574)
w(106,2,0,574)
w(108,1,3,576)
w(106,3,3,576)
w(108,2,3,576)
r(106,3,3,576)
w(108,4,3,580)
r(106,3,3,580)
r(109,0,3,580)
w(106,6,3,580)
w(108,5,3,580)
r(108,5,3,580)
r(106,3,2,581)
r(108,2,2,581)
r(106,3,2,581)
r(108,2,2,581)
r(106,6,6,585)
w(108,6,6,585)
w(106,7,6,585)
w(108,7,6,585)
w(108,8,6,585)
w(107,1,1,586)
r(106,6,1,586)
r(110,0,1,586)
r(109,0,1,586)
r(106,6,1,586)
r(110,0,4,590)
r(110,0,4,590)
r(111,0,4,590)
r(110,0,4,590)
w(110,4,4,590)
r(109,0,4,590)
w(111,1,4,590)
r(110,4,4,590)
w(110,6,5,596)
w(111,3,5,596)
w(110,7,5,596)
r(110,7,5,596)
r(83,5,8,601)
r(112,0,8,601)
r(111,3,8,601)
w(109,5,8,601)
w(112,4,8,601)
r(112,4,8,601)
r(112,4,8,601)
r(83,5,8,601)
r(107,1,3,604)
w(112,8,3,604)
r(112,8,3,604)
r(112,8,3,604)
w(109,6,3,604)
r(83,5,3,604)
r(113,0,3,604)
r(114,0,3,613)
w(83,8,3,613)
w(107,4,3,613)
r(113,0,3,613)
r(113,0,3,613)
r(114,0,3,613)
w(114,1,3,613)
r(114,1,3,618)
w(113,8,3,618)
r(114,1,3,618)
w(114,2,3,618)
w(114,3,3,618)
r(115,0,3,618)
r(116,0,3,618)
w(116,2,5,625)
w(116,3,5,625)
w(116,4,5,625)
w(115,2,5,625)
r(114,3,5,625)
r(107,4,5,625)
w(117,1,8,626)
w(117,2,8,626)
r(117,2,8,626)
r(114,3,8,626)
r(117,2,8,626)
r(107,4,8,626)
r(114,3,8,626)
r(118,0,5,631)
w(117,5,5,631)
w(117,6,5,631)
r(115,2,5,631)
r(114,3,2,634)
r(117,2,2,634)
r(114,3,2,634)
w(115,3,2,634)
r(119,0,2,634)
r(119,0,2,634)
w(119,1,2,634)
w(114,7,8,636)
r(119,0,8,636)
r(119,0,8,636)
w(114,8,8,636)
r(114,8,8,636)
r(114,3,0,637)
r(119,1,0,637)
r(119,1,0,637)
r(115,3,0,637)
r(119,1,0,637)
w(119,2,0,637)
r(118,0,3,641)
w(119,3,3,641)
r(115,3,3,641)
w(119,4,3,641)
r(119,4,3,641)
r(119,4,3,641)
w(119,5,3,641)
r(119,5,6,645)
r(119,5,6,645)
w(120,1,6,645)
w(115,4,6,645)
r(115,4,6,645)
w(119,8,6,645)
r(121,0,4,647)
w(121,1,4,647)
w(121,2,4,647)
r(121,2,4,647)
w(121,3,4,647)
r(115,4,5,651)
w(120,4,5,651)
w(120,5,5,651)
r(115,4,5,651)
w(122,2,4,659)
w(122,3,4,659)
w(122,4,4,659)
r(120,5,4,659)
w(122,5,4,659)
w(122,6,4,659)
r(115,4,4,659)
w(122,7,4,659)
w(120,8,8,660)
r(115,4,8,660)
r(123,0,8,660)
w(115,7,8,660)
r(123,0,8,660)
r(115,7,8,660)
r(124,0,8,660)
r(124,0,8,660)
r(124,0,2,662)
r(124,0,2,662)
r(123,0,2,662)
w(124,1,2,662)
r(107,4,2,662)
r(115,4,2,662)
w(124,2,2,662)
r(123,0,2,662)
r(124,0,0,664)
r(124,0,0,664)
r(124,0,0,664)
r(124,0,0,664)
r(107,4,0,664)
w(123,1,9,667)
r(123,1,9,667)
w(124,3,9,667)
r(115,7,9,667)
r(124,3,9,667)
w(123,2,9,667)
w(124,4,9,667)
r(115,7,2,670)
w(123,4,2,670)
w(124,6,2,670)
r(123,4,2,670)
w(123,5,2,670)
r(124,6,5,674)
r(124,6,5,674)
w(123,8,5,674)
r(115,7,5,674)
r(125,0,0,679)
r(126,0,0,679)
w(125,1,0,679)
w(125,2,0,679)
w(125,3,0,679)
w(126,1,1,681)
r(118,0,1,681)
r(125,0,1,681)
r(125,0,1,681)
w(126,2,1,681)
r(126,2,1,681)
r(118,0,5,685)
w(126,3,5,685)
w(125,6,5,685)
w(125,7,5,685)
r(126,3,5,685)
r(125,7,5,685)
r(126,3,1,688)
w(118,3,1,688)
r(115,7,1,688)
w(126,5,1,688)
w(127,2,5,693)
r(127,2,5,693)
w(127,3,5,693)
r(126,3,5,693)
r(126,3,5,693)
w(127,4,5,693)
w(127,5,5,693)
r(126,3,5,693)
r(126,5,0,695)
r(129,0,0,695)
r(129,0,0,695)
r(129,0,0,695)
r(129,0,4,698)
r(126,5,4,698)
w(129,2,4,698)
r(129,2,4,698)
r(129,2,0,702)
r(129,2,0,702)
r(129,2,0,702)
r(128,0,0,702)
w(129,3,1,705)
r(126,5,1,705)
w(129,4,1,705)
w(126,8,1,705)
w(128,1,1,705)
r(129,4,1,705)
r(129,4,1,705)
r(129,4,4,711)
r(129,4,4,711)
w(118,4,4,711)
w(131,3,4,711)
w(131,4,4,711)
w(131,5,4,711)
r(129,4,1,714)
w(129,7,1,714)
r(128,1,1,714)
w(129,8,1,714)
r(129,4,0,716)
w(132,1,0,716)
r(133,0,0,716)
r(118,4,0,716)
w(133,1,0,716)
r(130,0,0,716)
w(132,2,0,716)
r(133,1,2,721)
r(133,1,2,721)
w(133,4,2,721)
w(133,5,2,721)
r(132,2,2,721)
r(128,1,2,721)
w(132,5,2,721)
w(130,1,2,721)
r(134,0,4,725)
r(134,0,4,725)
r(134,0,4,725)
r(132,5,4,725)
w(132,7,3,727)
w(133,8,3,727)
w(134,1,3,727)
w(128,3,3,727)
r(118,4,3,727)
w(134,2,1,732)
r(128,3,1,732)
r(134,2,1,732)
r(132,7,1,732)
w(134,4,8,736)
w(134,5,8,736)
r(134,5,8,736)
w(134,6,8,736)
r(136,0,0,742)
r(136,0,0,742)
w(136,1,0,742)
w(135,1,0,742)
w(135,2,0,742)
r(128,3,0,742)
r(136,1,8,747)
r(136,1,8,747)
w(136,3,8,747)
r(136,3,8,747)
w(130,3,8,747)
r(135,2,8,747)
r(136,3,8,747)
w(135,6,8,747)
w(136,6,9,750)
r(135,6,9,750)
w(136,7,9,750)
w(136,8,9,750)
w(118,6,9,750)
r(130,3,7,752)
r(135,6,7,752)
r(137,0,7,752)
w(128,4,7,752)
w(137,1,7,752)
w(130,4,7,752)
r(137,1,7,752)
r(137,1,0,756)
w(128,6,0,756)
r(137,1,0,756)
w(137,4,0,756)
r(137,4,0,756)
w(135,8,0,756)
r(138,0,9,764)
r(118,6,9,764)
w(137,6,9,764)
r(130,4,9,764)
w(137,7,9,764)
r(139,0,6,767)
w(139,3,6,767)
r(139,3,6,767)
r(140,0,6,767)
r(138,0,6,767)
r(140,0,6,767)
w(140,2,0,773)
w(139,6,0,773)
w(130,8,0,773)
w(139,7,0,773)
r(141,0,5,775)
w(141,1,5,775)
r(141,1,5,775)
r(141,1,5,775)
r(140,2,5,775)
w(141,2,5,775)
r(130,8,5,775)
r(140,2,1,778)
w(141,3,1,778)
r(138,0,1,778)
w(118,7,1,778)
w(141,4,1,778)
w(141,5,1,778)
r(140,2,1,778)
w(138,8,9,781)
r(141,5,9,781)
r(140,2,9,781)
r(140,2,9,781)
r(138,8,9,781)
w(140,3,9,781)
r(142,0,9,781)
r(141,5,9,781)
w(141,8,2,785)
r(140,3,2,785)
r(141,8,2,785)
w(140,4,2,785)
w(142,1,2,785)
w(142,2,2,785)
r(130,8,3,788)
w(143,2,3,788)
w(140,6,3,788)
r(130,8,3,788)
w(142,4,3,788)
r(140,6,5,794)
r(143,2,5,794)
r(130,8,5,794)
r(143,2,5,794)
r(140,6,4,797)
r(143,2,4,797)
r(140,6,4,797)
w(143,3,4,797)
w(143,4,4,797)
r(140,6,4,797)
r(146,0,5,799)
w(146,1,5,799)
r(146,1,5,799)
r(146,1,5,799)
w(144,1,7,802)
w(142,7,7,802)
r(147,0,7,802)
r(142,7,7,802)
w(142,8,7,802)
w(145,2,7,802)
r(144,0,9,804)
r(142,4,9,804)
r(142,4,9,804)
r(146,1,9,804)
r(147,0,9,804)
w(146,2,9,804)
w(146,3,9,804)
w(146,4,9,804)
w(144,2,2,810)
r(146,4,2,810)
r(146,4,2,810)
w(148,1,2,810)
w(149,4,1,813)
w(149,5,1,813)
r(148,0,1,813)
w(149,6,1,813)
r(144,1,1,813)
r(149,6,3,817)
r(149,6,3,817)
r(149,6,3,817)
r(147,0,3,817)
r(145,2,3,817)
r(149,6,3,817)
r(149,6,3,817)
w(149,8,5,824)
w(148,3,5,824)
w(147,3,5,824)
w(148,4,5,824)
r(150,0,5,824)
r(145,2,5,824)
w(150,1,3,827)
w(144,4,3,827)
w(150,2,3,827)
w(150,3,3,827)
w(150,4,3,827)
r(150,4,3,827)
r(151,0,8,829)
r(151,0,8,829)
r(148,4,8,829)
r(147,3,8,829)
w(151,2,8,829)
r(147,3,8,829)
w(151,3,8,829)
w(145,3,1,837)
w(151,6,1,837)
r(151,6,1,837)
w(151,7,1,837)
r(145,3,1,837)
r(151,7,1,837)
r(151,7,1,837)
r(144,4,1,837)
r(152,0,4,838)
w(152,1,4,838)
r(152,1,4,838)
w(152,2,4,838)
r(152,2,4,838)
w(153,2,3,852)
r(147,3,3,852)
r(153,2,3,852)
r(154,0,3,852)
w(154,4,3,852)
r(155,0,3,870)
r(155,0,3,870)
w(154,8,3,870)
r(156,0,3,870)
r(155,0,3,870)
r(155,0,3,870)
w(158,5,8,873)
r(156,0,8,873)
w(157,6,8,873)
r(157,6,8,873)
r(156,0,2,878)
w(155,6,2,878)
r(154,4,2,878)
w(155,7,2,878)
r(145,3,2,878)
w(155,8,2,878)
r(155,8,2,878)
r(154,4,2,878)
w(159,1,3,879)
r(158,0,3,879)
w(156,5,3,879)
w(159,2,3,879)
r(159,2,2,882)
r(159,2,2,882)
r(159,2,2,882)
r(159,2,2,882)
w(158,8,6,889)
r(158,8,6,889)
r(160,0,6,889)
r(160,0,6,889)
w(160,2,6,889)
w(160,3,6,889)
r(158,5,4,891)
w(156,6,4,891)
r(160,0,4,891)
r(160,0,4,891)
r(156,6,4,891)
w(161,1,4,891)
r(160,3,6,895)
w(160,5,6,895)
w(160,6,6,895)
w(160,7,6,895)
r(156,6,6,895)
w(162,3,9,899)
r(162,3,9,899)
w(162,4,9,899)
w(162,5,9,899)
r(156,6,2,901)
r(162,5,2,901)
r(161,1,2,901)
w(162,6,2,901)
w(162,7,2,901)
w(156,7,6,907)
w(161,3,6,907)
r(162,7,6,907)
r(162,7,6,907)
r(162,7,6,907)
r(162,7,6,907)
w(161,4,6,907)
r(163,0,10,914)
w(161,8,10,914)
r(163,0,10,914)
r(163,0,10,914)
w(156,8,10,914)
w(163,7,6,916)
w(163,8,6,916)
w(164,1,6,916)
r(164,1,6,916)
w(166,1,8,918)
r(161,8,8,918)
w(166,2,8,918)
r(166,2,8,918)
w(166,3,8,918)
r(167,0,2,919)
r(166,0,2,919)
r(164,1,2,919)
r(164,1,2,919)
r(166,3,4,922)
r(167,0,4,922)
w(145,7,4,922)
w(167,1,4,922)
r(166,3,4,922)
r(166,3,10,923)
r(166,3,10,923)
r(164,1,10,923)
w(165,1,10,923)
r(166,3,10,923)
r(145,3,10,923)
w(167,2,9,926)
w(164,2,9,926)
w(166,4,9,926)
r(145,7,9,926)
r(166,4,9,926)
w(167,3,9,926)
r(167,3,9,926)
w(164,4,4,930)
w(164,5,4,930)
w(166,7,4,930)
r(166,7,4,930)
r(166,7,4,930)
r(145,7,4,930)
w(166,8,4,930)
w(164,6,4,930)
r(165,1,9,931)
r(168,0,9,931)
w(167,4,9,931)
r(167,4,9,931)
w(168,1,9,931)
w(168,2,3,933)
r(168,2,3,933)
r(168,2,3,933)
r(168,2,3,933)
r(167,4,3,933)
w(165,2,3,933)
r(168,2,3,933)
r(168,2,5,937)
r(145,7,5,937)
r(168,2,5,937)
r(164,6,5,937)
w(167,6,5,937)
r(167,6,10,942)
w(168,7,10,942)
w(167,8,10,942)
r(167,8,10,942)
r(167,8,4,944)
r(167,8,4,944)
r(164,6,4,944)
r(164,6,4,944)
w(169,1,4,944)
r(170,0,5,948)
r(170,0,5,948)
w(165,5,5,948)
w(170,2,5,948)
r(164,6,5,948)
r(170,2,5,948)
r(145,7,5,948)
r(165,5,5,948)
r(169,1,6,951)
r(169,1,6,951)
w(170,6,6,951)
r(170,6,6,951)
w(165,6,6,951)
w(169,4,2,954)
w(170,7,2,954)
w(165,7,2,954)
w(170,8,2,954)
w(169,5,2,954)
r(171,0,2,954)
r(171,0,2,954)
r(171,0,2,954)
w(171,1,1,956)
r(169,1,1,956)
r(164,6,1,956)
w(164,7,1,956)
r(171,1,1,956)
w(164,8,1,956)
w(171,2,1,956)
w(169,7,6,962)
r(145,7,6,962)
r(171,2,6,962)
w(171,5,6,962)
w(171,6,6,962)
w(171,7,6,962)
r(172,0,2,964)
r(173,0,2,964)
w(172,1,2,964)
r(173,0,2,964)
w(173,3,2,964)
w(173,5,5,969)
w(173,6,5,969)
r(165,7,5,969)
w(173,7,5,969)
w(174,1,5,969)
r(172,1,5,969)
w(172,2,5,969)
r(173,7,4,972)
w(165,8,4,972)
r(174,1,4,972)
r(174,1,4,972)
w(174,2,4,972)
w(175,4,4,976)
r(174,2,4,976)
r(175,4,4,976)
w(174,4,4,976)
r(175,4,4,976)
r(174,4,9,979)
r(175,4,9,979)
r(175,4,9,979)
w(175,7,9,979)
w(175,8,8,982)
r(175,8,8,982)
r(175,8,8,982)
w(177,1,8,982)
r(177,1,8,982)
w(177,2,8,982)
w(177,5,10,988)
w(174,7,10,988)
w(177,6,10,988)
w(174,8,10,988)
r(174,8,10,988)
r(177,2,6,989)
r(177,2,6,989)
w(179,1,6,989)
r(179,1,6,989)
r(178,0,1,993)
r(178,0,1,993)
w(179,2,1,993)
r(179,2,1,993)
r(179,2,1,993)
w(178,1,1,993)
w(179,3,1,993)
r(178,1,1,993)
w(178,3,6,996)
w(179,6,6,996)
w(176,2,6,996)
r(179,6,6,996)
r(178,3,1,997)
w(178,4,1,997)
w(179,7,1,997)
w(179,8,1,997)
r(179,8,1,997)
w(180,1,6,1000)
r(180,1,6,1000)
w(178,5,6,1000)
w(180,2,6,1000)
r(178,5,6,1000)
r(180,2,6,1000)
r(180,2,6,1000)
r(180,2,6,1000)
r(180,2,7,1004)
w(180,4,7,1004)
r(180,4,7,1004)
w(180,5,7,1004)
r(181,0,2,1010)
r(145,7,2,1010)
w(180,7,2,1010)
w(180,8,2,1010)
r(180,8,2,1010)
r(145,7,4,1012)
w(178,6,4,1012)
w(172,5,4,1012)
w(172,6,4,1012)
r(180,2,4,1012)
r(180,2,4,1012)
w(178,7,4,1012)
w(181,1,9,1013)
r(172,2,9,1013)
r(172,2,9,1013)
r(181,1,9,1013)
r(181,1,9,1013)
w(182,2,6,1019)
w(181,2,6,1019)
w(172,8,6,1019)
w(182,3,6,1019)
w(182,4,6,1019)
r(184,0,10,1026)
w(183,1,10,1026)
r(183,1,10,1026)
w(184,2,10,1026)
w(184,3,10,1026)
w(181,5,10,1026)
r(184,3,10,1026)
w(184,4,10,1026)
r(181,5,2,1032)
r(184,4,2,1032)
r(184,4,2,1032)
w(181,7,2,1032)
r(184,4,2,1032)
w(186,1,3,1035)
r(186,1,3,1035)
w(183,3,3,1035)
r(186,1,3,1035)
w(187,1,3,1035)
w(188,1,4,1040)
r(187,1,4,1040)
w(185,1,4,1040)
w(183,4,4,1040)
w(188,2,4,1040)
r(183,4,6,1046)
r(183,4,6,1046)
r(176,2,6,1046)
r(187,1,6,1046)
w(188,7,3,1048)
r(187,1,3,1048)
r(188,7,3,1048)
r(183,4,3,1048)
r(188,7,3,1048)
w(188,8,3,1048)
r(189,0,6,1051)
r(189,0,6,1051)
w(185,2,6,1051)
w(189,1,6,1051)
w(189,2,6,1051)
w(187,4,6,1051)
w(189,3,6,1051)
r(189,3,1,1053)
w(189,7,1,1053)
r(189,7,1,1053)
r(189,7,1,1053)
r(189,7,1,1053)
r(189,7,1,1053)
r(189,7,1,1053)
r(189,7,9,1056)
r(189,7,9,1056)
r(189,7,9,1056)
w(187,5,9,1056)
w(187,6,9,1056)
w(187,7,9,1056)
w(185,3,9,1056)
r(176,2,9,1056)
r(190,0,4,1062)
w(190,1,4,1062)
r(190,1,4,1062)
r(190,1,4,1062)
w(185,4,4,1062)
r(190,0,6,1065)
w(192,2,6,1065)
r(190,0,6,1065)
r(191,0,6,1065)
r(192,2,6,1065)
w(192,3,6,1065)
r(192,0,8,1067)
r(190,1,8,1067)
r(191,0,8,1067)
w(190,4,8,1067)
r(190,4,8,1067)
w(193,1,5,1072)
r(193,1,5,1072)
r(192,3,5,1072)
r(191,0,5,1072)
w(190,8,6,1074)
w(191,2,6,1074)
w(192,5,6,1074)
w(191,3,6,1074)
r(190,8,6,1074)
w(192,6,6,1074)
r(195,0,7,1085)
w(195,2,7,1085)
r(195,2,7,1085)
w(195,3,7,1085)
w(196,1,9,1091)
r(194,0,9,1091)
w(194,5,9,1091)
r(196,1,9,1091)
r(196,1,9,1091)
r(194,5,9,1091)
w(196,2,9,1091)
w(196,3,9,1091)
r(196,3,1,1096)
w(194,6,1,1096)
w(176,5,1,1096)
w(196,5,1,1096)
w(176,6,7,1098)
r(197,0,7,1098)
r(196,5,7,1098)
r(185,4,7,1098)
w(194,7,7,1098)
r(196,5,10,1103)
w(197,1,10,1103)
r(199,0,10,1103)
r(198,0,10,1103)
r(199,0,10,1103)
w(198,1,10,1103)
r(199,0,10,1103)
r(198,1,2,1108)
r(185,4,2,1108)
r(198,1,2,1108)
w(198,6,2,1108)
w(199,5,2,1108)
w(197,3,7,1111)
r(198,6,7,1111)
w(199,7,7,1111)
w(199,8,7,1111)
r(199,8,7,1115)
r(199,8,7,1115)
w(197,4,7,1115)
r(198,6,7,1115)
r(200,0,7,1115)
r(197,4,7,1115)
r(197,3,10,1116)
r(197,3,10,1116)
r(200,0,10,1116)
r(197,3,10,1116)
r(201,0,4,1122)
w(197,6,4,1122)
w(200,2,4,1122)
w(201,2,4,1122)
r(200,2,4,1122)
w(202,1,7,1124)
w(200,8,7,1124)
r(200,8,7,1124)
w(201,4,7,1124)
w(201,5,1,1128)
r(201,5,1,1128)
w(202,3,1,1128)
r(203,0,1,1128)
w(201,6,1,1128)
w(203,2,6,1129)
r(201,4,6,1129)
r(201,4,6,1129)
r(202,1,6,1129)
r(176,6,6,1129)
r(202,1,6,1129)
r(203,2,6,1129)
r(203,2,10,1131)
r(203,2,10,1131)
r(203,2,10,1131)
r(203,2,10,1131)
r(201,6,6,1134)
w(203,3,6,1134)
r(203,3,6,1134)
r(203,3,6,1134)
r(203,3,6,1134)
w(185,5,1,1136)
r(203,2,1,1136)
w(202,4,1,1136)
w(176,7,1,1136)
w(202,5,1,1136)
w(202,6,1,1136)
r(203,3,5,1141)
r(203,3,5,1141)
r(203,3,5,1141)
r(202,6,5,1141)
r(201,6,5,1141)
r(203,3,5,1141)
r(204,0,5,1141)
w(204,1,6,1147)
w(201,8,6,1147)
w(202,7,6,1147)
r(204,1,6,1147)
w(204,2,6,1147)
w(202,8,6,1147)
r(205,0,6,1147)
w(204,3,6,1147)
w(204,8,1,1151)
r(205,0,1,1151)
w(205,4,1,1151)
r(204,8,1,1151)
r(204,8,1,1153)
r(204,8,1,1153)
w(185,7,1,1153)
r(205,4,1,1153)
w(185,8,1,1153)
r(204,8,9,1157)
r(204,8,9,1157)
r(205,4,9,1157)
r(207,0,9,1157)
w(205,5,9,1157)
r(206,0,9,1157)
w(207,1,9,1157)
w(206,4,10,1163)
w(207,4,10,1163)
w(207,5,10,1163)
w(207,6,10,1163)
r(207,6,10,1163)
r(206,4,10,1163)
w(205,6,10,1163)
r(207,6,10,1163)
w(209,3,1,1167)
r(209,3,1,1167)
r(176,7,1,1167)
r(209,3,1,1167)
w(209,4,1,1167)
r(209,4,1,1167)
r(209,4,1,1167)
r(209,4,1,1167)
r(176,7,4,1170)
r(209,4,4,1170)
r(209,4,4,1170)
r(209,4,4,1170)
r(210,0,4,1170)
w(208,1,4,1170)
r(210,0,5,1171)
r(209,4,5,1171)
w(210,1,5,1171)
r(209,4,5,1171)
r(209,4,5,1171)
r(209,4,5,1171)
r(209,4,5,1171)
r(209,4,5,1171)
r(209,4,3,1175)
w(210,2,3,1175)
w(209,5,3,1175)
w(209,6,3,1175)
w(209,7,3,1175)
w(208,2,1,1179)
w(211,2,1,1179)
r(211,2,1,1179)
r(211,2,1,1179)
w(208,3,1,1179)
w(211,6,7,1187)
r(211,6,7,1187)
w(212,1,7,1187)
w(212,2,7,1187)
w(211,7,7,1187)
w(213,2,6,1189)
r(213,2,6,1189)
w(210,7,6,1189)
r(210,7,6,1189)
r(213,2,6,1189)
r(210,7,6,1189)
r(214,0,8,1192)
w(212,3,8,1192)
r(213,0,8,1192)
r(213,0,8,1192)
w(214,1,8,1192)
r(213,0,8,1192)
w(212,5,3,1197)
r(214,1,3,1197)
r(208,3,3,1197)
r(208,3,3,1197)
r(214,1,3,1197)
w(213,8,2,1201)
r(214,1,2,1201)
r(213,8,2,1201)
r(213,8,2,1201)
r(215,0,2,1201)
w(215,1,2,1206)
w(215,2,2,1206)
r(215,2,2,1206)
w(214,6,2,1206)
r(214,6,2,1206)
r(215,2,2,1206)
r(216,0,10,1212)
r(217,0,10,1212)
r(217,0,10,1212)
r(217,0,10,1212)
r(216,0,10,1212)
r(217,0,3,1213)
r(216,0,3,1213)
r(216,0,3,1213)
w(217,1,3,1213)
r(216,0,3,1213)
w(216,2,4,1215)
w(208,5,4,1215)
r(217,0,4,1215)
w(216,3,4,1215)
r(218,0,6,1217)
r(218,0,6,1217)
w(217,2,6,1217)
r(218,0,6,1217)
r(216,3,6,1217)
r(217,2,3,1226)
r(216,3,3,1226)
w(217,8,3,1226)
r(217,8,3,1226)
r(220,0,3,1226)
r(216,3,3,1226)
w(221,1,7,1230)
w(221,2,7,1230)
r(220,0,7,1230)
w(220,1,7,1230)
w(221,7,5,1234)
w(220,6,5,1234)
w(218,5,5,1234)
r(221,7,5,1234)
w(221,8,5,1234)
r(218,5,10,1238)
r(222,0,10,1238)
r(218,5,10,1238)
r(219,0,10,1238)
r(220,6,5,1242)
w(208,6,5,1242)
w(220,7,5,1242)
w(220,8,5,1242)
w(222,3,5,1242)
r(218,5,5,1242)
w(222,4,5,1242)
w(208,7,3,1245)
r(218,5,3,1245)
r(224,0,3,1245)
r(224,0,3,1245)
r(224,0,3,1245)
w(224,1,2,1250)
w(218,8,2,1250)
r(223,0,2,1250)
w(224,2,2,1250)
w(224,3,2,1250)
r(224,3,2,1250)
w(224,4,2,1250)
w(208,8,2,1250)
r(219,0,1,1253)
w(219,2,1,1253)
r(223,0,1,1253)
r(223,0,1,1253)
w(225,1,1,1253)
r(218,8,4,1256)
w(224,8,4,1256)
r(224,8,4,1256)
r(223,0,4,1256)
w(225,2,4,1256)
w(223,2,4,1256)
w(219,3,4,1256)
r(224,8,4,1262)
w(227,1,4,1262)
r(227,1,4,1262)
r(227,1,4,1262)
r(227,1,4,1262)
r(227,1,4,1262)
r(227,1,4,1262)
w(227,2,4,1262)
r(219,3,7,1266)
r(228,0,7,1266)
r(225,2,7,1266)
r(228,0,7,1266)
r(223,2,7,1266)
r(223,2,7,1266)
w(227,7,6,1267)
w(227,8,6,1267)
w(225,4,6,1267)
w(226,2,6,1267)
r(219,3,4,1270)
r(228,0,4,1270)
r(226,2,4,1270)
r(226,2,4,1270)
r(228,0,4,1270)
w(228,1,4,1270)
r(225,4,4,1270)
w(228,2,4,1270)
w(223,5,3,1273)
r(226,2,3,1273)
r(228,2,3,1273)
r(226,2,3,1273)
w(228,3,3,1273)
r(219,3,6,1274)
r(228,2,6,1274)
r(223,2,6,1274)
r(226,2,6,1274)
w(228,6,8,1281)
w(223,6,8,1281)
r(228,6,8,1281)
w(223,7,8,1281)
r(226,2,8,1281)
w(226,6,8,1281)
r(223,7,8,1281)
w(223,8,8,1281)
r(226,2,7,1284)
w(230,1,7,1284)
w(230,2,7,1284)
w(229,1,7,1284)
w(230,6,3,1288)
r(230,6,3,1288)
r(229,1,3,1288)
r(230,6,3,1288)
r(231,0,5,1297)
r(219,3,5,1297)
w(219,4,5,1297)
r(231,0,5,1297)
w(232,2,5,1297)
w(231,4,5,1297)
w(232,7,8,1304)
r(231,4,8,1304)
r(233,0,8,1304)
w(234,1,8,1304)
r(234,1,8,1304)
r(234,1,8,1304)
r(226,6,2,1305)
r(234,0,2,1305)
r(234,0,2,1305)
r(232,2,2,1305)
r(226,6,2,1305)
w(233,1,2,1305)
r(232,2,2,1305)
r(234,0,2,1305)
w(234,4,7,1311)
w(234,5,7,1311)
w(234,6,7,1311)
r(234,6,7,1311)
w(234,8,5,1315)
r(234,8,5,1315)
w(236,1,5,1315)
w(235,2,5,1315)
w(219,5,5,1315)
r(236,1,5,1315)
r(236,1,10,1318)
w(235,3,10,1318)
r(235,3,10,1318)
w(232,8,10,1318)
w(236,4,3,1322)
w(236,5,3,1322)
r(237,0,3,1322)
r(237,0,3,1322)
r(237,0,3,1322)
r(236,5,3,1322)
r(236,5,3,1322)
r(237,0,3,1322)
w(236,6,1,1323)
r(236,6,1,1323)
w(236,7,1,1323)
r(236,7,1,1323)
r(236,7,10,1325)
r(237,0,10,1325)
r(235,3,10,1325)
r(237,0,10,1325)
r(236,7,10,1325)
w(236,8,10,1325)
w(239,1,5,1338)
r(240,0,5,1338)
r(240,0,5,1338)
r(233,1,5,1338)
r(239,1,5,1338)
w(238,1,8,1340)
w(237,1,8,1340)
w(235,5,8,1340)
w(237,2,8,1340)
w(235,6,8,1340)
w(238,2,8,1340)
w(233,5,8,1340)
w(219,6,8,1340)
w(240,1,9,1343)
w(239,2,9,1343)
r(240,1,9,1343)
r(239,2,9,1343)
r(240,1,9,1343)
w(240,2,9,1343)
w(219,7,4,1345)
r(240,0,4,1345)
r(233,5,4,1345)
r(240,0,4,1345)
w(241,1,9,1349)
r(241,1,9,1349)
r(239,2,9,1349)
r(240,2,9,1349)
r(241,1,9,1349)
r(240,2,9,1349)
r(240,2,9,1349)
w(240,5,9,1349)
w(242,2,6,1357)
w(241,4,6,1357)
r(241,4,6,1357)
w(242,3,6,1357)
w(241,5,6,1357)
r(242,3,7,1358)
r(241,5,7,1358)
r(241,5,7,1358)
r(241,5,7,1358)
r(241,5,7,1358)
r(241,5,7,1358)
r(239,2,1,1359)
r(242,0,1,1359)
r(241,1,1,1359)
r(242,0,1,1359)
r(241,1,1,1359)
w(239,7,1,1359)
r(241,1,1,1359)
r(241,5,8,1363)
w(242,6,8,1363)
w(239,8,8,1363)
w(242,7,8,1363)
w(241,6,8,1363)
w(219,8,8,1366)
r(233,5,8,1366)
r(243,0,8,1366)
r(243,0,8,1366)
w(243,1,2,1368)
r(243,1,2,1368)
w(243,2,2,1368)
w(241,7,2,1368)
w(243,5,2,1374)
r(243,5,2,1374)
r(243,5,2,1374)
w(243,6,2,1374)
w(243,7,2,1374)
r(244,0,2,1374)
w(243,8,2,1374)
w(245,1,10,1377)
w(233,8,10,1377)
r(245,1,10,1377)
r(241,7,10,1377)
w(244,2,10,1377)
r(245,1,10,1377)
r(245,1,10,1377)
r(246,0,10,1377)
w(245,7,10,1380)
r(244,2,10,1380)
w(245,8,10,1380)
r(246,0,10,1380)
r(245,1,5,1382)
r(245,1,5,1382)
r(245,1,5,1382)
r(246,0,5,1382)
w(247,1,5,1382)
r(246,0,5,1382)
w(248,1,9,1390)
w(247,5,9,1390)
w(246,3,9,1390)
w(244,4,9,1390)
r(247,5,9,1390)
w(247,6,9,1390)
w(244,5,9,1390)
w(244,6,9,1390)
r(253,0,1,1404)
w(248,4,1,1404)
w(249,1,1,1404)
w(251,3,1,1404)
w(251,4,1,1406)
r(253,0,1,1406)
w(249,2,1,1406)
r(254,0,1,1406)
w(251,5,1,1406)
w(251,6,1,1410)
w(251,7,1,1410)
r(251,7,1,1410)
r(251,7,1,1410)
r(251,7,1,1410)
w(251,8,1,1410)
r(253,0,1,1410)
w(253,1,2,1414)
r(251,5,2,1414)
w(253,2,2,1414)
w(254,1,2,1414)
w(248,5,2,1414)
w(255,1,2,1426)
w(253,6,2,1426)
w(248,6,2,1426)
r(255,1,2,1426)
w(255,2,2,1426)
r(255,2,2,1426)
r(253,6,2,1426)
r(256,0,1,1429)
r(256,0,1,1429)
r(254,1,1,1429)
r(249,2,1,1429)
w(254,4,1,1429)
w(254,5,1,1429)
w(256,1,1,1429)
r(256,1,1,1429)
r(256,0,7,1430)
r(256,0,7,1430)
r(255,2,7,1430)
w(255,6,7,1430)
r(256,1,1,1433)
r(256,1,1,1433)
w(254,6,1,1433)
w(255,7,1,1433)
w(255,8,1,1433)
w(254,7,1,1433)
w(256,2,2,1435)
r(256,2,2,1435)
r(256,2,2,1435)
w(248,7,2,1435)
w(250,7,8,1439)
r(250,7,8,1439)
r(251,0,8,1439)
w(250,8,8,1439)
w(256,5,1,1441)
r(256,5,1,1441)
r(256,5,1,1441)
r(255,8,1,1441)
r(256,5,1,1441)
r(256,5,1,1441)
w(256,6,1,1441)
r(256,6,2,1446)
r(258,0,2,1446)
r(256,6,2,1446)
w(258,1,2,1446)
r(256,6,2,1446)
w(256,7,4,1449)
r(249,2,4,1449)
w(256,8,4,1449)
r(256,8,4,1449)
r(256,8,4,1449)
r(259,0,8,1453)
w(259,2,8,1453)
w(249,3,8,1453)
r(248,7,8,1453)
w(259,3,8,1453)
w(259,4,8,1453)
w(259,8,7,1458)
w(260,1,7,1458)
r(260,1,7,1458)
w(258,7,7,1458)
w(257,2,7,1458)
r(260,1,7,1458)
r(260,1,2,1461)
r(260,1,2,1461)
r(258,7,2,1461)
r(258,7,2,1461)
r(260,1,2,1461)
r(258,7,2,1461)
w(257,4,10,1462)
w(258,8,10,1462)
r(260,1,10,1462)
r(249,3,10,1462)
r(248,7,10,1462)
w(246,7,3,1463)
w(246,8,3,1463)
r(250,0,3,1463)
r(250,0,3,1463)
w(260,3,5,1465)
r(249,3,5,1465)
w(260,4,5,1465)
w(261,1,5,1465)
r(260,4,5,1465)
r(260,4,4,1468)
w(261,2,4,1468)
w(260,5,4,1468)
w(260,6,4,1468)
r(262,0,8,1476)
w(262,3,8,1476)
w(261,4,8,1476)
w(262,4,8,1476)
w(261,5,8,1476)
r(261,5,8,1476)
w(264,2,3,1482)
r(257,4,3,1482)
w(264,3,3,1482)
r(264,3,3,1482)
r(264,3,8,1487)
w(264,8,8,1487)
w(267,1,8,1487)
r(267,1,8,1487)
r(265,0,8,1487)
r(249,3,8,1487)
r(266,0,8,1487)
r(265,0,3,1504)
r(249,3,3,1504)
r(268,0,3,1504)
w(265,7,3,1504)
r(266,0,3,1504)
w(263,5,7,1505)
r(249,3,7,1505)
r(268,0,7,1505)
r(249,3,7,1505)
r(266,0,1,1507)
w(267,6,1,1507)
w(266,4,1,1507)
w(266,5,1,1507)
w(267,7,1,1507)
r(265,0,1,1507)
r(267,7,1,1507)
w(266,6,1,1507)
w(268,8,8,1512)
w(270,1,8,1512)
w(266,8,8,1512)
w(270,2,8,1512)
r(270,2,8,1512)
r(266,8,8,1512)
r(270,2,7,1518)
r(270,2,7,1518)
w(263,6,7,1518)
w(270,7,7,1518)
r(269,0,7,1518)
w(269,4,7,1518)
w(263,7,7,1518)
r(269,4,7,1518)
r(272,0,4,1521)
r(272,0,4,1521)
r(272,0,4,1521)
w(271,1,4,1521)
r(272,0,4,1521)
w(272,1,4,1521)
w(272,2,4,1521)
r(269,0,4,1521)
r(271,1,5,1525)
r(271,1,5,1525)
w(272,3,5,1525)
r(272,3,5,1525)
r(269,4,5,1525)
w(272,4,5,1525)
w(272,5,5,1525)
r(275,0,3,1535)
w(274,2,3,1535)
w(274,3,3,1535)
w(275,2,3,1535)
r(274,3,3,1535)
r(274,3,3,1535)
r(274,3,3,1535)
w(275,3,3,1535)
r(276,0,4,1539)
w(276,4,4,1539)
w(249,4,4,1539)
w(276,5,4,1539)
r(275,3,10,1545)
r(276,5,10,1545)
w(275,8,10,1545)
w(276,8,10,1545)
r(275,8,10,1545)
r(277,0,10,1545)
r(277,0,8,1547)
r(277,0,8,1547)
r(277,0,8,1547)
w(249,5,8,1547)
r(277,0,8,1547)
r(275,3,5,1554)
w(277,1,5,1554)
w(277,2,5,1554)
w(271,7,5,1554)
r(277,2,5,1554)
w(277,3,5,1554)
w(277,4,5,1554)
w(277,5,5,1554)
r(280,0,2,1559)
r(279,0,2,1559)
r(278,0,2,1559)
r(279,0,2,1559)
r(271,1,10,1561)
r(278,0,10,1561)
r(271,1,10,1561)
w(278,1,10,1561)
w(279,1,10,1561)
w(279,2,10,1561)
w(278,2,10,1561)
r(280,0,5,1565)
w(280,2,5,1565)
r(278,2,5,1565)
r(278,2,5,1565)
r(280,2,5,1565)
r(279,2,8,1569)
r(279,2,8,1569)
w(279,7,8,1569)
w(279,8,8,1569)
r(279,8,8,1569)
r(279,8,8,1569)
r(279,8,8,1569)
w(278,7,8,1569)
r(280,2,5,1573)
r(282,0,5,1573)
w(281,3,5,1573)
w(281,4,5,1573)
w(273,3,5,1573)
w(280,3,5,1573)
r(273,3,7,1576)
r(282,0,7,1576)
w(273,5,7,1576)
w(282,2,7,1576)
w(282,3,7,1576)
r(281,4,7,1576)
r(282,3,9,1579)
r(281,4,9,1579)
r(281,4,9,1579)
w(281,8,9,1579)
r(281,8,1,1583)
w(280,7,1,1583)
r(281,8,1,1583)
r(282,3,1,1583)
w(285,5,4,1595)
w(284,1,4,1595)
w(285,6,4,1595)
r(273,5,4,1595)
r(285,6,4,1595)
r(283,0,5,1596)
w(283,2,5,1596)
r(273,5,5,1596)
w(283,3,5,1596)
r(283,3,5,1596)
w(283,4,5,1596)
r(283,4,5,1596)
w(283,5,5,1596)
w(273,7,3,1601)
w(287,4,3,1601)
r(287,4,3,1601)
r(287,4,3,1601)
r(273,7,3,1601)
r(287,4,3,1601)
w(287,5,3,1601)
w(287,6,3,1601)
w(288,1,9,1605)
r(288,1,9,1605)
w(288,2,9,1605)
r(286,0,9,1605)
r(286,0,9,1605)
w(288,3,9,1605)
w(288,4,9,1605)
r(289,0,8,1612)
r(289,0,8,1612)
r(284,1,8,1612)
r(286,0,8,1612)
w(273,8,8,1612)
w(284,5,5,1616)
w(289,2,5,1616)
r(289,2,5,1616)
r(273,7,5,1616)
w(286,2,5,1616)
w(286,3,5,1616)
w(284,6,5,1616)
r(286,3,3,1617)
w(290,4,3,1617)
r(289,2,3,1617)
r(290,4,3,1617)
r(286,3,3,1617)
r(289,2,3,1617)
w(289,8,3,1617)
w(291,1,3,1621)
w(291,2,3,1621)
r(290,4,3,1621)
r(291,2,3,1621)
w(291,3,3,1621)
w(291,4,3,1621)
w(291,5,3,1621)
w(286,4,3,1621)
w(291,8,16,1623)
r(249,5,16,1623)
w(290,6,16,1623)
w(290,7,16,1623)
r(286,4,3,1625)
w(290,8,3,1625)
r(292,0,3,1625)
r(249,5,3,1625)
r(286,4,3,1625)
r(292,0,3,1625)
r(292,0,3,1625)
r(290,8,3,1625)
r(292,0,16,1628)
r(293,0,16,1628)
r(286,4,16,1628)
r(293,0,16,1628)
r(286,4,16,1628)
r(273,8,16,1628)
w(292,1,9,1629)
r(290,8,9,1629)
w(292,2,9,1629)
r(292,2,9,1629)
r(290,8,9,1629)
r(292,2,9,1629)
r(286,4,9,1629)
w(292,3,9,1629)
r(292,3,16,1631)
r(292,3,16,1631)
r(286,4,16,1631)
r(273,8,16,1631)
r(292,3,16,1631)
r(293,0,16,1631)
r(292,3,1,1639)
w(293,1,1,1639)
w(292,4,1,1639)
w(292,5,1,1639)
w(295,1,8,1642)
r(294,0,8,1642)
r(293,0,8,1642)
w(294,2,8,1642)
r(294,2,8,1642)
r(294,2,1,1646)
r(293,1,1,1646)
r(294,2,1,1646)
r(295,1,1,1646)
r(294,2,1,1646)
r(296,0,1,1646)
w(294,4,1,1646)
r(293,1,3,1647)
r(294,2,3,1647)
r(294,2,3,1647)
r(293,1,3,1647)
r(296,0,3,1647)
r(273,8,3,1647)
r(293,1,3,1647)
r(294,2,3,1647)
r(293,1,16,1650)
r(294,4,16,1650)
w(294,5,16,1650)
w(293,6,16,1650)
r(294,5,16,1650)
r(294,5,16,1650)
r(293,6,8,1653)
r(294,5,8,1653)
w(295,2,8,1653)
w(296,2,8,1653)
r(294,5,8,1653)
r(297,0,8,1658)
w(297,2,8,1658)
r(293,6,8,1658)
r(297,2,8,1658)
r(297,2,4,1663)
w(297,3,4,1663)
r(293,6,4,1663)
w(297,4,4,1663)
r(298,0,4,1663)
w(297,5,4,1663)
r(296,2,4,1663)
w(299,1,1,1669)
w(299,2,1,1669)
w(299,3,1,1669)
w(296,7,1,1669)
r(299,3,1,1669)
r(296,7,1,1669)
w(299,4,1,1669)
w(298,3,4,1674)
r(299,4,4,1674)
w(296,8,4,1674)
w(298,4,4,1674)
w(300,1,8,1676)
r(300,1,8,1676)
w(300,2,8,1676)
w(300,3,8,1676)
r(296,7,8,1676)
r(296,7,8,1676)
r(300,3,4,1683)
r(301,0,4,1683)
r(303,0,4,1683)
w(302,1,4,1683)
r(298,4,2,1688)
w(301,1,2,1688)
r(298,4,2,1688)
w(301,2,2,1688)
r(300,3,2,1688)
w(300,5,2,1688)
r(303,0,7,1698)
r(302,1,7,1698)
r(301,2,7,1698)
w(303,7,7,1698)
w(302,3,7,1698)
w(303,8,7,1698)
w(304,1,7,1698)
w(302,4,7,1698)
w(305,1,9,1700)
r(302,1,9,1700)
w(305,2,9,1700)
w(305,3,9,1700)
w(306,1,1,1705)
r(305,3,1,1705)
r(307,0,1,1705)
r(307,0,1,1705)
w(307,1,1,1705)
w(307,2,1,1705)
r(307,2,4,1709)
w(304,3,4,1709)
w(307,4,4,1709)
r(307,4,4,1709)
w(295,4,4,1709)
w(307,5,4,1709)
w(302,7,16,1714)
r(302,7,16,1714)
r(304,3,16,1714)
w(308,2,16,1714)
r(304,3,16,1714)
r(308,2,16,1714)
w(308,3,16,1714)
r(304,3,9,1718)
r(309,0,9,1718)
r(310,0,9,1718)
r(310,0,9,1718)
w(309,1,9,1718)
w(308,7,10,1720)
r(295,4,10,1720)
w(308,8,10,1720)
w(302,8,10,1720)
r(302,8,10,1720)
r(309,0,10,1720)
r(306,1,10,1720)
w(306,2,10,1720)
w(310,1,9,1725)
w(309,2,9,1725)
w(309,3,9,1725)
w(304,4,9,1725)
r(309,3,9,1725)
r(309,3,9,1725)
w(309,4,9,1725)
w(306,5,16,1734)
w(309,6,16,1734)
w(309,7,16,1734)
r(309,7,16,1734)
r(309,7,16,1734)
w(311,2,2,1738)
r(311,2,2,1738)
w(310,7,2,1738)
r(311,2,2,1738)
w(310,8,2,1738)
w(311,5,9,1745)
r(306,5,9,1745)
r(311,5,9,1745)
w(311,6,9,1745)
r(311,6,9,1745)
r(311,6,9,1745)
r(311,6,9,1745)
w(295,6,9,1745)
r(312,0,7,1748)
w(304,7,7,1748)
w(311,7,7,1748)
r(311,7,7,1748)
r(306,5,7,1748)
r(311,7,7,1748)
w(312,8,16,1756)
r(314,0,16,1756)
r(313,0,16,1756)
r(313,0,16,1756)
w(313,6,16,1756)
r(313,6,16,1756)
w(313,7,16,1756)
r(314,0,4,1760)
r(316,0,4,1760)
w(316,1,4,1760)
r(316,1,4,1760)
w(316,2,4,1760)
w(316,3,4,1760)
r(316,3,4,1760)
w(315,1,2,1761)
r(316,0,2,1761)
r(316,0,2,1761)
w(314,2,2,1761)
r(316,0,2,1761)
r(314,2,2,1764)
w(314,3,2,1764)
r(314,3,2,1764)
r(315,1,2,1764)
w(316,4,2,1764)
w(315,2,2,1764)
r(315,2,2,1764)
r(315,2,2,1764)
r(316,4,8,1769)
r(316,4,8,1769)
r(315,2,8,1769)
w(316,6,8,1769)
r(317,0,5,1775)
w(315,6,5,1775)
w(315,7,5,1775)
w(317,1,5,1775)
r(314,3,5,1775)
w(295,8,5,1775)
w(317,5,7,1780)
r(314,3,7,1780)
w(317,6,7,1780)
r(317,6,7,1780)
r(318,0,7,1780)
r(304,7,7,1780)
r(318,0,7,1780)
w(317,7,7,1780)
r(318,0,5,1781)
r(317,1,5,1781)
r(317,1,5,1781)
w(319,1,5,1781)
r(317,1,5,1781)
r(318,0,3,1789)
r(317,7,3,1789)
w(318,1,3,1789)
w(314,6,3,1789)
r(317,7,3,1789)
w(314,7,3,1789)
w(318,2,3,1789)
w(320,2,5,1794)
r(320,2,5,1794)
r(320,2,5,1794)
r(322,0,5,1794)
w(319,4,5,1794)
r(321,0,5,1794)
r(320,2,5,1794)
w(322,2,8,1795)
r(322,2,8,1795)
r(321,0,8,1795)
r(321,0,8,1795)
w(320,5,8,1801)
r(320,5,8,1801)
r(320,5,8,1801)
w(322,3,8,1801)
r(320,5,8,1801)
r(322,3,8,1801)
r(319,4,3,1806)
r(323,0,3,1806)
r(323,0,3,1806)
r(322,3,3,1806)
r(323,0,3,1806)
w(323,4,10,1808)
r(323,4,10,1808)
r(321,0,10,1808)
r(322,3,10,1808)
w(322,7,10,1808)
w(323,5,10,1808)
w(321,4,10,1814)
w(323,7,10,1814)
w(319,6,10,1814)
r(321,4,10,1814)
r(324,0,10,1814)
w(321,5,10,1814)
r(324,0,16,1819)
r(324,0,16,1819)
w(324,2,16,1819)
w(325,1,16,1819)
w(319,7,16,1819)
r(325,1,16,1819)
r(325,1,2,1828)
r(321,5,2,1828)
r(325,1,2,1828)
w(324,3,2,1828)
w(325,7,2,1828)
w(319,8,2,1828)
w(328,1,10,1833)
r(328,1,10,1833)
r(328,1,10,1833)
r(328,1,10,1833)
w(328,2,10,1833)
w(328,3,10,1833)
r(328,3,10,1833)
w(328,4,10,1833)
r(328,0,2,1838)
w(329,1,2,1838)
r(329,1,2,1838)
w(330,1,2,1838)
r(329,1,2,1838)
r(329,1,2,1838)
r(319,8,2,1838)
w(330,6,4,1845)
r(329,1,4,1845)
w(327,7,4,1845)
w(330,7,4,1845)
r(330,7,4,1845)
w(329,5,4,1845)
r(333,0,5,1850)
w(333,2,5,1850)
r(333,2,5,1850)
w(333,3,5,1850)
r(330,7,5,1850)
r(332,0,4,1853)
r(332,0,4,1853)
w(333,4,4,1853)
r(330,7,4,1853)
r(330,7,4,1853)
w(333,5,9,1860)
r(331,0,9,1860)
w(331,2,9,1860)
r(333,5,9,1860)
w(330,8,9,1860)
r(335,0,2,1861)
r(334,0,2,1861)
r(335,0,2,1861)
r(334,0,2,1861)
w(335,1,2,1861)
r(331,0,2,1861)
w(334,4,16,1868)
r(335,1,16,1868)
w(332,4,16,1868)
r(334,4,16,1868)
w(335,5,3,1872)
r(335,5,3,1872)
w(335,6,3,1872)
r(335,6,3,1872)
r(334,4,3,1872)
w(332,5,3,1872)
w(335,7,2,1877)
w(332,6,2,1877)
r(335,7,2,1877)
w(334,6,2,1877)
w(335,8,2,1877)
w(332,7,2,1877)
r(335,8,2,1877)
r(336,0,7,1881)
r(336,0,7,1881)
r(336,0,7,1881)
w(336,5,7,1881)
w(337,1,7,1881)
w(336,6,7,1881)
r(336,6,1,1884)
w(336,7,1,1884)
w(338,1,1,1884)
w(337,2,1,1884)
r(336,7,1,1884)
w(338,2,4,1891)
w(339,1,4,1891)
w(337,3,4,1891)
r(339,1,4,1891)
w(339,6,8,1893)
r(339,6,8,1893)
r(338,2,8,1893)
r(338,2,8,1893)
r(337,3,8,1893)
w(339,7,8,1893)
r(338,2,8,1893)
w(339,8,7,1895)
w(337,5,7,1895)
r(337,5,7,1895)
r(340,0,7,1895)
w(338,6,8,1900)
w(340,1,8,1900)
r(340,1,8,1900)
w(340,2,8,1900)
r(340,2,10,1903)
r(337,5,10,1903)
r(337,5,10,1903)
w(340,5,10,1903)
w(340,6,10,1903)
w(340,7,10,1903)
r(340,7,10,1903)
r(340,7,7,1904)
r(340,7,7,1904)
r(337,5,7,1904)
r(342,0,7,1904)
r(326,0,8,1912)
w(342,2,8,1912)
w(342,3,8,1912)
w(342,4,8,1912)
w(342,5,8,1912)
w(341,5,16,1914)
r(341,5,16,1914)
r(341,5,16,1914)
r(342,0,16,1914)
w(331,8,16,1914)
r(341,5,1,1916)
w(341,6,1,1916)
r(337,5,1,1916)
r(342,5,1,1916)
r(337,5,1,1916)
w(341,7,1,1916)
w(341,8,1,1916)
r(343,0,4,1928)
w(343,6,4,1928)
w(344,1,4,1928)
r(343,6,4,1928)
r(343,6,4,1928)
w(337,8,4,1928)
r(337,8,4,1928)
w(345,1,10,1934)
w(346,1,10,1934)
w(346,2,10,1934)
w(347,1,10,1934)
w(346,3,10,1934)
r(326,0,10,1934)
r(346,3,4,1943)
r(345,1,4,1943)
w(349,1,4,1943)
w(349,2,4,1943)
w(346,8,1,1945)
w(347,4,1,1945)
r(345,1,1,1945)
w(344,6,1,1945)
w(349,7,1,1948)
w(349,8,1,1948)
w(348,2,1,1948)
r(347,4,1,1948)
r(347,4,1,1948)
r(350,0,1,1948)
r(345,1,1,1948)
w(351,1,10,1950)
r(348,0,10,1950)
w(351,2,10,1950)
w(351,3,10,1950)
w(347,8,4,1955)
r(351,3,4,1955)
r(348,2,4,1955)
r(350,0,4,1955)
w(351,6,8,1959)
w(351,7,8,1959)
r(350,0,8,1959)
r(350,0,8,1959)
w(350,2,8,1959)
w(345,3,8,1959)
r(350,2,8,1959)
r(351,7,8,1959)
r(350,2,4,1962)
r(350,2,4,1962)
r(353,0,4,1962)
r(353,0,4,1962)
w(350,4,4,1962)
r(353,0,4,1962)
r(352,0,4,1962)
w(353,4,2,1969)
w(353,5,2,1969)
r(352,0,2,1969)
r(353,5,2,1969)
w(352,2,2,1969)
r(352,2,2,1969)
r(350,4,2,1969)
w(353,6,2,1969)
r(350,4,5,1973)
w(345,4,5,1973)
r(353,0,5,1973)
w(350,6,5,1973)
w(350,7,5,1973)
r(355,0,4,1981)
w(352,3,4,1981)
w(354,8,4,1981)
w(356,1,4,1981)
w(352,4,4,1981)
r(352,4,4,1981)
r(356,1,4,1981)
w(348,4,4,1984)
w(356,4,4,1984)
w(356,5,4,1984)
r(352,4,4,1984)
w(345,8,9,1991)
r(357,0,9,1991)
r(355,0,9,1991)
r(355,0,9,1991)
w(352,8,9,1991)
