r(4,0,8,8)
r(3,0,8,8)
r(1,0,8,8)
w(4,1,8,8)
r(2,0,8,8)
r(0,0,8,8)
r(3,0,6,15)
w(1,1,6,15)
r(2,0,6,15)
w(3,2,6,15)
r(2,0,6,15)
w(3,3,6,15)
r(4,0,6,15)
w(2,2,3,18)
r(2,2,3,18)
r(2,2,3,18)
w(6,1,3,18)
r(5,0,3,18)
w(5,5,7,29)
r(7,0,7,29)
r(5,5,7,29)
w(7,3,7,29)
r(5,5,7,29)
r(0,0,7,29)
w(2,6,0,32)
r(5,5,0,32)
r(8,0,0,32)
w(8,1,0,32)
r(9,0,0,32)
r(8,1,0,32)
w(9,3,6,37)
w(9,4,6,37)
r(9,4,6,37)
r(0,0,6,37)
w(8,3,6,37)
w(1,3,3,40)
r(9,4,3,40)
r(8,3,3,40)
w(9,7,3,40)
w(9,8,3,40)
r(8,3,3,40)
r(10,0,3,40)
w(8,4,5,43)
w(10,1,5,43)
r(10,1,5,43)
w(10,2,5,43)
w(10,6,1,48)
r(0,0,1,48)
w(10,7,1,48)
w(10,8,1,48)
r(11,0,1,48)
r(12,0,3,50)
r(12,0,3,50)
w(12,1,3,50)
r(11,0,3,50)
w(12,2,3,50)
w(12,4,4,54)
r(12,4,4,54)
r(11,0,4,54)
w(11,1,4,54)
r(12,4,4,54)
r(12,4,4,54)
w(12,5,4,54)
w(1,4,0,56)
w(13,2,0,56)
r(12,5,0,56)
w(13,3,0,56)
r(1,4,0,56)
w(11,2,0,56)
r(11,2,0,56)
r(12,5,7,59)
w(12,7,7,59)
r(12,7,7,59)
w(12,8,7,59)
r(13,3,7,59)
r(1,4,7,59)
r(1,4,7,59)
r(13,3,4,63)
w(14,1,4,63)
r(11,2,4,63)
r(14,1,4,63)
r(0,0,4,63)
r(12,8,1,65)
r(1,4,1,65)
w(1,5,1,65)
w(13,5,1,65)
r(12,8,1,65)
r(12,8,1,65)
r(14,0,1,65)
w(11,5,3,71)
r(14,1,3,71)
w(11,6,3,71)
w(11,7,3,71)
r(14,1,3,71)
r(14,1,3,71)
r(14,1,2,75)
r(11,2,2,75)
r(14,1,2,75)
w(14,7,2,75)
r(13,5,2,75)
w(1,6,2,75)
r(0,0,2,75)
w(16,2,4,77)
r(16,2,4,77)
r(16,2,4,77)
w(16,3,4,77)
w(17,2,3,86)
r(17,2,3,86)
w(17,3,3,86)
w(17,4,3,86)
r(17,4,1,91)
r(17,4,1,91)
r(1,6,1,91)
w(17,6,1,91)
r(15,0,1,91)
r(17,6,1,91)
r(18,0,1,102)
r(20,0,1,102)
w(0,4,1,102)
w(20,1,1,102)
w(20,2,1,102)
r(19,0,1,102)
r(20,2,1,102)
w(20,3,1,102)
r(21,0,6,104)
r(22,0,6,104)
w(18,6,6,104)
w(21,2,6,104)
r(0,4,4,106)
r(22,0,4,106)
r(22,0,4,106)
r(22,0,4,106)
r(18,6,4,106)
r(18,6,4,106)
r(18,6,4,106)
w(22,1,3,107)
r(22,1,3,107)
r(21,2,3,107)
r(21,2,3,107)
r(0,4,3,107)
r(22,1,5,109)
r(22,1,5,109)
r(18,6,5,109)
r(19,0,5,109)
r(18,6,5,109)
r(22,1,5,109)
r(22,1,9,111)
r(18,6,9,111)
w(19,2,9,111)
w(22,2,9,111)
w(22,3,9,115)
r(22,3,9,115)
r(22,3,9,115)
r(22,3,9,115)
r(22,3,9,115)
r(18,6,9,115)
r(22,3,9,115)
w(18,7,9,115)
w(22,6,2,117)
w(22,7,2,117)
r(18,7,2,117)
r(18,7,2,117)
w(18,8,2,117)
r(18,8,2,117)
r(22,7,4,121)
w(19,3,4,121)
w(19,4,4,121)
w(22,8,4,121)
w(23,1,4,121)
w(21,3,4,121)
w(23,2,4,121)
r(23,2,7,123)
r(23,2,7,123)
w(23,4,7,123)
w(19,5,7,123)
r(23,4,3,129)
r(23,4,3,129)
r(23,4,3,129)
r(23,4,3,129)
r(23,4,3,129)
r(23,4,3,129)
r(21,3,0,131)
r(23,4,0,131)
r(23,4,0,131)
r(23,4,0,131)
r(24,0,0,131)
r(24,0,0,131)
r(24,0,0,131)
w(23,6,1,132)
w(21,5,1,132)
r(23,6,1,132)
w(24,2,1,132)
w(23,7,1,132)
w(23,8,1,132)
r(23,8,1,132)
r(23,8,1,132)
w(25,6,9,144)
r(25,6,9,144)
w(19,7,9,144)
w(25,7,9,144)
r(25,7,9,144)
w(24,5,9,144)
w(25,8,9,144)
w(26,7,0,150)
r(27,0,0,150)
r(26,7,0,150)
r(26,7,0,150)
r(26,7,0,150)
w(29,3,6,153)
r(29,3,6,153)
r(28,0,6,153)
w(29,4,6,153)
r(29,4,6,153)
r(29,4,9,156)
r(28,0,9,156)
r(29,4,9,156)
w(0,6,9,156)
r(27,0,0,157)
w(27,5,0,157)
r(29,4,0,157)
w(30,1,0,157)
r(0,4,0,157)
w(29,8,6,166)
w(27,7,6,166)
r(31,0,6,166)
w(31,1,6,166)
r(31,1,0,171)
r(28,0,0,171)
w(31,5,0,171)
r(30,1,0,171)
w(28,4,6,173)
r(32,0,6,173)
r(32,0,6,173)
r(30,1,6,173)
r(32,0,4,180)
r(33,0,4,180)
r(33,0,4,180)
r(33,0,4,180)
w(32,1,4,180)
w(33,3,6,183)
w(33,4,6,183)
r(28,4,6,183)
r(30,1,6,183)
r(0,6,6,183)
r(33,4,6,183)
w(33,5,6,183)
w(33,6,6,183)
w(35,2,9,189)
r(32,1,9,189)
w(35,3,9,189)
r(34,0,9,189)
r(35,3,9,189)
w(35,4,9,189)
w(32,3,9,189)
r(35,4,9,191)
w(35,6,9,191)
w(35,7,9,191)
r(35,7,9,191)
r(0,6,9,191)
r(35,7,9,191)
r(34,0,2,199)
w(32,6,2,199)
r(32,6,2,199)
r(32,6,2,199)
r(32,6,2,199)
w(34,3,2,199)
r(34,3,2,199)
r(37,0,0,201)
r(37,0,0,201)
r(37,0,0,201)
r(37,0,0,201)
w(30,5,0,201)
r(37,0,0,201)
r(37,0,0,201)
r(32,3,0,201)
r(37,0,5,204)
w(30,7,5,204)
w(34,5,5,204)
w(37,2,5,204)
w(32,8,7,205)
r(34,3,7,205)
r(34,3,7,205)
r(36,0,7,205)
w(34,6,7,212)
r(32,8,7,212)
w(37,3,7,212)
r(37,3,7,212)
r(38,0,7,212)
r(38,0,7,212)
w(37,4,7,212)
r(37,2,2,217)
r(38,0,2,217)
r(38,0,2,217)
w(38,1,2,217)
r(39,0,2,217)
w(38,2,2,217)
r(40,0,8,222)
w(39,2,8,222)
r(40,0,8,222)
r(39,2,8,222)
r(36,0,8,222)
w(40,3,8,222)
r(39,2,8,222)
r(38,2,9,225)
r(40,0,9,225)
w(38,5,9,225)
r(40,0,9,225)
w(38,6,9,225)
r(40,3,6,227)
r(38,2,6,227)
r(38,2,6,227)
r(30,7,6,227)
r(40,3,6,227)
r(40,3,6,227)
r(38,2,8,228)
r(39,2,8,228)
r(40,3,8,228)
r(39,2,8,228)
w(39,3,8,228)
r(40,3,1,231)
r(40,3,1,231)
w(40,5,1,231)
r(40,5,1,231)
r(40,5,1,231)
r(40,5,1,231)
w(40,6,1,231)
r(40,6,1,234)
r(36,0,1,234)
w(38,7,1,234)
w(40,7,1,234)
r(40,7,1,234)
w(40,8,1,234)
r(40,8,7,236)
w(30,8,7,236)
r(40,8,7,236)
w(39,5,7,236)
w(42,1,7,236)
r(42,1,7,236)
r(39,5,1,244)
r(39,5,1,244)
w(42,4,1,244)
w(43,1,1,244)
w(42,5,1,244)
w(44,3,9,247)
w(44,4,9,247)
r(43,0,9,247)
r(44,4,9,247)
r(43,0,9,247)
w(46,3,1,256)
w(43,2,1,256)
r(46,3,1,256)
w(46,4,1,256)
w(36,2,1,256)
w(46,5,1,256)
r(41,0,1,256)
r(46,5,1,256)
r(46,0,2,257)
r(46,0,2,257)
r(43,1,2,257)
r(46,0,2,257)
r(45,0,2,257)
r(45,0,0,260)
w(46,8,0,260)
r(43,2,0,260)
r(43,2,0,260)
w(43,3,0,260)
r(41,0,2,261)
w(47,1,2,261)
r(47,1,2,261)
w(45,4,2,261)
w(47,2,2,265)
r(43,3,2,265)
r(43,3,2,265)
w(47,3,2,265)
r(47,3,2,265)
r(45,4,2,265)
r(47,1,8,268)
r(45,4,8,268)
r(47,1,8,268)
r(47,1,8,268)
r(43,3,8,268)
w(43,4,8,268)
w(36,3,8,268)
w(45,6,4,273)
r(43,4,4,273)
w(43,6,4,273)
r(43,6,4,273)
w(45,7,4,273)
r(43,6,2,276)
r(47,3,2,276)
w(47,8,2,276)
r(47,8,2,276)
r(43,6,2,276)
r(41,0,2,276)
r(47,8,2,276)
r(45,7,3,278)
r(48,0,3,278)
r(41,0,3,278)
w(48,1,3,278)
r(48,1,3,278)
r(48,1,3,278)
r(45,7,3,278)
r(48,1,7,281)
r(48,1,7,281)
r(48,1,7,281)
r(43,6,7,281)
r(48,1,7,281)
w(43,8,7,281)
r(48,1,7,281)
r(45,7,7,281)
r(48,1,6,283)
r(48,1,6,283)
r(48,1,6,283)
r(48,1,6,283)
w(48,2,1,286)
w(49,1,1,286)
w(41,2,1,286)
w(36,4,1,286)
w(49,2,1,286)
r(49,2,1,286)
r(50,0,1,286)
r(48,2,1,286)
r(48,2,4,290)
r(48,2,4,290)
w(50,2,4,290)
w(50,3,4,290)
r(49,2,4,293)
w(51,1,4,293)
r(36,4,4,293)
r(51,1,4,293)
w(36,5,8,297)
w(48,6,8,297)
r(49,2,8,297)
w(48,7,8,297)
w(48,8,8,297)
w(36,6,8,297)
w(41,3,8,297)
r(51,0,8,297)
r(51,1,8,300)
r(51,1,8,300)
r(51,1,8,300)
r(51,1,8,300)
r(51,1,3,301)
r(41,2,3,301)
w(51,5,3,301)
w(51,6,3,301)
w(51,7,3,301)
w(49,5,5,305)
r(41,3,5,305)
w(49,6,5,305)
r(36,6,5,305)
r(51,7,5,305)
r(50,3,5,305)
r(51,7,5,305)
w(51,8,2,309)
w(41,5,2,309)
w(50,5,2,309)
w(41,6,2,309)
r(51,8,2,309)
r(51,8,2,309)
w(50,6,2,309)
r(53,0,4,314)
w(50,8,4,314)
w(52,5,4,314)
r(53,0,4,314)
r(52,5,3,318)
r(53,0,3,318)
r(52,5,3,318)
r(52,5,3,318)
w(53,2,3,318)
w(53,3,3,318)
r(54,0,3,318)
r(54,0,3,322)
r(54,0,3,322)
r(54,0,3,322)
r(55,0,3,322)
w(54,3,7,324)
r(54,3,7,324)
r(54,3,7,324)
r(53,3,7,324)
w(54,4,7,324)
w(55,1,7,324)
r(56,0,1,328)
r(55,1,1,328)
r(41,6,1,328)
r(53,3,1,328)
w(54,8,9,329)
r(36,6,9,329)
r(55,1,9,329)
w(56,1,9,329)
r(56,1,9,329)
r(53,3,9,329)
w(56,2,4,332)
w(56,3,4,332)
w(36,7,4,332)
r(55,1,4,332)
w(55,5,3,341)
w(56,4,3,341)
r(53,3,3,341)
r(56,4,3,341)
w(56,5,6,345)
r(58,0,6,345)
r(56,5,6,345)
w(56,6,6,345)
w(58,2,6,345)
r(56,6,5,349)
r(58,2,5,349)
r(58,2,5,349)
r(59,0,5,349)
r(59,0,5,349)
w(59,1,5,349)
r(58,2,6,355)
w(59,3,6,355)
r(58,2,6,355)
w(59,4,6,355)
w(59,5,6,355)
r(59,5,6,355)
r(59,5,6,355)
r(59,5,1,358)
r(55,5,1,358)
w(55,8,1,358)
w(60,1,1,358)
w(61,1,1,358)
w(60,2,9,362)
r(61,1,9,362)
w(61,4,9,362)
r(61,4,9,362)
w(61,5,9,362)
r(60,2,9,362)
r(63,0,4,372)
r(63,0,4,372)
w(63,5,4,372)
w(57,2,4,372)
w(60,5,4,372)
r(63,5,4,372)
w(63,6,4,372)
w(62,6,1,376)
w(36,8,1,376)
r(64,0,1,376)
r(64,0,1,376)
r(64,0,1,376)
w(62,7,1,376)
w(64,3,1,376)
r(64,3,1,380)
r(64,3,1,380)
r(64,3,1,380)
r(64,3,1,380)
r(64,3,1,380)
r(64,3,1,380)
w(66,1,1,380)
w(60,7,2,381)
r(64,3,2,381)
w(65,1,2,381)
r(64,3,2,381)
w(60,8,2,381)
r(60,8,2,381)
r(64,3,6,383)
r(66,1,6,383)
r(64,3,6,383)
r(62,7,6,383)
w(66,2,4,388)
r(66,2,4,388)
w(66,3,4,388)
r(64,3,4,388)
w(62,8,4,388)
r(64,3,4,388)
r(65,1,3,389)
r(62,7,3,389)
r(66,1,3,389)
r(64,3,3,389)
w(64,6,3,389)
r(62,7,3,389)
r(67,0,9,397)
r(64,6,9,397)
w(66,6,9,397)
w(68,1,9,397)
w(57,3,9,397)
w(68,4,8,400)
r(68,4,8,400)
r(68,4,8,400)
r(69,0,8,400)
r(68,4,8,400)
r(69,0,6,404)
r(68,4,6,404)
w(65,2,6,404)
w(69,1,6,404)
w(67,3,8,414)
w(57,5,8,414)
r(70,0,8,414)
w(69,2,8,414)
r(70,0,8,414)
r(70,0,8,414)
r(70,0,8,414)
r(69,2,2,418)
r(71,0,2,418)
r(69,2,2,418)
r(71,0,2,418)
r(69,2,2,418)
r(57,5,2,418)
w(72,1,6,432)
w(72,2,6,432)
w(72,3,6,432)
r(57,5,6,432)
w(69,6,6,432)
r(72,3,6,432)
r(57,5,6,432)
r(65,2,2,435)
r(69,6,2,435)
r(67,3,2,435)
r(72,3,2,435)
r(69,6,2,435)
r(57,5,2,435)
w(73,1,0,440)
r(67,3,0,440)
w(74,1,0,440)
w(74,2,0,440)
r(74,2,7,444)
w(73,4,7,444)
r(73,4,7,444)
r(67,3,7,444)
r(73,4,7,444)
w(76,1,9,449)
w(76,2,9,449)
r(76,2,9,449)
w(76,3,9,449)
w(73,7,7,452)
w(73,8,7,452)
r(74,2,7,452)
r(73,8,7,452)
w(74,7,7,452)
w(75,1,7,452)
r(76,0,7,452)
r(57,5,7,452)
r(76,3,5,454)
r(76,3,5,454)
r(76,3,5,454)
r(74,2,5,454)
w(76,6,5,454)
r(77,0,4,457)
w(77,1,4,457)
r(76,6,4,457)
r(77,1,4,457)
r(78,0,4,457)
r(75,1,4,457)
w(78,1,3,459)
r(78,1,3,459)
r(78,1,3,459)
r(77,1,3,459)
w(78,2,2,462)
w(78,3,2,462)
r(65,2,2,462)
w(77,2,2,462)
w(78,5,9,468)
w(77,3,9,468)
w(78,6,9,468)
r(78,6,9,468)
r(78,6,9,468)
r(79,0,5,476)
w(79,7,5,476)
w(79,8,5,476)
r(80,0,5,476)
r(82,0,5,476)
r(81,0,2,479)
r(82,0,2,479)
w(75,6,2,479)
w(82,1,2,479)
w(81,1,2,479)
r(75,6,2,479)
r(84,0,8,492)
r(84,0,8,492)
w(84,3,8,492)
r(81,1,8,492)
r(81,1,8,492)
w(81,7,8,492)
w(81,8,8,492)
r(84,3,8,492)
r(83,0,8,495)
r(85,0,8,495)
r(86,0,8,495)
w(86,3,8,495)
r(84,3,8,495)
r(87,0,1,499)
w(86,7,1,499)
r(85,0,1,499)
r(87,0,1,499)
r(87,0,8,502)
w(80,2,8,502)
r(85,0,8,502)
r(87,0,8,502)
w(87,1,8,502)
r(86,3,8,502)
r(86,3,8,502)
r(83,0,0,505)
r(86,7,0,505)
w(85,3,0,505)
r(87,1,0,505)
r(87,1,6,508)
r(83,0,6,508)
r(87,1,6,508)
r(87,1,6,508)
r(88,0,6,508)
w(80,3,6,508)
r(88,0,9,510)
w(88,1,9,510)
w(87,3,9,510)
r(87,3,9,510)
r(87,3,9,510)
r(87,3,9,510)
r(87,3,9,510)
w(87,4,9,510)
w(87,6,4,519)
r(87,6,4,519)
w(87,7,4,519)
r(80,3,4,519)
w(83,6,0,524)
w(89,1,0,524)
r(88,1,0,524)
w(89,2,0,524)
w(83,7,0,524)
r(88,1,0,524)
r(83,7,2,528)
w(89,7,2,528)
r(89,7,2,528)
w(80,4,2,528)
r(89,7,8,536)
r(88,1,8,536)
r(88,1,8,536)
w(80,5,8,536)
w(88,8,8,536)
w(92,1,8,536)
w(85,5,8,536)
w(92,2,8,536)
w(92,6,9,541)
w(91,8,9,541)
w(90,1,9,541)
r(91,8,9,541)
w(92,7,9,541)
w(85,6,9,541)
w(93,3,6,547)
r(92,7,6,547)
r(93,3,6,547)
w(85,7,6,547)
w(93,4,6,547)
w(94,1,6,547)
r(93,4,4,550)
r(94,1,4,550)
r(93,4,4,550)
w(93,7,4,550)
w(94,2,4,550)
r(94,2,4,550)
r(94,2,4,550)
r(94,2,4,550)
w(80,6,2,553)
w(94,4,2,553)
r(95,0,2,553)
r(94,4,2,553)
r(95,0,1,555)
w(95,1,1,555)
r(95,1,1,555)
r(90,1,1,555)
r(85,7,1,555)
w(95,2,8,560)
w(94,5,8,560)
w(95,3,8,560)
w(95,4,8,560)
w(95,5,8,560)
w(95,6,8,560)
r(94,4,7,561)
r(97,0,7,561)
w(97,1,7,561)
r(96,0,7,561)
r(97,1,7,561)
r(97,1,7,561)
r(97,1,7,561)
r(97,1,1,566)
r(97,1,1,566)
r(97,1,1,566)
r(94,5,1,566)
w(97,2,1,566)
w(96,1,1,566)
r(97,2,1,566)
r(97,2,5,569)
r(97,2,5,569)
w(94,6,5,569)
w(94,7,5,569)
w(90,4,1,574)
r(98,0,1,574)
w(98,1,1,574)
w(98,2,1,574)
w(98,3,1,574)
w(94,8,1,574)
r(99,0,7,577)
w(99,1,7,577)
w(96,2,7,577)
r(98,0,7,577)
r(100,0,3,581)
w(100,2,3,581)
r(99,1,3,581)
r(96,2,3,581)
r(96,2,3,581)
r(100,2,3,581)
r(96,2,1,585)
r(99,1,1,585)
w(100,3,1,585)
r(100,3,1,585)
r(100,3,1,585)
w(99,2,6,587)
r(100,3,6,587)
r(100,3,6,587)
r(100,3,6,587)
r(96,2,6,587)
w(99,4,5,596)
w(99,5,5,596)
w(100,8,5,596)
r(100,8,5,596)
w(104,1,1,601)
w(104,2,1,601)
r(96,2,1,601)
r(80,6,1,601)
r(102,0,1,601)
r(101,0,2,603)
w(101,1,2,603)
w(101,2,2,603)
w(101,3,2,603)
w(101,4,2,603)
w(101,5,2,603)
r(102,0,1,605)
r(103,0,1,605)
r(102,0,1,605)
r(104,2,1,605)
r(104,2,1,605)
r(102,0,1,605)
r(102,0,5,607)
w(104,4,5,607)
w(96,6,5,607)
r(104,4,5,607)
r(102,0,7,614)
w(102,4,7,614)
w(103,1,7,614)
w(102,5,7,614)
w(102,6,7,614)
r(102,6,7,614)
r(102,6,7,614)
r(102,0,4,615)
r(104,4,4,615)
r(96,6,4,615)
w(96,8,4,615)
w(106,2,2,622)
w(105,6,2,622)
w(104,8,2,622)
w(105,7,2,622)
r(107,0,9,626)
w(106,4,9,626)
w(108,1,9,626)
w(107,2,9,626)
w(107,3,0,631)
r(108,1,0,631)
w(107,4,0,631)
w(108,3,0,631)
r(108,3,0,631)
r(108,3,0,631)
r(107,4,9,635)
r(107,4,9,635)
r(108,3,9,635)
w(108,6,9,635)
w(108,7,1,638)
r(106,4,1,638)
r(106,4,1,638)
r(107,4,1,638)
w(103,5,1,638)
w(108,8,1,638)
r(107,4,1,638)
r(107,4,1,638)
r(106,4,7,639)
r(103,1,7,639)
r(107,4,7,639)
r(106,4,7,639)
r(107,4,7,639)
r(109,0,7,639)
r(106,4,7,639)
w(110,1,5,643)
w(110,2,5,643)
r(110,2,5,643)
r(110,2,5,643)
r(110,2,5,643)
r(109,0,5,643)
r(109,0,5,643)
w(110,3,5,643)
r(110,3,4,645)
r(109,0,4,645)
r(110,3,4,645)
r(110,3,4,645)
r(110,3,2,653)
r(109,0,2,653)
r(110,3,2,653)
w(109,6,2,653)
w(110,8,2,653)
r(111,0,0,659)
w(109,8,0,659)
w(111,4,0,659)
r(103,5,0,659)
r(111,4,0,659)
w(113,1,2,665)
w(111,8,2,665)
w(112,1,2,665)
w(113,2,2,665)
w(116,1,2,665)
r(116,1,2,665)
w(114,1,2,665)
r(116,1,9,668)
r(116,1,9,668)
r(116,1,9,668)
r(116,1,9,668)
w(116,6,0,675)
r(114,1,0,675)
r(114,1,0,675)
w(116,7,0,675)
w(116,8,2,679)
r(116,8,2,679)
w(113,3,2,679)
r(117,0,2,679)
w(117,1,2,679)
w(117,2,2,679)
w(117,5,4,683)
w(118,2,4,683)
w(118,3,4,683)
r(113,3,4,683)
w(113,4,9,685)
r(117,2,9,685)
r(117,2,9,685)
r(117,2,9,685)
r(117,5,1,687)
r(118,3,1,687)
r(113,4,1,687)
r(118,3,1,687)
r(112,1,1,687)
w(117,7,1,687)
r(112,1,6,690)
r(117,7,6,690)
r(117,7,6,690)
r(118,3,6,690)
w(117,8,6,690)
w(113,5,6,690)
r(119,0,9,696)
w(118,7,9,696)
r(112,1,9,696)
w(119,5,9,696)
w(113,6,0,699)
w(118,8,0,699)
r(118,8,0,699)
r(118,8,0,699)
w(119,8,3,702)
r(118,8,3,702)
r(118,8,3,702)
r(119,8,3,702)
r(119,5,6,704)
r(113,6,6,704)
w(112,7,6,704)
r(119,5,6,704)
w(120,1,6,704)
r(120,1,0,707)
r(120,1,0,707)
r(119,8,0,707)
r(121,0,0,707)
r(120,1,8,709)
r(119,8,8,709)
r(119,8,8,709)
r(119,8,8,709)
r(120,1,8,709)
r(120,1,2,711)
r(121,0,2,711)
r(113,6,2,711)
r(119,8,2,711)
r(120,1,2,711)
r(119,8,2,711)
w(121,1,2,711)
r(120,1,2,711)
r(122,0,1,714)
r(120,1,1,714)
r(121,1,1,714)
r(120,1,1,714)
r(119,8,3,715)
r(120,1,3,715)
w(122,1,3,715)
r(122,1,3,715)
r(120,1,3,715)
w(122,2,3,715)
r(120,1,6,718)
w(122,3,6,718)
w(122,4,6,718)
r(120,1,6,718)
r(120,1,9,720)
w(121,2,9,720)
r(121,2,9,720)
r(120,1,9,720)
w(120,2,9,720)
r(122,2,9,720)
r(122,4,7,726)
w(121,5,7,726)
r(121,5,7,726)
w(113,7,7,726)
r(121,5,7,726)
w(120,6,8,730)
r(120,6,8,730)
r(122,4,8,730)
w(122,8,8,730)
r(121,2,8,730)
w(113,8,6,733)
r(122,4,6,733)
r(113,8,6,733)
r(124,0,6,733)
r(115,0,6,733)
w(123,1,6,733)
r(124,0,9,734)
r(124,0,9,734)
w(124,1,9,734)
w(124,2,9,734)
r(124,2,9,734)
r(121,5,9,734)
w(123,2,7,738)
r(124,2,7,738)
r(124,2,7,738)
w(115,2,7,738)
r(124,2,9,742)
w(123,3,9,742)
r(123,3,9,742)
r(113,8,9,742)
r(124,2,9,742)
w(123,4,9,742)
r(124,2,5,744)
w(124,5,5,744)
w(124,6,5,744)
r(124,6,5,744)
w(124,7,5,744)
w(121,7,5,744)
w(125,2,7,753)
r(125,2,7,753)
r(125,2,7,753)
w(125,3,7,753)
w(121,8,7,753)
w(115,3,7,753)
w(123,6,7,753)
r(113,8,7,753)
w(128,1,7,760)
r(128,1,7,760)
r(126,0,7,760)
r(128,1,7,760)
w(128,2,7,760)
r(127,0,1,763)
r(126,0,1,763)
r(126,0,1,763)
w(127,2,1,763)
w(129,4,1,763)
w(128,5,7,766)
r(129,4,7,766)
w(129,5,7,766)
r(129,5,7,766)
r(126,0,7,766)
r(128,5,7,766)
w(129,6,7,766)
r(128,5,5,770)
r(128,5,5,770)
w(129,8,5,770)
r(129,8,5,770)
r(128,5,5,770)
r(126,0,5,770)
r(126,0,5,770)
r(126,0,5,770)
w(130,1,7,772)
w(130,2,7,772)
r(130,2,7,772)
r(130,2,7,772)
r(130,2,7,772)
r(130,2,7,772)
w(130,3,7,772)
w(130,4,7,772)
r(130,4,2,775)
r(128,5,2,775)
r(130,4,2,775)
w(130,6,2,775)
r(130,6,9,778)
r(128,5,9,778)
r(130,6,9,778)
r(130,6,9,778)
r(128,5,9,778)
r(130,6,2,779)
r(128,5,2,779)
r(130,6,2,779)
r(127,2,2,779)
r(126,0,2,779)
r(130,6,2,781)
r(126,0,2,781)
r(126,0,2,781)
r(130,6,2,781)
r(130,6,2,781)
r(130,6,2,781)
r(130,6,2,781)
r(130,6,2,781)
r(126,0,4,786)
w(115,4,4,786)
w(130,7,4,786)
r(130,7,4,786)
w(130,8,4,786)
w(131,1,4,786)
r(131,1,4,786)
w(131,2,4,786)
w(131,5,5,791)
r(131,5,5,791)
r(126,0,5,791)
r(131,5,5,791)
r(131,5,5,791)
w(127,4,6,795)
r(115,4,6,795)
r(132,0,6,795)
w(115,5,6,795)
w(131,7,5,796)
w(126,2,5,796)
r(126,2,5,796)
w(131,8,5,796)
r(131,8,5,796)
r(132,0,0,806)
r(127,4,0,806)
w(132,1,0,806)
w(133,1,0,806)
w(132,2,0,806)
r(134,0,8,808)
w(134,2,8,808)
r(132,0,8,808)
r(134,2,8,808)
r(126,2,5,809)
w(135,1,5,809)
r(134,2,5,809)
w(134,3,5,809)
r(134,3,5,809)
r(134,3,1,815)
w(126,4,1,815)
w(135,2,1,815)
r(135,2,1,815)
w(134,4,1,815)
w(127,5,1,815)
r(134,4,1,815)
w(135,3,9,827)
w(127,6,9,827)
w(135,4,9,827)
w(136,1,9,827)
w(127,7,9,827)
r(136,1,9,827)
r(136,1,9,827)
r(126,4,9,827)
r(136,1,1,830)
r(115,5,1,830)
r(138,0,1,830)
w(138,1,1,830)
r(126,4,1,830)
r(137,0,5,834)
r(126,4,5,834)
w(138,3,5,834)
r(126,4,5,834)
r(126,4,8,848)
r(138,3,8,848)
r(137,0,8,848)
r(126,4,8,848)
w(137,4,4,850)
r(138,3,4,850)
w(138,6,4,850)
r(138,6,4,850)
r(127,7,4,850)
r(138,6,4,850)
r(141,0,6,858)
w(141,2,6,858)
r(137,0,6,858)
r(141,2,6,858)
r(141,2,6,858)
r(141,2,6,858)
r(142,0,4,859)
w(143,2,4,859)
r(143,2,4,859)
w(140,3,4,859)
r(142,0,4,862)
r(139,0,4,862)
r(143,2,4,862)
r(143,2,4,862)
w(142,3,4,862)
w(139,2,4,862)
r(142,3,4,862)
r(140,3,1,867)
r(140,3,1,867)
w(143,3,1,867)
w(142,4,1,867)
r(143,3,1,867)
w(142,5,1,867)
r(143,3,6,871)
r(142,5,6,871)
w(143,7,6,871)
w(142,7,6,871)
r(143,7,6,871)
r(144,0,6,876)
w(144,1,6,876)
r(144,1,6,876)
w(144,2,6,876)
r(146,0,0,877)
r(146,0,0,877)
r(144,0,0,877)
r(139,2,0,877)
r(146,0,0,877)
w(146,1,0,877)
r(144,2,9,882)
w(146,2,9,882)
r(146,2,9,882)
r(144,2,9,882)
w(146,3,9,882)
r(144,2,9,882)
r(146,3,9,882)
r(144,2,4,887)
w(139,3,4,887)
w(144,5,4,887)
w(144,6,4,887)
r(144,2,6,889)
w(146,5,6,889)
r(144,2,6,889)
r(146,5,6,889)
r(146,3,0,893)
r(146,3,0,893)
r(144,2,0,893)
w(145,3,0,893)
w(147,1,0,893)
r(146,5,15,897)
r(146,5,15,897)
w(147,6,15,897)
r(147,6,15,897)
w(146,7,15,897)
r(146,7,15,897)
w(139,5,6,899)
r(140,3,6,899)
w(146,8,6,899)
r(147,6,6,899)
r(140,3,6,899)
r(147,6,6,899)
w(147,7,15,903)
r(139,5,15,903)
r(140,3,15,903)
r(147,7,15,903)
r(147,7,15,903)
r(139,5,15,903)
r(148,0,17,909)
w(148,2,17,909)
w(148,3,17,909)
r(149,0,17,909)
w(148,4,17,909)
w(149,1,17,909)
r(149,1,6,912)
r(150,0,6,912)
w(149,3,6,912)
r(150,0,6,912)
w(150,2,6,912)
r(149,3,6,912)
r(139,5,6,912)
w(149,4,6,912)
r(149,1,0,914)
r(149,1,0,914)
r(149,1,0,914)
r(139,5,0,914)
r(149,1,0,914)
w(148,6,0,914)
w(148,7,0,914)
w(145,4,0,914)
r(149,4,12,915)
r(149,4,12,915)
r(148,4,12,915)
r(149,4,12,915)
r(150,2,12,915)
r(149,4,12,915)
w(148,8,15,918)
w(145,5,15,918)
r(148,8,15,918)
w(150,3,15,918)
r(149,4,4,919)
r(149,4,4,919)
r(149,4,4,919)
r(148,7,4,919)
w(149,5,4,919)
w(149,6,12,922)
r(150,3,12,922)
w(149,7,12,922)
r(148,8,12,922)
w(151,2,15,928)
w(150,4,15,928)
w(139,8,15,928)
r(152,0,15,928)
r(152,0,15,928)
r(152,0,15,928)
r(152,0,9,931)
r(152,0,9,931)
r(152,0,9,931)
r(150,4,9,931)
r(151,2,9,931)
w(152,5,1,942)
w(152,6,1,942)
w(152,7,1,942)
r(154,0,1,942)
w(154,8,1,942)
r(145,5,1,942)
r(154,8,1,942)
r(145,5,1,942)
w(155,3,1,950)
r(155,3,1,950)
w(153,2,1,950)
w(156,3,1,950)
w(155,4,1,950)
w(155,5,1,950)
w(156,4,1,950)
w(156,5,1,950)
w(153,3,6,952)
w(150,6,6,952)
w(157,1,6,952)
r(158,0,6,952)
r(158,0,6,958)
r(145,5,6,958)
w(157,2,6,958)
r(158,0,6,958)
r(153,3,0,961)
r(157,1,0,961)
w(158,2,0,961)
w(158,3,0,961)
r(158,3,0,961)
r(158,3,17,964)
r(157,2,17,964)
r(157,2,17,964)
w(157,4,17,964)
r(158,3,17,964)
w(157,7,4,968)
r(159,0,4,968)
r(159,0,4,968)
w(159,1,4,968)
w(153,4,4,968)
r(150,6,4,968)
r(159,1,4,968)
w(159,2,4,968)
r(159,2,1,972)
w(160,1,1,972)
w(159,3,1,972)
w(159,4,1,972)
r(159,4,1,972)
r(159,4,9,973)
r(159,4,9,973)
w(161,1,9,973)
r(159,4,9,973)
w(159,5,9,973)
r(145,5,12,976)
r(153,4,12,976)
r(161,1,12,976)
w(160,4,12,976)
r(161,1,12,976)
w(162,1,6,979)
r(160,4,6,979)
r(161,1,6,979)
r(162,1,6,979)
r(162,1,6,979)
r(162,1,6,979)
w(161,2,1,987)
w(162,2,1,987)
r(162,2,1,987)
r(162,2,1,987)
w(162,3,1,987)
w(153,6,1,987)
r(162,3,1,987)
w(162,6,17,992)
r(161,2,17,992)
r(162,6,17,992)
w(161,5,17,992)
r(164,0,4,998)
r(163,0,4,998)
r(161,5,4,998)
w(161,8,4,998)
w(163,7,9,1003)
w(163,8,9,1003)
w(166,1,9,1003)
r(164,0,9,1003)
r(166,1,9,1003)
w(166,2,9,1003)
r(166,2,9,1003)
r(165,0,9,1003)
r(164,0,4,1005)
r(166,2,4,1005)
w(164,3,4,1005)
r(166,2,4,1005)
r(153,6,4,1005)
r(166,2,4,1005)
r(153,6,8,1007)
r(166,2,8,1007)
r(166,2,8,1007)
w(165,2,8,1007)
r(166,2,8,1007)
r(153,6,6,1016)
r(145,5,6,1016)
w(167,2,6,1016)
w(153,8,6,1016)
r(167,2,6,1016)
w(165,4,4,1018)
w(145,8,4,1018)
w(164,6,4,1018)
r(165,4,4,1018)
w(165,5,4,1018)
r(164,6,4,1018)
r(165,5,4,1018)
w(165,8,1,1026)
w(168,1,1,1026)
r(164,6,1,1026)
w(168,2,1,1026)
r(169,0,1,1026)
r(169,0,8,1030)
r(168,2,8,1030)
r(169,0,8,1030)
r(164,6,8,1030)
r(169,0,6,1033)
w(169,3,6,1033)
w(169,4,6,1033)
w(169,5,6,1033)
w(170,1,6,1033)
w(170,2,6,1033)
r(169,5,9,1036)
w(164,8,9,1036)
r(169,5,9,1036)
r(169,5,9,1036)
r(168,2,8,1038)
w(172,1,8,1038)
w(172,2,8,1038)
r(164,6,8,1038)
r(172,2,6,1039)
r(171,0,6,1039)
r(172,2,6,1039)
w(172,3,6,1039)
w(170,3,6,1039)
r(171,0,6,1039)
r(168,2,6,1039)
r(172,3,1,1042)
r(168,2,1,1042)
w(172,4,1,1042)
w(168,4,1,1042)
r(172,4,1,1042)
r(172,4,1,1042)
r(168,4,1,1042)
r(172,4,8,1045)
r(172,4,8,1045)
r(172,4,8,1045)
r(172,4,8,1045)
w(172,8,4,1050)
r(168,4,4,1050)
r(173,0,4,1050)
r(168,4,4,1050)
r(172,8,4,1050)
r(173,0,4,1050)
r(174,0,0,1052)
r(174,0,0,1052)
w(174,1,0,1052)
r(174,1,0,1052)
r(174,1,0,1052)
r(174,1,0,1052)
w(174,2,0,1052)
w(171,1,0,1052)
r(174,2,1,1056)
r(174,2,1,1056)
r(174,2,1,1056)
r(171,1,1,1056)
r(174,2,1,1056)
r(175,0,1,1056)
r(175,0,1,1056)
r(175,0,1,1056)
w(174,6,8,1057)
r(174,6,8,1057)
r(174,6,8,1057)
r(174,6,8,1057)
w(170,5,4,1060)
w(174,7,4,1060)
w(173,2,4,1060)
r(173,2,4,1060)
r(175,0,0,1062)
w(175,1,0,1062)
r(174,6,0,1062)
r(173,0,0,1062)
w(175,2,0,1062)
r(175,2,3,1063)
w(175,3,3,1063)
w(174,8,3,1063)
r(174,8,3,1063)
r(174,8,8,1066)
r(173,2,8,1066)
r(176,0,8,1066)
w(175,4,8,1066)
r(176,0,8,1066)
r(173,2,12,1070)
r(173,2,12,1070)
r(175,3,12,1070)
r(175,3,12,1070)
w(173,3,12,1070)
w(176,1,12,1070)
w(176,2,12,1070)
w(176,3,12,1070)
w(175,5,3,1072)
r(176,3,3,1072)
r(173,3,3,1072)
r(176,3,3,1072)
w(175,6,3,1072)
w(171,2,3,1072)
w(175,7,3,1072)
r(176,3,8,1073)
r(171,1,8,1073)
r(173,3,8,1073)
w(173,4,8,1073)
r(176,3,17,1077)
r(176,3,17,1077)
w(176,7,17,1077)
r(175,7,17,1077)
w(175,8,17,1077)
w(178,2,17,1086)
r(178,2,17,1086)
r(170,5,17,1086)
w(173,5,17,1086)
w(178,3,17,1086)
r(173,5,17,1086)
w(177,2,17,1086)
r(178,3,17,1086)
w(177,4,8,1090)
r(178,3,8,1090)
w(170,8,8,1090)
w(173,6,8,1090)
w(177,5,8,1090)
r(178,3,4,1095)
r(173,5,4,1095)
w(178,8,4,1095)
w(180,1,4,1095)
w(180,2,4,1095)
r(177,2,4,1095)
r(180,2,1,1098)
w(177,8,1,1098)
r(180,2,1,1098)
r(180,2,1,1098)
w(173,8,1,1098)
r(180,2,1,1098)
w(179,1,1,1098)
w(181,1,9,1104)
w(182,1,9,1104)
r(182,1,9,1104)
w(182,2,9,1104)
r(182,2,9,1104)
w(182,3,9,1104)
w(182,4,9,1104)
w(182,7,8,1109)
w(171,5,8,1109)
r(181,1,8,1109)
r(181,1,8,1109)
w(182,8,8,1109)
r(182,8,8,1109)
r(182,8,8,1109)
w(181,7,8,1109)
r(184,0,6,1111)
w(184,1,6,1111)
w(184,2,6,1111)
w(184,3,6,1111)
w(171,6,8,1116)
r(184,3,8,1116)
w(184,5,8,1116)
r(181,7,8,1116)
r(184,5,8,1116)
r(181,7,8,1116)
r(186,0,9,1123)
w(187,1,9,1123)
w(183,3,9,1123)
w(183,4,9,1123)
r(187,1,9,1123)
w(186,1,1,1124)
w(186,2,1,1124)
w(185,1,1,1124)
r(185,1,1,1124)
w(186,3,1,1124)
r(185,1,1,1124)
w(171,7,1,1124)
w(185,8,6,1133)
r(183,4,6,1133)
r(188,0,6,1133)
r(185,8,6,1133)
r(188,0,6,1133)
w(188,1,17,1142)
r(189,0,17,1142)
w(189,1,17,1142)
r(171,7,17,1142)
w(188,2,17,1142)
w(183,6,17,1142)
r(190,0,6,1146)
r(190,0,6,1146)
r(179,1,6,1146)
r(179,1,6,1146)
w(189,7,4,1150)
r(189,7,4,1150)
r(190,0,4,1150)
w(190,2,4,1150)
r(190,2,4,1150)
w(189,8,4,1150)
r(179,1,4,1150)
w(191,1,4,1150)
w(190,8,9,1154)
r(190,8,9,1154)
r(190,8,9,1154)
r(192,0,9,1154)
w(192,1,9,1154)
w(179,4,1,1155)
r(192,0,1,1155)
r(192,0,1,1155)
w(179,5,1,1155)
r(183,6,1,1155)
w(191,6,9,1161)
r(192,1,9,1161)
r(192,1,9,1161)
w(192,4,9,1161)
r(191,6,17,1164)
w(192,5,17,1164)
r(192,5,17,1164)
r(192,5,17,1164)
w(192,6,17,1164)
r(192,6,17,1164)
r(192,6,4,1168)
r(194,0,4,1168)
r(192,6,4,1168)
r(192,6,4,1168)
w(194,1,4,1168)
r(194,1,4,1168)
r(171,7,4,1168)
r(179,5,4,1168)
w(191,7,15,1169)
w(192,8,15,1169)
w(191,8,15,1169)
r(179,5,15,1169)
r(195,0,12,1174)
r(193,0,12,1174)
r(195,0,12,1174)
r(194,1,12,1174)
r(194,1,4,1176)
w(195,1,4,1176)
w(193,2,4,1176)
r(195,1,4,1176)
r(193,2,4,1176)
r(195,1,4,1176)
w(194,2,4,1176)
w(195,2,4,1176)
w(195,8,17,1183)
w(194,3,17,1183)
w(194,4,17,1183)
w(197,1,17,1183)
r(197,1,17,1183)
w(197,2,17,1183)
w(196,1,0,1185)
r(197,0,0,1185)
r(197,0,0,1185)
r(197,0,0,1185)
r(197,0,0,1185)
r(194,2,0,1185)
r(197,0,0,1185)
w(197,6,6,1190)
w(197,7,6,1190)
w(197,8,6,1190)
r(196,1,6,1190)
r(197,8,6,1190)
w(194,6,6,1190)
w(196,2,6,1190)
w(199,3,0,1198)
r(200,0,0,1198)
w(200,1,0,1198)
r(199,3,0,1198)
w(200,2,0,1198)
r(199,3,0,1198)
w(199,4,0,1198)
w(199,5,0,1198)
w(196,4,17,1206)
w(201,1,17,1206)
r(201,1,17,1206)
r(201,1,17,1206)
w(196,5,17,1206)
w(200,5,17,1206)
w(200,6,17,1206)
r(193,2,3,1207)
r(193,2,3,1207)
r(193,2,3,1207)
r(201,0,3,1207)
r(200,6,4,1211)
r(201,1,4,1211)
r(193,2,4,1211)
w(201,2,4,1211)
r(201,2,4,1211)
r(201,2,4,1211)
r(201,2,4,1211)
w(201,3,4,1211)
r(202,0,15,1214)
w(201,5,15,1214)
r(202,0,15,1214)
w(201,6,15,1214)
r(201,6,15,1214)
r(203,0,15,1214)
r(203,0,15,1218)
r(201,6,15,1218)
w(202,3,15,1218)
r(201,6,15,1218)
w(201,8,15,1218)
r(201,8,15,1218)
r(203,0,15,1218)
r(202,3,15,1218)
w(204,1,4,1219)
r(203,0,4,1219)
r(204,1,4,1219)
r(204,1,4,1219)
r(203,0,4,1219)
r(202,0,4,1219)
r(204,1,15,1222)
w(204,3,15,1222)
r(202,3,15,1222)
w(204,4,15,1222)
w(204,5,12,1227)
w(198,1,12,1227)
w(202,4,12,1227)
r(204,5,12,1227)
r(202,4,12,1227)
r(203,0,12,1227)
w(202,5,12,1227)
r(204,5,3,1232)
r(202,5,3,1232)
r(205,0,3,1232)
r(196,5,3,1232)
r(206,0,3,1232)
w(206,1,3,1232)
r(198,1,3,1232)
r(205,0,3,1232)
r(204,5,15,1237)
r(203,0,15,1237)
w(202,7,15,1237)
w(204,8,15,1237)
w(203,3,15,1237)
r(204,8,15,1237)
w(202,8,15,1237)
r(204,8,15,1237)
r(206,0,17,1241)
r(205,0,17,1241)
w(205,1,17,1241)
w(198,2,17,1241)
w(205,2,17,1241)
w(206,4,9,1245)
r(207,0,9,1245)
w(206,5,9,1245)
w(196,8,9,1245)
r(206,5,9,1245)
r(207,0,9,1245)
r(203,3,8,1248)
w(207,4,8,1248)
r(206,5,8,1248)
r(207,4,8,1248)
w(203,5,8,1248)
r(207,4,8,1248)
r(207,4,8,1248)
w(207,5,8,1248)
w(203,6,12,1252)
w(208,2,12,1252)
r(210,0,12,1252)
r(208,2,12,1252)
r(208,2,12,1252)
r(210,0,17,1262)
w(210,5,17,1262)
w(210,6,17,1262)
w(203,8,17,1262)
r(208,2,17,1262)
r(208,2,17,1262)
w(210,7,17,1262)
w(209,1,17,1262)
r(211,0,15,1263)
r(211,0,15,1263)
r(211,0,15,1263)
r(208,2,15,1263)
r(208,2,15,1263)
r(198,2,15,1263)
r(211,0,15,1263)
r(211,0,6,1264)
w(211,1,6,1264)
w(211,2,6,1264)
r(212,0,6,1264)
w(211,3,6,1264)
r(198,2,6,1275)
r(211,3,6,1275)
r(212,0,6,1275)
r(211,3,6,1275)
r(211,3,6,1275)
w(211,6,6,1275)
w(212,2,6,1275)
w(213,1,8,1276)
r(214,0,8,1276)
w(198,3,8,1276)
r(209,1,8,1276)
w(208,7,12,1277)
w(208,8,12,1277)
r(213,0,12,1277)
r(213,0,12,1277)
r(213,0,12,1277)
r(209,1,4,1288)
w(215,1,4,1288)
r(212,2,4,1288)
r(214,0,4,1288)
w(215,2,4,1288)
r(214,0,4,1288)
r(214,0,4,1288)
r(215,2,4,1288)
r(214,0,9,1290)
r(215,0,9,1290)
r(215,0,9,1290)
r(214,0,9,1290)
r(209,1,9,1290)
r(215,2,12,1292)
r(215,2,12,1292)
r(215,2,12,1292)
w(215,5,12,1292)
r(216,0,12,1292)
r(215,5,15,1298)
w(216,2,15,1298)
w(215,7,15,1298)
w(215,8,15,1298)
w(198,5,15,1298)
r(215,8,15,1298)
r(215,8,15,1298)
w(217,1,15,1298)
w(198,6,1,1299)
w(217,7,1,1299)
w(212,3,1,1299)
r(216,2,1,1299)
r(217,7,1,1299)
r(217,7,1,1304)
w(217,8,1,1304)
r(212,3,1,1304)
r(198,6,1,1304)
w(216,4,1,1304)
r(218,0,1,1304)
w(216,5,1,1304)
r(218,0,1,1304)
r(212,3,3,1306)
r(218,0,3,1306)
r(218,0,3,1306)
w(218,1,3,1306)
w(212,4,3,1306)
r(218,1,8,1310)
r(219,0,8,1310)
w(219,1,8,1310)
r(218,1,8,1310)
w(219,2,8,1310)
r(218,1,8,1310)
w(212,5,0,1312)
r(212,5,0,1312)
w(209,5,0,1312)
w(218,5,0,1312)
w(212,6,0,1312)
w(218,6,0,1312)
r(216,5,0,1312)
w(198,8,0,1312)
r(219,2,4,1313)
r(218,1,4,1313)
r(219,2,4,1313)
r(218,1,4,1313)
w(219,3,4,1313)
r(218,1,4,1313)
r(218,1,4,1313)
w(218,7,8,1316)
r(219,3,8,1316)
r(218,7,8,1316)
r(212,6,8,1316)
w(209,6,8,1316)
r(212,6,8,1316)
w(219,4,8,1316)
r(212,6,17,1319)
r(219,4,17,1319)
r(219,4,17,1319)
r(218,7,17,1319)
w(219,7,17,1319)
r(218,7,17,1319)
r(221,0,0,1323)
r(219,7,0,1323)
w(221,1,0,1323)
w(221,2,0,1323)
w(221,5,12,1328)
r(209,6,12,1328)
w(212,8,12,1328)
w(221,6,12,1328)
r(222,0,12,1328)
w(222,1,12,1328)
w(220,1,12,1328)
r(221,2,17,1330)
r(222,0,17,1330)
r(212,6,17,1330)
r(222,0,17,1330)
r(221,2,17,1330)
r(209,6,17,1330)
r(221,2,17,1330)
w(223,1,17,1330)
w(220,4,9,1337)
w(209,8,9,1337)
w(225,1,9,1337)
r(222,1,9,1337)
w(226,2,3,1353)
w(226,3,3,1353)
w(220,7,3,1353)
w(227,1,3,1353)
r(227,1,3,1353)
w(227,2,3,1353)
w(227,3,3,1353)
w(224,3,1,1359)
r(227,3,1,1359)
w(226,8,1,1359)
w(224,4,1,1359)
r(227,3,0,1360)
r(224,0,0,1360)
r(227,3,0,1360)
r(227,3,0,1360)
r(224,0,0,1360)
w(229,1,0,1360)
r(231,0,1,1369)
w(231,1,1,1369)
w(231,2,1,1369)
r(228,0,1,1369)
r(231,2,1,1369)
w(224,6,1,1369)
w(230,6,8,1371)
w(228,1,8,1371)
r(229,1,8,1371)
w(229,5,8,1371)
r(230,6,8,1371)
w(230,7,8,1371)
w(230,8,8,1371)
w(228,2,8,1371)
r(232,0,9,1374)
r(231,2,9,1374)
r(231,2,9,1374)
r(224,6,9,1374)
w(229,7,4,1376)
r(231,2,4,1376)
w(229,8,4,1376)
r(231,2,4,1376)
w(231,8,4,1376)
r(231,8,4,1376)
r(229,8,4,1376)
r(228,2,1,1377)
r(234,0,1,1377)
w(235,1,1,1377)
r(234,0,1,1377)
w(235,2,12,1383)
w(232,1,12,1383)
w(235,3,12,1383)
r(235,3,12,1383)
w(235,4,12,1383)
r(236,0,6,1398)
r(236,0,6,1398)
w(234,1,6,1398)
r(234,1,6,1398)
r(236,0,6,1398)
w(233,2,6,1400)
w(237,5,6,1400)
r(233,2,6,1400)
r(237,5,6,1400)
r(234,1,6,1400)
w(237,6,6,1400)
r(233,2,6,1400)
w(237,7,6,1400)
r(232,1,6,1402)
w(237,8,6,1402)
r(233,2,6,1402)
r(234,1,6,1402)
w(233,3,6,1402)
w(239,1,6,1402)
r(237,7,17,1404)
r(234,1,17,1404)
w(232,3,17,1404)
r(237,7,17,1404)
r(234,1,6,1406)
w(239,2,6,1406)
w(239,3,6,1406)
r(239,3,6,1406)
w(239,4,6,1406)
r(238,0,6,1409)
w(234,8,6,1409)
r(239,4,6,1409)
w(240,1,6,1409)
w(233,4,17,1413)
r(239,4,17,1413)
r(238,0,17,1413)
w(239,6,17,1413)
r(240,1,17,1413)
r(239,6,17,1413)
r(239,6,17,1413)
r(233,4,6,1420)
r(240,1,6,1420)
r(240,1,6,1420)
w(241,1,6,1420)
w(239,8,17,1424)
r(239,8,17,1424)
r(239,8,17,1424)
w(240,5,17,1424)
r(240,5,17,1424)
w(233,5,17,1424)
r(240,5,6,1430)
w(243,2,6,1430)
w(243,3,6,1430)
r(240,5,6,1430)
r(243,3,6,1430)
w(243,4,15,1431)
r(238,0,15,1431)
r(243,4,15,1431)
r(238,0,15,1431)
r(242,0,0,1446)
r(240,5,0,1446)
r(238,0,0,1446)
w(232,5,0,1446)
r(243,4,0,1446)
r(240,5,0,1446)
w(238,1,0,1446)
r(243,4,0,1446)
r(244,0,6,1447)
w(243,5,6,1447)
r(238,0,6,1447)
w(244,1,6,1447)
w(243,6,6,1447)
w(244,2,6,1447)
r(242,0,17,1457)
w(242,4,17,1457)
w(246,1,17,1457)
w(246,2,17,1457)
w(246,3,17,1457)
w(232,6,17,1457)
r(242,4,17,1457)
r(246,3,17,1457)
r(242,4,9,1463)
r(242,4,9,1463)
w(247,4,9,1463)
r(238,1,9,1463)
w(246,7,9,1463)
r(246,7,9,1463)
w(246,8,9,1463)
r(246,8,9,1463)
r(249,0,9,1478)
r(249,0,9,1478)
w(251,1,9,1478)
r(250,0,9,1478)
r(250,0,9,1478)
r(250,0,6,1480)
w(238,7,6,1480)
w(250,2,6,1480)
r(242,4,6,1480)
w(250,3,6,1480)
w(249,1,6,1480)
w(249,4,0,1485)
r(250,3,0,1485)
r(250,3,0,1485)
r(250,3,0,1485)
r(250,3,0,1485)
w(252,2,9,1492)
r(252,2,9,1492)
r(242,4,9,1492)
r(249,4,9,1492)
w(242,7,15,1496)
r(242,7,15,1496)
r(254,0,15,1496)
r(253,0,15,1496)
w(252,7,3,1497)
r(252,7,3,1497)
r(251,1,3,1497)
w(253,1,3,1497)
w(253,2,3,1497)
r(252,7,3,1497)
w(252,8,3,1497)
w(253,3,3,1497)
r(254,0,22,1505)
w(254,1,22,1505)
w(253,4,22,1505)
r(254,1,22,1505)
w(253,5,22,1505)
r(253,5,22,1505)
r(254,1,22,1505)
w(255,3,4,1510)
r(254,1,4,1510)
r(254,1,4,1510)
w(255,4,4,1510)
w(255,5,4,1510)
r(242,7,4,1510)
w(251,4,4,1510)
r(254,1,15,1519)
w(254,8,15,1519)
r(254,8,15,1519)
r(256,0,15,1519)
r(254,8,15,1519)
r(254,8,15,1519)
r(254,8,15,1519)
w(256,1,15,1519)
w(257,1,9,1521)
r(255,5,9,1521)
w(257,2,9,1521)
w(255,6,9,1521)
r(256,0,9,1521)
w(255,7,9,1521)
r(258,0,1,1524)
r(259,0,1,1524)
w(259,3,1,1524)
r(259,3,1,1524)
w(251,8,1,1524)
r(259,3,15,1533)
r(259,3,15,1533)
r(259,3,15,1533)
w(232,8,15,1533)
w(256,6,15,1533)
r(256,6,15,1533)
r(259,3,8,1536)
r(259,3,8,1536)
r(259,3,8,1536)
r(258,0,8,1536)
w(258,6,9,1546)
w(261,5,9,1546)
r(256,6,9,1546)
w(261,6,9,1546)
w(258,7,9,1546)
r(262,0,9,1546)
w(262,1,9,1546)
r(260,0,9,1546)
w(264,2,1,1554)
w(264,3,1,1554)
w(264,4,1,1554)
w(264,5,1,1554)
r(262,1,1,1554)
r(264,5,1,1554)
r(265,0,6,1556)
w(263,2,6,1556)
r(265,0,6,1556)
w(265,3,6,1556)
r(266,0,1,1561)
r(266,0,1,1561)
r(266,0,1,1561)
r(262,1,1,1561)
r(262,1,4,1570)
w(266,8,4,1570)
r(262,1,4,1570)
r(268,0,4,1570)
r(268,0,4,1570)
r(268,0,4,1570)
w(268,1,17,1573)
w(268,2,17,1573)
r(262,1,17,1573)
r(268,2,17,1573)
r(267,0,17,1573)
r(269,0,15,1582)
w(262,6,15,1582)
w(262,7,15,1582)
w(269,1,15,1582)
w(262,8,15,1582)
r(263,2,15,1582)
w(267,4,15,1582)
w(269,2,15,1582)
w(271,2,1,1593)
r(270,0,1,1593)
r(267,4,1,1593)
r(260,0,1,1593)
r(267,4,1,1593)
r(270,0,1,1593)
w(271,3,1,1593)
r(271,3,1,1593)
w(272,2,17,1600)
r(272,2,17,1600)
w(272,3,17,1600)
w(273,2,17,1600)
r(273,2,17,1600)
r(260,0,22,1609)
w(273,6,22,1609)
r(272,3,22,1609)
w(273,7,22,1609)
w(272,8,22,1609)
w(270,6,22,1609)
w(263,6,22,1609)
w(274,2,4,1611)
w(274,3,4,1611)
r(274,3,4,1611)
w(275,1,4,1611)
w(275,2,4,1611)
w(274,4,4,1611)
w(274,7,1,1613)
r(274,7,1,1613)
r(274,7,1,1613)
w(274,8,1,1613)
r(274,8,1,1613)
r(275,2,1,1613)
r(275,2,1,1613)
r(277,0,1,1616)
w(275,4,1,1616)
r(277,0,1,1616)
r(277,0,1,1616)
w(278,1,1,1616)
w(275,5,1,1616)
r(275,2,22,1619)
r(275,2,22,1619)
r(277,0,22,1619)
w(277,1,22,1619)
w(277,2,22,1619)
w(277,3,22,1619)
r(275,2,22,1619)
r(277,3,1,1622)
r(275,5,1,1622)
w(275,8,1,1622)
r(277,3,1,1622)
w(277,6,22,1624)
w(277,7,22,1624)
r(277,7,22,1624)
r(275,5,22,1624)
r(277,7,22,1624)
r(277,7,22,1624)
w(277,8,22,1624)
w(279,1,17,1626)
r(279,1,17,1626)
r(279,1,17,1626)
w(276,2,17,1626)
r(280,0,17,1626)
r(279,1,17,1626)
r(279,1,17,1626)
w(280,1,15,1628)
w(280,2,15,1628)
w(280,3,15,1628)
r(276,0,15,1628)
r(263,6,15,1628)
w(278,2,15,1628)
r(280,3,0,1631)
r(280,3,0,1631)
r(280,3,0,1631)
r(279,1,0,1631)
w(279,3,0,1631)
w(280,6,0,1631)
r(280,6,0,1631)
r(280,6,17,1634)
r(280,6,17,1634)
r(280,6,17,1634)
w(280,7,17,1634)
w(276,3,17,1634)
r(280,7,17,1634)
w(279,5,9,1640)
r(281,0,9,1640)
w(281,1,9,1640)
r(281,1,9,1640)
w(281,2,9,1640)
w(281,3,9,1640)
w(276,5,4,1644)
r(281,3,4,1644)
w(263,8,4,1644)
w(276,6,4,1644)
r(281,3,4,1644)
r(281,3,4,1644)
r(281,3,4,1644)
r(282,0,3,1648)
w(283,1,3,1648)
r(283,1,3,1648)
w(283,2,3,1648)
w(282,2,3,1648)
r(282,2,3,1648)
w(283,5,8,1655)
r(283,5,8,1655)
r(282,2,8,1655)
r(283,5,8,1655)
r(276,6,8,1655)
w(283,6,8,1655)
w(283,7,8,1655)
r(284,0,9,1656)
r(282,2,9,1656)
r(276,6,9,1656)
r(282,2,9,1656)
r(282,2,9,1656)
r(284,0,9,1656)
r(276,6,9,1656)
r(278,2,9,1656)
w(284,1,17,1660)
w(284,2,17,1660)
w(282,5,17,1660)
w(284,3,17,1660)
w(282,6,17,1660)
w(284,4,17,1660)
w(284,5,17,1660)
w(286,3,17,1663)
r(284,5,17,1663)
r(286,3,17,1663)
w(284,8,17,1663)
r(286,3,1,1666)
r(287,0,1,1666)
r(287,0,1,1666)
w(287,1,1,1666)
r(285,0,1,1666)
r(278,2,17,1670)
r(286,3,17,1670)
r(263,8,17,1670)
w(285,3,17,1670)
r(285,3,17,1670)
r(286,3,17,1670)
w(278,7,8,1673)
w(287,3,8,1673)
w(286,4,8,1673)
r(287,3,8,1673)
w(278,8,8,1673)
w(287,8,6,1678)
r(286,4,6,1678)
r(285,3,6,1678)
r(286,4,6,1678)
w(285,4,6,1678)
r(286,4,6,1678)
w(289,1,1,1679)
r(285,4,1,1679)
r(278,8,1,1679)
w(285,5,1,1679)
w(286,6,1,1679)
r(286,6,22,1685)
r(289,1,22,1685)
w(285,7,22,1685)
r(289,1,22,1685)
r(289,1,22,1685)
w(289,6,22,1685)
r(289,6,22,1685)
r(289,6,8,1687)
w(290,1,8,1687)
w(289,7,8,1687)
r(290,1,8,1687)
r(289,7,6,1689)
r(285,7,6,1689)
r(290,1,6,1689)
r(289,7,6,1689)
r(289,7,6,1689)
w(289,8,6,1689)
r(289,8,6,1689)
r(289,8,6,1689)
w(290,2,15,1695)
w(290,3,15,1695)
r(290,3,15,1695)
w(290,4,15,1695)
r(288,0,15,1695)
w(291,1,15,1695)
r(291,1,15,1695)
w(291,2,15,1695)
w(290,8,3,1698)
r(285,7,3,1698)
r(291,2,3,1698)
r(291,2,3,1698)
r(291,2,9,1701)
r(290,4,9,1701)
w(288,1,9,1701)
w(291,5,9,1701)
w(291,6,9,1701)
r(292,0,9,1701)
r(291,2,0,1702)
r(288,0,0,1702)
w(293,1,0,1702)
r(291,2,0,1702)
w(292,1,8,1705)
r(293,1,8,1705)
r(291,6,8,1705)
r(291,6,8,1705)
r(294,0,8,1705)
r(291,6,17,1709)
w(291,8,17,1709)
w(294,3,17,1709)
r(291,8,17,1709)
r(293,1,17,1709)
w(293,2,17,1709)
r(293,2,1,1711)
r(294,3,1,1711)
w(294,5,1,1711)
r(294,5,1,1711)
r(295,0,15,1718)
w(294,6,15,1718)
w(294,7,15,1718)
r(295,0,15,1718)
w(295,3,15,1718)
w(295,4,15,1718)
w(294,8,15,1718)
r(295,4,15,1718)
w(292,3,15,1724)
r(295,4,15,1724)
r(293,2,15,1724)
r(296,0,15,1724)
w(292,4,15,1724)
r(296,0,15,1724)
w(288,2,15,1724)
r(298,0,1,1730)
r(292,4,1,1730)
r(293,2,1,1730)
r(298,0,1,1730)
r(298,0,1,1730)
w(292,7,1,1730)
r(296,0,4,1731)
w(296,7,4,1731)
w(296,8,4,1731)
r(298,0,4,1731)
r(293,2,4,1731)
w(298,1,4,1731)
w(297,2,4,1731)
r(298,1,4,1731)
r(297,2,15,1734)
w(297,3,15,1734)
r(293,2,15,1734)
w(297,4,15,1734)
r(297,4,15,1734)
w(298,2,15,1734)
r(292,7,22,1735)
r(292,7,22,1735)
r(298,2,22,1735)
r(298,2,22,1735)
r(298,2,22,1735)
w(298,3,22,1735)
w(297,5,17,1738)
r(292,7,17,1738)
r(297,5,17,1738)
w(297,6,17,1738)
r(298,3,17,1738)
r(298,3,22,1743)
r(298,3,22,1743)
w(288,3,22,1743)
w(293,3,22,1743)
w(298,4,22,1743)
w(298,5,22,1743)
w(298,6,22,1743)
r(299,0,6,1746)
w(299,3,6,1746)
r(293,3,6,1746)
w(299,4,6,1746)
w(299,7,6,1749)
r(293,3,6,1749)
r(299,7,6,1749)
w(297,8,6,1749)
w(300,2,9,1755)
r(300,2,9,1755)
r(297,8,9,1755)
w(293,6,9,1755)
r(300,2,9,1755)
r(301,0,9,1755)
r(300,2,9,1755)
w(300,3,9,1755)
r(300,3,15,1758)
w(293,8,15,1758)
r(300,3,15,1758)
r(301,0,15,1758)
r(300,3,8,1760)
r(300,3,8,1760)
w(301,1,8,1760)
w(300,6,8,1760)
r(300,6,8,1760)
w(301,2,8,1760)
r(300,6,8,1760)
r(301,2,8,1760)
r(300,6,1,1767)
r(300,6,1,1767)
w(301,4,1,1767)
r(301,4,1,1767)
r(288,3,1,1767)
r(300,6,1,1767)
r(301,4,1,1767)
w(300,8,1,1767)
r(302,0,6,1769)
r(303,0,6,1769)
w(302,3,6,1769)
r(303,0,6,1769)
w(303,2,1,1774)
w(301,7,1,1774)
r(302,3,1,1774)
r(303,2,1,1774)
r(303,2,1,1774)
w(301,8,1,1774)
r(304,0,1,1774)
w(305,4,1,1782)
w(305,5,1,1782)
w(303,6,1,1782)
r(303,6,1,1782)
r(303,6,1,1782)
w(305,6,1,1782)
r(307,0,17,1789)
w(307,1,17,1789)
r(306,0,17,1789)
w(307,2,17,1789)
w(306,5,9,1791)
r(306,5,9,1791)
w(306,6,9,1791)
r(306,6,9,1791)
r(306,6,9,1791)
r(306,6,9,1791)
w(302,8,9,1791)
r(306,0,17,1794)
r(306,0,17,1794)
r(306,0,17,1794)
w(288,5,17,1794)
w(307,5,1,1796)
w(306,8,1,1796)
w(307,6,1,1796)
r(306,8,1,1796)
r(302,8,1,1796)
r(307,6,1,1796)
r(307,6,1,1800)
r(308,0,1,1800)
r(307,6,1,1800)
r(308,0,1,1800)
r(307,6,6,1801)
r(304,0,6,1801)
w(308,3,6,1801)
w(308,4,6,1801)
w(308,6,1,1806)
w(288,6,1,1806)
r(308,6,1,1806)
r(288,6,1,1806)
r(307,6,1,1806)
r(304,0,22,1816)
w(310,5,22,1816)
r(311,0,22,1816)
r(311,0,22,1816)
r(311,0,0,1820)
w(311,7,0,1820)
w(311,8,0,1820)
r(310,5,0,1820)
w(312,1,0,1820)
w(304,3,0,1820)
w(312,5,15,1823)
r(310,5,15,1823)
w(312,6,15,1823)
r(309,0,15,1823)
r(313,0,0,1828)
w(313,2,0,1828)
r(313,2,0,1828)
r(310,5,0,1828)
r(310,5,0,1828)
r(313,2,0,1828)
r(310,5,6,1830)
w(310,8,6,1830)
r(310,8,6,1830)
r(313,0,6,1830)
r(313,2,8,1833)
w(313,3,8,1833)
r(313,3,8,1833)
r(309,0,8,1833)
w(313,4,8,1833)
r(313,4,8,1833)
w(309,3,8,1833)
r(310,5,8,1833)
w(314,1,15,1836)
r(313,4,15,1836)
r(313,4,15,1836)
r(313,4,15,1836)
r(313,4,15,1836)
w(314,2,15,1836)
r(309,3,22,1839)
r(313,4,22,1839)
r(313,4,22,1839)
r(313,4,22,1839)
r(313,4,22,1839)
r(304,3,22,1839)
w(313,8,22,1839)
w(309,4,22,1839)
r(288,6,22,1847)
r(288,6,22,1847)
r(309,4,22,1847)
r(316,0,22,1847)
r(314,2,22,1847)
r(316,0,22,1847)
w(304,6,22,1847)
w(314,5,6,1849)
r(309,4,6,1849)
w(314,6,6,1849)
w(315,7,6,1849)
w(309,7,6,1849)
r(315,7,6,1849)
r(315,7,6,1849)
w(315,8,6,1849)
r(316,0,6,1851)
w(314,8,6,1851)
r(316,0,6,1851)
w(316,3,6,1851)
r(314,8,4,1854)
w(316,4,4,1854)
w(316,5,4,1854)
w(316,6,4,1854)
r(316,6,4,1854)
w(316,7,4,1854)
r(318,0,4,1854)
r(317,0,4,1854)
r(319,0,0,1859)
r(319,0,0,1859)
w(319,1,0,1859)
r(319,1,0,1859)
w(318,1,0,1859)
r(318,1,0,1859)
w(319,2,0,1859)
w(319,4,22,1862)
r(318,1,22,1862)
r(319,4,22,1862)
w(319,5,22,1862)
r(321,0,1,1867)
r(318,1,1,1867)
r(317,0,1,1867)
r(322,0,1,1867)
r(322,0,1,1867)
r(318,1,1,1867)
r(319,5,4,1868)
w(318,2,4,1868)
w(318,3,4,1868)
w(319,6,4,1868)
w(319,7,4,1868)
w(319,8,4,1868)
w(304,8,4,1868)
w(318,6,1,1874)
w(317,2,1,1874)
w(318,7,1,1874)
w(321,3,1,1874)
r(318,7,1,1874)
w(321,4,1,1874)
r(318,7,22,1878)
r(318,7,22,1878)
r(323,0,22,1878)
w(322,1,22,1878)
w(322,2,22,1878)
r(318,7,22,1878)
w(323,1,9,1879)
r(318,7,9,1879)
r(318,7,9,1879)
r(323,1,9,1879)
r(318,7,3,1882)
w(318,8,3,1882)
w(317,4,3,1882)
r(318,8,3,1882)
w(323,2,3,1882)
r(323,2,3,1882)
r(324,0,17,1886)
r(323,2,17,1886)
w(323,5,17,1886)
w(324,2,17,1886)
r(322,2,17,1886)
r(323,5,22,1894)
w(325,1,22,1894)
w(325,2,22,1894)
w(324,3,22,1894)
r(324,3,22,1894)
w(326,2,4,1901)
w(326,3,4,1901)
w(326,4,4,1901)
r(326,4,4,1901)
r(326,0,22,1903)
r(324,3,22,1903)
r(324,3,22,1903)
w(324,7,22,1903)
r(324,7,22,1903)
r(324,7,22,1903)
w(326,5,4,1905)
r(324,7,4,1905)
w(317,6,4,1905)
r(326,5,4,1905)
r(326,5,4,1905)
w(317,8,9,1915)
w(320,2,9,1915)
r(326,5,9,1915)
r(327,0,9,1915)
r(326,5,9,1915)
w(327,1,9,1915)
w(326,7,9,1915)
w(329,1,3,1920)
w(322,4,3,1920)
w(322,5,3,1920)
r(328,0,3,1920)
r(329,1,3,1920)
r(328,0,3,1920)
w(329,5,4,1923)
r(329,5,4,1923)
r(327,1,4,1923)
r(322,5,4,1923)
r(329,5,4,1923)
r(327,1,4,1923)
r(328,0,4,1923)
r(329,5,6,1925)
r(329,5,6,1925)
r(329,5,6,1925)
w(322,6,6,1925)
w(329,6,6,1925)
r(329,6,6,1925)
r(329,6,6,1925)
r(329,6,6,1925)
w(327,3,22,1927)
r(329,6,22,1927)
r(329,6,22,1927)
r(320,2,22,1927)
r(329,6,22,1927)
r(328,0,22,1927)
r(330,0,3,1937)
r(328,0,3,1937)
r(327,3,3,1937)
r(327,3,3,1937)
w(328,5,6,1940)
w(322,7,6,1940)
w(322,8,6,1940)
r(328,5,6,1940)
r(328,5,6,1940)
w(330,4,6,1940)
w(320,5,6,1940)
r(331,0,3,1942)
r(331,0,3,1942)
r(328,0,3,1942)
r(327,3,3,1942)
w(331,2,3,1942)
r(331,2,3,1942)
w(331,3,3,1942)
r(328,5,3,1946)
r(331,3,3,1946)
w(331,8,3,1946)
r(331,8,3,1946)
r(328,5,1,1948)
r(327,3,1,1948)
r(331,8,1,1948)
r(328,5,1,1948)
w(328,8,1,1948)
r(333,0,1,1948)
w(332,1,1,1948)
r(332,0,4,1950)
r(333,0,4,1950)
r(333,0,4,1950)
w(333,1,4,1950)
w(327,7,4,1950)
w(333,3,4,1956)
r(334,0,4,1956)
w(335,1,4,1956)
r(334,0,4,1956)
r(333,3,4,1956)
r(333,3,4,1956)
w(334,2,17,1957)
r(334,2,17,1957)
w(332,2,17,1957)
r(333,1,17,1957)
r(333,1,17,1957)
r(333,3,9,1962)
r(335,1,9,1962)
r(333,3,9,1962)
r(333,3,9,1962)
w(332,4,9,1962)
w(334,4,9,1962)
r(333,3,17,1968)
w(333,6,17,1968)
w(333,7,17,1968)
r(332,2,17,1968)
r(334,2,17,1968)
r(332,4,4,1972)
w(336,1,4,1972)
w(320,8,4,1972)
r(332,4,4,1972)
r(334,4,4,1972)
r(334,4,1,1975)
w(336,8,1,1975)
r(334,4,1,1975)
r(335,1,1,1975)
w(332,6,1,1975)
r(336,8,1,1975)
r(336,8,1,1975)
r(332,6,1,1975)
w(335,4,0,1982)
w(335,5,0,1982)
w(338,1,0,1982)
w(338,2,0,1982)
w(335,6,0,1982)
w(339,1,1,1985)
r(339,1,1,1985)
r(335,1,1,1985)
w(339,2,1,1985)
