r(3,0,5,15)
r(3,0,5,15)
w(2,3,5,15)
r(3,0,5,15)
r(5,0,5,15)
r(2,3,5,15)
r(5,0,5,15)
w(6,1,8,26)
r(6,1,8,26)
w(5,7,8,26)
w(5,8,8,26)
w(2,4,8,26)
r(7,0,8,26)
r(7,0,3,29)
w(7,3,3,29)
w(7,4,3,29)
w(7,5,3,29)
w(2,5,3,29)
w(6,7,1,32)
r(7,0,1,32)
w(6,8,1,32)
r(7,0,1,32)
w(7,8,5,33)
r(6,1,5,33)
r(0,0,5,33)
w(2,8,5,33)
r(9,0,5,33)
r(9,0,5,33)
w(8,1,8,42)
r(10,0,8,42)
w(8,2,8,42)
w(8,3,8,42)
w(8,4,8,42)
r(11,0,4,45)
r(11,0,4,45)
w(11,3,4,45)
r(11,3,4,45)
w(9,6,1,49)
r(9,6,1,49)
w(10,3,1,49)
w(11,5,1,49)
w(10,4,1,49)
r(10,4,4,51)
r(11,5,4,51)
w(11,7,4,51)
r(1,0,4,51)
w(10,5,8,55)
r(11,7,8,55)
w(10,6,8,55)
r(11,7,8,55)
r(12,0,0,58)
w(12,4,0,58)
r(12,4,0,58)
r(12,4,0,58)
r(12,4,0,58)
r(12,4,0,58)
r(10,4,0,58)
r(10,4,0,58)
w(10,7,3,61)
r(10,7,3,61)
w(12,5,3,61)
w(9,8,3,61)
w(12,8,3,63)
r(12,8,3,63)
r(12,8,3,63)
r(10,7,3,63)
w(10,8,3,63)
r(13,0,3,63)
r(14,0,3,63)
r(14,0,2,71)
r(14,0,2,71)
r(15,0,2,71)
r(1,0,2,71)
r(1,0,2,71)
w(13,2,2,71)
w(14,5,2,71)
r(15,0,2,77)
w(13,3,2,77)
r(13,3,2,77)
r(14,5,2,77)
w(16,1,9,82)
w(15,3,9,82)
r(1,0,9,82)
w(16,2,9,82)
r(1,0,9,82)
w(16,3,9,82)
r(13,3,6,86)
r(15,3,6,86)
r(16,3,6,86)
r(15,3,6,86)
r(16,3,6,86)
r(13,3,6,86)
r(16,3,6,86)
r(15,3,7,89)
w(17,1,7,89)
w(15,5,7,89)
w(1,6,7,89)
w(13,4,7,89)
w(15,8,1,98)
w(17,8,1,98)
r(0,0,1,98)
r(18,0,1,98)
w(13,5,1,98)
r(19,0,1,98)
r(1,6,1,98)
r(18,0,1,98)
r(1,6,7,103)
w(19,1,7,103)
w(19,2,7,103)
w(19,3,7,103)
w(19,4,7,103)
w(19,5,7,103)
w(19,6,7,103)
r(18,0,1,109)
w(13,7,1,109)
w(21,1,1,109)
w(0,6,1,109)
r(21,1,1,109)
w(21,2,1,109)
w(21,3,1,109)
w(18,5,7,112)
w(20,1,7,112)
r(18,5,7,112)
r(22,0,7,112)
r(23,0,7,112)
r(18,5,7,112)
r(23,0,7,112)
w(18,6,0,117)
r(23,0,0,117)
r(22,0,0,117)
w(23,1,0,117)
w(22,1,0,117)
w(18,7,0,117)
w(23,2,0,117)
r(23,2,0,117)
r(24,0,5,121)
w(23,5,5,121)
w(24,1,5,121)
w(23,6,5,121)
w(24,2,5,121)
w(20,2,9,126)
w(20,3,9,126)
r(23,2,9,126)
w(20,4,9,126)
r(22,1,9,126)
r(24,2,4,127)
w(23,7,4,127)
r(23,7,4,127)
w(23,8,4,127)
r(22,1,4,127)
w(22,3,3,129)
w(0,8,3,129)
r(24,2,3,129)
w(22,4,3,129)
r(20,1,3,129)
r(23,6,2,131)
w(24,4,2,131)
w(25,1,2,131)
w(25,2,2,131)
w(25,3,2,131)
r(25,3,2,131)
r(25,3,2,131)
r(25,3,9,136)
w(25,7,9,136)
w(24,6,9,136)
r(25,7,9,136)
w(25,8,9,136)
r(25,3,1,137)
w(22,5,1,137)
w(24,7,1,137)
r(24,7,1,137)
r(25,3,1,137)
r(25,8,1,140)
r(24,7,1,140)
w(27,1,1,140)
w(24,8,1,140)
r(27,1,1,145)
w(22,6,1,145)
r(27,1,1,145)
w(27,3,1,145)
r(27,3,1,145)
r(28,0,1,145)
w(27,4,1,145)
r(22,6,1,145)
w(22,7,4,148)
w(27,7,4,148)
w(27,8,4,148)
r(28,0,4,148)
r(27,8,4,148)
r(27,8,4,148)
w(28,3,3,149)
r(27,4,3,149)
r(28,3,3,149)
w(20,6,3,149)
r(29,0,0,152)
r(20,6,0,152)
w(22,8,0,152)
r(28,3,0,152)
r(22,8,0,152)
w(29,1,0,152)
w(29,2,0,152)
w(28,4,1,153)
r(29,0,1,153)
r(29,0,1,153)
r(29,0,1,153)
w(30,1,1,153)
r(29,0,1,153)
r(30,1,3,159)
r(30,1,3,159)
r(26,0,3,159)
r(29,2,3,159)
w(29,4,3,159)
r(28,4,3,159)
w(29,5,3,159)
r(30,1,2,164)
w(31,1,2,164)
r(30,1,2,164)
w(31,2,2,164)
w(30,3,2,164)
r(33,0,2,171)
r(26,0,2,171)
r(33,0,2,171)
w(32,2,2,171)
r(32,2,2,171)
w(33,2,2,171)
r(33,2,2,171)
w(26,2,8,182)
w(34,1,8,182)
r(35,0,8,182)
w(35,2,8,182)
r(32,2,8,182)
r(35,2,8,182)
r(37,0,1,186)
r(32,2,1,186)
w(37,1,1,186)
r(32,2,1,186)
r(32,2,1,186)
r(34,1,1,186)
w(37,2,1,186)
r(26,2,1,186)
r(37,2,9,190)
r(32,2,9,190)
r(37,2,9,190)
r(34,1,9,190)
r(37,2,9,190)
r(37,2,9,190)
w(34,4,6,191)
r(37,2,6,191)
r(34,4,6,191)
r(37,2,6,191)
r(34,4,1,194)
r(32,2,1,194)
r(37,2,1,194)
w(37,5,1,194)
w(26,3,1,194)
r(34,4,7,200)
w(38,1,7,200)
w(34,5,7,200)
w(38,2,7,200)
w(39,2,1,201)
r(39,2,1,201)
r(38,0,1,201)
w(36,2,1,201)
w(39,3,6,205)
r(36,2,6,205)
r(38,2,6,205)
w(36,3,6,205)
r(38,2,6,205)
r(39,3,6,205)
r(38,2,5,209)
r(38,2,5,209)
w(34,7,5,209)
w(38,7,5,209)
r(36,3,5,209)
r(39,3,5,209)
r(38,2,0,214)
r(38,2,0,214)
w(39,7,0,214)
w(39,8,0,214)
w(36,5,0,214)
r(36,5,7,219)
r(38,7,7,219)
r(38,7,7,219)
w(42,1,7,219)
r(42,1,7,219)
w(42,2,7,219)
w(40,4,2,220)
w(40,5,2,220)
w(40,6,2,220)
w(40,7,2,220)
r(40,7,2,220)
r(41,0,2,220)
w(40,8,2,220)
r(42,0,2,220)
w(42,3,0,229)
w(26,4,0,229)
r(41,0,0,229)
r(43,0,0,229)
w(43,1,0,229)
r(26,4,0,229)
r(42,3,0,229)
w(42,4,0,229)
w(44,5,3,237)
w(44,6,3,237)
w(44,7,3,237)
w(43,7,3,237)
w(43,8,3,237)
r(44,7,3,237)
r(26,4,3,237)
r(47,0,3,242)
w(47,1,3,242)
r(41,0,3,242)
r(47,1,3,242)
w(47,2,3,242)
w(47,3,3,242)
w(46,1,3,242)
r(45,0,3,242)
r(47,3,7,245)
r(47,3,7,245)
w(47,8,7,245)
r(47,8,7,245)
w(49,1,9,256)
w(50,1,9,256)
w(50,2,9,256)
r(41,0,9,256)
w(46,2,9,256)
r(46,2,9,256)
w(48,6,0,257)
r(48,6,0,257)
r(48,6,0,257)
r(48,6,0,257)
r(41,0,0,257)
r(41,0,0,257)
r(48,6,0,257)
r(48,6,3,262)
w(50,4,3,262)
r(48,6,3,262)
r(48,6,3,262)
w(48,8,7,267)
r(52,0,7,267)
w(52,1,7,267)
r(52,1,7,267)
w(50,6,6,268)
r(48,6,6,268)
r(48,6,6,268)
r(50,6,6,268)
r(50,6,6,268)
r(48,6,6,268)
r(52,1,2,274)
r(52,1,2,274)
w(52,4,2,274)
w(52,5,2,274)
w(51,2,2,274)
r(54,0,3,279)
r(54,0,3,279)
r(51,2,3,279)
w(51,4,3,279)
r(49,1,9,289)
w(54,3,9,289)
r(54,3,9,289)
w(53,7,9,289)
w(54,4,9,289)
w(54,5,9,289)
r(51,4,4,291)
w(55,2,4,291)
w(55,3,4,291)
r(55,3,4,291)
r(55,3,2,295)
r(56,0,2,295)
w(46,5,2,295)
r(55,3,2,295)
r(55,3,2,295)
r(51,4,2,295)
w(46,6,2,295)
w(57,3,5,301)
w(57,4,5,301)
r(46,6,5,301)
w(49,3,5,301)
r(57,4,5,301)
r(51,4,4,304)
r(57,4,4,304)
r(56,0,4,304)
r(57,4,4,304)
w(57,7,4,304)
r(46,6,4,304)
r(56,0,4,304)
r(57,7,4,304)
r(59,0,0,308)
r(46,6,0,308)
w(51,5,0,308)
w(59,2,0,308)
r(49,3,0,308)
r(58,0,2,313)
r(58,0,2,313)
w(60,2,2,313)
r(60,2,2,313)
r(60,2,2,313)
r(60,2,2,313)
r(60,2,2,313)
w(46,7,7,315)
r(51,5,7,315)
w(58,3,7,315)
w(58,4,7,315)
w(61,2,5,325)
r(60,2,5,325)
r(61,2,5,325)
r(62,0,5,325)
w(62,1,5,325)
r(60,2,4,329)
r(63,0,4,329)
w(63,1,4,329)
r(51,5,4,329)
w(63,2,4,329)
w(51,8,4,329)
w(63,3,4,329)
w(63,4,4,329)
r(63,4,3,332)
w(63,6,3,332)
w(63,7,3,332)
r(63,7,3,332)
w(61,4,3,332)
r(51,8,1,338)
w(49,4,1,338)
r(61,4,1,338)
r(61,4,1,338)
r(64,0,1,338)
r(61,4,1,338)
w(62,2,1,338)
w(61,7,2,343)
r(61,7,2,343)
w(64,4,2,343)
w(64,5,2,343)
r(67,0,3,346)
r(66,0,3,346)
r(65,0,3,346)
w(67,2,3,346)
w(62,3,3,346)
r(67,2,3,346)
r(67,2,8,352)
r(66,0,8,352)
w(67,5,8,352)
r(66,0,8,352)
w(67,7,7,362)
r(49,4,7,362)
w(67,8,7,362)
w(62,4,7,362)
r(69,0,7,362)
r(69,0,4,363)
r(65,0,4,363)
r(68,0,4,363)
w(70,1,4,363)
w(70,2,4,363)
r(68,0,4,363)
r(70,2,8,367)
r(70,2,8,367)
r(49,4,8,367)
w(70,3,8,367)
r(70,3,8,367)
r(68,0,4,370)
r(70,3,4,370)
r(65,0,4,370)
r(70,3,4,370)
r(70,3,4,370)
w(68,6,2,372)
r(65,0,2,372)
r(68,6,2,372)
r(68,6,2,372)
w(70,7,2,372)
r(65,0,2,372)
r(68,6,2,372)
r(70,7,5,376)
w(68,7,5,376)
w(68,8,5,376)
w(72,1,5,376)
w(71,1,5,376)
w(71,4,2,379)
r(72,1,2,379)
r(71,4,2,379)
r(71,4,2,379)
w(49,7,5,387)
w(72,2,5,387)
w(71,5,5,387)
w(71,6,5,387)
r(49,7,5,387)
w(71,7,5,387)
r(72,2,7,392)
w(73,1,7,392)
w(65,7,7,392)
r(73,1,7,392)
w(65,8,7,392)
r(73,1,7,392)
w(73,2,7,392)
r(73,2,7,392)
w(74,1,5,400)
r(74,1,5,400)
r(74,1,5,400)
w(73,4,5,400)
w(72,8,5,400)
w(73,5,5,400)
w(62,6,5,400)
w(73,6,5,400)
w(75,7,5,408)
r(74,1,5,408)
r(62,6,5,408)
r(76,0,5,408)
r(76,0,5,408)
w(78,5,8,425)
r(78,5,8,425)
w(78,6,8,425)
w(78,7,8,425)
r(74,1,8,425)
w(77,7,8,425)
w(74,7,8,425)
r(78,7,8,425)
r(80,0,3,429)
w(80,4,3,429)
r(62,6,3,429)
r(74,7,3,429)
r(79,0,3,429)
w(81,1,3,429)
r(80,4,3,429)
r(81,1,7,431)
w(80,5,7,431)
w(80,6,7,431)
r(81,1,7,431)
r(81,1,6,434)
w(81,2,6,434)
w(81,3,6,434)
r(80,6,6,434)
r(80,6,6,434)
r(80,6,6,441)
r(79,0,6,441)
r(80,6,6,441)
r(82,0,6,441)
w(82,1,6,441)
w(81,6,6,441)
w(62,8,6,441)
r(82,1,9,444)
r(82,1,9,444)
r(82,1,9,444)
w(83,1,9,444)
w(84,1,7,447)
r(82,1,7,447)
w(82,4,7,447)
r(84,1,7,447)
r(83,1,2,450)
r(82,1,2,450)
r(84,0,2,450)
r(82,1,2,450)
r(84,0,2,450)
r(82,1,2,450)
w(83,2,8,453)
r(82,4,8,453)
w(82,6,8,453)
r(84,1,8,453)
r(82,6,8,453)
w(83,3,8,453)
r(82,6,8,453)
r(84,1,6,458)
w(84,4,6,458)
r(84,4,6,458)
w(86,3,6,458)
w(86,4,6,458)
r(83,1,6,458)
w(86,5,6,458)
w(86,7,1,462)
r(84,4,1,462)
r(84,4,1,462)
r(86,7,1,462)
r(79,0,1,462)
w(84,7,1,462)
w(83,4,1,462)
r(84,7,1,462)
w(87,6,0,465)
r(88,0,0,465)
r(79,0,0,465)
w(87,7,0,465)
r(88,0,1,468)
r(87,7,1,468)
w(83,6,1,468)
r(88,0,1,468)
r(88,0,1,468)
r(87,7,1,468)
r(87,7,1,468)
r(87,7,9,472)
r(87,7,9,472)
w(88,1,9,472)
w(85,1,9,472)
r(88,1,9,472)
w(87,8,9,472)
r(87,7,2,477)
r(85,0,2,477)
w(89,1,2,477)
r(89,1,2,477)
w(83,7,2,477)
w(89,2,2,477)
w(89,3,2,477)
w(89,4,2,477)
w(88,2,6,480)
r(89,0,6,480)
w(88,3,6,480)
w(85,2,6,480)
r(88,3,6,480)
w(85,3,6,480)
r(90,0,9,483)
w(90,3,9,483)
r(88,1,9,483)
r(90,3,9,483)
r(91,0,9,483)
w(90,4,9,483)
w(90,8,7,489)
w(92,1,7,489)
r(92,1,7,489)
w(91,2,7,489)
w(79,2,7,489)
r(92,1,7,489)
r(92,1,7,489)
r(92,1,7,489)
w(92,3,4,496)
r(92,3,4,496)
w(79,3,4,496)
w(92,4,4,496)
r(92,1,0,498)
r(85,3,0,498)
r(92,1,0,498)
w(88,8,0,498)
r(92,1,0,498)
r(85,3,0,498)
r(92,1,0,498)
r(92,1,0,498)
r(92,4,4,501)
r(92,4,4,501)
r(92,4,4,501)
w(91,4,4,501)
r(94,0,4,501)
w(94,1,4,501)
w(94,2,0,506)
r(94,2,0,506)
r(93,0,0,506)
w(79,4,0,506)
w(94,3,0,506)
w(94,4,0,506)
r(93,0,0,506)
w(94,5,0,506)
w(94,8,6,510)
w(93,3,6,510)
r(91,4,6,510)
r(94,8,6,510)
r(93,3,6,510)
r(91,4,6,510)
w(93,4,6,510)
w(91,6,6,510)
r(95,0,1,515)
r(79,4,1,515)
r(95,0,1,515)
r(95,0,1,515)
w(93,8,1,515)
r(95,0,1,515)
r(91,6,1,520)
r(96,0,1,520)
r(93,8,1,520)
r(85,3,1,520)
w(85,5,3,523)
w(95,4,3,523)
w(95,5,3,523)
r(95,5,3,523)
w(85,6,3,523)
w(95,6,3,523)
w(95,7,3,523)
r(95,7,3,523)
r(93,8,7,524)
r(96,0,7,524)
r(96,0,7,524)
w(96,4,7,524)
r(85,3,7,524)
r(96,4,7,524)
w(96,5,4,533)
w(96,6,4,533)
r(96,6,4,533)
w(97,1,4,533)
r(98,0,6,542)
w(97,6,6,542)
r(91,6,6,542)
w(98,3,6,542)
w(97,7,6,542)
w(98,4,6,542)
r(98,4,6,542)
r(98,4,6,542)
w(99,1,2,544)
w(100,2,2,544)
r(85,6,2,544)
w(100,3,2,544)
r(91,6,2,544)
r(99,1,7,551)
w(100,5,7,551)
w(101,1,7,551)
w(100,6,7,551)
w(101,2,7,551)
r(100,6,7,551)
r(99,1,7,551)
w(102,2,8,554)
w(102,3,8,554)
r(99,1,8,554)
r(99,1,8,554)
w(102,4,8,554)
r(102,4,8,554)
r(102,4,8,554)
r(99,1,8,554)
r(99,1,0,557)
r(102,4,0,557)
r(102,4,0,557)
r(102,4,0,557)
w(102,7,6,567)
w(101,4,6,567)
r(102,7,6,567)
w(102,8,6,567)
r(102,8,6,567)
w(99,4,6,567)
w(101,7,6,572)
r(104,0,6,572)
r(104,0,6,572)
w(106,1,6,572)
w(101,8,6,572)
w(106,3,1,582)
r(104,0,1,582)
r(106,3,1,582)
w(104,5,1,582)
w(104,6,1,582)
w(104,7,1,582)
w(104,8,1,582)
r(109,0,5,590)
r(109,0,5,590)
w(109,4,5,590)
r(106,3,5,590)
w(108,5,5,590)
w(109,5,5,590)
r(109,5,5,590)
r(110,0,3,593)
r(110,0,3,593)
r(79,4,3,593)
r(110,0,3,593)
r(79,4,7,599)
r(111,0,7,599)
r(111,0,7,599)
w(111,1,7,599)
r(109,5,1,600)
w(110,3,1,600)
r(109,5,1,600)
r(109,5,1,600)
w(108,7,7,604)
r(110,3,7,604)
r(110,3,7,604)
r(111,1,7,604)
w(108,8,7,604)
w(110,5,7,604)
r(108,8,7,604)
r(111,1,1,605)
w(111,2,1,605)
r(111,2,1,605)
w(111,3,1,605)
r(111,3,1,605)
r(111,3,1,605)
r(110,3,1,605)
r(110,5,4,607)
r(111,3,4,607)
r(111,3,4,607)
r(111,3,4,607)
r(111,3,4,610)
r(111,3,4,610)
r(111,3,4,610)
w(111,4,4,610)
r(110,5,4,610)
w(111,7,1,614)
r(105,0,1,614)
r(110,5,1,614)
r(111,7,1,614)
w(111,8,1,614)
w(110,7,1,614)
r(105,0,1,614)
r(111,8,1,614)
r(113,0,6,618)
r(113,0,6,618)
w(113,1,6,618)
w(113,2,6,618)
r(113,2,6,618)
w(113,3,6,618)
r(113,3,6,618)
r(112,0,4,621)
r(113,3,4,621)
r(113,3,4,621)
r(112,0,4,621)
r(114,0,4,621)
r(113,3,7,625)
r(114,0,7,625)
w(113,7,7,625)
w(114,4,7,625)
w(114,5,3,627)
r(113,7,3,627)
r(113,7,3,627)
w(114,6,3,627)
r(113,7,3,627)
r(113,7,5,633)
r(112,0,5,633)
w(114,7,5,633)
r(113,7,5,633)
w(113,8,5,633)
r(113,8,5,633)
r(105,0,5,633)
w(115,1,5,633)
r(115,1,4,638)
r(115,1,4,638)
w(115,5,4,638)
w(116,3,4,638)
r(115,5,1,641)
r(115,5,1,641)
w(117,1,1,641)
r(112,0,1,641)
w(105,6,3,643)
w(115,6,3,643)
r(115,6,3,643)
w(115,7,3,643)
w(115,8,3,643)
r(112,0,3,643)
w(116,4,5,646)
w(116,5,5,646)
w(116,6,5,646)
r(117,1,5,646)
r(112,0,5,646)
r(79,4,9,652)
r(119,0,9,652)
r(119,0,9,652)
r(119,0,9,652)
w(105,7,9,652)
w(118,2,9,652)
w(112,5,9,652)
r(119,0,9,652)
w(119,5,0,656)
w(119,6,0,656)
r(118,2,0,656)
w(119,7,0,656)
r(121,0,7,661)
r(121,0,7,661)
r(118,2,7,661)
r(121,0,7,661)
r(121,0,7,661)
r(121,0,7,661)
r(121,0,7,661)
r(120,0,9,663)
r(121,0,9,663)
r(79,4,9,663)
r(118,2,9,663)
r(118,2,9,663)
w(121,2,9,663)
r(121,2,1,666)
r(120,0,1,666)
w(118,5,1,666)
r(118,5,1,666)
r(121,2,1,666)
r(118,5,1,666)
r(118,5,1,666)
r(118,2,2,670)
r(121,2,2,670)
r(121,2,2,670)
w(121,4,2,670)
w(121,5,2,670)
w(121,6,2,670)
r(118,2,2,670)
w(121,7,2,670)
w(122,2,6,671)
r(118,5,6,671)
w(120,1,6,671)
w(122,3,6,671)
r(118,5,6,671)
r(122,3,2,678)
r(122,3,2,678)
w(122,5,2,678)
w(118,8,2,678)
w(122,6,2,678)
r(79,4,2,678)
w(122,7,2,678)
r(118,8,2,678)
r(124,0,2,683)
r(125,0,2,683)
w(125,1,2,683)
w(124,2,2,683)
w(123,1,2,683)
w(125,3,2,685)
w(125,4,2,685)
w(124,4,2,685)
r(125,4,2,685)
r(124,4,2,685)
w(124,5,4,689)
w(125,5,4,689)
w(125,6,4,689)
r(125,6,4,689)
r(125,6,4,689)
w(123,3,7,693)
w(124,6,7,693)
w(126,2,7,693)
w(126,3,7,693)
r(126,3,4,698)
r(126,3,4,698)
r(124,6,4,698)
w(126,6,4,698)
r(123,3,4,698)
w(123,4,4,698)
w(124,8,4,698)
w(126,8,3,712)
r(123,4,3,712)
r(128,0,3,712)
w(128,1,3,712)
r(129,0,3,712)
r(128,1,3,712)
w(128,2,3,712)
w(123,6,3,712)
w(120,5,5,714)
r(128,0,5,714)
w(129,4,5,714)
r(128,0,5,714)
w(120,6,5,714)
w(130,2,0,717)
r(130,2,0,717)
r(127,0,0,717)
r(123,6,0,717)
r(120,6,0,717)
w(130,3,0,717)
w(130,4,0,717)
r(129,4,8,724)
r(130,4,8,724)
w(129,8,8,724)
r(130,4,8,724)
r(120,6,7,728)
w(130,8,7,728)
r(129,4,7,728)
w(131,1,7,728)
w(127,2,7,728)
r(131,1,9,733)
r(131,1,9,733)
w(120,8,9,733)
w(132,6,9,733)
w(132,7,9,733)
r(131,1,6,736)
r(135,0,6,736)
r(135,0,6,736)
w(131,5,6,736)
r(135,0,6,736)
r(131,1,5,738)
r(132,7,5,738)
r(132,7,5,738)
w(132,8,5,738)
w(133,1,5,738)
r(135,0,2,742)
r(133,1,2,742)
w(134,2,2,742)
r(136,0,2,742)
r(133,1,2,742)
r(136,0,2,742)
r(135,0,2,742)
w(135,2,2,742)
r(134,0,4,745)
r(136,0,4,745)
w(136,1,4,745)
w(136,2,4,745)
w(136,3,4,745)
w(136,8,5,751)
r(136,8,5,751)
r(137,0,5,751)
w(137,1,5,751)
r(127,2,5,751)
w(137,2,5,751)
w(137,3,5,751)
w(127,3,5,751)
w(138,1,5,760)
w(133,6,5,760)
r(138,1,5,760)
r(138,1,5,760)
w(138,2,5,760)
r(138,2,5,760)
r(135,2,5,760)
w(135,5,5,760)
w(138,5,8,766)
r(135,5,8,766)
w(138,6,8,766)
r(135,5,8,766)
r(138,6,8,766)
w(135,8,8,766)
r(140,0,3,767)
r(140,0,3,767)
w(139,1,3,767)
w(133,8,3,767)
r(139,1,0,769)
r(141,0,0,769)
r(140,0,0,769)
w(139,2,0,769)
w(140,1,0,774)
r(140,1,0,774)
r(134,2,0,774)
w(140,2,0,774)
r(140,2,0,774)
r(140,2,0,774)
r(140,2,0,774)
r(140,2,6,775)
r(139,2,6,775)
r(140,2,6,775)
r(140,2,6,775)
r(140,2,6,775)
w(139,3,6,775)
w(139,4,6,775)
w(139,5,4,777)
r(141,0,4,777)
r(139,5,4,777)
r(140,2,4,777)
r(140,2,4,777)
r(139,5,8,781)
w(127,4,8,781)
r(139,5,8,781)
w(139,6,8,781)
r(140,2,8,781)
r(140,2,8,781)
w(140,5,8,781)
w(141,2,4,785)
w(141,3,4,785)
r(140,2,4,785)
r(141,3,4,785)
r(140,2,4,785)
r(139,5,4,785)
r(141,3,4,785)
r(140,5,7,793)
r(141,0,7,793)
w(142,1,7,793)
w(142,2,7,793)
w(142,3,7,793)
w(142,4,7,793)
r(139,6,7,793)
w(142,5,7,793)
r(143,0,9,794)
r(144,0,9,794)
w(143,1,9,794)
r(144,0,9,794)
r(144,0,9,794)
r(143,1,9,794)
r(143,0,3,797)
r(143,0,3,797)
r(144,0,3,797)
w(144,3,3,797)
w(141,6,3,797)
r(141,6,3,797)
r(134,2,2,801)
w(141,8,2,801)
r(143,1,2,801)
w(144,4,2,801)
r(144,4,2,801)
r(143,1,2,801)
r(143,1,2,801)
r(143,1,2,801)
r(143,1,9,804)
r(144,4,9,804)
w(144,6,9,804)
r(146,0,9,804)
w(143,7,9,804)
r(143,7,9,804)
w(145,1,9,804)
r(145,1,2,807)
r(146,0,2,807)
r(147,0,2,807)
w(144,7,2,807)
r(127,4,2,807)
r(144,7,2,807)
r(147,0,2,807)
r(146,0,9,812)
w(148,1,9,812)
r(147,0,9,812)
w(148,2,9,812)
w(147,2,8,813)
w(144,8,8,813)
r(147,2,8,813)
w(147,3,8,813)
r(146,0,8,813)
r(146,0,8,813)
w(147,4,8,813)
w(147,5,8,813)
r(148,2,7,818)
r(149,0,7,818)
r(145,1,7,818)
r(145,1,7,818)
w(147,8,3,821)
r(148,2,3,821)
w(145,3,3,821)
w(149,1,3,821)
r(127,4,3,821)
w(149,2,3,821)
w(149,3,3,821)
w(149,4,3,821)
r(127,4,9,840)
r(151,0,9,840)
w(151,2,9,840)
w(151,3,9,840)
r(152,0,4,850)
r(127,4,4,850)
w(153,3,4,850)
w(127,7,4,850)
r(146,0,4,850)
r(145,3,4,850)
r(157,0,5,857)
r(156,0,5,857)
w(157,1,5,857)
r(145,3,5,857)
r(160,0,3,874)
r(160,0,3,874)
r(159,0,3,874)
w(145,8,3,874)
r(160,0,3,874)
r(154,0,3,876)
r(159,0,3,876)
r(162,0,3,876)
w(162,1,3,876)
w(162,2,3,876)
r(154,0,3,876)
r(162,2,3,878)
w(162,3,3,878)
r(159,0,3,878)
r(159,0,3,878)
r(162,3,3,880)
r(161,0,3,880)
w(159,4,3,880)
w(159,5,3,880)
r(159,5,3,880)
r(162,3,3,880)
w(162,4,3,882)
r(159,5,3,882)
r(162,4,3,882)
w(162,5,3,882)
w(159,6,3,884)
w(162,6,3,884)
r(162,6,3,884)
r(154,0,3,884)
w(159,7,3,884)
w(162,7,3,886)
w(162,8,3,886)
w(159,8,3,886)
r(159,8,3,886)
r(159,8,3,886)
r(158,0,3,888)
r(159,8,3,888)
r(162,8,3,888)
r(162,8,3,888)
r(162,8,3,888)
r(154,0,3,888)
r(163,0,3,892)
w(158,2,3,892)
r(164,0,3,892)
w(164,2,3,892)
r(163,0,3,892)
w(163,3,3,892)
r(158,2,3,892)
r(163,3,3,892)
r(152,0,8,894)
r(153,0,8,894)
r(155,0,8,894)
w(154,2,8,894)
w(155,1,8,894)
r(155,1,8,894)
w(155,2,8,894)
w(156,1,8,894)
r(159,8,4,898)
r(154,0,4,898)
r(160,0,4,898)
r(160,0,4,898)
r(160,0,9,899)
r(159,8,9,899)
r(159,8,9,899)
r(159,8,9,899)
r(145,3,9,899)
r(160,0,9,899)
r(159,8,9,899)
r(165,0,3,900)
w(158,3,3,900)
r(164,2,3,900)
r(165,0,3,900)
w(163,6,8,902)
r(161,0,8,902)
r(164,2,8,902)
r(163,6,8,902)
w(163,7,8,902)
w(163,8,8,902)
r(165,0,8,902)
w(165,1,8,902)
r(165,1,8,912)
w(164,6,8,912)
r(165,1,8,912)
r(161,0,8,912)
r(154,2,8,912)
r(154,2,8,912)
w(165,5,8,912)
r(166,0,3,914)
r(164,2,3,914)
r(166,0,3,914)
r(164,2,3,914)
r(166,0,4,918)
r(164,2,4,918)
w(166,2,4,918)
w(158,4,4,918)
r(154,2,4,918)
w(166,3,4,918)
w(168,4,9,926)
w(169,2,9,926)
w(168,5,9,926)
r(169,2,9,926)
r(167,0,9,926)
r(167,0,9,926)
w(169,6,8,930)
r(167,0,8,930)
w(168,7,8,930)
r(169,6,8,930)
r(158,4,8,937)
w(169,8,8,937)
w(161,2,8,937)
w(170,1,8,937)
w(168,8,8,937)
r(167,0,8,937)
w(167,4,8,937)
r(168,7,4,942)
r(168,7,4,942)
r(170,0,4,942)
r(167,0,4,942)
w(171,1,4,942)
w(171,2,4,942)
r(170,0,4,942)
r(170,1,2,944)
r(171,0,2,944)
r(170,1,2,944)
w(170,5,2,944)
w(171,8,3,955)
r(172,0,3,955)
r(172,0,3,955)
w(173,1,3,955)
r(172,0,7,963)
r(173,1,7,963)
r(173,1,7,963)
r(174,0,7,963)
r(173,1,7,963)
w(167,6,7,963)
r(167,6,7,963)
w(167,7,7,963)
r(172,0,5,967)
w(172,3,5,967)
r(172,3,5,967)
w(161,3,5,967)
w(172,4,5,967)
r(172,4,5,967)
r(173,0,5,967)
r(173,1,0,970)
r(173,1,0,970)
w(174,2,0,970)
r(175,0,0,970)
r(173,1,0,970)
w(173,5,0,970)
r(174,2,0,970)
w(174,3,0,970)
w(176,3,9,980)
w(177,1,9,980)
w(177,2,9,980)
w(176,4,9,980)
w(176,5,9,980)
r(178,0,8,988)
r(177,2,8,988)
w(178,3,8,988)
w(178,4,8,988)
r(177,2,7,990)
w(177,6,7,990)
w(161,8,7,990)
r(177,6,7,990)
r(177,6,7,990)
r(182,0,8,995)
w(181,1,8,995)
w(181,2,8,995)
w(182,1,8,995)
r(181,2,9,1001)
w(180,2,9,1001)
r(182,1,9,1001)
r(181,2,9,1001)
r(181,2,9,1001)
r(180,2,9,1001)
w(181,5,9,1001)
w(180,4,3,1004)
w(181,7,3,1004)
w(180,5,3,1004)
w(181,8,3,1004)
r(180,5,3,1004)
r(181,8,9,1008)
r(180,5,9,1008)
r(180,5,9,1008)
r(184,0,9,1008)
w(184,1,9,1008)
r(184,1,16,1011)
r(184,1,16,1011)
w(185,1,16,1011)
w(184,3,16,1011)
r(186,0,9,1016)
w(182,3,9,1016)
w(185,2,9,1016)
w(185,3,9,1016)
w(186,1,11,1021)
w(187,1,11,1021)
r(187,1,11,1021)
r(185,3,11,1021)
r(187,1,11,1021)
w(188,2,16,1029)
w(182,6,16,1029)
w(188,3,16,1029)
r(187,1,16,1029)
w(182,7,16,1029)
w(187,6,3,1030)
w(187,7,3,1030)
r(186,1,3,1030)
w(187,8,3,1030)
r(186,1,3,1030)
r(188,3,0,1034)
r(186,1,0,1034)
r(188,3,0,1034)
r(182,7,0,1034)
r(188,3,16,1035)
w(183,1,16,1035)
w(188,8,16,1035)
r(189,0,16,1035)
w(189,2,16,1035)
r(182,7,3,1039)
w(189,3,3,1039)
r(189,3,3,1039)
r(189,3,3,1039)
r(189,3,3,1039)
r(188,8,3,1039)
w(186,3,3,1039)
w(189,4,3,1039)
r(189,2,8,1040)
r(189,2,8,1040)
r(186,1,8,1040)
w(190,1,8,1040)
r(186,1,8,1040)
r(190,1,8,1040)
r(191,0,5,1046)
r(183,1,5,1046)
r(189,4,5,1046)
w(190,2,5,1046)
w(189,7,5,1046)
w(190,3,5,1046)
r(189,7,5,1046)
w(189,8,5,1046)
r(191,0,7,1057)
r(190,3,7,1057)
w(193,4,7,1057)
w(193,5,7,1057)
r(194,0,7,1057)
r(193,5,7,1057)
w(193,6,7,1057)
r(194,0,7,1057)
w(195,2,8,1060)
w(195,3,8,1060)
r(191,0,8,1060)
w(195,4,8,1060)
r(195,4,8,1060)
w(195,5,8,1060)
r(194,0,2,1064)
r(195,5,2,1064)
r(194,0,2,1064)
w(194,1,2,1064)
w(195,8,2,1064)
r(195,8,2,1064)
r(195,8,2,1064)
r(194,1,4,1066)
r(191,0,4,1066)
r(195,8,4,1066)
r(194,1,4,1066)
w(194,2,16,1068)
r(196,0,16,1068)
r(194,2,16,1068)
r(194,2,16,1068)
w(196,3,0,1072)
w(194,5,0,1072)
w(191,8,0,1072)
r(196,3,0,1072)
w(194,6,0,1072)
r(196,3,16,1075)
w(194,7,16,1075)
w(196,5,16,1075)
r(194,7,16,1075)
r(194,7,5,1078)
r(196,5,5,1078)
w(196,6,5,1078)
w(196,7,5,1078)
r(194,7,5,1078)
r(194,7,5,1078)
w(196,8,5,1078)
w(194,8,5,1078)
r(197,0,3,1080)
w(197,1,3,1080)
r(197,1,3,1080)
w(197,2,3,1080)
r(197,2,3,1080)
r(194,7,3,1080)
r(194,7,3,1080)
r(198,0,3,1080)
r(197,2,8,1087)
w(198,3,8,1087)
w(198,4,8,1087)
w(199,1,8,1087)
r(200,0,2,1090)
r(183,1,2,1090)
w(198,6,2,1090)
r(200,0,2,1090)
w(200,2,4,1096)
r(200,2,4,1096)
w(200,3,4,1096)
w(200,4,4,1096)
r(200,4,4,1096)
w(200,5,4,1096)
r(200,5,3,1099)
r(199,1,3,1099)
r(201,0,3,1099)
w(201,2,3,1099)
r(200,5,3,1099)
r(199,1,3,1099)
r(200,5,5,1101)
r(200,5,5,1101)
r(200,5,5,1101)
r(200,5,5,1101)
r(201,2,5,1101)
r(201,2,5,1101)
w(199,2,16,1103)
r(201,2,16,1103)
r(186,3,16,1103)
w(200,8,16,1103)
r(201,2,16,1103)
w(202,1,4,1106)
w(201,3,4,1106)
r(202,1,4,1106)
w(202,2,4,1106)
r(199,2,4,1106)
r(201,3,4,1106)
w(199,4,9,1115)
w(203,1,9,1115)
w(201,6,9,1115)
r(203,1,9,1115)
r(201,6,9,1115)
r(203,1,9,1115)
w(183,6,9,1115)
r(186,3,9,1115)
w(203,5,11,1118)
r(203,5,11,1118)
w(201,7,11,1118)
r(201,7,11,1118)
w(203,6,11,1118)
r(203,6,11,1118)
w(199,5,11,1118)
r(203,6,16,1125)
r(201,7,16,1125)
w(205,1,16,1125)
w(205,2,16,1125)
w(199,7,3,1127)
r(199,7,3,1127)
w(183,7,3,1127)
r(204,0,3,1127)
r(205,2,16,1130)
r(205,2,16,1130)
r(205,2,16,1130)
r(199,7,16,1130)
w(199,8,0,1132)
w(205,7,0,1132)
w(205,8,0,1132)
r(205,8,0,1132)
r(206,0,0,1132)
r(199,8,0,1132)
w(206,1,8,1135)
w(206,2,8,1135)
w(206,3,8,1135)
r(207,0,8,1135)
r(206,0,3,1137)
w(207,1,3,1137)
r(206,0,3,1137)
w(207,2,3,1137)
r(206,0,3,1137)
w(206,5,3,1140)
r(207,2,3,1140)
w(207,4,3,1140)
w(206,6,3,1140)
w(207,5,3,1140)
r(208,0,3,1140)
r(209,0,3,1145)
w(208,4,3,1145)
r(207,5,3,1145)
r(209,0,3,1145)
r(209,0,3,1145)
w(209,4,0,1149)
r(209,4,0,1149)
r(207,5,0,1149)
r(207,5,0,1149)
r(208,4,5,1152)
w(209,5,5,1152)
w(209,6,5,1152)
r(209,6,5,1152)
r(210,0,5,1161)
w(211,4,5,1161)
r(210,0,5,1161)
r(210,0,5,1161)
r(211,4,5,1161)
w(211,5,5,1161)
r(211,5,5,1161)
w(211,6,5,1161)
r(211,6,7,1163)
r(211,6,7,1163)
r(210,0,7,1163)
r(211,6,7,1163)
w(208,6,7,1163)
r(210,0,8,1166)
r(211,6,8,1166)
w(212,1,8,1166)
r(212,1,8,1166)
r(212,1,8,1166)
w(210,6,8,1166)
r(212,1,8,1166)
w(212,2,8,1166)
r(213,0,9,1171)
r(213,0,9,1171)
r(212,2,9,1171)
r(208,6,9,1171)
r(204,0,9,1171)
r(212,2,16,1177)
w(212,4,16,1177)
r(213,0,16,1177)
w(212,5,16,1177)
r(212,5,16,1177)
w(212,6,16,1177)
w(215,1,16,1177)
w(216,1,4,1179)
r(216,1,4,1179)
r(216,1,4,1179)
w(216,2,4,1179)
r(204,0,4,1179)
r(212,2,8,1180)
w(213,3,8,1180)
w(213,4,8,1180)
r(212,2,8,1180)
w(213,5,8,1180)
r(212,2,8,1180)
r(212,2,8,1180)
r(216,2,2,1185)
w(216,7,2,1185)
r(213,5,2,1185)
r(213,5,2,1185)
w(216,8,2,1185)
r(216,2,16,1192)
r(216,2,16,1192)
r(213,5,16,1192)
w(217,1,16,1192)
w(213,8,16,1192)
r(213,8,16,1192)
r(217,1,16,1192)
r(217,1,16,1192)
w(218,2,7,1198)
w(218,3,7,1198)
w(219,1,7,1198)
r(218,3,7,1198)
w(218,4,7,1198)
w(219,2,7,1198)
w(218,5,7,1198)
w(215,3,7,1198)
r(219,2,0,1202)
w(220,2,0,1202)
r(219,2,0,1202)
w(219,6,0,1202)
r(220,2,0,1202)
r(204,0,0,1202)
r(219,6,0,1202)
r(219,6,0,1202)
r(221,0,9,1206)
w(220,4,9,1206)
w(221,1,9,1206)
r(221,1,9,1206)
r(220,4,0,1209)
r(221,1,0,1209)
w(214,1,0,1209)
r(221,1,0,1209)
r(221,1,0,1209)
w(220,5,0,1209)
w(221,4,4,1216)
w(221,5,4,1216)
r(215,3,4,1216)
r(221,5,4,1216)
r(224,0,11,1226)
r(222,0,11,1226)
r(224,0,11,1226)
r(222,0,11,1226)
r(222,0,7,1227)
r(222,0,7,1227)
w(224,2,7,1227)
r(222,0,7,1227)
w(222,8,7,1227)
r(222,8,9,1230)
r(225,0,9,1230)
r(225,0,9,1230)
r(224,2,9,1230)
r(225,0,9,1230)
r(225,0,9,1230)
r(223,0,9,1230)
r(223,0,9,1230)
r(224,2,7,1232)
w(225,1,7,1232)
r(204,0,7,1232)
r(225,1,7,1232)
r(204,0,7,1232)
r(225,1,7,1232)
r(225,1,7,1232)
r(225,1,7,1241)
w(225,4,7,1241)
r(225,4,7,1241)
r(225,4,7,1241)
w(225,5,7,1241)
r(223,0,7,1241)
r(225,5,7,1241)
w(224,8,16,1243)
r(225,1,16,1243)
r(225,1,16,1243)
r(225,1,16,1243)
r(224,8,16,1243)
r(225,5,9,1246)
r(227,0,9,1246)
w(228,1,9,1246)
w(228,2,9,1246)
r(223,0,9,1246)
r(228,2,9,1246)
w(227,1,16,1248)
r(228,0,16,1248)
w(227,2,16,1248)
r(228,0,16,1248)
w(227,7,11,1262)
r(229,0,11,1262)
w(227,8,11,1262)
r(229,0,11,1262)
r(229,0,11,1262)
w(229,4,11,1262)
w(229,5,11,1262)
r(226,0,11,1262)
w(231,1,16,1266)
w(231,2,16,1266)
w(230,2,16,1266)
w(230,3,16,1266)
r(230,3,16,1266)
r(231,2,16,1266)
w(232,1,7,1273)
r(232,1,7,1273)
r(231,2,7,1273)
w(231,6,7,1273)
r(231,6,7,1273)
w(232,2,7,1273)
r(233,0,8,1283)
w(233,2,8,1283)
r(233,2,8,1283)
w(233,3,8,1283)
w(233,4,8,1283)
r(234,0,16,1287)
r(235,0,16,1287)
r(235,0,16,1287)
r(223,0,16,1287)
w(234,6,11,1290)
r(235,0,11,1290)
w(234,7,11,1290)
w(234,8,11,1290)
r(234,8,11,1290)
r(214,1,8,1291)
w(226,3,8,1291)
r(234,0,8,1291)
r(234,0,8,1291)
w(237,1,8,1293)
w(237,2,8,1293)
w(237,3,8,1293)
r(235,0,8,1293)
r(236,0,8,1293)
r(235,0,8,1293)
r(235,0,8,1293)
r(226,3,0,1295)
w(236,1,0,1295)
w(235,1,0,1295)
r(226,3,0,1295)
r(236,1,0,1295)
r(235,1,11,1299)
r(226,3,11,1299)
w(237,4,11,1299)
r(235,1,11,1299)
w(235,2,11,1299)
r(236,1,11,1303)
r(235,2,11,1303)
r(237,4,11,1303)
w(237,7,11,1303)
r(235,2,11,1303)
w(237,8,3,1306)
w(235,7,3,1306)
r(236,1,3,1306)
r(235,7,3,1306)
w(236,3,3,1306)
w(235,8,2,1308)
w(236,4,2,1308)
r(237,8,2,1308)
w(214,6,2,1308)
r(237,8,2,1308)
w(236,5,2,1308)
w(239,4,5,1314)
w(238,5,5,1314)
w(238,6,5,1314)
r(238,6,5,1314)
w(238,7,5,1314)
r(239,4,5,1314)
r(239,4,7,1317)
r(240,0,7,1317)
w(240,1,7,1317)
w(236,8,7,1317)
r(240,1,4,1319)
r(239,4,4,1319)
r(236,8,4,1319)
r(239,4,4,1319)
r(240,1,4,1319)
r(239,4,4,1319)
r(236,8,4,1319)
r(239,4,7,1322)
r(226,3,7,1322)
r(226,3,7,1322)
r(226,3,7,1322)
r(240,1,0,1324)
w(240,2,0,1324)
r(240,2,0,1324)
r(226,3,0,1324)
r(239,4,0,1324)
r(239,4,0,1324)
w(226,7,0,1324)
w(240,3,0,1324)
w(240,4,2,1326)
w(240,5,2,1326)
r(239,4,2,1326)
w(240,6,2,1326)
r(239,4,9,1332)
r(241,0,9,1332)
r(241,0,9,1332)
r(242,0,9,1332)
r(239,4,9,1332)
r(239,4,9,1332)
w(242,4,9,1332)
w(242,6,4,1337)
r(243,0,4,1337)
w(243,1,4,1337)
r(242,6,4,1337)
r(241,0,4,1337)
r(242,6,4,1337)
w(242,7,4,1337)
w(246,1,11,1348)
r(214,6,11,1348)
w(246,2,11,1348)
w(246,3,11,1348)
r(246,3,11,1348)
r(246,3,11,1348)
r(246,3,11,1348)
r(241,0,3,1352)
w(245,1,3,1352)
r(243,1,3,1352)
r(243,1,3,1352)
r(247,0,3,1352)
w(246,7,7,1354)
w(246,8,7,1354)
r(246,8,7,1354)
r(243,1,7,1354)
r(247,0,7,1354)
w(241,8,7,1354)
r(243,1,7,1354)
w(247,1,2,1358)
r(247,1,2,1358)
r(245,1,2,1358)
w(214,8,2,1358)
w(247,2,2,1358)
r(243,1,7,1359)
w(247,4,7,1359)
r(243,1,7,1359)
r(247,4,7,1359)
r(243,1,7,1359)
r(247,4,7,1359)
w(247,5,16,1362)
w(249,1,16,1362)
r(243,1,16,1362)
w(248,2,16,1362)
r(249,1,16,1362)
r(243,1,0,1367)
r(247,5,0,1367)
w(243,8,0,1367)
r(243,8,0,1367)
r(248,2,0,1367)
r(243,1,3,1369)
w(250,1,3,1369)
w(248,4,3,1369)
w(250,2,3,1369)
r(243,8,8,1374)
w(250,5,8,1374)
r(245,1,8,1374)
r(248,4,8,1374)
r(250,5,8,1374)
w(250,6,8,1374)
w(250,7,8,1374)
r(243,8,8,1374)
r(248,4,3,1375)
r(252,0,3,1375)
w(245,2,3,1375)
w(251,1,3,1375)
r(251,1,0,1378)
r(252,0,0,1378)
r(251,1,0,1378)
r(252,0,0,1378)
r(252,0,0,1378)
r(252,0,0,1378)
w(251,2,16,1380)
r(252,0,16,1380)
w(251,3,16,1380)
r(248,4,16,1380)
r(252,0,16,1380)
r(248,4,16,1380)
w(252,1,7,1381)
r(251,1,7,1381)
r(245,2,7,1381)
r(252,1,7,1381)
w(252,2,11,1385)
w(249,2,11,1385)
r(252,2,11,1385)
r(251,3,11,1385)
r(252,2,11,1385)
r(251,3,11,1385)
w(252,4,3,1388)
r(252,4,3,1388)
w(252,5,3,1388)
w(253,1,3,1388)
r(252,5,3,1388)
w(252,6,3,1388)
r(251,3,3,1388)
r(245,2,8,1393)
r(251,3,8,1393)
r(251,3,8,1393)
w(245,4,8,1393)
r(254,0,8,1393)
r(253,1,3,1395)
w(254,1,3,1395)
w(254,2,3,1395)
r(254,2,3,1395)
w(254,3,3,1395)
w(254,4,3,1395)
w(254,5,3,1395)
w(254,8,4,1400)
r(255,0,4,1400)
w(251,7,4,1400)
r(253,1,4,1400)
r(255,0,16,1408)
w(255,2,16,1408)
w(255,3,16,1408)
r(255,3,16,1408)
w(256,1,16,1408)
r(255,3,16,1408)
r(255,3,16,1408)
w(256,8,11,1417)
r(258,0,11,1417)
r(257,0,11,1417)
r(258,0,11,1417)
r(258,0,11,1417)
w(258,1,11,1417)
w(258,2,0,1419)
w(253,8,0,1419)
r(258,2,0,1419)
w(258,3,0,1419)
r(258,3,5,1421)
r(258,3,5,1421)
w(257,6,5,1421)
w(258,4,5,1421)
r(257,6,5,1424)
r(257,6,5,1424)
w(257,7,5,1424)
r(258,4,5,1424)
r(259,0,5,1424)
r(257,7,5,1424)
r(259,0,5,1428)
r(259,0,5,1428)
r(258,4,5,1428)
r(245,4,5,1428)
w(259,1,5,1428)
r(259,1,5,1428)
r(258,4,5,1428)
w(249,4,7,1429)
r(259,0,7,1429)
r(245,4,7,1429)
r(260,0,7,1429)
w(258,6,7,1429)
w(258,8,8,1435)
r(245,4,8,1435)
w(260,2,8,1435)
w(260,3,8,1435)
r(258,8,8,1435)
w(260,4,8,1435)
w(259,4,8,1437)
r(260,4,8,1437)
r(260,4,8,1437)
r(261,0,8,1437)
r(261,0,8,1437)
r(260,4,8,1437)
r(259,4,8,1437)
w(260,6,16,1442)
r(260,6,16,1442)
r(261,0,16,1442)
w(260,7,16,1442)
r(260,7,16,1442)
w(260,8,16,1442)
w(262,2,8,1454)
r(262,2,8,1454)
w(262,3,8,1454)
r(262,3,8,1454)
r(262,3,8,1454)
r(262,3,8,1454)
w(249,7,5,1464)
r(263,0,5,1464)
w(263,6,5,1464)
w(264,2,5,1464)
w(263,7,5,1464)
r(245,4,8,1468)
w(265,2,8,1468)
r(265,2,8,1468)
r(259,4,8,1468)
w(265,3,8,1468)
w(259,7,8,1468)
w(264,5,7,1470)
r(259,7,7,1470)
w(265,8,7,1470)
r(266,0,7,1470)
r(264,5,7,1470)
r(264,5,7,1475)
r(245,4,7,1475)
w(266,2,7,1475)
r(264,5,7,1475)
r(266,2,7,1475)
w(266,3,7,1475)
r(266,3,7,1475)
w(266,4,7,1475)
r(266,4,8,1481)
w(264,8,8,1481)
r(264,8,8,1481)
r(267,0,8,1481)
r(261,0,4,1482)
r(263,0,4,1482)
r(263,0,4,1482)
w(245,7,4,1482)
r(263,0,4,1482)
r(261,0,4,1482)
r(259,4,4,1482)
w(266,6,7,1483)
r(266,6,7,1483)
w(266,7,7,1483)
w(266,8,7,1483)
r(267,0,16,1492)
r(267,0,16,1492)
r(269,0,16,1492)
w(269,1,16,1492)
r(249,7,9,1494)
w(268,1,9,1494)
w(268,2,9,1494)
r(269,0,9,1494)
w(268,3,9,1494)
w(268,4,9,1494)
w(269,2,7,1497)
r(270,0,7,1497)
w(267,4,7,1497)
w(269,3,7,1497)
w(270,1,7,1497)
r(270,1,7,1497)
r(269,3,7,1497)
r(269,3,5,1503)
r(270,1,5,1503)
w(269,4,5,1503)
w(270,5,5,1503)
w(270,6,5,1503)
r(270,6,5,1503)
r(270,6,5,1503)
r(269,4,4,1508)
r(272,0,4,1508)
w(272,1,4,1508)
r(269,4,4,1508)
w(267,5,4,1508)
w(269,7,7,1517)
r(269,7,7,1517)
r(272,1,7,1517)
r(269,7,7,1517)
w(269,8,7,1517)
r(269,8,7,1517)
r(272,1,7,1517)
w(271,1,7,1517)
w(272,5,11,1521)
r(272,5,11,1521)
w(272,6,11,1521)
r(267,5,11,1521)
r(272,6,11,1521)
r(271,0,11,1521)
r(269,4,11,1521)
r(274,0,4,1523)
w(273,1,4,1523)
w(275,1,4,1523)
r(275,1,4,1523)
r(273,1,4,1523)
r(271,1,4,1523)
r(274,0,4,1526)
r(275,1,4,1526)
r(273,1,4,1526)
r(275,1,4,1526)
w(275,3,4,1526)
r(274,0,4,1526)
r(275,3,4,1526)
r(275,3,16,1530)
w(274,2,16,1530)
w(274,3,16,1530)
r(275,3,16,1530)
r(273,1,16,1530)
r(271,1,16,1530)
r(274,3,16,1530)
r(275,3,11,1531)
r(275,3,11,1531)
w(273,2,11,1531)
r(275,3,11,1531)
w(275,6,8,1537)
r(275,6,8,1537)
w(274,4,8,1537)
w(273,3,8,1537)
r(275,6,8,1537)
r(274,4,8,1537)
r(271,1,8,1537)
w(273,4,8,1537)
r(273,2,4,1543)
w(277,3,4,1543)
w(277,4,4,1543)
r(273,2,4,1543)
r(277,4,4,1543)
w(277,5,4,1543)
r(273,2,4,1543)
r(273,2,4,1543)
w(273,6,3,1544)
r(277,0,3,1544)
r(274,4,3,1544)
w(274,8,3,1544)
r(271,1,3,1544)
r(274,8,3,1544)
r(277,0,3,1544)
r(274,4,9,1546)
r(273,4,9,1546)
w(276,1,9,1546)
r(277,0,9,1546)
r(273,6,11,1547)
r(274,8,11,1547)
r(276,1,11,1547)
r(273,6,11,1547)
r(273,6,11,1547)
r(277,5,11,1547)
r(277,5,11,1547)
r(277,5,16,1550)
r(277,5,16,1550)
w(277,7,16,1550)
r(277,7,16,1550)
w(277,8,16,1550)
r(274,8,16,1550)
r(274,8,16,1550)
r(278,0,5,1553)
r(278,0,5,1553)
r(278,0,5,1553)
w(278,1,5,1553)
w(278,2,5,1553)
r(279,0,5,1553)
r(279,0,5,1553)
w(273,7,7,1557)
w(279,2,7,1557)
r(279,2,7,1557)
r(278,0,7,1557)
r(278,0,7,1557)
w(279,3,7,1557)
w(271,4,7,1557)
r(273,6,16,1559)
w(278,5,16,1559)
w(278,6,16,1559)
r(279,0,16,1559)
w(279,5,7,1563)
r(279,5,7,1563)
r(273,7,7,1563)
w(279,6,7,1563)
r(271,4,7,1563)
r(278,2,7,1563)
w(280,2,3,1566)
w(279,8,3,1566)
r(271,4,3,1566)
w(280,3,3,1566)
w(281,1,10,1572)
r(271,4,10,1572)
w(281,2,10,1572)
r(282,0,10,1572)
w(271,5,10,1572)
r(282,0,2,1574)
r(280,3,2,1574)
w(282,3,2,1574)
r(281,0,2,1574)
r(281,0,2,1574)
w(280,7,2,1574)
r(283,0,5,1577)
w(281,3,5,1577)
r(283,0,5,1577)
r(283,0,5,1577)
r(282,3,5,1582)
r(283,0,5,1582)
r(283,0,5,1582)
r(283,0,5,1582)
r(283,0,5,1582)
r(271,5,5,1582)
w(283,4,16,1584)
w(282,7,16,1584)
r(282,7,16,1584)
w(283,5,16,1584)
w(283,6,16,1584)
w(282,8,16,1584)
w(283,7,16,1584)
w(283,8,16,1584)
r(284,0,11,1586)
r(284,0,11,1586)
w(284,1,11,1586)
w(284,2,11,1586)
r(285,0,11,1586)
w(285,1,11,1586)
w(284,3,11,1586)
r(285,0,9,1587)
w(281,4,9,1587)
r(281,4,9,1587)
r(284,0,9,1587)
r(285,0,9,1587)
r(281,4,9,1587)
w(285,2,3,1591)
r(285,2,3,1591)
w(285,3,3,1591)
w(285,4,3,1591)
r(286,0,16,1602)
r(286,0,16,1602)
w(271,6,16,1602)
r(284,3,16,1602)
w(286,2,16,1602)
r(286,2,16,1602)
w(286,3,16,1602)
w(286,4,16,1602)
r(286,4,16,1606)
r(284,3,16,1606)
r(287,0,16,1606)
w(287,1,16,1606)
w(287,2,16,1606)
w(287,3,16,1606)
r(271,6,7,1610)
r(281,4,7,1610)
r(271,6,7,1610)
w(288,1,7,1610)
w(288,2,7,1610)
r(289,0,7,1610)
w(289,1,7,1610)
r(289,1,2,1616)
r(288,2,2,1616)
r(289,1,2,1616)
r(289,1,2,1616)
w(289,6,3,1618)
w(281,7,3,1618)
r(289,6,3,1618)
w(276,2,3,1618)
r(288,2,3,1618)
w(281,8,3,1618)
w(289,7,3,1618)
r(289,7,3,1618)
w(290,1,16,1621)
r(276,2,16,1621)
w(290,2,16,1621)
r(276,2,16,1621)
r(291,0,16,1626)
w(288,8,16,1626)
r(291,0,16,1626)
w(276,3,16,1626)
r(290,2,16,1626)
r(290,2,16,1626)
w(291,1,16,1626)
r(291,0,7,1627)
r(291,0,7,1627)
r(291,0,7,1627)
r(271,6,7,1627)
r(291,0,7,1627)
r(291,0,7,1627)
r(290,2,7,1627)
r(292,0,7,1627)
r(292,0,11,1630)
r(291,1,11,1630)
w(291,3,11,1630)
r(290,2,11,1630)
r(290,2,11,1630)
w(292,1,11,1630)
w(291,8,2,1636)
r(291,8,2,1636)
w(292,2,2,1636)
r(291,8,2,1636)
w(292,3,2,1636)
r(293,0,16,1637)
r(292,1,16,1637)
r(293,0,16,1637)
w(293,2,16,1637)
r(293,2,16,1637)
w(293,3,2,1639)
w(290,4,2,1639)
r(276,3,2,1639)
r(271,6,2,1639)
r(293,3,2,1639)
r(293,3,4,1644)
w(290,5,4,1644)
r(293,3,4,1644)
r(293,3,4,1644)
w(293,4,4,1644)
w(293,5,4,1644)
w(292,6,4,1644)
r(293,5,4,1644)
r(290,5,8,1646)
r(294,0,8,1646)
r(293,5,8,1646)
r(293,5,8,1646)
r(293,5,8,1646)
r(292,6,8,1646)
w(292,8,8,1646)
r(276,3,7,1648)
r(290,5,7,1648)
w(293,8,7,1648)
r(293,8,7,1648)
r(293,5,3,1649)
w(295,1,3,1649)
r(294,0,3,1649)
r(293,5,3,1649)
r(290,5,3,1649)
r(293,5,3,1649)
r(295,1,3,1649)
r(293,8,7,1652)
r(295,1,7,1652)
w(296,1,7,1652)
r(296,1,7,1652)
r(295,1,5,1654)
w(290,6,5,1654)
w(290,7,5,1654)
w(296,2,5,1654)
r(296,2,5,1654)
w(294,1,5,1654)
w(290,8,4,1657)
r(296,2,4,1657)
r(290,8,4,1657)
r(296,2,4,1657)
r(297,0,4,1657)
r(296,2,4,1657)
r(296,2,3,1659)
r(296,2,3,1659)
r(295,1,3,1659)
r(297,0,3,1659)
r(296,2,3,1659)
w(295,4,3,1659)
r(296,2,3,1659)
w(297,1,8,1663)
w(295,5,8,1663)
r(296,2,8,1663)
w(296,4,8,1663)
r(296,4,2,1669)
w(296,5,2,1669)
w(297,3,2,1669)
w(296,6,2,1669)
w(298,2,16,1672)
r(295,5,16,1672)
w(298,3,16,1672)
w(298,4,16,1672)
r(298,4,16,1672)
w(298,6,3,1675)
r(276,3,3,1675)
w(299,2,3,1675)
r(298,6,3,1675)
r(298,6,9,1677)
r(298,6,9,1677)
w(298,7,9,1677)
r(299,2,9,1677)
r(297,3,9,1677)
r(297,3,9,1677)
w(298,8,9,1677)
r(300,0,9,1677)
r(300,0,16,1680)
r(299,2,16,1680)
w(294,4,16,1680)
w(300,1,16,1680)
r(294,4,16,1680)
w(299,4,4,1683)
w(300,3,4,1683)
r(276,3,4,1683)
w(300,4,4,1683)
r(300,4,4,1683)
r(300,4,11,1686)
r(300,4,11,1686)
w(299,5,11,1686)
r(300,4,11,1686)
r(276,3,11,1686)
w(300,5,9,1687)
r(300,5,9,1687)
w(300,6,9,1687)
r(300,6,9,1687)
w(300,7,9,1687)
w(300,8,9,1687)
r(294,4,2,1691)
r(301,0,2,1691)
w(294,5,2,1691)
w(299,6,2,1691)
r(297,3,2,1691)
r(301,0,8,1695)
w(299,8,8,1695)
r(299,8,8,1695)
r(299,8,8,1695)
w(301,2,8,1695)
w(301,3,8,1695)
r(301,3,8,1695)
w(301,4,8,1695)
r(301,4,4,1698)
w(301,6,4,1698)
w(302,2,4,1698)
r(301,6,4,1698)
r(303,0,16,1701)
w(302,3,16,1701)
r(294,5,16,1701)
r(303,0,16,1701)
r(303,0,16,1701)
r(303,0,16,1701)
r(302,3,16,1701)
r(303,0,10,1706)
r(302,3,10,1706)
r(303,0,10,1706)
r(303,0,10,1706)
r(297,3,10,1706)
r(303,0,10,1706)
r(297,3,4,1709)
r(303,0,4,1709)
r(303,0,4,1709)
r(303,0,4,1709)
w(303,3,2,1712)
w(303,4,2,1712)
r(303,4,2,1712)
r(302,3,2,1712)
r(303,4,2,1712)
r(303,4,2,1712)
w(303,5,2,1712)
r(303,5,2,1712)
r(303,5,11,1716)
r(302,3,11,1716)
r(303,5,11,1716)
w(302,4,11,1716)
r(302,4,11,1716)
w(297,8,11,1716)
r(297,8,11,1716)
r(294,5,11,1716)
r(302,4,4,1720)
r(276,3,4,1720)
r(306,0,4,1720)
r(302,4,4,1720)
r(306,0,4,1720)
r(305,0,4,1720)
w(304,1,7,1722)
r(302,3,7,1722)
w(304,2,7,1722)
r(302,3,7,1722)
w(304,3,7,1722)
w(304,4,7,1722)
w(304,5,7,1722)
r(306,0,2,1727)
w(306,1,2,1727)
r(302,4,2,1727)
r(302,4,2,1727)
r(305,0,2,1727)
w(276,8,2,1727)
r(294,5,11,1730)
w(305,1,11,1730)
r(305,1,11,1730)
w(306,6,11,1730)
r(276,8,11,1730)
w(302,7,11,1730)
r(306,6,11,1730)
w(302,8,11,1730)
r(308,0,11,1734)
w(305,2,11,1734)
r(308,0,11,1734)
w(308,2,11,1734)
r(307,0,10,1738)
r(308,2,10,1738)
w(308,4,10,1738)
w(308,5,10,1738)
r(306,6,16,1742)
w(308,8,16,1742)
w(309,1,16,1742)
w(309,2,16,1742)
w(312,1,4,1750)
w(311,2,4,1750)
r(311,2,4,1750)
r(311,2,4,1750)
w(312,2,4,1750)
r(311,2,4,1750)
r(311,2,4,1750)
w(311,5,5,1756)
r(312,2,5,1756)
r(312,2,5,1756)
r(311,5,5,1756)
r(311,5,5,1756)
r(312,2,5,1756)
w(311,6,5,1756)
w(312,7,7,1760)
w(312,8,7,1760)
r(312,8,7,1760)
w(305,8,7,1760)
r(313,0,7,1760)
r(305,8,7,1760)
r(312,8,7,1760)
w(313,1,7,1760)
r(313,1,11,1763)
r(313,1,11,1763)
r(313,1,11,1763)
w(313,3,11,1763)
r(313,3,11,1763)
w(313,4,11,1763)
r(313,4,8,1766)
r(313,4,8,1766)
w(313,5,8,1766)
w(314,1,8,1766)
r(313,5,8,1766)
r(314,1,8,1766)
r(313,5,8,1766)
w(310,2,2,1772)
w(307,4,2,1772)
r(314,1,2,1772)
r(315,0,2,1772)
w(316,1,3,1775)
w(316,2,3,1775)
r(307,0,3,1775)
r(316,2,3,1775)
w(307,5,5,1781)
r(316,2,5,1781)
w(316,6,5,1781)
r(316,6,5,1781)
r(316,6,5,1781)
w(307,6,5,1781)
r(317,0,4,1787)
w(307,7,4,1787)
w(317,1,4,1787)
w(317,2,4,1787)
w(317,3,4,1787)
r(317,3,4,1787)
w(315,3,4,1787)
r(318,0,16,1792)
w(318,1,16,1792)
w(315,6,16,1792)
r(318,1,16,1792)
r(318,1,16,1792)
w(317,7,16,1792)
r(318,1,16,1792)
w(319,1,3,1798)
r(318,1,3,1798)
r(319,1,3,1798)
w(319,2,3,1798)
r(315,6,3,1798)
w(318,4,3,1798)
r(319,2,5,1801)
r(315,6,5,1801)
r(320,0,5,1801)
r(320,0,5,1801)
r(321,0,8,1805)
w(321,1,8,1805)
w(321,2,8,1805)
w(318,5,8,1805)
w(320,1,8,1805)
w(320,2,8,1805)
r(318,5,8,1805)
r(310,2,11,1809)
r(307,7,11,1809)
w(320,4,11,1809)
w(320,5,11,1809)
r(318,5,11,1809)
w(318,7,2,1812)
w(310,3,2,1812)
r(320,2,2,1812)
r(318,7,2,1812)
r(318,7,2,1812)
r(320,2,2,1812)
w(318,8,2,1812)
r(320,5,8,1813)
r(320,5,8,1813)
r(320,5,8,1813)
r(320,5,8,1813)
r(322,0,5,1818)
w(322,1,5,1818)
r(322,1,5,1818)
w(320,8,5,1818)
r(322,1,5,1818)
r(322,1,5,1818)
r(324,0,5,1818)
w(322,2,5,1818)
r(321,2,9,1821)
w(321,3,9,1821)
w(324,3,9,1821)
r(324,3,9,1821)
r(324,3,8,1829)
r(324,3,8,1829)
w(321,5,8,1829)
w(322,8,8,1829)
r(325,0,8,1829)
r(324,3,8,1829)
r(324,3,8,1829)
r(324,3,7,1830)
r(323,0,7,1830)
r(324,3,7,1830)
r(326,0,7,1830)
r(326,0,7,1830)
r(325,0,7,1830)
r(326,0,7,1830)
w(326,1,7,1830)
w(325,1,8,1836)
r(325,1,8,1836)
w(321,6,8,1836)
w(325,2,8,1836)
w(321,7,8,1836)
w(325,3,8,1836)
r(326,1,5,1837)
w(326,6,5,1837)
r(325,0,5,1837)
r(326,6,5,1837)
w(327,1,4,1845)
r(327,1,4,1845)
r(321,7,4,1845)
r(327,1,4,1845)
w(323,1,4,1845)
w(327,2,4,1845)
w(326,7,10,1846)
r(325,3,10,1846)
w(325,5,10,1846)
r(325,5,10,1846)
r(326,7,10,1846)
r(325,5,10,1846)
w(326,8,10,1846)
r(321,7,10,1846)
w(327,8,4,1849)
r(327,8,4,1849)
r(327,8,4,1849)
w(323,2,4,1849)
r(327,8,4,1849)
r(327,8,4,1849)
r(327,8,4,1849)
r(329,0,4,1851)
r(330,0,4,1851)
r(310,3,4,1851)
r(329,0,4,1851)
r(329,0,4,1851)
r(330,0,4,1851)
r(323,2,2,1856)
w(330,3,2,1856)
r(329,0,2,1856)
w(330,4,2,1856)
r(310,3,16,1859)
r(330,4,16,1859)
r(328,0,16,1859)
r(329,0,16,1859)
r(330,4,10,1865)
w(330,5,10,1865)
w(328,4,10,1865)
w(330,6,10,1865)
r(330,6,10,1865)
r(330,6,10,1865)
w(330,7,10,1865)
w(329,2,10,1865)
r(329,2,9,1872)
r(323,2,9,1872)
r(331,0,9,1872)
r(329,2,9,1872)
r(332,0,9,1872)
w(332,1,9,1872)
r(331,0,2,1875)
w(329,4,2,1875)
w(331,7,2,1875)
w(329,5,2,1875)
w(331,8,2,1875)
w(323,4,2,1875)
r(332,1,16,1883)
r(332,1,16,1883)
r(333,0,16,1883)
w(332,3,16,1883)
w(333,2,16,1883)
w(332,4,16,1883)
w(332,5,16,1883)
w(333,3,16,1883)
r(334,0,9,1887)
w(334,1,9,1887)
w(334,2,9,1887)
w(335,2,9,1887)
w(328,8,9,1887)
r(335,2,9,1887)
w(334,5,11,1890)
w(334,6,11,1890)
r(336,0,11,1890)
w(335,4,11,1890)
w(334,7,11,1890)
r(310,3,3,1894)
w(323,7,3,1894)
w(337,2,3,1894)
r(337,2,3,1894)
r(323,7,3,1894)
r(337,2,5,1897)
w(337,4,5,1897)
w(337,5,5,1897)
r(337,5,5,1897)
r(337,5,5,1897)
r(337,5,5,1897)
w(337,7,3,1906)
r(337,7,3,1906)
w(337,8,3,1906)
r(337,8,3,1906)
r(310,3,3,1906)
w(335,7,3,1906)
r(323,7,3,1906)
r(338,0,7,1909)
r(335,4,7,1909)
r(336,0,7,1909)
w(339,1,7,1909)
w(339,2,7,1909)
r(336,0,7,1909)
w(338,4,8,1914)
w(338,5,8,1914)
w(339,7,8,1914)
r(338,5,8,1914)
r(338,5,5,1917)
r(341,0,5,1917)
w(341,1,5,1917)
r(341,1,5,1917)
r(338,5,5,1917)
w(342,1,5,1917)
r(342,1,5,1917)
r(342,1,5,1917)
w(342,2,2,1919)
r(341,1,2,1919)
r(341,1,2,1919)
r(341,1,2,1919)
r(342,2,4,1925)
w(341,4,4,1925)
w(342,3,4,1925)
w(336,4,4,1925)
r(342,3,4,1925)
r(341,4,2,1931)
r(343,0,2,1931)
w(336,6,2,1931)
w(341,8,2,1931)
w(342,5,5,1932)
w(342,6,5,1932)
w(342,7,5,1932)
w(342,8,5,1932)
r(342,8,5,1932)
w(340,4,4,1935)
r(343,0,4,1935)
w(344,1,4,1935)
r(344,1,4,1935)
r(343,0,4,1935)
r(343,0,4,1935)
w(343,1,4,1935)
w(344,4,8,1944)
w(344,5,8,1944)
w(343,5,8,1944)
w(340,5,8,1944)
r(344,5,8,1944)
w(344,6,8,1944)
w(336,8,8,1944)
r(343,5,8,1944)
r(310,3,2,1949)
r(346,0,2,1949)
r(346,0,2,1949)
w(345,3,2,1949)
r(346,0,2,1949)
r(345,3,2,1949)
w(345,4,2,1949)
w(346,3,10,1951)
w(340,6,10,1951)
r(346,3,10,1951)
r(346,3,10,1951)
w(346,4,10,1951)
r(347,0,8,1954)
w(347,1,8,1954)
r(347,1,8,1954)
w(346,7,8,1954)
w(346,8,8,1954)
r(347,1,8,1954)
r(346,8,8,1954)
r(346,8,8,1954)
w(310,6,11,1956)
w(345,5,11,1956)
r(346,4,11,1956)
w(340,7,11,1956)
w(345,6,3,1957)
w(347,2,3,1957)
w(347,3,3,1957)
w(345,7,3,1957)
r(348,0,9,1960)
w(347,4,9,1960)
w(347,5,9,1960)
w(345,8,9,1960)
r(348,0,9,1960)
r(347,3,3,1961)
r(348,0,3,1961)
r(348,0,3,1961)
w(348,1,3,1961)
w(348,2,8,1966)
r(340,7,8,1966)
w(310,7,8,1966)
w(348,3,8,1966)
w(347,6,7,1969)
r(310,7,7,1969)
w(347,7,7,1969)
r(348,3,7,1969)
w(347,8,7,1969)
w(348,5,9,1972)
r(348,5,9,1972)
r(348,5,9,1972)
r(350,0,9,1972)
r(350,0,9,1972)
w(348,6,9,1972)
w(348,7,9,1972)
r(348,7,9,1972)
w(349,1,9,1975)
w(349,2,9,1975)
r(350,0,9,1975)
r(351,0,9,1975)
w(350,1,3,1980)
r(340,7,3,1980)
w(351,1,3,1980)
w(340,8,3,1980)
w(351,2,3,1980)
w(350,2,3,1980)
w(351,3,3,1980)
w(351,4,3,1980)
r(353,0,11,1987)
r(352,0,11,1987)
w(353,6,11,1987)
r(349,2,11,1987)
r(350,2,11,1987)
r(350,2,11,1987)
w(352,2,11,1987)
w(350,5,11,1987)
w(355,1,5,1989)
r(350,5,5,1989)
r(355,1,5,1989)
w(350,6,5,1989)
r(355,1,5,1991)
r(349,2,5,1991)
r(355,1,5,1991)
r(355,1,5,1991)
