r(4,0,5,9)
w(4,1,5,9)
r(4,1,5,9)
r(4,1,5,9)
w(3,1,5,9)
r(3,1,5,9)
r(2,0,5,9)
r(3,1,6,12)
r(4,1,6,12)
r(2,0,6,12)
w(0,2,6,12)
r(4,1,8,14)
w(4,8,8,14)
r(4,8,8,14)
r(4,8,8,14)
r(4,8,8,14)
w(3,4,8,14)
w(2,1,8,14)
r(1,0,8,14)
w(6,2,4,29)
r(6,2,4,29)
r(6,2,4,29)
r(2,1,4,29)
r(1,0,7,31)
r(2,1,7,31)
r(7,0,7,31)
r(0,2,7,31)
w(7,1,7,31)
w(6,6,3,34)
r(7,0,3,34)
r(2,1,3,34)
w(6,7,3,34)
r(7,0,3,34)
w(6,8,5,39)
r(7,1,5,39)
r(6,8,5,39)
r(7,1,5,39)
w(7,6,5,39)
w(8,1,5,39)
r(8,1,5,39)
r(8,1,2,43)
r(7,6,2,43)
r(7,6,2,43)
r(9,0,2,43)
r(8,1,2,43)
r(2,1,2,43)
w(8,5,6,49)
w(2,4,6,49)
w(8,6,6,49)
r(8,6,6,49)
r(8,6,6,49)
r(8,6,6,49)
r(2,4,6,49)
r(2,1,2,53)
w(0,6,2,53)
r(9,0,2,53)
r(9,0,2,53)
r(1,0,2,53)
r(2,1,2,53)
r(2,4,0,57)
r(9,0,0,57)
w(9,4,0,57)
r(2,4,0,57)
r(10,0,2,60)
r(10,0,2,60)
r(10,0,2,60)
r(10,0,2,60)
w(10,6,2,60)
r(10,6,2,60)
w(10,7,2,60)
r(1,0,9,63)
r(11,0,9,63)
r(2,4,9,63)
r(11,0,9,63)
r(10,0,3,64)
r(10,0,3,64)
w(11,1,3,64)
w(11,2,3,64)
r(11,2,3,64)
w(11,3,3,64)
r(2,4,6,69)
r(11,3,6,69)
r(11,3,6,69)
w(11,6,6,69)
w(11,7,6,69)
r(11,3,5,70)
r(2,4,5,70)
w(9,7,5,70)
r(11,3,5,70)
w(0,8,5,70)
r(9,7,6,73)
r(9,7,6,73)
r(11,7,6,73)
w(12,1,6,73)
r(12,1,6,73)
r(12,1,9,76)
w(12,2,9,76)
r(2,4,9,76)
r(12,2,9,76)
r(2,4,7,77)
r(9,7,7,77)
r(12,2,7,77)
w(2,7,7,77)
r(2,7,7,77)
r(2,7,7,77)
r(13,0,7,77)
r(13,0,9,80)
w(12,3,9,80)
r(12,3,9,80)
w(2,8,9,80)
r(1,0,9,80)
r(2,8,9,80)
r(12,3,0,84)
w(12,8,0,84)
r(13,0,0,84)
w(13,1,0,84)
r(0,8,3,89)
r(0,8,3,89)
r(15,0,3,89)
w(15,2,3,89)
r(14,0,3,89)
r(14,0,3,95)
r(16,0,3,95)
r(16,0,3,95)
w(14,3,3,95)
w(16,1,3,95)
r(16,1,3,95)
r(13,1,3,95)
w(15,6,9,98)
w(13,7,9,98)
r(15,6,9,98)
w(15,7,9,98)
r(13,7,9,98)
r(15,7,9,98)
w(15,8,9,98)
r(16,0,9,98)
w(16,2,2,101)
r(18,0,2,101)
r(16,2,2,101)
w(17,1,2,101)
w(16,3,2,101)
r(18,0,2,101)
r(18,0,2,101)
r(1,0,3,103)
r(14,3,3,103)
r(18,0,3,103)
w(14,4,3,103)
w(18,1,3,103)
r(14,4,8,106)
r(1,0,8,106)
r(18,1,8,106)
r(1,0,8,106)
r(16,3,8,106)
r(16,3,0,107)
w(16,4,0,107)
r(1,0,0,107)
w(16,5,0,107)
r(16,5,0,107)
w(16,6,0,107)
r(16,6,0,107)
r(1,0,0,107)
r(18,1,8,110)
w(18,2,8,110)
w(14,6,8,110)
r(16,6,8,110)
w(16,7,8,110)
r(18,2,4,112)
r(18,2,4,112)
r(16,7,4,112)
r(14,6,4,112)
r(16,7,4,112)
w(19,1,4,112)
w(14,7,3,113)
w(18,3,3,113)
w(18,4,3,113)
w(16,8,3,113)
r(19,1,1,117)
r(18,4,1,117)
w(18,5,1,117)
r(18,5,1,117)
r(14,7,6,118)
r(19,1,6,118)
r(19,1,6,118)
r(19,1,6,118)
w(19,3,6,123)
w(19,4,6,123)
r(19,4,6,123)
w(17,2,6,123)
r(19,4,6,123)
w(19,6,5,126)
w(17,3,5,126)
r(18,5,5,126)
r(19,6,5,126)
r(18,5,5,126)
r(20,0,9,132)
r(18,5,9,132)
r(17,3,9,132)
r(20,0,9,132)
r(20,0,9,132)
w(1,7,9,132)
r(14,7,9,132)
r(20,0,9,132)
r(20,0,2,133)
r(20,0,2,133)
r(21,0,2,133)
w(21,1,2,133)
r(18,5,5,135)
w(18,7,5,135)
w(18,8,5,135)
w(20,1,5,135)
r(20,1,5,135)
w(14,8,5,135)
r(20,1,5,138)
r(20,1,5,138)
w(20,2,5,138)
w(20,3,5,138)
w(21,4,5,138)
r(20,3,5,138)
r(21,4,7,142)
r(21,4,7,142)
r(20,3,7,142)
r(22,0,7,142)
r(20,3,7,142)
w(20,6,7,142)
r(17,3,0,144)
w(20,7,0,144)
w(20,8,0,144)
r(21,4,0,144)
r(23,0,0,144)
r(21,4,0,144)
w(23,1,0,144)
r(23,0,2,146)
w(21,7,2,146)
w(21,8,2,146)
r(23,0,2,146)
r(23,0,2,146)
r(23,0,2,146)
r(1,7,2,146)
w(24,1,2,146)
r(24,0,3,147)
w(22,1,3,147)
r(23,1,3,147)
r(23,1,3,147)
r(23,1,9,151)
w(23,2,9,151)
w(23,3,9,151)
w(17,4,9,151)
w(23,4,9,151)
w(1,8,6,156)
w(23,6,6,156)
r(22,1,6,156)
w(23,7,6,156)
w(24,2,6,156)
w(23,8,6,156)
w(25,8,5,162)
r(25,8,5,162)
r(25,8,5,162)
w(24,6,5,162)
r(25,8,5,162)
r(25,8,5,162)
w(24,7,5,162)
r(28,0,3,174)
w(29,1,3,174)
r(28,0,3,174)
w(28,4,3,174)
w(28,5,3,174)
r(28,5,1,177)
r(26,0,1,177)
r(22,1,1,177)
w(29,5,1,177)
r(31,0,9,188)
w(31,3,9,188)
r(30,0,9,188)
r(30,0,9,188)
w(31,4,9,188)
r(31,4,9,188)
r(31,4,9,188)
r(31,4,4,193)
r(22,1,4,193)
r(31,4,4,193)
w(31,5,4,193)
r(31,0,1,194)
w(30,1,1,194)
r(30,1,1,194)
w(22,6,1,194)
r(31,0,1,194)
r(31,0,1,194)
w(32,1,0,200)
w(32,2,0,200)
r(22,6,0,200)
r(32,2,0,200)
r(30,1,0,200)
w(30,6,0,200)
w(32,6,5,204)
w(33,1,5,204)
r(26,0,5,204)
r(32,6,5,204)
w(26,6,1,210)
r(34,0,1,210)
w(34,2,1,210)
r(33,1,1,210)
w(35,1,7,216)
w(35,2,7,216)
w(35,3,7,216)
w(35,4,7,216)
r(35,4,7,216)
w(35,5,7,216)
w(17,7,7,216)
r(34,2,6,219)
r(35,0,6,219)
w(26,7,6,219)
w(34,6,6,219)
r(33,1,6,219)
w(26,8,6,219)
r(35,0,6,219)
r(34,6,6,219)
w(33,3,0,226)
w(37,2,0,226)
r(33,3,0,226)
r(17,7,0,226)
r(33,3,0,226)
w(37,3,0,226)
r(33,3,0,226)
r(37,0,3,228)
w(38,1,3,228)
w(36,2,3,228)
w(38,2,3,228)
r(39,0,6,236)
w(39,2,6,236)
w(33,5,6,236)
r(39,2,6,236)
w(33,6,6,236)
w(38,7,6,236)
r(39,2,6,236)
w(38,8,6,236)
w(39,7,4,240)
w(39,8,4,240)
r(40,0,4,240)
r(36,2,4,240)
r(39,8,4,240)
r(39,2,5,241)
r(33,6,5,241)
r(39,2,5,241)
w(40,3,5,241)
r(39,2,5,241)
r(39,2,5,241)
r(41,0,5,243)
r(41,0,5,243)
r(41,0,5,243)
r(41,0,5,243)
w(36,4,9,247)
r(41,0,9,247)
w(41,1,9,247)
r(41,1,9,247)
r(40,3,9,247)
r(33,6,9,247)
r(33,6,0,252)
w(41,5,0,252)
w(41,6,0,252)
w(42,1,0,252)
r(41,6,0,252)
r(41,6,0,252)
w(41,8,0,255)
w(36,7,0,255)
w(40,7,0,255)
r(41,8,0,255)
w(40,8,5,261)
w(43,1,5,261)
w(36,8,5,261)
w(43,2,5,261)
r(40,8,5,261)
r(40,8,5,261)
r(43,2,5,261)
r(42,1,4,264)
r(43,2,4,264)
r(42,1,4,264)
r(43,2,4,264)
r(45,0,4,264)
w(17,8,1,267)
w(43,6,1,267)
r(43,6,1,267)
r(44,0,1,267)
w(43,7,1,267)
w(43,8,1,267)
w(42,3,1,267)
r(42,1,5,270)
r(46,0,5,270)
r(17,7,5,270)
w(44,3,5,270)
r(46,0,5,270)
w(46,1,5,270)
w(46,2,5,270)
w(46,3,5,270)
w(46,4,7,272)
r(42,3,7,272)
r(44,3,7,272)
w(46,5,7,272)
r(47,0,2,275)
r(42,3,2,275)
r(44,3,2,275)
r(46,5,2,275)
w(45,1,2,275)
r(44,3,2,275)
w(46,6,5,277)
w(44,4,5,277)
r(46,6,5,277)
w(46,7,5,277)
r(44,4,9,281)
r(44,4,9,281)
r(44,4,9,281)
r(45,1,9,281)
w(44,6,9,281)
r(44,6,9,281)
w(48,3,9,281)
r(48,3,9,281)
r(49,0,6,285)
r(47,0,6,285)
w(49,2,6,285)
r(48,3,6,285)
r(42,3,6,285)
r(48,3,3,287)
r(45,1,3,287)
w(42,6,3,287)
w(48,7,3,287)
r(49,2,3,292)
w(50,3,3,292)
r(42,6,3,292)
r(49,2,3,292)
r(50,3,3,292)
w(49,4,1,293)
r(49,4,1,293)
w(42,7,1,293)
r(50,0,1,293)
r(49,4,1,293)
w(47,3,1,293)
r(50,0,1,293)
r(49,4,3,300)
w(42,8,3,300)
r(50,3,3,300)
r(49,4,3,300)
w(51,1,1,303)
r(50,3,1,303)
r(50,3,1,303)
w(50,7,1,303)
w(50,8,1,303)
w(51,3,4,305)
w(52,1,4,305)
r(51,3,4,305)
w(51,4,4,305)
w(51,5,8,312)
w(52,2,8,312)
r(51,5,8,312)
r(42,8,8,312)
r(51,5,8,312)
w(51,6,8,312)
r(42,8,8,312)
w(51,7,8,312)
w(47,5,8,316)
r(45,1,8,316)
w(45,4,8,316)
r(54,0,8,316)
r(54,0,7,317)
w(52,8,7,317)
r(55,0,7,317)
r(54,0,7,317)
r(53,0,7,317)
w(54,3,8,320)
r(55,0,8,320)
w(45,5,8,320)
r(55,0,8,320)
r(55,0,8,320)
w(45,6,4,323)
w(55,1,4,323)
w(55,2,4,323)
r(54,3,4,323)
w(47,6,4,323)
r(53,0,2,328)
r(55,2,2,328)
r(55,2,2,328)
w(54,4,2,328)
w(53,2,2,328)
w(54,5,2,328)
r(55,2,9,331)
r(55,2,9,331)
r(55,2,9,331)
w(55,7,9,331)
r(54,3,9,331)
w(55,8,9,331)
r(54,3,9,331)
r(54,5,6,334)
r(54,5,6,334)
w(53,3,6,334)
r(56,0,6,334)
r(56,0,6,334)
r(56,0,6,334)
w(54,6,2,336)
r(56,0,2,336)
r(56,0,2,336)
r(56,0,2,336)
r(54,6,2,336)
r(56,0,9,340)
w(54,8,9,340)
r(56,0,9,340)
r(56,0,9,340)
r(56,0,9,340)
w(56,4,9,340)
r(53,3,9,340)
w(56,7,0,344)
w(56,8,0,344)
r(57,0,0,344)
r(57,0,0,344)
r(53,3,9,345)
r(57,0,9,345)
r(57,0,9,345)
w(53,5,9,345)
w(45,7,9,345)
r(47,6,1,349)
w(58,2,1,349)
r(58,2,1,349)
r(58,2,1,349)
w(57,4,8,356)
w(57,5,8,356)
w(45,8,8,356)
w(58,5,8,356)
r(58,5,8,356)
w(58,6,8,356)
r(58,6,8,356)
r(58,2,1,357)
r(47,6,1,357)
w(53,8,1,357)
r(58,2,1,357)
r(47,6,1,357)
r(58,2,1,357)
r(58,2,1,357)
r(58,2,1,357)
r(57,5,4,360)
w(59,1,4,360)
r(59,1,4,360)
r(59,1,4,360)
r(58,6,7,361)
r(45,8,7,361)
r(58,6,7,361)
r(57,5,7,361)
r(57,5,7,361)
r(57,5,7,361)
w(58,8,7,361)
r(57,5,7,361)
w(57,8,0,365)
w(60,1,0,365)
r(60,1,0,365)
w(60,2,0,365)
r(63,0,9,369)
w(63,1,9,369)
r(61,0,9,369)
r(63,1,9,369)
w(60,7,2,370)
r(57,8,2,370)
r(62,0,2,370)
w(60,8,2,370)
r(62,0,2,370)
r(45,8,2,370)
w(61,1,2,370)
w(62,1,1,373)
r(62,1,1,373)
w(59,2,1,373)
r(63,1,1,373)
r(64,0,1,373)
r(62,1,1,373)
r(61,0,1,373)
r(63,1,8,377)
r(63,1,8,377)
r(59,1,8,377)
r(62,0,8,377)
w(63,4,8,377)
w(63,5,8,377)
w(63,6,8,377)
r(62,0,8,377)
r(61,1,9,385)
r(65,0,9,385)
r(64,0,9,385)
r(62,1,9,385)
w(62,3,9,385)
r(65,0,9,385)
w(65,2,9,385)
w(65,3,9,385)
r(66,0,0,389)
w(64,2,0,389)
w(66,1,0,389)
r(66,1,0,389)
r(66,1,0,389)
w(66,2,0,389)
w(64,5,6,393)
r(61,1,6,393)
w(59,7,6,393)
w(66,6,6,393)
w(59,8,6,393)
w(66,7,6,393)
w(66,8,6,393)
r(62,3,3,395)
r(66,2,3,395)
r(59,2,3,395)
r(59,2,3,395)
w(62,6,3,395)
w(67,1,3,395)
w(67,2,3,395)
r(62,6,3,395)
r(69,0,0,401)
r(61,1,0,401)
w(68,1,0,401)
r(68,1,0,401)
w(69,1,0,401)
r(70,0,2,408)
w(69,3,2,408)
w(68,2,2,408)
w(68,3,2,408)
w(68,4,2,408)
r(68,4,2,408)
w(61,3,2,413)
w(69,8,2,413)
r(68,4,2,413)
w(68,8,2,413)
r(69,8,2,413)
r(68,8,2,413)
w(72,3,0,419)
r(71,0,0,419)
r(72,3,0,419)
r(72,3,0,419)
r(71,0,0,419)
w(72,4,0,419)
r(71,0,0,419)
r(70,0,0,419)
r(64,5,0,427)
r(72,4,0,427)
r(70,0,0,427)
w(73,1,0,427)
r(73,1,0,427)
w(73,2,0,427)
w(73,3,0,427)
w(74,1,0,427)
r(73,0,7,432)
r(73,0,7,432)
w(70,5,7,432)
w(70,6,7,432)
w(64,6,7,432)
r(73,0,7,432)
r(73,0,7,432)
r(70,6,7,432)
w(73,6,5,433)
r(73,6,5,433)
r(74,1,5,433)
w(73,7,5,433)
r(64,5,5,433)
r(73,7,5,433)
r(73,7,5,433)
r(73,7,5,433)
r(75,0,0,445)
r(75,0,0,445)
w(75,3,0,445)
w(75,4,0,445)
r(75,4,0,445)
w(76,1,0,445)
w(75,5,0,445)
w(75,6,0,445)
r(77,0,4,446)
r(77,0,4,446)
w(78,2,4,446)
r(78,2,4,446)
r(77,0,4,449)
r(77,0,4,449)
r(61,3,4,449)
w(78,3,4,449)
w(78,4,7,454)
w(76,2,7,454)
r(78,4,7,454)
r(77,0,7,454)
r(70,6,7,454)
w(78,5,7,454)
w(78,6,7,454)
r(78,6,7,454)
r(78,3,3,455)
w(79,1,3,455)
w(79,2,3,455)
r(70,6,3,455)
w(79,3,3,459)
w(77,3,3,459)
w(77,4,3,459)
r(76,2,3,459)
r(81,0,3,468)
w(77,6,3,468)
r(77,6,3,468)
w(81,1,3,468)
w(77,7,3,468)
w(81,2,3,468)
r(80,0,3,468)
w(61,6,8,471)
w(83,1,8,471)
w(83,2,8,471)
r(83,2,8,471)
r(83,2,8,471)
w(83,3,8,471)
w(83,4,8,471)
r(83,4,9,478)
w(83,6,9,478)
r(83,6,9,478)
w(76,3,9,478)
r(83,6,9,478)
r(82,0,4,481)
w(82,2,4,481)
w(82,3,4,481)
r(83,4,4,481)
r(83,4,4,481)
r(82,3,4,481)
r(61,6,4,481)
r(82,3,4,481)
w(84,1,7,483)
r(84,1,7,483)
r(61,6,7,483)
w(84,2,7,483)
r(76,2,7,483)
r(84,2,7,483)
r(82,0,7,483)
r(84,2,7,483)
r(84,2,2,492)
w(82,8,2,492)
r(82,8,2,492)
r(82,8,2,492)
w(85,1,2,492)
r(84,2,2,492)
r(80,0,7,493)
w(84,8,7,493)
r(85,0,7,493)
r(84,8,7,493)
w(86,1,4,498)
w(86,2,4,498)
w(86,3,4,498)
r(85,0,4,498)
r(86,3,4,498)
r(85,0,4,498)
w(86,4,4,498)
r(87,0,5,506)
r(88,0,5,506)
w(85,3,5,506)
w(89,1,5,506)
w(61,8,5,506)
r(87,0,5,506)
r(88,0,5,506)
w(89,2,5,506)
w(88,4,2,513)
w(88,5,2,513)
r(85,3,2,513)
w(88,6,2,513)
r(88,6,2,513)
r(88,6,2,513)
r(88,6,2,513)
r(85,3,9,515)
r(88,0,9,515)
r(88,0,9,515)
w(90,2,9,515)
r(89,2,9,515)
w(85,6,9,515)
r(90,2,9,515)
r(91,0,2,519)
r(91,0,2,519)
r(92,0,2,519)
w(91,4,2,519)
r(91,4,2,519)
r(87,0,0,522)
r(92,0,0,522)
w(89,3,0,522)
r(91,4,0,522)
r(91,4,6,523)
w(87,4,6,523)
r(91,4,6,523)
r(89,2,6,523)
r(87,4,6,523)
r(87,4,6,523)
w(92,3,6,523)
r(89,2,6,523)
w(91,7,3,527)
w(91,8,3,527)
r(87,4,3,527)
r(87,4,3,527)
r(87,4,3,527)
r(87,4,4,531)
w(92,4,4,531)
r(93,0,4,531)
r(93,0,4,531)
w(93,1,4,531)
r(93,1,4,531)
w(93,2,4,531)
w(93,3,4,531)
w(92,8,6,536)
w(93,8,6,536)
w(90,3,6,536)
r(92,8,6,536)
w(94,1,6,536)
r(89,3,6,536)
w(94,4,2,545)
w(90,4,2,545)
r(94,4,2,545)
r(94,4,2,545)
r(94,4,2,545)
r(94,4,2,545)
w(94,5,2,545)
w(94,6,2,545)
w(97,2,5,554)
w(97,3,5,554)
w(97,4,5,554)
w(96,4,5,554)
w(97,5,5,554)
w(89,7,5,554)
w(97,6,5,554)
w(97,7,5,554)
r(98,0,7,556)
r(98,0,7,556)
r(98,0,7,556)
w(98,6,7,556)
w(98,7,7,556)
r(100,0,9,561)
w(90,5,9,561)
w(100,1,9,561)
w(89,8,9,561)
w(100,2,9,561)
r(100,2,9,561)
r(100,2,9,561)
w(100,7,0,568)
r(100,7,0,568)
r(99,0,0,568)
r(99,0,0,568)
w(100,8,0,568)
w(95,4,0,568)
r(99,0,0,568)
r(99,0,0,568)
w(99,4,8,571)
r(102,0,8,571)
r(99,4,8,571)
r(99,4,8,571)
r(102,0,8,571)
r(102,0,8,571)
w(102,1,6,572)
r(99,0,6,572)
r(102,1,6,572)
r(99,0,6,572)
w(102,2,6,572)
r(95,0,6,572)
w(90,6,6,572)
r(102,2,2,576)
w(102,4,2,576)
r(95,4,2,576)
r(102,4,2,576)
w(99,5,2,576)
w(102,5,2,576)
r(95,4,2,576)
r(102,5,2,580)
w(99,6,2,580)
w(102,7,2,580)
r(102,7,2,580)
r(99,6,4,583)
w(103,2,4,583)
r(103,2,4,583)
r(103,2,4,583)
r(99,6,4,583)
w(95,7,4,583)
r(103,2,0,586)
w(101,3,0,586)
r(103,2,0,586)
w(101,4,0,586)
r(104,0,0,586)
w(103,3,0,586)
r(104,0,0,586)
w(104,1,0,586)
w(103,4,8,592)
w(104,2,8,592)
r(104,2,8,592)
w(103,5,8,592)
r(101,4,8,592)
w(103,6,8,592)
w(105,4,9,597)
r(95,7,9,597)
r(106,0,9,597)
r(105,4,9,597)
r(106,0,1,600)
w(106,1,1,600)
r(106,1,1,600)
w(104,7,1,600)
w(105,8,1,600)
r(107,0,1,600)
w(107,1,1,600)
r(90,6,4,609)
w(107,3,4,609)
r(107,3,4,609)
r(107,3,4,609)
r(90,6,4,609)
r(104,7,4,609)
w(107,4,4,609)
r(107,4,4,609)
r(108,0,9,611)
w(108,3,9,611)
r(104,7,9,611)
w(101,7,9,611)
w(108,4,9,611)
r(104,7,4,615)
w(108,5,4,615)
r(108,5,4,615)
w(101,8,4,615)
w(104,8,4,615)
r(108,5,1,618)
r(108,5,1,618)
r(108,5,1,618)
r(108,5,1,618)
r(106,1,1,618)
r(101,8,1,618)
r(101,8,1,618)
r(109,0,1,618)
w(109,1,8,620)
w(110,1,8,620)
r(109,1,8,620)
w(109,2,8,620)
w(106,5,7,627)
w(109,4,7,627)
r(106,5,7,627)
w(110,3,7,627)
r(110,3,7,627)
r(106,5,9,630)
r(109,4,9,630)
r(109,4,9,630)
w(110,4,9,630)
r(110,4,9,630)
w(112,1,9,630)
w(112,3,3,636)
w(110,6,3,636)
w(110,7,3,636)
r(112,3,3,636)
r(110,7,8,638)
w(113,1,8,638)
r(112,3,8,638)
r(112,3,8,638)
r(114,0,3,640)
w(112,8,3,640)
r(113,0,3,640)
r(111,0,3,640)
w(115,1,8,642)
r(115,1,8,642)
w(115,2,8,642)
r(114,0,8,642)
r(115,2,8,642)
w(106,7,8,642)
w(114,1,8,642)
r(115,2,0,645)
r(115,2,0,645)
r(114,1,0,645)
r(106,7,0,645)
r(116,0,2,655)
w(111,2,2,655)
r(116,0,2,655)
w(117,2,2,655)
r(114,1,2,655)
w(111,3,2,655)
w(111,4,2,655)
w(117,3,2,655)
w(116,2,4,661)
w(118,1,4,661)
w(118,2,4,661)
w(118,3,4,661)
r(118,3,4,661)
r(111,4,4,661)
r(114,1,8,667)
w(118,6,8,667)
w(113,2,8,667)
r(116,2,8,667)
r(113,2,8,667)
w(118,7,8,667)
w(119,1,0,668)
w(119,2,0,668)
r(119,2,0,668)
r(119,2,0,668)
r(116,2,7,673)
r(114,1,7,673)
w(116,5,7,673)
r(116,5,7,673)
r(114,1,2,678)
w(119,6,2,678)
w(119,7,2,678)
w(111,8,2,678)
w(120,1,4,682)
r(116,5,4,682)
r(120,1,4,682)
w(121,1,4,682)
r(116,5,4,682)
r(122,0,4,682)
r(120,1,4,682)
r(121,1,4,682)
r(113,2,3,685)
r(120,1,3,685)
r(121,1,3,685)
r(113,2,3,685)
w(121,2,3,685)
r(121,2,3,685)
r(120,1,3,685)
w(121,3,3,685)
w(122,1,4,690)
r(121,3,4,690)
w(120,5,4,690)
w(120,6,4,690)
w(116,8,4,690)
r(121,3,4,690)
r(116,8,4,690)
r(120,6,3,695)
r(121,3,3,695)
r(122,1,3,695)
w(121,7,3,695)
r(123,0,3,695)
w(124,1,3,695)
r(121,7,3,695)
w(121,8,3,695)
r(113,2,2,697)
w(125,1,2,697)
w(125,2,2,697)
w(124,5,2,697)
r(124,5,2,697)
r(124,5,2,697)
r(125,2,2,697)
w(124,7,4,705)
r(125,2,4,705)
w(123,2,4,705)
r(122,1,4,705)
r(124,7,4,705)
r(125,2,1,709)
w(125,5,1,709)
r(126,0,1,709)
w(126,2,1,709)
w(126,3,1,709)
w(125,6,1,709)
r(125,6,4,712)
r(126,3,4,712)
w(125,8,4,712)
r(126,3,4,712)
w(126,4,3,714)
r(126,4,3,714)
w(113,4,3,714)
w(126,5,3,714)
r(122,1,3,714)
r(126,5,3,714)
w(126,6,3,714)
w(127,1,5,719)
r(128,0,5,719)
w(127,2,5,719)
w(127,3,5,719)
r(128,0,5,719)
r(123,2,5,719)
w(113,6,6,721)
w(128,1,6,721)
r(128,1,6,721)
r(128,1,6,721)
r(128,1,6,721)
r(128,1,6,721)
w(127,4,6,725)
r(123,2,6,725)
w(128,4,6,725)
w(128,5,6,725)
w(127,5,6,725)
r(128,5,6,725)
r(127,5,6,725)
w(128,8,9,728)
r(123,2,9,728)
w(127,7,9,728)
r(129,0,9,728)
w(123,4,9,728)
w(130,1,9,732)
w(130,2,9,732)
w(129,3,9,732)
w(129,4,9,732)
r(129,4,9,732)
r(129,4,9,732)
r(129,4,9,732)
r(130,2,1,736)
r(130,2,1,736)
r(130,2,1,736)
r(130,2,1,736)
w(122,4,1,736)
r(129,4,1,736)
w(130,3,1,736)
r(129,4,9,738)
r(129,4,9,738)
r(130,2,9,738)
r(129,4,9,738)
w(123,5,9,738)
w(129,7,9,738)
w(129,8,9,738)
r(130,2,9,738)
r(123,4,4,739)
r(130,3,4,739)
r(113,6,4,739)
w(131,1,4,739)
w(130,4,4,739)
r(130,4,5,746)
w(123,6,5,746)
w(131,2,5,746)
r(131,2,5,746)
w(131,3,5,746)
w(131,4,5,746)
w(130,5,5,746)
r(131,4,5,746)
r(122,4,4,750)
r(131,4,4,750)
w(123,8,4,750)
w(122,5,4,750)
r(123,6,9,752)
w(132,1,9,752)
r(130,5,9,752)
w(132,2,9,752)
r(130,5,9,752)
r(130,5,1,757)
r(132,2,1,757)
r(130,5,1,757)
w(133,1,1,757)
r(132,2,1,757)
w(132,4,1,757)
r(122,5,7,759)
r(133,1,7,759)
w(134,1,7,759)
r(134,1,7,759)
r(132,4,7,759)
r(132,4,7,764)
w(132,6,7,764)
w(132,7,7,764)
r(132,7,7,764)
r(133,1,7,764)
w(133,4,6,766)
w(133,5,6,766)
w(135,2,6,766)
w(135,3,6,766)
w(133,8,3,770)
w(135,4,3,770)
w(135,5,3,770)
r(135,5,3,770)
r(135,5,7,773)
r(135,5,7,773)
r(122,5,7,773)
w(135,8,7,773)
r(122,5,4,777)
w(122,7,4,777)
w(136,1,4,777)
w(134,3,4,777)
w(137,1,4,777)
r(137,1,3,780)
r(136,1,3,780)
r(137,1,3,780)
r(136,1,3,780)
w(137,4,3,780)
w(137,5,3,780)
w(136,3,3,780)
w(137,6,3,780)
w(137,7,1,785)
r(137,7,1,785)
r(136,3,1,785)
r(137,7,1,785)
r(137,7,1,785)
r(138,0,9,786)
r(136,3,9,786)
r(137,6,9,786)
w(136,6,9,786)
r(134,3,9,786)
r(140,0,3,789)
w(138,2,3,789)
w(139,1,3,789)
w(139,2,3,789)
r(140,0,2,791)
r(139,2,2,791)
r(140,0,2,791)
r(139,2,2,791)
r(139,2,2,791)
r(139,2,2,791)
w(140,2,2,791)
w(134,5,0,794)
w(140,3,0,794)
r(140,3,0,794)
w(139,3,0,794)
w(139,4,0,794)
w(139,6,5,799)
r(140,3,5,799)
w(134,6,5,799)
r(134,6,5,799)
r(140,3,5,799)
r(140,3,5,799)
w(138,4,5,799)
r(139,6,8,805)
r(139,6,8,805)
r(140,3,8,805)
r(140,3,8,805)
w(140,6,8,805)
r(139,6,8,805)
r(140,3,7,807)
r(142,0,7,807)
r(140,3,7,807)
r(142,0,7,807)
r(134,6,7,807)
r(134,6,7,807)
r(142,0,7,807)
r(142,0,8,811)
w(138,5,8,811)
w(142,2,8,811)
r(142,2,8,811)
r(142,2,8,811)
w(134,7,8,811)
r(147,0,8,832)
r(147,0,8,832)
r(145,0,8,832)
r(138,5,8,832)
r(145,0,8,832)
r(148,0,8,832)
r(147,0,8,832)
r(145,0,8,832)
r(147,0,6,858)
r(152,0,6,858)
r(152,0,6,858)
w(152,4,6,858)
r(141,0,9,869)
r(154,0,9,869)
r(154,0,9,869)
r(153,0,9,869)
w(154,1,6,877)
w(154,2,6,877)
w(154,3,6,877)
w(153,3,6,877)
w(154,4,6,877)
r(153,3,6,877)
r(153,3,6,877)
w(153,4,6,877)
r(156,0,8,886)
r(156,0,8,886)
w(158,1,8,886)
r(149,0,8,886)
r(158,1,8,886)
r(149,0,2,887)
w(155,6,2,887)
w(155,7,2,887)
r(156,0,2,887)
r(155,7,2,887)
w(155,8,2,887)
r(156,0,2,887)
r(141,0,7,890)
w(156,3,7,890)
w(156,4,7,890)
w(156,5,7,890)
r(150,0,0,896)
w(151,1,0,896)
w(150,8,0,896)
r(149,0,0,896)
r(152,0,0,896)
r(160,0,9,899)
w(159,1,9,899)
r(157,0,9,899)
r(159,1,9,899)
r(157,0,9,899)
r(159,1,9,899)
r(159,1,9,899)
r(156,5,8,901)
w(141,7,8,901)
r(156,5,8,901)
w(158,6,8,901)
w(158,7,8,901)
r(149,0,8,901)
r(158,7,8,901)
w(158,8,8,901)
r(157,0,7,903)
w(149,5,7,903)
r(160,0,7,903)
r(160,0,7,903)
r(160,0,8,911)
w(160,6,8,911)
w(160,7,8,911)
r(160,7,8,911)
w(149,6,8,911)
w(159,8,8,911)
r(160,7,8,911)
r(161,0,9,912)
w(157,2,9,912)
r(149,5,9,912)
r(162,0,9,912)
r(162,0,9,912)
r(141,7,0,915)
r(162,0,0,915)
w(161,4,0,915)
w(149,7,0,915)
r(161,4,0,915)
w(162,1,0,915)
r(162,1,0,915)
w(162,2,0,915)
w(145,2,3,917)
r(144,0,3,917)
r(145,2,3,917)
w(144,1,3,917)
w(144,2,3,917)
w(144,3,3,917)
r(161,4,6,919)
r(162,2,6,919)
r(149,7,6,919)
w(149,8,6,919)
r(162,2,7,920)
r(162,2,7,920)
w(157,3,7,920)
w(162,5,7,920)
w(161,5,7,920)
r(149,8,2,922)
r(157,3,2,922)
r(161,5,2,922)
w(162,6,2,922)
r(161,5,2,922)
w(161,6,2,922)
r(157,3,2,927)
w(163,1,2,927)
r(162,6,2,927)
r(163,1,2,927)
w(163,2,2,927)
r(161,6,9,929)
w(161,7,9,929)
w(161,8,9,929)
r(162,6,9,929)
w(157,4,9,929)
r(162,6,9,929)
w(162,7,9,929)
w(157,6,0,933)
r(165,0,0,933)
r(163,2,0,933)
r(165,0,0,933)
r(166,0,0,937)
r(163,2,0,937)
r(166,0,0,937)
r(166,0,0,937)
w(165,3,6,938)
r(165,3,6,938)
w(165,4,6,938)
w(165,5,6,938)
r(163,2,6,938)
r(164,0,6,938)
w(165,6,6,938)
w(165,7,6,938)
w(163,4,7,941)
r(166,0,7,941)
r(163,4,7,941)
r(157,6,7,941)
r(163,4,7,941)
w(166,1,9,943)
r(166,1,9,943)
r(166,1,9,943)
r(157,6,9,943)
w(166,2,9,943)
w(166,3,9,943)
r(164,0,5,949)
r(166,3,5,949)
r(166,3,5,949)
r(164,0,5,949)
r(166,3,5,949)
r(166,3,5,949)
w(163,5,7,953)
w(166,5,7,953)
r(164,0,7,953)
r(164,0,7,953)
r(166,5,7,953)
r(166,5,7,953)
r(163,5,7,953)
w(168,1,3,960)
w(167,5,3,960)
r(168,1,3,960)
w(169,1,3,960)
w(168,2,3,960)
r(167,5,3,960)
w(168,3,3,960)
r(168,3,3,960)
r(168,3,0,963)
w(168,7,0,963)
r(169,1,0,963)
w(168,8,0,963)
r(169,1,0,963)
w(169,2,0,966)
w(169,3,0,966)
r(169,3,0,966)
r(164,0,0,966)
w(170,1,0,966)
r(170,1,0,966)
w(170,4,6,971)
r(141,7,6,971)
r(164,0,6,971)
r(164,0,6,971)
r(170,4,6,971)
r(172,0,8,976)
r(172,0,8,976)
r(172,0,8,976)
w(169,7,8,976)
r(170,4,7,978)
w(172,1,7,978)
r(172,1,7,978)
w(171,2,7,978)
w(172,2,4,982)
w(172,3,4,982)
r(172,3,4,982)
r(172,3,4,982)
w(171,3,4,982)
w(169,8,4,982)
w(172,6,4,985)
r(171,3,4,985)
r(141,7,4,985)
w(171,4,4,985)
r(172,6,4,985)
w(171,5,6,987)
r(171,5,6,987)
r(172,6,6,987)
w(172,7,6,987)
w(174,2,8,992)
w(174,3,8,992)
w(174,4,8,992)
w(174,5,8,992)
r(174,5,8,992)
r(175,0,7,996)
r(175,0,7,996)
w(175,1,7,996)
w(175,2,7,996)
w(175,3,7,996)
r(141,7,7,996)
r(171,5,4,1002)
r(175,3,4,1002)
w(173,2,4,1002)
w(175,8,4,1002)
r(177,0,4,1002)
w(171,8,4,1002)
r(171,8,4,1002)
r(173,2,5,1003)
r(171,8,5,1003)
r(177,0,5,1003)
w(177,1,5,1003)
w(177,2,5,1003)
r(177,2,5,1003)
r(177,2,8,1007)
w(177,3,8,1007)
w(176,1,8,1007)
r(177,3,8,1007)
r(177,3,8,1007)
r(177,3,3,1009)
w(177,5,3,1009)
r(177,5,3,1009)
r(177,5,3,1009)
w(178,3,2,1015)
w(177,6,2,1015)
r(178,3,2,1015)
w(176,2,2,1015)
r(178,3,0,1018)
r(179,0,0,1018)
w(179,2,0,1018)
r(178,3,0,1018)
w(178,5,9,1024)
r(179,2,9,1024)
w(179,5,9,1024)
w(179,6,9,1024)
w(179,7,9,1024)
r(180,0,6,1026)
r(176,2,6,1026)
r(180,0,6,1026)
r(178,5,6,1026)
r(164,0,6,1026)
w(178,8,6,1026)
r(180,0,6,1026)
r(164,0,6,1026)
r(180,0,2,1028)
w(180,2,2,1028)
r(178,8,2,1028)
w(180,3,2,1028)
r(176,2,2,1028)
w(180,7,9,1035)
r(180,7,9,1035)
r(164,0,9,1035)
r(180,7,9,1035)
w(181,1,9,1035)
r(182,0,9,1035)
r(176,2,9,1035)
r(181,0,3,1038)
w(183,1,3,1038)
w(183,2,3,1038)
r(183,2,3,1038)
w(183,3,7,1045)
w(182,2,7,1045)
r(183,3,7,1045)
w(183,4,7,1045)
w(181,3,7,1045)
w(183,5,7,1045)
r(176,2,7,1045)
w(184,4,9,1050)
w(184,5,9,1050)
r(184,5,9,1050)
w(182,6,9,1050)
w(184,6,3,1052)
w(184,7,3,1052)
r(184,7,3,1052)
r(184,7,3,1052)
r(181,3,8,1056)
w(185,1,8,1056)
r(185,1,8,1056)
r(185,1,8,1056)
r(185,1,8,1056)
w(181,7,8,1056)
r(185,1,8,1056)
w(185,2,8,1056)
w(185,4,2,1061)
w(185,5,2,1061)
r(185,5,2,1061)
r(181,7,2,1061)
w(185,6,2,1061)
r(185,6,2,1061)
w(186,2,2,1061)
r(186,2,0,1068)
w(176,4,0,1068)
r(187,0,0,1068)
w(185,8,0,1068)
r(185,8,0,1068)
w(164,8,0,1068)
r(185,8,0,1068)
r(188,0,0,1068)
w(188,3,3,1071)
r(187,0,3,1071)
w(188,4,3,1071)
w(187,2,3,1071)
r(187,2,3,1071)
r(188,4,3,1071)
w(186,8,4,1076)
r(190,0,4,1076)
w(189,2,4,1076)
w(190,4,4,1076)
r(190,4,4,1076)
w(190,7,7,1081)
r(187,2,7,1081)
r(190,7,7,1081)
w(190,8,7,1081)
r(189,2,7,1081)
r(192,0,7,1081)
r(191,0,7,1081)
r(191,0,7,1081)
r(192,0,2,1088)
w(192,1,2,1088)
w(191,2,2,1088)
w(192,2,2,1088)
w(192,3,2,1088)
r(191,2,2,1088)
w(176,8,2,1088)
w(187,4,2,1088)
r(193,0,4,1095)
w(193,2,4,1095)
r(187,4,4,1095)
r(193,2,4,1095)
w(193,3,4,1095)
r(193,3,4,1095)
w(193,4,4,1095)
w(191,7,3,1099)
r(195,0,3,1099)
w(195,1,3,1099)
r(195,1,3,1099)
r(195,1,3,1099)
r(195,1,3,1099)
w(195,2,3,1099)
r(195,2,1,1103)
r(195,2,1,1103)
r(191,7,1,1103)
w(191,8,1,1103)
r(191,8,1,1103)
r(189,2,7,1105)
w(195,6,7,1105)
r(195,6,7,1105)
w(195,7,7,1105)
w(195,8,7,1105)
r(197,0,9,1107)
w(197,1,9,1107)
r(197,1,9,1107)
r(197,1,9,1107)
w(197,2,9,1107)
w(196,1,9,1107)
r(197,2,9,1107)
r(187,4,7,1110)
w(194,1,7,1110)
r(196,1,7,1110)
w(197,5,7,1110)
w(196,3,9,1111)
r(197,2,9,1111)
r(189,2,9,1111)
r(196,3,9,1111)
r(198,0,1,1114)
w(198,1,1,1114)
r(189,2,1,1114)
r(198,1,1,1114)
r(197,5,8,1115)
w(197,6,8,1115)
w(197,7,8,1115)
r(189,2,8,1115)
r(197,7,8,1115)
r(197,7,8,1115)
w(197,8,8,1115)
w(196,4,3,1118)
r(198,1,3,1118)
r(196,4,3,1118)
w(196,5,3,1118)
w(198,2,3,1118)
w(196,6,3,1118)
r(196,6,3,1118)
r(198,2,8,1124)
w(198,4,8,1124)
w(198,5,8,1124)
r(198,5,8,1124)
r(187,4,8,1124)
w(198,6,8,1124)
w(196,8,8,1124)
r(198,6,8,1127)
r(198,6,8,1127)
r(198,6,8,1127)
r(198,6,8,1127)
r(198,6,8,1127)
w(189,4,8,1127)
r(200,0,0,1130)
r(187,4,0,1130)
r(187,4,0,1130)
r(200,0,0,1130)
w(200,2,0,1130)
r(200,2,1,1135)
r(189,4,1,1135)
w(187,8,1,1135)
w(189,5,1,1135)
w(199,5,1,1135)
w(199,6,1,1135)
w(199,7,1,1135)
w(199,8,1,1135)
w(200,3,7,1138)
w(200,4,7,1138)
w(200,5,7,1138)
w(194,3,7,1138)
w(200,6,7,1138)
w(200,7,7,1138)
r(201,0,7,1138)
r(203,0,0,1139)
w(203,1,0,1139)
w(203,2,0,1139)
r(203,2,0,1139)
r(202,0,0,1139)
r(203,2,0,1139)
r(189,5,0,1139)
r(203,2,0,1139)
r(202,0,5,1142)
w(203,3,5,1142)
w(203,4,5,1142)
r(201,0,5,1142)
r(189,5,0,1148)
w(203,7,0,1148)
r(203,7,0,1148)
w(202,1,0,1148)
r(203,7,0,1148)
w(202,2,0,1148)
w(201,1,0,1148)
w(202,3,0,1148)
w(204,1,8,1150)
w(204,2,8,1150)
r(204,2,8,1150)
w(204,3,8,1150)
r(202,3,2,1153)
w(201,4,2,1153)
r(204,3,2,1153)
r(204,3,2,1153)
w(202,5,2,1153)
r(202,5,2,1153)
r(204,3,0,1155)
w(204,6,0,1155)
w(204,7,0,1155)
r(204,7,0,1155)
w(204,8,0,1155)
r(205,0,0,1155)
w(205,1,0,1159)
w(201,5,0,1159)
r(205,1,0,1159)
r(189,5,0,1159)
w(205,2,0,1159)
r(201,5,2,1162)
r(205,2,2,1162)
r(205,2,2,1162)
r(205,2,2,1162)
r(202,5,2,1162)
w(205,4,2,1162)
r(194,3,2,1162)
w(201,7,2,1162)
r(202,5,9,1164)
w(202,7,9,1164)
r(205,2,9,1164)
w(202,8,9,1164)
w(206,1,0,1166)
w(205,5,0,1166)
w(206,2,0,1166)
w(205,6,0,1166)
r(205,4,1,1168)
r(189,5,1,1168)
r(206,0,1,1168)
r(205,4,1,1168)
r(206,0,1,1168)
w(194,4,1,1168)
r(206,0,1,1168)
r(205,6,8,1170)
w(205,7,8,1170)
w(206,3,8,1170)
w(205,8,8,1170)
r(205,8,8,1170)
r(205,8,8,1170)
r(206,3,8,1170)
w(207,1,8,1170)
r(201,7,2,1173)
r(207,1,2,1173)
r(207,1,2,1173)
w(207,2,2,1173)
w(207,3,3,1175)
r(206,3,3,1175)
w(207,4,3,1175)
r(207,4,3,1175)
r(207,4,3,1175)
r(207,4,3,1175)
r(206,3,3,1175)
w(207,5,1,1178)
r(206,3,1,1178)
w(207,6,1,1178)
w(206,5,1,1178)
w(209,1,4,1185)
r(209,1,4,1185)
r(208,0,4,1185)
r(209,1,4,1185)
w(208,1,4,1185)
r(208,1,4,1185)
w(209,2,4,1185)
r(209,2,2,1189)
r(209,2,2,1189)
r(208,1,2,1189)
r(206,5,2,1189)
w(209,8,2,1189)
r(209,8,2,1189)
w(208,3,9,1194)
r(206,5,9,1194)
w(206,6,9,1194)
w(208,4,9,1194)
r(211,0,3,1197)
r(211,0,3,1197)
r(206,6,3,1197)
w(208,6,3,1197)
w(211,4,3,1197)
w(211,5,3,1197)
w(208,7,2,1201)
w(211,6,2,1201)
w(211,7,2,1201)
r(212,0,2,1201)
r(210,0,2,1201)
r(211,7,2,1201)
w(214,3,9,1212)
r(212,0,9,1212)
r(215,0,9,1212)
r(212,0,9,1212)
w(212,4,4,1213)
r(212,4,4,1213)
w(212,5,4,1213)
w(213,8,4,1213)
r(212,5,4,1213)
r(194,4,4,1213)
r(215,0,4,1213)
w(212,6,2,1220)
r(212,6,2,1220)
w(212,7,2,1220)
r(215,0,2,1220)
w(212,8,2,1220)
w(214,4,2,1220)
r(212,8,2,1220)
w(215,1,6,1221)
r(214,3,6,1221)
r(215,1,6,1221)
r(214,3,6,1221)
r(215,1,6,1221)
w(215,2,6,1221)
w(216,1,6,1221)
w(214,7,6,1225)
r(216,1,6,1225)
r(217,0,6,1225)
r(216,1,6,1225)
r(194,4,5,1232)
w(217,2,5,1232)
w(217,3,5,1232)
w(216,4,5,1232)
w(217,4,5,1232)
w(217,5,5,1232)
w(216,5,5,1232)
r(194,4,9,1238)
w(218,1,9,1238)
w(218,2,9,1238)
w(218,3,9,1238)
w(220,1,3,1239)
r(218,3,3,1239)
r(210,0,3,1239)
r(220,1,3,1239)
w(218,7,5,1243)
w(218,8,5,1243)
r(219,0,5,1243)
w(221,1,5,1243)
r(221,1,5,1243)
w(220,2,5,1243)
r(210,0,5,1243)
r(221,1,5,1243)
r(220,2,2,1246)
w(220,3,2,1246)
w(220,4,2,1246)
r(221,1,2,1246)
r(221,1,6,1252)
w(220,7,6,1252)
r(220,7,6,1252)
w(221,4,6,1252)
r(220,7,6,1252)
w(220,8,6,1252)
w(194,8,6,1252)
r(219,0,1,1256)
r(210,0,1,1256)
w(221,8,1,1256)
w(223,1,1,1256)
w(223,4,7,1262)
w(224,1,7,1262)
r(223,4,7,1262)
w(222,5,7,1262)
r(223,4,7,1262)
w(223,7,8,1265)
r(222,5,8,1265)
r(222,5,8,1265)
w(210,3,8,1265)
r(223,7,8,1265)
r(222,5,8,1265)
w(222,7,8,1265)
r(223,7,4,1267)
w(223,8,4,1267)
r(223,8,4,1267)
r(223,8,4,1267)
r(219,0,4,1267)
r(222,7,4,1267)
r(222,7,7,1270)
w(225,1,7,1270)
w(222,8,7,1270)
w(225,2,7,1270)
r(226,0,3,1271)
w(226,1,3,1271)
w(226,2,3,1271)
r(224,1,3,1271)
w(219,3,3,1274)
r(225,2,3,1274)
w(225,3,3,1274)
w(225,4,3,1274)
r(225,4,3,1274)
r(225,4,9,1277)
r(225,4,9,1277)
r(225,4,9,1277)
w(225,7,9,1277)
r(225,7,8,1282)
r(225,7,8,1282)
r(226,2,8,1282)
w(225,8,8,1282)
r(219,3,8,1282)
r(227,0,8,1282)
w(227,1,8,1282)
r(228,0,4,1288)
w(210,6,4,1288)
w(228,2,4,1288)
r(219,3,4,1288)
r(228,2,4,1288)
r(219,3,4,1288)
w(229,1,5,1293)
w(210,7,5,1293)
r(228,2,5,1293)
r(228,2,5,1293)
r(229,1,5,1293)
r(228,2,0,1297)
r(228,2,0,1297)
w(228,5,0,1297)
w(219,6,0,1297)
r(219,6,0,1297)
r(228,5,0,1300)
r(228,5,0,1300)
w(228,7,0,1300)
r(228,7,0,1300)
w(228,8,0,1300)
r(229,1,0,1300)
r(228,8,0,1300)
r(228,5,6,1302)
w(229,5,6,1302)
w(210,8,6,1302)
r(228,5,6,1302)
r(229,5,6,1302)
w(229,6,6,1302)
r(230,0,1,1306)
r(210,8,1,1306)
w(219,8,1,1306)
w(230,2,1,1306)
r(229,6,1,1306)
w(230,3,1,1306)
r(230,3,1,1306)
r(230,3,3,1310)
r(229,6,3,1310)
r(210,8,3,1310)
r(230,3,3,1310)
w(232,1,3,1310)
w(231,1,3,1310)
w(230,5,3,1310)
w(230,6,3,1310)
r(232,1,2,1316)
r(232,1,2,1316)
w(233,1,2,1316)
r(231,1,2,1316)
w(232,3,2,1316)
w(233,2,2,1316)
r(232,3,2,1316)
w(231,3,1,1320)
w(231,4,1,1320)
w(233,6,1,1320)
r(233,6,1,1320)
r(233,6,1,1320)
r(233,6,1,1320)
r(233,6,1,1320)
r(232,3,0,1324)
w(231,5,0,1324)
w(231,6,0,1324)
r(231,6,0,1324)
r(232,3,0,1324)
r(235,0,0,1324)
r(235,0,0,1324)
w(234,2,1,1332)
r(235,0,1,1332)
w(234,3,1,1332)
w(231,8,1,1332)
r(231,8,1,1332)
r(236,0,1,1332)
w(235,8,6,1334)
r(236,0,6,1334)
w(236,4,6,1334)
r(237,0,6,1334)
w(238,1,9,1335)
r(238,1,9,1335)
r(236,4,9,1335)
r(238,1,9,1335)
w(236,5,9,1335)
r(236,5,9,1335)
r(238,1,9,1335)
r(238,1,9,1335)
r(236,5,0,1337)
w(238,2,0,1337)
r(238,2,0,1337)
w(238,3,0,1337)
r(238,3,0,1337)
w(238,4,0,1337)
r(238,4,5,1341)
r(238,4,5,1341)
w(237,1,5,1341)
r(238,4,5,1341)
r(238,4,5,1341)
w(238,5,5,1341)
r(238,5,5,1341)
w(238,8,7,1345)
r(237,1,7,1345)
w(239,1,7,1345)
w(239,2,7,1345)
r(234,3,7,1345)
r(236,5,7,1345)
w(239,3,7,1345)
r(241,0,3,1353)
w(241,2,3,1353)
w(241,3,3,1353)
r(240,0,3,1353)
r(237,1,3,1353)
r(240,0,3,1353)
w(239,6,4,1354)
r(239,6,4,1354)
w(237,3,4,1354)
r(239,6,4,1354)
w(240,1,4,1354)
r(237,3,4,1354)
w(239,7,4,1354)
r(240,1,3,1359)
w(241,7,3,1359)
w(241,8,3,1359)
r(240,1,3,1359)
r(241,8,3,1359)
w(234,7,8,1365)
w(237,7,8,1365)
r(242,0,8,1365)
w(240,5,8,1365)
w(237,8,8,1365)
w(242,7,2,1367)
r(242,7,2,1367)
r(237,8,2,1367)
w(242,8,2,1367)
r(234,7,2,1367)
r(244,0,2,1367)
r(234,7,8,1371)
w(245,2,8,1371)
w(245,3,8,1371)
r(243,0,8,1371)
w(245,4,1,1376)
r(245,4,1,1376)
r(243,0,1,1376)
w(244,1,1,1376)
w(245,5,1,1376)
w(244,2,1,1376)
r(245,5,1,1376)
w(244,3,1,1376)
r(246,0,2,1379)
r(246,0,2,1379)
r(246,0,2,1379)
w(246,1,2,1379)
r(243,0,2,1379)
r(246,1,2,1379)
r(243,0,5,1386)
r(243,0,5,1386)
w(246,2,5,1386)
r(244,3,5,1386)
r(246,2,5,1386)
w(246,3,5,1386)
r(234,7,5,1386)
w(248,6,0,1422)
r(248,6,0,1422)
r(250,0,0,1422)
r(248,6,0,1422)
w(248,7,0,1422)
w(248,8,0,1422)
r(255,0,4,1433)
w(253,3,4,1433)
w(257,1,4,1433)
r(255,0,4,1433)
r(255,0,4,1433)
w(254,4,4,1433)
w(257,2,4,1433)
w(257,3,4,1433)
w(254,5,1,1436)
r(257,3,1,1436)
r(255,0,1,1436)
r(255,0,1,1436)
w(253,4,1,1436)
w(257,8,1,1436)
r(255,0,1,1436)
w(253,5,5,1441)
w(253,6,5,1441)
r(257,8,5,1441)
r(254,5,5,1441)
w(258,1,5,1441)
w(255,5,5,1441)
w(247,1,2,1446)
r(247,1,2,1446)
r(247,1,2,1446)
r(247,1,2,1446)
r(247,1,2,1446)
w(244,8,2,1446)
w(247,2,2,1446)
w(258,7,4,1448)
w(258,8,4,1448)
r(255,5,4,1448)
r(253,6,4,1448)
r(254,5,4,1448)
r(253,6,4,1448)
w(259,1,4,1448)
r(259,0,1,1449)
r(259,0,1,1449)
r(255,5,1,1449)
w(260,1,1,1449)
r(253,6,1,1449)
r(254,5,1,1449)
w(255,6,0,1454)
r(259,1,0,1454)
r(259,1,0,1454)
r(260,1,0,1454)
w(255,7,0,1454)
r(254,5,5,1458)
w(259,5,5,1458)
r(261,0,5,1458)
r(259,5,5,1458)
w(262,1,5,1458)
r(261,0,5,1458)
r(261,0,5,1458)
r(261,0,5,1458)
r(234,7,3,1463)
r(250,0,3,1463)
r(252,0,3,1463)
w(252,1,3,1463)
r(252,1,3,1463)
w(256,3,8,1464)
r(224,1,8,1464)
r(256,3,8,1464)
w(256,4,8,1464)
r(261,0,9,1469)
r(263,0,9,1469)
w(262,3,9,1469)
w(263,5,9,1469)
r(261,0,0,1472)
w(263,6,0,1472)
w(261,7,0,1472)
w(261,8,0,1472)
w(263,7,0,1472)
w(263,8,0,1472)
r(263,8,0,1472)
r(261,0,1,1474)
w(260,3,1,1474)
r(261,0,1,1474)
r(263,5,1,1474)
w(254,8,1,1474)
r(261,0,1,1474)
r(263,5,1,1474)
w(262,4,8,1475)
r(261,8,8,1475)
r(261,8,8,1475)
r(262,4,8,1475)
r(266,0,3,1480)
r(260,3,3,1480)
r(260,3,3,1480)
r(266,0,3,1480)
r(262,4,6,1481)
r(266,0,6,1481)
r(262,4,6,1481)
w(266,3,6,1481)
r(264,0,6,1481)
r(265,0,4,1487)
r(266,3,4,1487)
r(265,0,4,1487)
r(266,3,4,1487)
r(266,3,4,1487)
r(266,3,9,1488)
r(266,3,9,1488)
w(265,3,9,1488)
w(266,4,9,1488)
w(266,5,9,1488)
w(262,6,7,1492)
r(266,5,7,1492)
w(265,5,7,1492)
r(267,0,7,1492)
w(267,1,7,1492)
r(267,0,8,1493)
r(267,0,8,1493)
r(262,4,8,1493)
r(264,0,8,1493)
r(262,4,8,1493)
w(267,2,9,1495)
r(267,2,9,1495)
r(265,5,9,1495)
r(262,6,9,1495)
w(267,3,9,1495)
w(267,4,6,1499)
w(267,5,6,1499)
r(262,6,6,1499)
w(265,6,6,1499)
r(262,6,6,1499)
w(267,6,6,1499)
r(267,6,6,1499)
r(262,6,6,1499)
r(268,0,6,1502)
r(268,0,6,1502)
r(262,6,6,1502)
r(264,0,6,1502)
r(268,0,4,1506)
r(262,6,4,1506)
w(262,7,4,1506)
w(268,1,4,1506)
r(260,3,4,1506)
w(268,2,4,1506)
r(268,2,4,1506)
w(271,2,0,1513)
r(270,0,0,1513)
w(260,7,0,1513)
r(271,2,0,1513)
w(271,3,0,1513)
r(260,7,0,1513)
w(269,2,0,1513)
w(269,3,6,1518)
r(271,3,6,1518)
w(271,5,6,1518)
r(264,0,6,1518)
w(269,4,6,1518)
w(269,5,6,1518)
r(271,5,6,1521)
w(271,8,6,1521)
r(269,5,6,1521)
r(272,0,6,1521)
r(272,0,6,1521)
r(269,5,6,1521)
r(260,7,9,1527)
w(273,1,9,1527)
r(264,0,9,1527)
w(270,3,9,1527)
w(272,2,0,1530)
r(270,0,0,1530)
w(272,3,0,1530)
w(264,3,0,1530)
r(272,3,0,1530)
r(270,0,0,1530)
r(264,3,7,1536)
w(273,5,7,1536)
r(273,5,7,1536)
w(272,7,7,1536)
w(272,8,7,1536)
r(264,3,7,1536)
w(264,4,7,1536)
r(274,0,4,1539)
r(274,0,4,1539)
r(274,0,4,1539)
r(275,0,4,1539)
r(274,0,4,1539)
r(275,0,4,1539)
r(274,0,4,1539)
w(274,3,8,1543)
w(274,4,8,1543)
w(275,1,8,1543)
w(275,2,8,1543)
r(274,4,8,1543)
w(274,6,0,1549)
w(274,7,0,1549)
r(274,7,0,1549)
w(264,5,0,1549)
w(275,6,0,1549)
r(274,7,0,1549)
r(275,2,4,1554)
r(270,3,4,1554)
r(275,2,4,1554)
w(270,6,4,1554)
r(276,0,4,1554)
r(260,7,4,1554)
r(275,2,9,1557)
w(276,1,9,1557)
w(276,2,9,1557)
w(276,3,9,1557)
w(276,8,4,1561)
r(276,8,4,1561)
r(264,5,4,1561)
w(277,1,4,1561)
w(278,1,0,1565)
r(270,6,0,1565)
w(270,7,0,1565)
r(278,1,0,1565)
r(270,7,0,1565)
r(279,0,4,1572)
w(277,5,4,1572)
w(278,3,4,1572)
w(278,4,4,1572)
r(277,5,4,1572)
r(264,5,4,1572)
r(278,4,4,1572)
w(278,5,4,1572)
r(277,5,0,1573)
r(277,5,0,1573)
w(279,1,0,1573)
r(281,0,0,1573)
w(281,1,0,1573)
r(280,0,0,1573)
w(280,2,0,1573)
r(280,2,4,1575)
r(280,2,4,1575)
w(280,3,4,1575)
r(279,1,4,1575)
r(279,1,4,1575)
w(281,2,4,1575)
r(279,1,4,1580)
r(281,2,4,1580)
w(280,4,4,1580)
w(280,5,4,1580)
r(264,5,4,1580)
w(280,6,4,1580)
w(281,3,4,1580)
w(280,7,4,1580)
w(282,4,1,1581)
r(279,1,1,1581)
r(279,1,1,1581)
w(279,2,1,1581)
r(282,4,2,1583)
r(282,4,2,1583)
r(282,4,2,1583)
r(282,4,2,1583)
r(282,4,2,1583)
r(282,4,6,1588)
w(282,7,6,1588)
w(282,8,6,1588)
w(281,5,6,1588)
w(284,1,6,1588)
w(284,4,7,1594)
r(264,5,7,1594)
w(284,5,7,1594)
r(284,5,7,1594)
r(284,5,7,1594)
w(285,2,6,1600)
r(283,0,6,1600)
r(281,5,6,1600)
r(285,2,6,1600)
r(285,0,4,1602)
r(281,5,4,1602)
r(281,5,4,1602)
r(285,0,4,1602)
w(281,8,4,1602)
r(287,0,8,1608)
w(279,7,8,1608)
w(279,8,8,1608)
r(283,0,8,1608)
w(286,2,6,1609)
r(286,2,6,1609)
w(285,4,6,1609)
w(285,5,6,1609)
w(285,6,6,1609)
r(285,6,6,1609)
r(285,6,6,1609)
r(287,0,7,1612)
r(279,8,7,1612)
r(286,2,7,1612)
r(287,0,7,1612)
r(286,2,7,1612)
r(279,8,8,1614)
r(286,2,8,1614)
w(287,1,8,1614)
r(279,8,8,1614)
w(287,2,8,1614)
r(287,2,8,1614)
w(286,3,8,1614)
r(286,3,8,1614)
r(264,5,3,1620)
w(287,5,3,1620)
r(287,5,3,1620)
w(287,6,3,1620)
r(287,6,3,1620)
r(287,6,3,1620)
r(289,0,2,1624)
r(289,0,2,1624)
r(289,0,2,1624)
r(288,0,2,1624)
r(290,0,2,1624)
w(289,2,2,1624)
r(288,0,2,1624)
w(290,4,8,1634)
r(289,2,8,1634)
w(290,5,8,1634)
r(289,2,8,1634)
r(290,0,5,1635)
r(288,0,5,1635)
r(292,0,5,1635)
r(290,0,5,1635)
r(290,0,5,1635)
r(292,0,5,1635)
r(292,0,8,1637)
r(283,0,8,1637)
r(290,5,8,1637)
r(292,0,8,1637)
r(292,0,8,1637)
r(292,0,8,1637)
w(290,7,4,1640)
r(292,0,4,1640)
r(292,0,4,1640)
r(292,0,4,1640)
w(288,3,4,1640)
w(290,8,4,1640)
w(292,4,3,1642)
r(292,4,3,1642)
w(292,5,3,1642)
r(292,5,3,1642)
r(292,5,3,1645)
w(288,4,3,1645)
r(290,8,3,1645)
r(292,5,3,1645)
r(292,5,3,1645)
r(292,5,6,1649)
w(292,7,6,1649)
r(290,8,6,1649)
r(293,0,6,1649)
r(292,5,1,1651)
r(292,5,1,1651)
r(292,5,1,1651)
w(293,1,1,1651)
r(288,4,1,1651)
r(288,4,0,1652)
r(292,7,0,1652)
w(292,8,0,1652)
r(293,0,0,1652)
r(292,8,0,1652)
r(283,0,7,1654)
w(293,2,7,1654)
r(288,4,7,1654)
r(294,0,7,1654)
w(294,1,3,1657)
r(294,1,3,1657)
r(293,2,3,1657)
w(294,2,3,1657)
w(288,5,3,1657)
w(294,4,4,1664)
r(293,2,4,1664)
r(288,5,4,1664)
r(291,0,4,1664)
r(288,5,4,1664)
r(294,4,4,1664)
w(293,6,3,1668)
r(294,2,3,1668)
r(291,0,3,1668)
w(293,7,3,1668)
w(295,1,3,1668)
r(291,0,9,1671)
r(293,7,9,1671)
w(295,2,9,1671)
r(295,2,9,1671)
r(293,7,9,1671)
r(295,2,9,1671)
r(295,2,2,1676)
w(283,1,2,1676)
w(291,2,2,1676)
w(288,6,2,1676)
r(295,2,2,1676)
r(295,2,2,1676)
r(296,0,2,1676)
r(288,5,4,1680)
w(295,5,4,1680)
w(295,6,4,1680)
r(295,6,4,1680)
r(295,6,4,1680)
w(296,1,4,1680)
w(295,7,4,1680)
w(296,2,4,1680)
w(288,7,9,1682)
r(297,0,9,1682)
r(297,0,9,1682)
w(283,2,9,1682)
w(297,1,9,1682)
w(297,3,9,1687)
r(298,0,9,1687)
r(297,3,9,1687)
r(297,3,9,1687)
w(297,4,9,1687)
w(298,2,2,1694)
r(297,4,2,1694)
r(297,4,2,1694)
r(297,4,2,1694)
r(300,0,6,1701)
r(299,0,6,1701)
w(300,1,6,1701)
r(300,1,6,1701)
w(299,2,6,1701)
w(299,3,6,1701)
w(299,4,6,1701)
w(298,4,6,1701)
w(299,8,9,1703)
r(300,1,9,1703)
r(298,4,9,1703)
r(298,4,9,1703)
r(291,2,8,1707)
w(300,7,8,1707)
r(301,0,8,1707)
w(301,1,8,1707)
w(300,8,8,1707)
r(300,8,8,1707)
r(301,1,8,1707)
w(302,1,7,1712)
w(302,2,7,1712)
w(302,3,7,1712)
w(298,8,7,1712)
w(302,4,7,1712)
r(301,1,7,1715)
w(301,6,7,1715)
r(303,0,7,1715)
w(304,1,7,1715)
r(303,0,3,1718)
w(303,1,3,1718)
w(304,2,3,1718)
w(304,3,3,1718)
r(304,3,5,1721)
r(304,3,5,1721)
r(291,2,5,1721)
w(304,5,5,1721)
w(301,8,5,1721)
w(303,3,0,1725)
r(301,8,0,1725)
r(304,5,0,1725)
r(303,3,0,1725)
r(305,0,4,1731)
w(304,7,4,1731)
w(303,4,4,1731)
w(304,8,4,1731)
w(291,5,4,1731)
w(283,4,4,1731)
w(306,3,0,1732)
r(306,3,0,1732)
r(305,0,0,1732)
r(306,3,0,1732)
r(306,3,0,1732)
w(306,4,0,1732)
w(306,5,0,1732)
w(306,8,9,1739)
w(305,2,9,1739)
w(307,1,9,1739)
r(307,1,9,1739)
w(305,3,9,1739)
w(307,2,9,1739)
w(307,3,9,1739)
r(307,3,7,1743)
w(307,6,7,1743)
r(283,4,7,1743)
w(303,6,7,1743)
r(305,3,7,1743)
r(307,6,7,1743)
w(307,8,3,1751)
r(303,6,3,1751)
w(308,1,3,1751)
w(305,7,3,1751)
r(308,1,3,1751)
w(308,2,3,1751)
w(308,3,3,1751)
w(308,4,3,1751)
r(283,4,8,1754)
r(309,0,8,1754)
w(283,5,8,1754)
r(310,0,8,1754)
w(310,1,8,1754)
r(309,0,8,1754)
w(309,3,8,1754)
r(283,5,8,1758)
w(311,2,8,1758)
r(312,0,8,1758)
r(310,1,8,1758)
w(311,3,8,1758)
w(309,5,8,1758)
w(311,4,4,1762)
r(311,4,4,1762)
w(309,6,4,1762)
w(311,5,4,1762)
w(312,2,4,1762)
w(309,7,4,1762)
r(310,1,4,1762)
w(311,6,4,1762)
w(313,1,8,1767)
r(310,1,8,1767)
w(309,8,8,1767)
w(313,2,8,1767)
w(313,3,8,1767)
w(313,5,2,1771)
r(309,8,2,1771)
w(313,6,2,1771)
w(313,7,2,1771)
r(312,2,2,1771)
w(313,8,2,1771)
r(310,1,2,1771)
r(310,1,1,1773)
r(309,8,1,1773)
w(314,1,1,1773)
w(314,2,1,1773)
r(314,2,1,1773)
w(314,3,1,1773)
w(314,4,1,1773)
r(314,4,8,1775)
r(314,4,8,1775)
r(314,4,8,1775)
w(310,3,8,1775)
w(314,7,8,1775)
r(309,8,6,1780)
w(314,8,6,1780)
w(312,3,6,1780)
w(315,1,6,1780)
r(310,3,6,1780)
r(309,8,6,1780)
w(310,4,6,1780)
r(312,3,6,1780)
w(315,6,3,1784)
r(316,0,3,1784)
w(283,7,3,1784)
r(315,6,3,1784)
r(316,0,3,1784)
r(315,6,9,1788)
r(315,6,9,1788)
r(310,4,9,1788)
w(315,8,9,1788)
r(315,6,2,1794)
r(315,6,2,1794)
w(310,5,2,1794)
r(316,0,2,1794)
w(310,6,2,1794)
w(317,1,2,1794)
w(318,1,4,1801)
w(317,6,4,1801)
r(316,0,4,1801)
r(316,0,4,1801)
r(316,0,4,1801)
w(317,7,4,1801)
w(317,8,4,1801)
r(317,8,4,1801)
r(319,0,8,1802)
r(283,7,8,1802)
r(319,0,8,1802)
r(318,0,8,1802)
w(321,4,5,1809)
r(312,3,5,1809)
r(321,4,5,1809)
r(321,4,5,1809)
w(319,3,9,1810)
r(318,1,9,1810)
r(318,1,9,1810)
w(319,4,9,1810)
w(319,5,9,1810)
w(319,6,9,1810)
w(319,7,9,1810)
r(316,0,9,1814)
r(321,4,9,1814)
w(321,8,9,1814)
r(316,0,9,1814)
w(316,8,9,1814)
r(322,0,9,1814)
r(322,0,1,1818)
w(322,1,1,1818)
w(322,2,1,1818)
r(322,2,1,1818)
w(322,3,1,1818)
w(318,3,1,1818)
w(323,1,4,1819)
r(322,0,4,1819)
r(320,0,4,1819)
r(323,1,4,1819)
w(322,5,3,1823)
w(312,6,3,1823)
w(323,2,3,1823)
w(323,3,3,1823)
r(322,5,9,1827)
r(323,3,9,1827)
r(318,3,9,1827)
w(323,6,9,1827)
w(322,8,9,1827)
r(323,6,9,1827)
r(320,0,6,1833)
w(325,2,6,1833)
w(324,3,6,1833)
r(324,3,6,1833)
w(312,7,5,1838)
r(324,3,5,1838)
r(324,3,5,1838)
w(325,5,5,1838)
r(324,3,5,1838)
r(324,3,5,1838)
w(325,6,5,1838)
w(324,6,7,1842)
r(324,6,7,1842)
r(324,6,7,1842)
r(324,6,7,1842)
r(318,3,7,1842)
r(325,6,7,1842)
r(318,3,7,1842)
r(325,6,7,1842)
w(327,1,3,1850)
w(328,2,3,1850)
w(328,3,3,1850)
r(326,0,3,1850)
r(326,0,3,1850)
w(326,3,6,1856)
r(327,1,6,1856)
w(326,4,6,1856)
r(326,4,6,1856)
r(328,3,6,1856)
r(326,4,6,1856)
r(330,0,1,1862)
w(320,2,1,1862)
r(330,0,1,1862)
r(330,0,1,1862)
r(330,0,1,1862)
r(327,1,1,1862)
r(330,0,1,1862)
w(328,8,1,1862)
r(330,0,5,1863)
r(328,3,5,1863)
r(330,0,5,1863)
r(330,0,5,1863)
r(327,1,8,1864)
w(330,1,8,1864)
r(330,1,8,1864)
r(329,0,8,1864)
w(329,1,3,1868)
r(330,1,3,1868)
r(327,1,3,1868)
r(330,1,3,1868)
w(330,4,3,1868)
r(330,4,3,1868)
w(327,5,7,1869)
r(331,0,7,1869)
w(331,1,7,1869)
r(331,1,7,1869)
r(331,1,7,1869)
r(330,1,7,1869)
w(327,6,5,1874)
w(330,5,5,1874)
w(330,6,5,1874)
w(330,7,5,1874)
r(331,1,5,1874)
w(327,7,6,1881)
r(320,2,6,1881)
r(329,1,6,1881)
w(327,8,6,1881)
w(329,2,6,1881)
w(329,3,6,1881)
r(332,0,6,1881)
w(333,1,6,1881)
w(331,7,4,1885)
r(320,2,4,1885)
r(333,0,4,1885)
r(333,0,4,1885)
w(331,8,4,1885)
w(334,1,4,1885)
r(334,1,4,1885)
w(335,1,4,1885)
r(334,1,5,1896)
w(335,3,5,1896)
w(335,4,5,1896)
r(334,1,5,1896)
w(333,4,5,1896)
r(334,1,5,1896)
w(334,4,5,1896)
w(334,5,5,1896)
w(336,6,0,1907)
w(336,7,0,1907)
r(333,4,0,1907)
r(337,0,0,1907)
w(336,8,0,1907)
r(337,0,0,1907)
w(338,1,0,1907)
r(333,4,3,1908)
r(337,0,3,1908)
r(337,0,3,1908)
r(329,3,3,1908)
w(338,5,5,1913)
r(337,0,5,1913)
w(338,6,5,1913)
r(329,3,5,1913)
r(337,0,9,1916)
r(329,3,9,1916)
w(339,3,9,1916)
r(333,4,9,1916)
r(337,0,9,1916)
w(339,4,1,1920)
r(337,0,1,1920)
r(339,4,1,1920)
w(339,5,1,1920)
r(340,0,1,1920)
r(339,5,1,1920)
w(339,6,1,1920)
r(340,0,1,1920)
w(329,6,1,1924)
w(339,8,1,1924)
r(340,0,1,1924)
r(340,0,1,1924)
w(340,2,1,1924)
r(339,8,1,1924)
r(340,2,1,1924)
w(342,3,0,1932)
w(342,4,0,1932)
w(340,8,0,1932)
r(342,4,0,1932)
r(320,2,0,1932)
w(342,5,0,1932)
r(344,0,6,1939)
r(344,0,6,1939)
r(343,0,6,1939)
r(344,0,6,1939)
w(344,2,6,1939)
r(343,0,6,1939)
w(329,7,6,1939)
w(344,6,5,1942)
w(344,7,5,1942)
r(344,7,5,1942)
w(344,8,5,1942)
r(344,2,6,1943)
r(344,2,6,1943)
r(344,2,6,1943)
w(345,1,6,1943)
r(341,0,7,1946)
w(341,5,7,1946)
r(345,1,7,1946)
r(345,1,7,1946)
