w(3,4,7,9)
r(4,0,7,9)
r(4,0,7,9)
w(3,5,7,9)
w(4,8,7,9)
r(4,8,7,9)
r(5,0,5,12)
w(1,1,5,12)
w(6,1,5,12)
r(2,0,5,12)
r(5,0,5,12)
r(5,0,3,15)
w(5,2,3,15)
r(6,0,3,15)
r(5,2,3,15)
r(6,0,3,15)
w(2,1,3,15)
w(5,3,3,15)
r(2,1,3,15)
r(5,3,8,22)
w(5,7,8,22)
w(5,8,8,22)
r(2,1,8,22)
w(6,3,8,22)
r(6,3,8,22)
r(5,8,8,22)
r(5,3,7,24)
r(5,3,7,24)
r(0,0,7,24)
r(6,1,7,24)
r(2,1,7,24)
r(7,0,8,30)
r(6,3,8,30)
w(7,1,8,30)
r(6,3,8,30)
r(6,3,8,30)
r(7,1,8,30)
w(0,2,8,30)
r(6,3,8,30)
r(6,3,4,36)
w(7,5,4,36)
w(7,6,4,36)
w(7,7,4,36)
r(6,3,4,36)
r(6,3,4,36)
r(7,7,4,36)
r(7,7,4,36)
r(9,0,9,39)
r(9,0,9,39)
w(2,3,9,39)
r(9,0,9,39)
r(8,0,9,39)
r(9,0,9,39)
w(8,3,1,42)
w(9,1,1,42)
w(9,2,1,42)
w(8,4,1,42)
r(9,2,1,42)
r(9,2,2,46)
w(9,7,2,46)
w(9,8,2,46)
r(8,4,2,46)
r(10,0,2,46)
r(2,3,2,46)
w(8,7,2,46)
w(10,1,7,48)
w(2,5,7,48)
w(2,6,7,48)
r(2,6,7,48)
r(10,1,2,53)
r(10,1,2,53)
r(10,1,2,53)
w(10,4,2,53)
w(1,5,2,53)
r(2,6,9,61)
w(10,8,9,61)
r(2,6,9,61)
w(2,7,9,61)
w(11,1,9,61)
w(11,2,9,61)
r(12,0,0,63)
w(12,2,0,63)
r(11,0,0,63)
r(11,0,0,63)
w(12,3,0,63)
r(11,0,0,63)
r(12,3,0,63)
r(11,0,0,63)
r(11,2,4,68)
w(12,5,4,68)
r(11,2,4,68)
r(11,2,4,68)
w(1,6,4,68)
r(1,6,4,68)
w(11,8,4,68)
r(12,3,5,69)
r(12,3,5,69)
r(14,0,5,69)
r(14,0,5,69)
r(12,3,5,69)
r(12,3,5,69)
r(14,0,5,69)
r(14,0,5,69)
w(12,7,4,74)
w(12,8,4,74)
r(14,0,4,74)
r(14,0,4,74)
r(14,0,4,74)
r(15,0,4,74)
w(1,7,5,77)
r(15,0,5,77)
r(14,0,5,77)
r(1,7,5,77)
w(14,2,5,77)
r(14,2,5,77)
r(13,0,5,77)
r(13,0,5,77)
r(15,0,0,79)
w(15,2,0,79)
r(14,0,0,79)
r(15,2,0,79)
r(14,2,8,80)
r(14,2,8,80)
r(14,2,8,80)
r(13,0,8,80)
r(15,0,8,80)
r(13,0,8,80)
w(15,4,1,84)
r(0,2,1,84)
w(15,5,1,84)
w(15,6,1,84)
r(13,0,3,88)
r(16,0,3,88)
r(14,2,3,88)
r(14,2,3,88)
w(13,5,3,88)
w(14,8,3,88)
w(16,1,1,91)
w(16,2,1,91)
w(18,1,1,91)
w(18,2,1,91)
r(13,5,5,97)
w(17,4,5,97)
r(18,2,5,97)
w(16,4,5,97)
r(13,5,9,100)
r(17,4,9,100)
r(19,0,9,100)
r(17,4,9,100)
r(19,0,6,104)
r(17,4,6,104)
r(19,0,6,104)
r(19,0,6,104)
w(17,5,6,104)
r(13,5,9,110)
w(13,7,9,110)
r(21,0,9,110)
r(16,4,9,110)
w(20,1,9,110)
r(21,0,9,110)
r(21,0,9,110)
r(21,0,9,110)
r(21,0,7,115)
r(13,7,7,115)
r(21,0,7,115)
w(21,4,7,115)
r(21,4,7,115)
w(13,8,7,115)
w(0,5,7,115)
r(20,1,7,115)
w(21,8,4,118)
r(21,8,4,118)
r(13,8,4,118)
r(13,8,4,118)
w(0,6,4,118)
r(21,8,4,118)
r(20,1,4,118)
r(21,8,4,118)
w(23,1,8,122)
r(23,1,8,122)
r(23,1,8,122)
r(23,1,8,122)
r(16,4,8,122)
r(23,1,8,122)
w(23,5,6,128)
w(24,1,6,128)
r(24,1,6,128)
r(24,1,6,128)
w(23,6,6,128)
r(22,0,6,128)
r(22,0,4,132)
r(23,6,4,132)
r(22,0,4,132)
w(24,2,4,132)
r(23,6,4,132)
w(23,8,4,132)
r(23,8,8,136)
w(24,5,8,136)
r(22,0,8,136)
r(16,4,8,136)
w(24,6,8,136)
r(25,0,8,136)
w(24,7,8,136)
w(22,5,4,150)
r(22,5,4,150)
r(28,0,4,150)
r(26,0,4,150)
r(28,0,4,150)
w(26,6,5,153)
r(26,6,5,153)
r(16,4,5,153)
w(26,7,5,153)
w(26,8,5,153)
w(25,8,5,153)
r(25,8,5,153)
r(26,8,5,153)
w(28,1,8,156)
r(29,0,8,156)
r(29,0,8,156)
w(28,2,8,156)
w(30,3,4,162)
r(27,0,4,162)
w(30,4,4,162)
w(30,5,4,162)
r(29,0,4,162)
w(30,6,4,162)
r(30,6,4,162)
w(22,7,6,164)
w(22,8,6,164)
r(22,8,6,164)
r(30,6,6,164)
w(30,8,7,165)
w(27,3,7,165)
r(30,8,7,165)
r(30,8,7,165)
w(29,3,7,165)
w(29,4,7,165)
w(29,5,7,165)
r(30,8,3,167)
r(30,8,3,167)
r(30,8,3,167)
r(30,8,3,167)
w(32,1,3,167)
r(29,5,3,167)
r(29,5,2,169)
w(29,6,2,169)
r(16,4,2,169)
r(29,6,2,169)
r(29,6,2,169)
r(31,0,2,169)
r(27,3,2,169)
w(31,1,1,172)
r(31,1,1,172)
r(32,1,1,172)
w(29,7,1,172)
r(27,3,1,172)
w(32,2,1,172)
w(31,2,1,172)
r(31,2,5,177)
r(32,2,5,177)
r(16,4,5,177)
r(31,2,5,177)
w(32,4,5,177)
r(29,7,5,177)
r(32,4,5,177)
r(29,7,5,177)
w(32,8,1,179)
r(33,0,1,179)
r(32,8,1,179)
r(32,8,1,179)
w(31,3,1,179)
r(32,8,0,183)
r(32,8,0,183)
r(32,8,0,183)
w(33,1,0,183)
w(31,4,0,183)
w(34,1,0,183)
r(34,1,0,183)
r(16,4,3,189)
w(34,3,3,189)
r(31,4,3,189)
w(34,4,3,189)
r(34,4,3,189)
r(33,1,3,189)
w(34,5,3,189)
w(34,6,3,189)
r(34,1,0,191)
w(36,1,0,191)
w(36,2,0,191)
w(36,3,0,191)
r(36,3,0,191)
r(36,3,0,191)
r(35,0,0,191)
w(36,4,0,191)
w(36,6,4,199)
w(35,1,4,199)
r(36,6,4,199)
r(36,6,4,199)
w(33,6,4,199)
w(36,7,4,199)
r(36,7,4,199)
r(31,4,4,199)
r(37,0,9,203)
w(37,4,9,203)
r(37,4,9,203)
r(31,4,9,203)
w(37,7,7,206)
r(37,7,7,206)
w(31,8,7,206)
r(37,7,7,206)
w(38,1,5,212)
w(39,2,5,212)
w(39,3,5,212)
r(27,3,5,212)
w(38,2,5,212)
r(39,3,5,212)
w(35,3,5,212)
r(39,3,3,218)
w(39,5,3,218)
r(39,5,3,218)
r(35,3,3,218)
w(38,5,3,218)
w(39,6,3,218)
w(39,7,3,218)
r(39,3,7,220)
r(38,2,7,220)
w(41,1,7,220)
r(41,1,7,220)
w(41,2,7,220)
r(38,2,7,220)
r(38,2,7,220)
w(41,5,2,226)
w(41,6,2,226)
r(41,6,2,226)
r(40,0,2,226)
w(41,8,0,234)
w(42,1,0,234)
w(38,8,0,234)
w(42,2,0,234)
w(40,3,0,234)
w(42,3,0,234)
w(44,2,7,242)
w(27,6,7,242)
w(44,3,7,242)
w(44,4,7,242)
w(35,5,7,242)
r(27,6,7,242)
r(44,4,7,242)
r(40,3,7,242)
r(43,0,6,243)
r(44,0,6,243)
r(35,3,6,243)
w(43,4,6,243)
r(35,3,6,243)
w(40,7,3,248)
w(45,1,3,248)
w(35,6,3,248)
w(45,2,3,248)
w(45,3,3,248)
w(40,8,3,248)
r(40,8,3,248)
r(47,0,5,252)
r(47,0,5,252)
w(43,5,5,252)
r(47,0,5,252)
r(47,0,5,252)
r(47,0,5,252)
w(43,6,5,252)
r(35,6,5,252)
w(43,8,3,258)
w(47,1,3,258)
r(35,6,3,258)
w(47,2,3,258)
w(47,3,3,258)
w(48,2,7,265)
w(48,3,7,265)
r(47,3,7,265)
w(48,4,7,265)
r(46,0,7,265)
w(47,8,7,265)
w(46,3,6,267)
r(50,0,6,267)
w(49,3,6,267)
r(49,3,6,267)
r(49,3,6,267)
r(48,0,6,267)
w(48,7,5,273)
r(48,7,5,273)
r(48,7,5,273)
r(27,6,5,273)
w(51,3,8,285)
w(50,4,8,285)
w(51,4,8,285)
w(50,5,8,285)
w(46,6,8,285)
r(51,0,1,288)
w(53,1,1,288)
w(53,2,1,288)
w(53,3,1,288)
w(52,1,1,288)
r(53,3,1,288)
r(54,0,0,292)
w(50,6,0,292)
r(52,0,0,292)
r(54,0,0,292)
w(46,7,0,292)
r(52,0,0,292)
r(54,0,7,295)
w(52,3,7,295)
r(54,0,7,295)
w(52,4,7,295)
r(52,4,7,295)
r(54,0,4,296)
w(54,1,4,296)
r(54,1,4,296)
w(54,2,4,296)
r(54,2,4,296)
w(54,3,4,296)
w(54,5,3,307)
w(54,6,3,307)
r(52,4,3,307)
w(52,6,3,307)
r(54,6,3,307)
w(54,7,3,307)
w(54,8,3,307)
w(55,1,3,307)
w(57,2,0,311)
w(58,1,0,311)
w(56,2,0,311)
w(56,3,0,311)
r(58,1,0,311)
r(58,1,7,316)
w(58,4,7,316)
r(58,4,7,316)
w(58,5,7,316)
r(59,0,2,322)
w(60,1,2,322)
w(60,2,2,322)
r(58,5,2,322)
w(56,5,8,326)
r(62,0,8,326)
w(56,6,8,326)
r(62,0,8,326)
w(62,3,3,331)
w(62,4,3,331)
w(62,5,3,331)
w(62,6,3,331)
w(62,7,3,331)
w(62,8,3,331)
r(63,0,8,333)
r(60,2,8,333)
w(64,1,8,333)
r(64,1,8,333)
w(63,6,8,338)
r(64,1,8,338)
r(59,0,8,338)
w(63,7,8,338)
r(64,1,8,338)
w(59,2,5,340)
w(59,3,5,340)
r(65,0,5,340)
r(65,0,5,340)
w(64,2,7,342)
r(65,0,7,342)
w(64,3,7,342)
w(65,3,7,342)
w(64,4,7,342)
w(66,1,6,346)
r(64,4,6,346)
w(64,6,6,346)
r(65,3,6,346)
r(64,6,6,346)
r(64,6,6,346)
r(66,0,2,348)
w(61,1,2,348)
r(65,3,2,348)
r(65,3,2,348)
w(65,5,2,348)
r(65,5,2,348)
r(64,6,4,354)
w(61,2,4,354)
w(65,6,4,354)
r(65,6,4,354)
r(65,6,4,354)
w(65,7,4,354)
r(67,0,2,356)
r(67,0,2,356)
w(67,3,2,356)
w(67,4,2,356)
w(67,5,2,356)
w(59,4,2,356)
r(68,0,4,360)
r(68,0,4,360)
r(64,6,4,360)
r(68,0,4,360)
r(61,2,4,360)
w(68,2,4,360)
w(68,3,1,364)
r(66,1,1,364)
w(59,7,1,364)
w(61,3,1,364)
r(69,0,1,364)
w(66,5,3,366)
r(68,3,3,366)
w(59,8,3,366)
w(68,4,3,366)
r(66,5,3,366)
r(68,4,3,366)
w(68,5,3,366)
r(69,0,0,367)
w(61,4,0,367)
w(69,1,0,367)
r(68,3,0,367)
r(68,3,0,367)
r(68,5,4,371)
r(69,1,4,371)
r(71,0,4,371)
w(71,1,4,371)
r(69,1,4,371)
r(71,1,4,371)
r(68,5,5,372)
w(68,6,5,372)
w(68,7,5,372)
w(68,8,5,372)
r(69,1,5,372)
r(68,8,5,372)
r(69,1,5,372)
w(70,1,4,385)
r(71,1,4,385)
w(71,4,4,385)
r(71,4,4,385)
w(69,6,4,385)
w(71,5,4,385)
r(61,4,4,385)
r(71,5,4,385)
w(75,1,4,396)
r(75,1,4,396)
w(61,6,4,396)
r(75,1,4,396)
w(75,2,4,396)
r(75,2,4,396)
w(74,1,4,396)
r(75,2,4,396)
r(75,2,3,402)
r(75,2,3,402)
r(75,2,3,402)
r(75,2,3,402)
r(75,2,3,402)
r(77,0,3,402)
r(76,0,3,402)
r(75,2,0,403)
w(75,8,0,403)
r(75,8,0,403)
r(70,1,0,403)
r(74,1,0,403)
r(70,1,1,404)
r(70,1,1,404)
w(77,1,1,404)
r(74,1,1,404)
w(79,2,2,419)
r(74,1,2,419)
w(79,3,2,419)
r(76,0,2,419)
r(74,1,2,419)
w(70,4,3,421)
w(78,5,3,421)
r(78,5,3,421)
w(74,4,3,421)
w(78,6,3,421)
w(78,7,3,421)
r(78,7,3,421)
r(76,0,3,421)
w(76,6,8,425)
w(80,2,8,425)
w(76,7,8,425)
w(80,3,8,425)
r(80,3,8,425)
w(80,5,3,430)
r(80,5,3,430)
w(76,8,3,430)
r(70,4,3,430)
r(80,5,3,430)
r(80,5,3,430)
w(80,6,3,430)
r(80,6,9,431)
r(80,6,9,431)
r(74,4,9,431)
w(74,8,9,431)
w(82,2,1,441)
r(82,2,1,441)
r(81,0,1,441)
r(70,4,1,441)
w(82,3,1,441)
w(81,1,1,441)
w(82,4,1,441)
w(82,5,1,441)
w(84,3,0,448)
r(83,0,0,448)
w(70,6,0,448)
r(84,3,0,448)
w(84,4,0,448)
r(81,0,0,448)
r(83,0,0,448)
w(83,2,0,448)
r(84,0,1,450)
r(84,0,1,450)
r(83,0,1,450)
r(84,0,1,450)
w(81,8,1,450)
r(81,8,1,450)
r(81,1,0,451)
r(84,4,0,451)
w(61,8,0,451)
r(85,0,0,451)
r(85,0,0,451)
r(86,0,4,460)
r(86,0,4,460)
w(83,5,4,460)
r(85,0,4,460)
r(87,0,2,467)
r(87,0,2,467)
r(87,0,2,467)
w(87,2,2,467)
w(85,5,2,467)
w(85,6,2,467)
w(85,7,2,467)
w(85,8,6,470)
r(85,8,6,470)
w(87,6,6,470)
w(83,7,6,470)
r(70,6,6,470)
w(83,8,6,473)
w(89,1,6,473)
r(90,0,6,473)
w(90,1,6,473)
w(90,2,9,475)
w(89,2,9,475)
r(89,2,9,475)
r(89,2,9,475)
r(83,8,9,475)
r(90,2,6,477)
r(90,2,6,477)
r(89,2,6,477)
w(89,3,6,477)
r(89,3,6,477)
w(89,4,6,477)
r(88,0,6,477)
r(90,2,6,477)
r(89,4,9,479)
r(83,8,9,479)
r(89,4,9,479)
w(90,3,9,479)
w(89,5,3,482)
w(70,7,3,482)
r(90,3,3,482)
r(90,3,3,482)
r(90,3,3,482)
w(90,4,9,483)
r(89,4,9,483)
r(89,4,9,483)
r(90,4,9,483)
r(90,4,9,483)
r(70,7,0,485)
r(70,7,0,485)
w(91,1,0,485)
w(89,6,0,485)
w(90,6,1,491)
w(89,8,1,491)
w(90,7,1,491)
r(92,0,1,491)
r(90,7,1,491)
r(90,7,1,491)
r(90,7,9,494)
w(91,2,9,494)
r(91,2,9,494)
r(92,0,9,494)
w(91,3,4,498)
r(93,0,4,498)
r(93,0,4,498)
r(93,0,4,498)
w(70,8,3,499)
r(92,0,3,499)
w(92,3,3,499)
w(92,4,3,499)
w(93,1,3,499)
r(92,4,6,502)
r(92,4,6,502)
r(93,1,6,502)
w(92,7,6,502)
w(91,4,6,502)
w(94,1,7,507)
r(94,1,7,507)
r(94,1,7,507)
r(93,1,7,507)
w(93,8,1,518)
w(95,3,1,518)
r(91,4,1,518)
r(96,0,1,518)
r(95,3,1,518)
r(95,3,1,518)
r(95,3,1,518)
r(96,0,1,518)
r(95,0,5,520)
r(95,0,5,520)
w(91,7,5,520)
r(91,7,5,520)
r(95,3,3,523)
w(96,1,3,523)
w(95,4,3,523)
r(95,4,3,523)
w(96,2,3,523)
r(95,4,3,523)
w(88,1,2,526)
w(95,6,2,526)
w(95,7,2,526)
r(96,2,2,526)
r(95,7,2,526)
r(95,4,7,528)
r(95,4,7,528)
r(95,4,7,528)
r(95,4,7,528)
w(96,3,7,528)
r(96,2,4,529)
r(95,7,4,529)
w(95,8,4,529)
r(97,0,4,529)
r(97,0,4,529)
r(91,7,3,531)
r(97,0,3,531)
r(97,0,3,531)
w(88,2,3,531)
w(97,1,3,531)
r(96,3,5,538)
r(70,8,5,538)
w(97,2,5,538)
w(88,3,5,538)
w(97,3,5,538)
r(91,7,5,538)
w(97,7,2,543)
w(98,1,2,543)
w(97,8,2,543)
r(99,0,2,543)
w(100,7,0,552)
w(100,8,0,552)
r(100,8,0,552)
r(100,8,0,552)
w(99,1,7,554)
r(102,0,7,554)
w(102,1,7,554)
w(101,2,7,554)
r(102,1,7,554)
r(88,3,5,560)
r(102,1,5,560)
r(99,1,5,560)
w(102,6,5,560)
w(102,7,5,560)
r(99,1,5,560)
r(102,7,5,560)
w(103,1,9,562)
r(103,1,9,562)
w(103,2,9,562)
w(99,2,9,562)
r(101,2,9,571)
r(101,2,9,571)
w(101,7,9,571)
w(99,5,9,571)
w(103,4,9,571)
w(103,5,9,571)
w(99,6,9,571)
w(99,7,9,571)
r(104,0,0,579)
r(105,0,0,579)
r(106,0,0,579)
r(104,0,0,579)
w(104,5,0,579)
r(105,0,0,579)
w(105,3,0,579)
w(104,6,0,579)
w(106,1,4,583)
w(98,6,4,583)
r(104,6,4,583)
r(104,6,4,583)
r(104,6,4,583)
w(105,5,4,583)
r(104,6,4,583)
w(98,7,4,583)
w(107,3,3,590)
r(107,3,3,590)
w(106,4,3,590)
w(105,8,3,590)
r(106,4,7,592)
r(107,3,7,592)
r(106,4,7,592)
r(106,4,7,592)
w(108,1,7,592)
w(106,6,7,592)
w(109,1,3,595)
w(107,4,3,595)
r(107,4,3,595)
w(107,5,3,595)
r(109,1,3,595)
r(107,5,3,595)
r(107,5,3,595)
w(109,2,3,595)
w(107,7,7,598)
r(88,3,7,598)
w(109,4,7,598)
w(107,8,7,598)
r(106,6,7,598)
r(108,1,7,598)
w(108,2,6,600)
r(109,4,6,600)
r(106,6,6,600)
r(107,8,6,600)
w(106,7,6,600)
r(107,8,6,600)
r(107,8,6,600)
r(106,7,6,600)
w(111,4,1,605)
r(110,0,1,605)
w(111,5,1,605)
r(106,7,1,605)
r(108,2,1,605)
r(106,7,1,605)
w(111,7,1,608)
w(112,1,1,608)
r(111,7,1,608)
r(111,7,1,608)
w(111,8,1,608)
w(109,5,1,608)
w(110,2,7,610)
r(111,5,7,610)
r(111,5,7,610)
r(110,2,7,610)
r(112,0,7,610)
r(113,0,8,611)
w(110,3,8,611)
w(113,1,8,611)
r(109,5,8,611)
r(109,5,8,611)
r(113,1,8,611)
r(114,0,2,622)
r(112,1,2,622)
w(114,2,2,622)
r(114,2,2,622)
r(114,2,2,622)
w(113,2,8,623)
w(113,3,8,623)
r(108,2,8,623)
r(112,1,8,623)
r(113,3,8,623)
w(109,6,8,623)
r(112,1,8,623)
w(114,5,9,627)
w(112,6,9,627)
r(114,5,9,627)
w(114,6,9,627)
w(112,7,9,627)
r(114,6,9,627)
r(114,6,8,630)
w(114,8,8,630)
r(112,7,8,630)
w(108,4,8,630)
r(115,0,8,630)
r(115,0,8,630)
r(115,0,8,630)
r(115,0,8,630)
r(115,0,0,632)
w(117,1,0,632)
r(115,0,0,632)
w(115,1,0,632)
r(115,1,0,632)
w(115,2,0,632)
r(117,1,0,632)
r(118,0,6,640)
r(116,0,6,640)
r(118,0,6,640)
w(110,6,6,640)
w(116,2,4,643)
r(118,0,4,643)
w(117,2,4,643)
r(118,0,4,643)
w(118,1,4,643)
w(108,5,4,643)
w(116,3,4,643)
w(116,4,4,643)
r(117,2,0,645)
r(117,2,0,645)
w(117,4,0,645)
r(117,4,0,645)
r(118,1,0,645)
r(108,5,7,649)
w(117,5,7,649)
r(116,4,7,649)
r(117,5,7,649)
r(118,1,7,649)
w(118,5,7,649)
r(116,4,4,653)
r(119,0,4,653)
r(108,5,4,653)
w(119,1,4,653)
r(117,5,4,653)
w(119,2,4,653)
r(119,2,5,659)
r(119,2,5,659)
r(117,5,5,659)
w(119,8,5,659)
r(108,5,5,659)
r(116,4,4,661)
r(119,8,4,661)
w(120,1,4,661)
r(120,1,4,661)
r(119,8,4,661)
w(123,1,7,676)
w(120,8,7,676)
w(108,7,7,676)
w(123,2,7,676)
r(123,2,4,679)
w(124,1,4,679)
r(123,2,4,679)
w(123,6,4,679)
r(123,6,2,684)
w(125,1,2,684)
w(123,8,2,684)
w(124,5,2,684)
w(124,6,2,684)
r(123,8,2,684)
r(123,8,2,684)
w(126,5,8,688)
w(126,6,8,688)
w(126,7,8,688)
w(124,8,8,688)
r(126,0,3,689)
r(124,6,3,689)
r(126,0,3,689)
r(125,1,3,689)
r(126,0,3,689)
r(126,0,3,689)
r(128,0,6,693)
r(127,0,6,693)
w(128,1,6,693)
r(127,0,6,693)
r(127,0,6,693)
w(127,2,6,693)
r(122,0,6,693)
r(128,1,7,699)
r(127,2,7,699)
r(128,1,7,699)
w(125,5,7,699)
r(127,2,7,699)
r(128,1,7,699)
r(127,2,7,699)
w(128,3,6,701)
r(128,3,6,701)
r(127,2,6,701)
r(127,2,6,701)
w(127,5,6,701)
w(128,4,6,701)
w(128,5,6,701)
w(127,7,9,704)
r(127,7,9,704)
r(108,7,9,704)
r(127,7,9,704)
r(128,5,0,708)
r(127,7,0,708)
w(128,8,0,708)
w(125,6,0,708)
r(128,8,0,708)
r(125,6,0,708)
w(130,1,8,712)
w(130,2,8,712)
w(129,3,8,712)
r(125,6,8,712)
r(130,0,7,715)
r(129,0,7,715)
w(108,8,7,715)
r(129,0,7,715)
r(130,0,7,715)
r(129,0,7,715)
w(130,6,2,719)
w(129,4,2,719)
r(129,4,2,719)
w(130,7,2,719)
w(129,5,2,719)
r(129,3,9,723)
w(133,1,9,723)
r(132,0,9,723)
r(132,0,9,723)
r(132,0,9,723)
w(132,1,9,723)
r(133,1,9,723)
w(129,6,0,724)
r(132,0,0,724)
w(129,7,0,724)
r(132,0,0,724)
r(132,1,8,730)
r(133,1,8,730)
r(132,1,8,730)
w(132,2,8,730)
w(133,2,8,730)
r(132,2,8,730)
w(133,3,8,730)
r(134,0,8,737)
r(134,0,8,737)
r(132,2,8,737)
r(131,0,8,737)
r(134,0,8,737)
w(131,1,8,737)
w(132,8,8,737)
w(133,6,2,738)
r(134,0,2,738)
r(135,0,2,738)
r(134,0,2,738)
r(135,0,2,738)
r(135,0,2,738)
w(131,3,2,738)
w(135,3,5,740)
w(122,5,5,740)
w(134,1,5,740)
r(135,3,5,740)
w(135,4,5,740)
w(135,5,5,740)
r(134,1,5,740)
r(131,3,2,744)
r(136,0,2,744)
r(135,5,2,744)
r(134,1,2,744)
w(136,1,2,744)
w(134,2,7,746)
r(133,6,7,746)
w(135,7,7,746)
w(133,8,7,746)
r(134,2,7,746)
r(134,2,7,746)
r(135,7,7,746)
w(135,8,7,746)
w(137,2,8,750)
r(137,2,8,750)
w(137,3,8,750)
r(137,3,8,750)
r(137,0,1,752)
w(136,2,1,752)
w(136,3,1,752)
r(136,3,1,752)
r(136,3,1,752)
r(134,2,1,752)
r(134,2,1,752)
r(134,2,9,757)
r(137,3,9,757)
w(137,4,9,757)
w(134,4,9,757)
w(137,5,9,757)
r(137,5,9,757)
r(134,4,9,757)
w(137,6,9,757)
r(136,3,3,764)
w(131,5,3,764)
r(139,0,3,764)
r(134,4,3,764)
r(134,4,1,767)
r(136,3,1,767)
w(139,3,1,767)
w(131,6,1,767)
r(136,3,8,770)
w(139,4,8,770)
w(140,1,8,770)
w(139,5,8,770)
w(139,6,0,777)
w(140,3,0,777)
r(139,6,0,777)
r(122,5,0,777)
w(139,7,0,777)
w(139,8,0,777)
w(140,4,0,777)
r(139,8,0,777)
r(141,0,3,784)
w(141,3,3,784)
r(141,3,3,784)
r(141,3,3,784)
w(141,4,3,784)
r(136,3,3,784)
w(131,7,3,784)
w(141,5,3,784)
w(143,3,5,795)
w(142,2,5,795)
w(143,4,5,795)
w(142,3,5,795)
r(145,0,6,798)
w(143,7,6,798)
w(145,1,6,798)
r(145,1,6,798)
w(122,7,6,798)
r(145,1,9,799)
r(143,7,9,799)
r(145,1,9,799)
r(143,7,9,799)
r(145,1,9,799)
r(145,1,9,799)
w(145,2,9,803)
r(145,2,9,803)
w(122,8,9,803)
r(145,2,9,803)
r(144,0,4,810)
r(146,0,4,810)
r(145,2,4,810)
r(145,2,4,810)
w(146,1,4,810)
r(146,1,4,810)
w(146,2,4,810)
r(144,0,4,810)
w(146,5,5,820)
r(149,0,5,820)
r(149,0,5,820)
w(149,3,5,820)
w(149,4,5,820)
r(146,5,5,820)
w(150,2,6,824)
r(150,2,6,824)
r(149,4,6,824)
w(150,3,6,824)
w(149,8,6,824)
r(148,0,6,824)
r(150,3,6,824)
w(148,1,9,826)
r(150,0,9,826)
w(151,1,9,826)
w(151,2,9,826)
r(151,2,9,826)
r(150,3,3,831)
r(144,0,3,831)
r(151,2,3,831)
w(148,2,3,831)
r(151,2,3,831)
w(151,3,3,831)
w(151,4,3,831)
r(154,0,4,845)
r(153,0,4,845)
r(154,0,4,845)
r(154,0,4,845)
w(144,5,4,845)
r(152,0,6,848)
w(152,4,6,848)
r(150,3,6,848)
w(152,5,6,848)
r(148,2,6,848)
w(152,6,6,848)
r(152,6,6,848)
r(153,0,8,849)
r(144,0,8,849)
r(154,0,8,849)
w(154,1,8,849)
r(154,1,8,849)
w(154,2,8,849)
w(153,1,0,851)
w(147,2,0,851)
r(153,1,0,851)
w(153,2,0,851)
r(156,0,2,860)
r(156,0,2,860)
r(156,0,2,860)
r(156,0,2,860)
r(158,0,3,872)
w(159,7,3,872)
r(158,0,3,872)
r(148,2,3,872)
w(157,4,3,872)
r(159,7,3,878)
w(157,5,3,878)
r(147,2,3,878)
r(157,5,3,878)
r(159,7,3,878)
r(157,5,3,878)
w(158,2,3,878)
w(148,4,3,878)
w(155,2,9,882)
w(153,6,9,882)
w(153,7,9,882)
r(147,2,9,882)
r(153,7,9,882)
r(155,2,9,882)
w(155,3,9,882)
w(155,4,9,882)
r(160,0,4,887)
w(160,3,4,887)
r(161,0,4,887)
w(160,4,4,887)
w(160,5,4,887)
w(160,6,4,887)
w(160,7,4,887)
r(162,0,3,889)
r(158,2,3,889)
w(158,3,3,889)
w(161,1,3,889)
r(147,2,4,890)
r(147,2,4,890)
r(162,0,4,890)
r(158,2,4,890)
r(148,4,4,890)
r(162,0,4,890)
w(161,2,4,895)
r(161,2,4,895)
r(161,2,4,895)
r(161,2,4,895)
r(163,0,4,897)
r(158,3,4,897)
w(163,1,4,897)
r(163,1,4,897)
r(158,3,4,897)
r(163,1,4,897)
w(162,2,3,899)
r(162,2,3,899)
r(148,4,3,899)
w(162,3,3,899)
r(158,3,3,899)
w(162,4,3,899)
w(162,5,3,899)
w(162,6,3,899)
w(163,2,4,902)
w(163,3,4,902)
w(163,4,4,902)
r(163,4,4,902)
w(161,3,4,902)
w(163,5,4,902)
w(164,2,3,914)
r(161,3,3,914)
w(164,3,3,914)
w(164,4,3,914)
r(159,7,8,916)
r(159,7,8,916)
r(157,5,8,916)
r(148,4,8,916)
w(159,6,8,916)
w(156,1,0,919)
r(153,2,0,919)
r(153,2,0,919)
r(156,1,0,919)
w(161,8,9,921)
w(164,8,9,921)
w(147,7,9,921)
r(161,8,9,921)
r(167,0,1,927)
r(167,0,1,927)
r(167,0,1,927)
r(167,0,1,927)
r(158,3,1,927)
r(167,0,1,927)
w(165,6,8,928)
r(165,6,8,928)
w(166,1,8,928)
r(165,6,8,928)
r(158,3,8,928)
w(165,7,8,928)
w(165,8,8,928)
r(165,8,8,928)
r(148,4,0,929)
r(167,0,0,929)
w(167,1,0,929)
w(158,7,0,929)
r(158,7,0,929)
r(166,0,0,929)
r(158,7,3,932)
r(167,1,3,932)
r(166,1,3,932)
w(166,2,3,932)
r(158,7,3,932)
w(158,8,3,932)
r(167,1,9,933)
r(167,1,9,933)
r(167,1,9,933)
w(167,2,9,933)
w(167,3,8,939)
r(147,7,8,939)
r(167,3,8,939)
w(167,4,8,939)
w(166,3,8,939)
w(148,7,8,939)
r(167,4,8,939)
r(166,3,8,939)
r(166,3,4,942)
w(168,1,4,942)
r(166,3,4,942)
r(170,0,4,942)
r(170,0,3,952)
w(170,1,3,952)
r(168,1,3,952)
w(170,2,3,952)
r(170,2,3,952)
r(166,3,3,952)
w(170,3,3,952)
w(168,2,17,953)
r(170,3,17,953)
r(166,3,17,953)
w(170,8,17,953)
r(171,0,17,953)
r(166,3,17,953)
w(174,1,16,965)
w(173,2,16,965)
r(173,2,16,965)
r(174,1,16,965)
r(174,1,16,965)
r(174,1,16,965)
r(174,1,16,965)
r(174,1,3,971)
r(174,1,3,971)
r(174,1,3,971)
w(174,2,3,971)
w(171,2,3,971)
r(168,2,3,971)
r(173,2,3,971)
w(173,4,3,971)
w(174,7,17,973)
w(174,8,17,973)
r(168,2,17,973)
r(171,2,17,973)
r(175,0,9,975)
r(168,2,9,975)
r(173,4,9,975)
w(173,6,9,975)
w(168,7,0,980)
r(175,0,0,980)
r(175,0,0,980)
r(175,0,0,980)
w(175,1,0,980)
r(175,1,17,982)
r(173,6,17,982)
r(175,1,17,982)
w(175,4,17,982)
r(175,4,17,982)
w(173,7,17,982)
r(175,4,15,991)
r(175,4,15,991)
w(176,2,15,991)
w(176,3,15,991)
r(178,0,9,995)
r(178,0,9,995)
w(178,3,9,995)
r(179,0,9,995)
r(179,0,9,995)
w(179,1,9,995)
w(178,4,9,995)
r(179,1,9,995)
r(179,1,0,997)
r(179,1,0,997)
w(179,2,0,997)
w(179,3,0,997)
r(180,0,0,1004)
r(180,0,0,1004)
r(180,0,0,1004)
r(169,0,0,1004)
w(178,5,15,1005)
r(178,5,15,1005)
w(178,6,15,1005)
w(178,7,15,1005)
w(178,8,15,1005)
r(178,4,3,1006)
w(169,3,3,1006)
w(180,1,3,1006)
r(180,1,3,1006)
r(180,1,3,1006)
w(179,4,3,1006)
w(180,2,3,1006)
r(179,4,8,1011)
w(177,3,8,1011)
r(169,3,8,1011)
r(180,2,8,1011)
r(180,2,3,1014)
r(171,2,3,1014)
r(179,4,3,1014)
r(180,2,3,1014)
r(180,2,3,1014)
w(180,6,3,1014)
r(180,6,3,1014)
r(177,0,3,1014)
w(180,8,17,1020)
w(181,3,17,1020)
r(180,8,17,1020)
r(180,8,17,1020)
r(181,3,17,1020)
r(171,2,17,1020)
w(182,1,9,1021)
w(182,2,9,1021)
r(177,3,9,1021)
r(182,2,9,1021)
r(181,0,9,1021)
w(182,6,4,1026)
r(171,2,4,1026)
r(182,6,4,1026)
w(171,7,4,1026)
w(182,7,12,1030)
r(182,7,12,1030)
r(182,7,12,1030)
w(182,8,12,1030)
r(182,8,12,1030)
r(184,0,12,1030)
r(182,2,15,1031)
r(182,2,15,1031)
r(181,3,15,1031)
w(181,7,15,1031)
r(182,2,15,1031)
w(181,8,15,1031)
w(183,1,15,1031)
w(169,4,15,1031)
r(182,6,8,1033)
r(184,0,8,1033)
w(185,1,8,1033)
w(185,2,8,1033)
r(185,2,8,1033)
r(185,2,8,1033)
w(185,3,8,1033)
r(185,3,8,1036)
r(185,3,8,1036)
r(185,3,8,1036)
w(183,2,8,1036)
r(184,0,8,1036)
w(185,6,8,1036)
r(185,6,8,1036)
w(184,1,8,1036)
r(184,1,8,1040)
r(187,0,8,1040)
w(187,2,8,1040)
r(187,2,8,1040)
r(169,4,0,1042)
r(183,2,0,1042)
r(187,2,0,1042)
r(187,2,0,1042)
w(187,3,0,1042)
r(184,1,0,1042)
r(184,1,0,1042)
w(184,2,12,1044)
w(187,4,12,1044)
r(186,0,12,1044)
w(184,3,12,1044)
r(184,3,12,1044)
w(184,4,12,1044)
r(187,4,9,1047)
r(187,4,9,1047)
w(187,6,9,1047)
r(187,6,9,1047)
w(187,7,9,1047)
r(187,7,9,1047)
r(187,7,9,1047)
r(188,0,17,1056)
w(186,1,17,1056)
w(188,6,17,1056)
w(188,7,17,1056)
r(184,4,12,1060)
r(186,1,12,1060)
w(190,1,12,1060)
r(190,1,12,1060)
r(189,0,12,1060)
r(183,2,1,1062)
r(189,0,1,1062)
w(189,1,1,1062)
w(183,6,1,1062)
w(186,2,1,1062)
r(186,2,1,1062)
r(183,6,12,1067)
r(190,1,12,1067)
w(189,5,12,1067)
w(169,5,12,1067)
w(190,3,12,1067)
w(189,6,12,1067)
r(189,6,12,1067)
r(190,3,16,1070)
r(189,6,16,1070)
w(190,4,16,1070)
w(169,6,16,1070)
w(190,5,16,1070)
w(190,6,16,1070)
r(186,2,16,1070)
w(191,2,8,1074)
w(186,4,8,1074)
r(192,0,8,1074)
r(191,2,8,1074)
r(192,0,8,1074)
r(192,0,8,1074)
r(192,0,8,1074)
w(183,8,1,1076)
w(191,3,1,1076)
r(192,0,1,1076)
r(192,0,1,1076)
w(192,2,3,1083)
r(191,3,3,1083)
w(192,3,3,1083)
r(192,3,3,1083)
w(192,4,3,1083)
w(192,5,3,1083)
w(192,6,3,1083)
r(183,8,3,1083)
r(193,0,12,1085)
w(193,1,12,1085)
w(186,6,12,1085)
r(193,1,12,1085)
r(193,1,12,1085)
w(193,2,12,1085)
r(191,3,12,1085)
r(191,3,4,1089)
w(194,2,4,1089)
r(193,2,4,1089)
r(193,2,4,1089)
w(193,5,4,1089)
r(193,5,4,1089)
r(193,5,4,1089)
r(194,2,17,1094)
r(195,0,17,1094)
w(194,3,17,1094)
r(193,5,17,1094)
r(195,0,17,1094)
r(196,0,8,1096)
w(195,1,8,1096)
r(186,6,8,1096)
r(196,0,8,1096)
r(196,0,8,1096)
r(194,3,8,1096)
r(194,3,8,1096)
w(196,1,3,1099)
w(196,2,3,1099)
r(186,6,3,1099)
w(196,3,3,1099)
r(195,1,9,1102)
r(196,3,9,1102)
r(196,3,9,1102)
r(196,3,9,1102)
r(196,3,9,1102)
r(195,1,9,1102)
w(196,5,17,1104)
w(196,6,17,1104)
r(195,1,17,1104)
r(195,1,17,1104)
r(195,1,17,1104)
r(196,6,17,1104)
w(195,2,1,1107)
r(195,2,1,1107)
w(196,7,1,1107)
w(194,5,1,1107)
r(196,7,1,1107)
w(195,6,8,1117)
w(197,1,8,1117)
w(194,7,8,1117)
r(197,1,8,1117)
w(197,2,8,1117)
r(197,2,8,1117)
r(197,2,8,1117)
w(197,7,3,1123)
r(197,7,3,1123)
w(197,8,3,1123)
r(169,6,3,1123)
w(199,1,3,1123)
r(186,6,3,1123)
r(199,1,3,1123)
r(201,0,1,1126)
r(201,0,1,1126)
r(201,0,1,1126)
w(201,1,1,1126)
w(200,1,17,1128)
w(200,2,17,1128)
w(199,8,17,1128)
r(199,8,17,1128)
r(201,1,12,1130)
r(201,1,12,1130)
r(198,0,12,1130)
r(201,1,12,1130)
r(200,2,0,1131)
r(198,0,0,1131)
w(201,2,0,1131)
r(201,2,0,1131)
r(198,0,0,1131)
w(201,3,0,1131)
r(201,3,4,1133)
r(201,3,4,1133)
r(201,3,4,1133)
r(200,2,4,1133)
w(200,3,4,1133)
r(198,0,4,1133)
r(201,3,4,1133)
r(198,0,4,1138)
w(201,4,4,1138)
w(198,3,4,1138)
r(169,6,4,1138)
r(202,0,4,1138)
w(200,4,4,1138)
r(200,4,4,1138)
r(198,3,3,1147)
r(198,3,3,1147)
w(203,1,3,1147)
w(203,2,3,1147)
w(203,3,3,1147)
w(203,4,3,1147)
r(198,3,3,1147)
w(200,7,16,1150)
r(203,0,16,1150)
r(202,0,16,1150)
r(200,7,16,1150)
r(203,0,16,1150)
w(198,5,16,1150)
r(203,0,16,1150)
r(202,0,16,1150)
w(203,7,1,1152)
r(205,0,1,1152)
w(205,1,1,1152)
r(203,7,1,1152)
w(205,2,1,1152)
w(204,1,1,1152)
r(203,7,1,1152)
r(205,2,1,1152)
r(206,0,17,1158)
w(206,1,17,1158)
r(206,1,17,1158)
r(205,2,17,1158)
r(206,1,17,1158)
r(206,1,17,1158)
r(206,0,1,1159)
r(206,0,1,1159)
r(206,0,1,1159)
r(205,2,1,1159)
w(206,6,3,1164)
r(204,1,3,1164)
r(206,6,3,1164)
r(205,2,3,1164)
w(207,4,1,1169)
r(207,4,1,1169)
w(207,5,1,1169)
r(204,1,1,1169)
r(207,5,1,1169)
r(205,2,1,1169)
r(207,5,4,1173)
r(205,2,4,1173)
r(205,2,4,1173)
w(202,5,4,1173)
r(198,5,3,1176)
w(204,3,3,1176)
w(207,7,3,1176)
r(207,7,3,1176)
r(205,2,3,1176)
w(207,8,3,1176)
w(205,7,1,1177)
w(205,8,1,1177)
r(207,5,1,1177)
r(198,5,1,1177)
r(207,5,1,1177)
r(207,5,1,1177)
r(198,5,0,1179)
r(208,0,0,1179)
r(209,0,0,1179)
r(209,0,0,1179)
r(209,0,0,1179)
w(208,1,0,1179)
r(198,5,9,1183)
r(209,0,9,1183)
r(209,0,9,1183)
r(198,5,9,1183)
w(208,2,9,1183)
w(209,1,9,1183)
r(209,1,9,1183)
w(209,3,3,1190)
r(209,3,3,1190)
r(209,3,3,1190)
r(208,2,3,1190)
r(208,2,3,1190)
w(202,7,3,1190)
w(209,4,3,1190)
r(211,0,4,1192)
r(211,0,4,1192)
w(211,2,4,1192)
w(211,3,4,1192)
w(211,4,4,1192)
w(211,5,4,1192)
r(211,5,4,1192)
w(210,3,3,1195)
r(198,5,3,1195)
r(211,5,3,1195)
r(210,3,3,1195)
r(211,5,3,1195)
r(210,3,3,1195)
w(210,6,4,1205)
w(212,3,4,1205)
r(213,0,4,1205)
r(213,0,4,1205)
r(214,0,4,1205)
r(214,0,3,1207)
r(213,0,3,1207)
r(213,0,3,1207)
r(213,0,3,1207)
r(210,3,3,1207)
r(214,0,16,1212)
r(214,0,16,1212)
r(216,0,16,1212)
r(215,0,16,1212)
r(215,0,8,1215)
r(216,0,8,1215)
w(216,2,8,1215)
r(214,0,8,1215)
r(216,0,9,1218)
r(216,0,9,1218)
r(215,0,9,1218)
r(215,0,9,1218)
w(204,4,9,1218)
r(212,3,9,1218)
r(215,0,9,1218)
w(216,4,4,1220)
w(215,3,4,1220)
r(214,0,4,1220)
r(216,4,4,1220)
r(216,4,4,1220)
w(215,4,1,1225)
r(216,4,1,1225)
r(215,4,1,1225)
w(216,6,1,1225)
w(216,7,1,1225)
w(215,5,1,1225)
w(214,1,8,1229)
r(212,3,8,1229)
r(217,0,8,1229)
r(212,3,8,1229)
w(217,1,8,1229)
r(215,5,8,1229)
w(215,7,0,1230)
w(215,8,0,1230)
r(212,3,0,1230)
r(217,0,0,1230)
r(204,4,15,1234)
r(217,1,15,1234)
w(217,3,15,1234)
w(217,4,15,1234)
r(217,4,16,1239)
r(212,3,16,1239)
r(217,4,16,1239)
w(218,2,16,1239)
r(217,4,16,1239)
w(214,3,16,1239)
r(217,4,16,1239)
w(218,3,16,1239)
r(217,4,0,1242)
w(217,8,0,1242)
r(217,8,0,1242)
r(218,3,0,1242)
r(214,3,0,1242)
r(218,3,0,1242)
r(219,0,0,1242)
w(214,4,4,1243)
r(219,0,4,1243)
r(218,3,4,1243)
r(219,0,4,1243)
w(214,5,17,1253)
w(218,7,17,1253)
r(219,0,17,1253)
w(219,5,17,1253)
w(214,6,17,1253)
w(219,6,17,1253)
w(221,1,12,1259)
w(212,6,12,1259)
w(220,3,12,1259)
w(221,2,12,1259)
w(212,7,12,1259)
r(221,2,12,1259)
w(221,3,12,1259)
w(221,4,12,1259)
w(204,7,1,1262)
r(223,0,1,1262)
r(223,0,1,1262)
r(224,0,1,1262)
w(220,7,9,1265)
r(220,7,9,1265)
w(220,8,9,1265)
r(220,8,9,1265)
w(221,7,9,1265)
r(223,0,9,1265)
w(222,2,9,1265)
w(221,8,9,1265)
r(223,0,4,1268)
r(223,0,4,1268)
r(225,0,4,1268)
r(223,0,4,1268)
w(223,1,3,1269)
w(223,2,3,1269)
w(225,1,3,1269)
r(204,7,3,1269)
w(225,2,12,1273)
r(223,2,12,1273)
w(225,3,12,1273)
r(222,2,12,1273)
r(223,2,16,1275)
w(223,4,16,1275)
w(223,5,16,1275)
w(223,6,16,1275)
w(224,3,16,1275)
r(223,6,16,1275)
r(223,6,16,1275)
w(225,4,17,1279)
r(226,0,17,1279)
w(225,5,17,1279)
r(225,5,17,1279)
w(222,4,17,1279)
r(226,0,17,1279)
r(224,3,17,1279)
w(223,8,12,1281)
r(223,8,12,1281)
w(226,1,12,1281)
w(226,2,12,1281)
w(226,3,12,1281)
w(226,4,12,1281)
w(226,5,16,1285)
w(222,5,16,1285)
w(226,6,16,1285)
r(226,6,16,1285)
r(225,5,16,1285)
w(225,8,1,1288)
r(226,4,1,1288)
r(226,4,1,1288)
r(226,4,1,1288)
r(226,4,1,1288)
r(222,4,1,1288)
r(226,4,1,1288)
w(227,3,16,1291)
w(224,5,16,1291)
w(227,4,16,1291)
r(225,8,16,1291)
r(225,8,16,1291)
r(225,8,16,1291)
r(227,4,12,1296)
r(227,4,12,1296)
w(227,7,12,1296)
r(227,7,12,1296)
r(222,5,12,1296)
r(222,5,12,1296)
w(227,8,12,1296)
r(229,0,1,1300)
r(228,0,1,1300)
r(229,0,1,1300)
r(222,5,1,1300)
r(222,5,1,1300)
r(229,0,9,1301)
r(224,5,9,1301)
w(224,8,9,1301)
r(229,0,9,1301)
r(229,0,8,1302)
r(229,0,8,1302)
r(229,0,8,1302)
w(229,2,8,1302)
w(228,3,8,1302)
r(229,2,8,1302)
w(228,4,8,1302)
r(228,4,1,1306)
w(229,6,1,1306)
w(229,7,1,1306)
w(204,8,1,1306)
w(228,6,9,1310)
w(230,3,9,1310)
r(230,3,9,1310)
r(230,3,9,1310)
w(228,7,9,1310)
w(230,7,1,1313)
w(232,1,1,1313)
r(230,7,1,1313)
r(230,7,1,1313)
r(231,0,3,1315)
r(230,7,3,1315)
r(230,7,3,1315)
r(230,7,3,1315)
r(230,7,3,1315)
w(234,5,1,1327)
r(234,5,1,1327)
r(224,8,1,1327)
r(234,5,1,1327)
r(234,5,1,1327)
r(234,5,15,1330)
w(234,8,15,1330)
w(231,3,15,1330)
r(234,8,15,1330)
w(236,1,1,1333)
r(231,0,1,1333)
r(231,0,1,1333)
r(232,1,1,1333)
w(236,2,1,1333)
r(231,0,1,1333)
w(236,3,1,1333)
w(233,1,1,1333)
r(236,3,0,1337)
w(235,3,0,1337)
r(236,3,0,1337)
r(232,1,0,1337)
r(236,3,0,1337)
r(232,1,0,1337)
r(236,3,0,1337)
r(231,3,8,1345)
w(236,8,8,1345)
r(231,3,8,1345)
w(231,5,8,1345)
r(231,5,8,1345)
w(231,6,8,1345)
w(237,1,8,1345)
w(237,2,8,1345)
r(237,2,1,1347)
w(231,8,1,1347)
r(238,0,1,1347)
r(239,0,1,1347)
w(238,4,1,1347)
r(238,4,1,1347)
w(238,5,9,1356)
w(235,4,9,1356)
w(239,1,9,1356)
r(239,1,9,1356)
w(238,6,9,1356)
r(239,1,9,1356)
r(235,4,9,1356)
w(239,2,9,1356)
w(238,8,12,1358)
r(235,4,12,1358)
r(239,2,12,1358)
r(239,2,12,1358)
w(239,8,12,1358)
r(239,8,12,1358)
r(239,8,12,1358)
w(235,5,15,1361)
w(241,1,15,1361)
w(241,2,15,1361)
w(235,6,15,1361)
r(239,2,15,1361)
r(239,2,15,1361)
r(235,6,15,1361)
r(242,0,16,1366)
w(242,2,16,1366)
r(242,2,16,1366)
w(240,2,16,1366)
r(241,2,16,1366)
r(240,2,16,1366)
w(242,3,16,1366)
r(242,0,8,1367)
w(241,5,8,1367)
r(242,0,8,1367)
r(242,0,8,1367)
r(242,0,8,1367)
w(242,4,16,1371)
w(241,6,16,1371)
r(242,4,16,1371)
w(241,7,16,1371)
r(235,6,16,1371)
w(242,5,16,1371)
w(242,6,16,1371)
r(243,0,3,1374)
w(243,1,3,1374)
r(243,1,3,1374)
w(240,4,3,1374)
w(240,5,3,1374)
w(240,6,8,1379)
w(243,3,8,1379)
r(242,6,8,1379)
r(244,0,8,1379)
r(244,0,8,1379)
w(240,8,16,1386)
r(240,8,16,1386)
r(244,0,16,1386)
r(246,0,16,1386)
w(246,2,8,1389)
r(240,6,8,1389)
r(244,0,8,1389)
r(240,6,8,1389)
w(244,5,8,1389)
w(246,3,8,1389)
r(244,5,8,1389)
r(244,5,8,1389)
r(244,5,1,1392)
r(244,5,1,1392)
r(244,5,1,1392)
r(245,0,1,1392)
r(244,5,3,1394)
w(244,6,3,1394)
r(240,8,3,1394)
w(247,1,3,1394)
r(247,1,3,1394)
w(246,5,3,1394)
r(246,5,0,1397)
r(247,1,0,1397)
r(246,5,0,1397)
r(244,6,0,1397)
r(244,6,0,1397)
r(244,6,0,1397)
r(244,6,9,1399)
r(244,6,9,1399)
r(244,6,9,1399)
r(244,6,9,1399)
r(244,6,9,1399)
r(233,1,1,1405)
w(245,1,1,1405)
w(244,7,1,1405)
w(247,2,1,1405)
w(233,4,1,1405)
r(244,7,1,1405)
r(244,7,1,1405)
r(248,0,9,1406)
r(246,5,9,1406)
w(248,2,9,1406)
w(246,8,9,1406)
r(246,8,9,1406)
r(248,2,17,1410)
r(248,2,17,1410)
r(233,4,17,1410)
w(248,5,17,1410)
r(249,0,17,1410)
w(250,1,0,1416)
w(250,2,0,1416)
r(250,2,0,1416)
r(249,0,0,1416)
r(250,2,0,1416)
w(248,7,9,1417)
w(248,8,9,1417)
r(248,8,9,1417)
r(250,0,9,1417)
w(247,5,9,1417)
r(233,4,9,1417)
r(250,0,9,1417)
r(249,0,9,1417)
r(247,5,4,1421)
r(247,5,4,1421)
r(250,2,4,1421)
r(247,5,4,1421)
w(250,6,4,1421)
r(249,0,4,1421)
w(250,7,1,1424)
w(250,8,1,1424)
w(247,7,1,1424)
r(247,7,1,1424)
w(233,5,1,1424)
r(249,0,12,1427)
w(249,5,12,1427)
r(251,0,12,1427)
w(251,1,12,1427)
r(249,5,12,1427)
r(251,1,12,1427)
r(247,7,12,1427)
w(251,2,12,1427)
w(245,3,4,1432)
r(249,5,4,1432)
r(251,2,4,1432)
r(251,2,4,1432)
r(249,5,4,1432)
w(251,7,4,1432)
w(253,1,0,1435)
w(249,8,0,1435)
r(253,1,0,1435)
r(253,1,0,1435)
r(245,3,9,1438)
w(245,4,9,1438)
w(253,2,9,1438)
w(252,2,9,1438)
w(253,3,9,1438)
r(233,5,4,1442)
r(252,2,4,1442)
w(254,2,4,1442)
r(253,3,4,1442)
r(254,2,0,1448)
w(253,6,0,1448)
r(245,4,0,1448)
r(253,6,0,1448)
r(254,2,0,1448)
r(252,2,0,1448)
r(253,6,0,1448)
w(254,4,16,1451)
r(252,2,16,1451)
r(253,3,16,1451)
w(254,5,16,1451)
r(253,3,16,1451)
r(253,3,16,1451)
w(254,6,16,1451)
r(255,0,9,1455)
w(233,6,9,1455)
w(245,5,9,1455)
r(255,0,9,1455)
r(255,0,9,1455)
w(255,3,15,1460)
w(252,4,15,1460)
w(255,4,15,1460)
r(255,4,15,1460)
r(255,4,15,1460)
w(255,8,9,1464)
r(255,8,9,1464)
r(233,6,9,1464)
r(256,0,9,1464)
r(255,8,9,1464)
r(245,5,9,1464)
r(245,5,9,1464)
r(256,0,9,1464)
w(256,1,8,1469)
w(252,5,8,1469)
r(257,0,8,1469)
r(252,5,8,1469)
r(245,5,8,1469)
w(256,2,8,1469)
w(252,6,8,1469)
r(257,0,8,1469)
r(252,4,12,1473)
r(256,0,12,1473)
w(257,3,12,1473)
r(252,4,12,1473)
w(257,4,12,1473)
r(257,4,12,1473)
r(257,4,12,1473)
r(245,5,12,1473)
r(264,0,15,1503)
w(264,1,15,1503)
r(259,0,15,1503)
r(264,1,15,1503)
r(233,6,15,1503)
r(260,0,4,1509)
w(264,3,4,1509)
w(260,7,4,1509)
r(264,3,4,1509)
w(260,8,4,1509)
r(260,8,4,1509)
w(264,4,4,1509)
w(264,5,4,1509)
r(264,1,15,1510)
w(265,2,15,1510)
r(264,1,15,1510)
r(264,1,15,1510)
r(264,5,15,1515)
w(261,1,15,1515)
r(261,1,15,1515)
r(259,0,15,1515)
r(264,5,4,1516)
r(264,5,4,1516)
w(264,7,4,1516)
w(233,7,4,1516)
r(258,0,17,1519)
r(259,0,17,1519)
r(259,0,17,1519)
r(258,0,17,1519)
r(233,6,17,1519)
w(262,1,17,1519)
r(260,0,17,1519)
w(262,2,17,1519)
w(258,6,1,1522)
w(258,7,1,1522)
w(258,8,1,1522)
r(259,0,1,1522)
w(265,5,15,1523)
w(265,6,15,1523)
w(266,1,15,1523)
r(266,1,15,1523)
r(265,6,15,1523)
r(261,1,0,1526)
w(266,4,0,1526)
r(261,1,0,1526)
r(265,6,0,1526)
r(266,4,0,1526)
w(266,5,0,1526)
r(267,0,16,1534)
r(267,0,16,1534)
w(233,8,16,1534)
r(268,0,16,1534)
w(268,3,16,1534)
w(268,4,16,1534)
w(268,5,16,1534)
r(268,5,16,1534)
r(268,0,15,1536)
r(268,0,15,1536)
w(269,1,15,1536)
r(268,0,15,1536)
w(267,2,15,1536)
r(268,0,15,1536)
r(268,0,15,1536)
w(269,2,15,1536)
r(269,2,17,1543)
w(267,3,17,1543)
w(268,8,17,1543)
r(261,1,17,1543)
w(271,1,13,1550)
r(272,0,13,1550)
w(272,2,13,1550)
w(272,3,13,1550)
w(270,6,13,1550)
w(272,4,13,1550)
w(269,6,13,1550)
w(276,5,16,1562)
w(274,3,16,1562)
w(276,6,16,1562)
w(276,7,16,1562)
r(271,1,16,1562)
w(275,1,16,1562)
w(263,1,12,1564)
r(263,1,12,1564)
w(263,2,12,1564)
w(263,3,12,1564)
r(261,0,12,1564)
r(263,3,12,1564)
w(275,3,17,1568)
r(275,3,17,1568)
w(274,4,17,1568)
r(274,4,17,1568)
r(277,0,17,1568)
r(277,0,17,1568)
w(277,1,17,1568)
r(277,1,17,1568)
w(271,3,16,1576)
r(277,1,16,1576)
r(261,1,16,1576)
r(277,1,16,1576)
r(277,1,16,1576)
w(275,5,16,1576)
r(278,0,16,1576)
w(274,6,17,1577)
w(277,3,17,1577)
r(277,3,17,1577)
r(261,1,17,1577)
w(274,7,17,1577)
w(274,8,17,1577)
w(279,4,4,1584)
w(279,5,4,1584)
w(278,3,4,1584)
w(278,4,4,1584)
r(279,5,4,1584)
w(279,6,4,1584)
w(271,4,1,1586)
r(275,5,1,1586)
r(278,4,1,1586)
r(280,0,1,1586)
w(278,7,1,1586)
r(275,5,8,1587)
r(280,0,8,1587)
w(278,8,8,1587)
w(275,7,8,1587)
r(278,8,8,1587)
r(278,8,4,1590)
w(280,2,4,1590)
r(280,2,4,1590)
w(271,5,4,1590)
w(280,3,4,1590)
w(280,4,4,1590)
r(275,7,4,1590)
w(280,5,4,1590)
w(271,6,8,1594)
r(282,0,8,1594)
w(280,8,8,1594)
r(280,8,8,1594)
r(280,8,8,1594)
r(280,5,15,1596)
r(283,0,15,1596)
w(283,1,15,1596)
r(281,0,15,1596)
r(261,1,15,1596)
w(283,2,15,1596)
r(283,2,15,1596)
w(281,4,13,1600)
w(281,5,13,1600)
r(281,5,13,1600)
r(283,2,13,1600)
r(283,2,17,1602)
r(281,5,17,1602)
r(284,0,17,1602)
r(281,5,17,1602)
w(283,6,0,1605)
w(283,7,0,1605)
w(283,8,0,1605)
w(261,6,0,1605)
r(283,8,0,1605)
r(283,8,0,1605)
w(271,7,0,1605)
w(282,1,9,1606)
r(284,0,9,1606)
w(284,1,9,1606)
r(281,5,9,1606)
w(282,2,9,1606)
w(284,2,9,1606)
r(282,2,9,1606)
w(281,6,4,1612)
w(284,7,4,1612)
r(284,7,4,1612)
r(284,7,4,1612)
w(284,8,4,1612)
r(281,6,4,1612)
r(282,2,15,1614)
w(285,3,15,1614)
r(282,2,15,1614)
r(261,6,15,1614)
r(285,3,15,1614)
r(285,3,15,1614)
r(281,5,15,1614)
w(282,4,15,1614)
w(285,8,1,1619)
r(261,6,1,1619)
r(281,6,1,1619)
r(281,6,1,1619)
w(286,1,9,1626)
w(282,5,9,1626)
r(261,6,9,1626)
r(281,6,9,1626)
w(286,2,9,1626)
r(281,6,9,1626)
r(286,2,9,1626)
r(286,2,9,1626)
r(282,4,12,1629)
r(286,0,12,1629)
r(286,0,12,1629)
r(261,6,12,1629)
w(261,7,12,1629)
r(286,0,12,1629)
r(289,0,1,1636)
r(282,5,1,1636)
w(289,5,1,1636)
w(288,7,1,1636)
r(282,5,1,1636)
r(289,5,1,1636)
r(282,5,1,1636)
w(289,6,1,1636)
w(292,1,16,1645)
w(292,2,16,1645)
r(261,7,16,1645)
w(292,3,16,1645)
w(292,4,16,1645)
r(261,7,16,1645)
r(294,0,13,1656)
r(294,0,13,1656)
r(294,0,13,1656)
w(296,1,13,1656)
w(291,7,12,1657)
w(293,8,12,1657)
r(291,7,12,1657)
w(291,8,12,1657)
r(291,8,12,1657)
w(290,7,12,1657)
r(294,0,12,1657)
w(290,8,12,1657)
r(295,0,1,1658)
r(295,0,1,1658)
r(261,7,1,1658)
w(294,1,1,1658)
w(294,2,1,1658)
r(297,0,1,1658)
r(296,0,4,1660)
r(296,0,4,1660)
w(295,1,4,1660)
r(296,0,4,1660)
r(296,0,4,1660)
w(295,2,4,1660)
r(294,0,4,1660)
w(294,3,17,1663)
r(297,0,17,1663)
w(296,2,17,1663)
r(294,3,17,1663)
r(294,3,17,1663)
r(296,2,17,1663)
w(294,4,17,1663)
r(295,0,17,1663)
w(294,6,9,1668)
r(295,2,9,1668)
w(296,5,9,1668)
r(295,2,9,1668)
w(295,3,9,1668)
w(294,7,9,1668)
r(298,0,4,1674)
w(298,3,4,1674)
w(297,1,4,1674)
r(296,5,4,1674)
r(296,5,4,1674)
w(287,4,4,1674)
r(298,3,4,1674)
w(295,5,12,1680)
w(298,8,12,1680)
r(299,0,12,1680)
w(300,1,12,1680)
w(300,2,12,1680)
r(300,2,12,1680)
r(300,2,12,1683)
r(300,2,12,1683)
w(300,5,12,1683)
r(287,4,12,1683)
w(299,7,12,1683)
r(299,7,12,1683)
w(300,6,12,1683)
r(299,7,12,1683)
r(300,6,12,1689)
r(299,7,12,1689)
w(300,7,12,1689)
w(297,3,12,1689)
w(299,8,12,1689)
r(297,3,12,1689)
r(300,7,12,1689)
r(295,5,12,1689)
w(301,3,4,1692)
r(302,0,4,1692)
r(302,0,4,1692)
r(301,3,4,1692)
r(302,0,4,1692)
r(295,5,4,1692)
w(302,4,4,1692)
w(301,4,4,1692)
r(301,4,8,1697)
r(297,3,8,1697)
r(301,4,8,1697)
w(302,6,8,1697)
r(301,4,13,1699)
r(301,4,13,1699)
r(295,5,13,1699)
w(301,6,13,1699)
r(303,0,1,1702)
r(303,0,1,1702)
r(295,5,1,1702)
w(301,7,1,1702)
w(302,8,17,1703)
r(295,5,17,1703)
r(301,6,17,1703)
r(301,6,17,1703)
w(303,1,17,1703)
w(303,2,13,1706)
w(301,8,13,1706)
r(304,0,13,1706)
r(295,5,13,1706)
r(304,0,13,1706)
r(304,0,17,1709)
r(304,0,17,1709)
r(295,5,17,1709)
r(304,0,17,1709)
w(304,2,16,1711)
r(303,2,16,1711)
r(304,2,16,1711)
r(297,3,16,1711)
r(304,2,16,1711)
r(304,2,16,1711)
r(304,2,16,1711)
w(304,3,16,1711)
r(306,0,9,1722)
r(306,0,9,1722)
r(307,0,9,1722)
r(306,0,9,1722)
w(297,4,17,1723)
w(303,4,17,1723)
w(304,4,17,1723)
r(304,4,17,1723)
w(304,5,17,1723)
w(297,5,17,1723)
w(303,5,17,1723)
w(287,7,17,1723)
r(297,3,15,1729)
w(307,1,15,1729)
w(305,2,15,1729)
r(306,0,15,1729)
w(306,5,0,1736)
r(305,2,0,1736)
w(306,6,0,1736)
r(306,6,0,1736)
r(306,6,0,1736)
w(306,7,0,1736)
r(307,1,17,1737)
w(305,4,17,1737)
w(307,7,17,1737)
r(306,0,17,1737)
r(306,7,8,1739)
w(307,8,8,1739)
r(308,0,8,1739)
w(305,5,8,1739)
r(308,0,9,1745)
r(309,0,9,1745)
r(309,0,9,1745)
r(308,0,9,1745)
r(308,0,9,1745)
r(309,0,9,1745)
r(308,0,0,1747)
w(308,1,0,1747)
w(308,2,0,1747)
r(308,2,0,1747)
r(305,5,0,1747)
r(306,7,0,1747)
r(305,5,0,1747)
w(308,3,0,1747)
w(309,1,8,1749)
r(309,1,8,1749)
w(309,2,8,1749)
w(305,6,8,1749)
r(305,6,8,1749)
r(309,2,8,1749)
w(309,3,4,1756)
r(287,7,4,1756)
r(308,3,4,1756)
r(309,3,4,1756)
r(305,6,16,1757)
r(309,2,16,1757)
r(308,3,16,1757)
w(308,6,16,1757)
w(310,1,16,1757)
w(308,7,16,1757)
r(305,6,17,1760)
w(305,7,17,1760)
r(310,0,17,1760)
r(312,0,17,1760)
r(305,7,17,1760)
w(312,1,17,1760)
r(311,0,17,1760)
r(311,0,0,1763)
w(305,8,0,1763)
r(305,8,0,1763)
w(311,2,0,1763)
r(312,1,0,1763)
r(312,1,1,1768)
r(305,8,1,1768)
r(312,1,1,1768)
w(312,5,1,1768)
w(315,3,4,1775)
w(315,4,4,1775)
r(314,0,4,1775)
w(315,5,4,1775)
r(315,5,4,1775)
w(315,6,4,1775)
w(314,2,4,1775)
r(315,6,4,1775)
w(316,3,17,1778)
r(314,2,17,1778)
r(316,3,17,1778)
w(310,4,17,1778)
r(316,3,17,1778)
r(316,3,17,1778)
w(316,7,4,1786)
r(316,7,4,1786)
w(310,6,4,1786)
r(314,2,4,1786)
w(314,4,4,1786)
r(316,7,4,1786)
r(314,4,4,1786)
r(313,0,4,1786)
r(314,4,9,1792)
r(314,4,9,1792)
r(318,0,9,1792)
r(318,0,9,1792)
w(318,3,1,1793)
w(318,4,1,1793)
w(318,5,1,1793)
w(317,5,1,1793)
r(318,5,1,1793)
r(318,5,1,1793)
w(317,6,1,1793)
w(318,6,1,1793)
w(318,7,0,1801)
w(310,7,0,1801)
r(318,7,0,1801)
w(318,8,0,1801)
r(318,8,0,1801)
w(317,7,0,1801)
r(319,0,0,1801)
w(317,8,0,1801)
w(319,1,16,1803)
w(319,2,16,1803)
r(319,2,16,1803)
w(314,6,16,1803)
r(321,0,8,1805)
r(310,7,8,1805)
w(321,2,8,1805)
r(321,2,8,1805)
r(320,0,4,1808)
r(321,2,4,1808)
r(321,2,4,1808)
r(321,2,4,1808)
r(320,0,16,1816)
r(321,2,16,1816)
r(321,2,16,1816)
r(320,0,16,1816)
w(320,6,16,1816)
w(314,8,8,1828)
r(325,0,8,1828)
w(324,2,8,1828)
r(323,0,8,1828)
w(324,3,8,1828)
w(323,6,8,1828)
r(325,0,17,1833)
r(326,0,17,1833)
r(326,0,17,1833)
r(325,0,17,1833)
r(325,0,17,1833)
r(325,0,17,1833)
r(324,3,17,1833)
r(326,0,17,1833)
r(324,3,9,1836)
r(324,3,9,1836)
r(326,0,9,1836)
r(326,0,9,1836)
w(326,4,9,1836)
w(326,5,9,1836)
w(325,1,9,1836)
r(322,0,9,1836)
r(325,1,4,1842)
w(322,2,4,1842)
r(313,0,4,1842)
w(327,1,4,1842)
r(328,0,4,1842)
r(325,1,15,1847)
r(327,1,15,1847)
w(325,5,15,1847)
r(322,2,15,1847)
r(327,1,15,1847)
w(327,4,0,1851)
w(328,7,0,1851)
w(328,8,0,1851)
r(327,4,0,1851)
r(328,8,0,1851)
r(327,4,0,1851)
w(329,1,8,1861)
r(325,5,8,1861)
w(329,2,8,1861)
w(325,7,8,1861)
r(329,2,8,1861)
r(329,2,8,1861)
r(332,0,15,1867)
w(332,3,15,1867)
w(332,4,15,1867)
w(332,5,15,1867)
r(332,5,15,1867)
r(333,0,12,1875)
w(322,6,12,1875)
r(333,0,12,1875)
w(333,1,12,1875)
w(333,2,12,1875)
r(331,0,12,1875)
w(331,1,12,1875)
r(330,0,12,1875)
w(331,2,15,1879)
r(334,0,15,1879)
r(322,6,15,1879)
r(334,0,15,1879)
r(334,0,15,1879)
r(330,0,15,1879)
w(334,3,15,1879)
r(331,2,15,1882)
r(331,2,15,1882)
r(330,0,15,1882)
w(334,4,15,1882)
r(334,4,15,1882)
w(334,5,15,1882)
w(334,6,8,1884)
r(313,0,8,1884)
r(334,6,8,1884)
r(330,0,8,1884)
w(334,7,0,1886)
w(334,8,0,1886)
r(334,8,0,1886)
w(331,3,0,1886)
r(334,8,0,1886)
w(331,4,0,1886)
r(331,4,16,1890)
r(335,0,16,1890)
w(331,6,16,1890)
w(335,3,16,1890)
r(335,3,16,1890)
r(331,6,16,1890)
r(335,3,16,1890)
r(335,3,16,1890)
r(330,0,0,1893)
r(335,3,0,1893)
r(335,3,0,1893)
r(335,3,0,1893)
r(335,3,0,1893)
r(335,3,0,1893)
w(335,6,0,1899)
w(330,4,0,1899)
w(335,7,0,1899)
w(335,8,0,1899)
w(336,1,0,1899)
w(336,2,0,1899)
w(336,4,4,1902)
w(330,7,4,1902)
w(330,8,4,1902)
r(337,0,4,1902)
r(336,4,4,1906)
w(337,2,4,1906)
r(338,0,4,1906)
r(336,4,4,1906)
r(336,4,4,1906)
w(336,6,4,1906)
r(339,0,15,1911)
r(338,0,15,1911)
r(338,0,15,1911)
w(338,2,15,1911)
w(339,1,15,1911)
r(313,0,15,1911)
w(337,3,15,1911)
w(339,4,8,1914)
r(339,4,8,1914)
w(339,5,8,1914)
r(339,5,8,1914)
w(340,1,1,1915)
w(340,2,1,1915)
w(338,3,1,1915)
r(339,1,1,1915)
r(338,3,12,1918)
w(339,6,12,1918)
w(339,7,12,1918)
w(339,8,12,1918)
r(339,8,12,1918)
w(338,4,12,1918)
r(341,0,17,1919)
w(341,1,17,1919)
w(313,6,17,1919)
r(337,3,17,1919)
r(340,2,17,1919)
r(337,3,17,1919)
r(341,1,1,1926)
r(338,4,1,1926)
w(337,4,1,1926)
w(341,2,1,1926)
r(341,2,1,1926)
w(337,5,1,1926)
w(340,3,1,1926)
w(338,7,17,1930)
w(341,7,17,1930)
w(340,4,17,1930)
w(341,8,17,1930)
r(343,0,15,1937)
r(342,0,15,1937)
w(343,1,15,1937)
w(342,5,15,1937)
r(343,1,15,1937)
w(342,8,12,1946)
r(344,0,12,1946)
r(344,0,12,1946)
r(342,8,12,1946)
r(343,1,12,1946)
r(340,4,12,1946)
r(343,1,12,1946)
r(345,0,12,1946)
r(345,0,8,1948)
w(343,7,8,1948)
w(343,8,8,1948)
r(313,6,8,1948)
w(345,2,8,1948)
r(343,8,8,1948)
r(345,2,8,1948)
r(345,0,17,1949)
r(340,4,17,1949)
w(346,2,17,1949)
r(345,0,17,1949)
r(345,0,17,1949)
r(344,0,17,1949)
w(346,3,17,1949)
w(345,6,9,1956)
w(346,4,9,1956)
r(346,4,9,1956)
r(345,6,9,1956)
w(345,7,9,1956)
r(340,4,9,1956)
w(345,8,9,1956)
w(313,8,9,1956)
r(346,3,17,1957)
w(347,5,17,1957)
w(347,6,17,1957)
r(347,6,17,1957)
w(344,2,17,1957)
r(348,0,15,1966)
w(348,1,15,1966)
r(348,1,15,1966)
w(348,2,15,1966)
r(346,4,15,1966)
w(348,3,15,1966)
r(348,0,0,1969)
w(349,2,0,1969)
r(348,0,0,1969)
r(348,0,0,1969)
w(344,3,4,1972)
r(349,2,4,1972)
r(349,2,4,1972)
r(349,2,4,1972)
r(348,3,4,1972)
r(348,3,4,1972)
w(344,4,4,1972)
w(348,8,8,1974)
w(349,3,8,1974)
r(344,2,8,1974)
r(348,8,8,1974)
w(349,4,8,1974)
r(348,8,8,1974)
r(340,4,17,1978)
r(349,4,17,1978)
r(344,4,17,1978)
w(349,6,17,1978)
w(349,7,17,1978)
r(344,4,17,1978)
r(349,7,17,1978)
r(351,0,8,1979)
r(349,4,8,1979)
w(350,1,8,1979)
r(351,0,8,1979)
w(344,6,16,1981)
r(344,6,16,1981)
r(351,0,16,1981)
r(349,7,16,1981)
w(351,1,0,1986)
w(344,7,0,1986)
r(344,7,0,1986)
r(351,1,0,1986)
w(351,2,0,1986)
w(351,3,0,1986)
w(351,5,15,1990)
w(351,6,15,1990)
w(351,7,15,1990)
w(340,5,15,1990)
r(344,7,15,1990)
r(351,7,15,1990)
r(344,7,15,1990)
r(352,0,13,1991)
w(352,3,13,1991)
r(349,7,13,1991)
r(344,7,13,1991)
w(352,4,1,1994)
w(352,5,1,1994)
r(352,5,1,1994)
w(340,6,1,1994)
w(354,1,0,1999)
r(352,5,0,1999)
w(340,7,0,1999)
r(340,7,0,1999)
r(354,1,13,2004)
r(353,0,13,2004)
r(354,1,13,2004)
w(355,2,13,2004)
w(353,1,13,2004)
r(354,1,13,2004)
w(353,2,13,2004)
r(355,2,13,2004)
r(340,7,16,2009)
w(355,6,16,2009)
r(355,6,16,2009)
w(354,5,16,2009)
r(354,5,16,2009)
w(355,7,16,2009)
w(356,1,1,2012)
w(356,2,1,2012)
r(357,0,1,2012)
w(357,1,1,2012)
w(350,4,1,2012)
r(357,1,8,2016)
w(356,4,8,2016)
w(356,5,8,2016)
w(356,6,8,2016)
r(357,1,8,2016)
w(357,3,8,2016)
w(357,7,15,2021)
w(353,4,15,2021)
r(357,7,15,2021)
r(357,7,15,2021)
w(356,7,15,2021)
r(357,7,15,2021)
r(353,4,15,2021)
r(359,0,16,2024)
r(356,7,16,2024)
r(356,7,16,2024)
r(359,0,16,2024)
w(353,6,16,2024)
r(359,0,16,2024)
r(356,7,16,2024)
w(353,8,1,2028)
w(358,2,1,2028)
r(359,0,1,2028)
r(360,0,1,2028)
r(359,0,1,2028)
w(350,5,17,2032)
r(360,0,17,2032)
r(360,0,17,2032)
r(361,0,17,2032)
r(360,0,0,2033)
w(359,5,0,2033)
w(360,2,0,2033)
w(360,3,0,2033)
w(359,6,0,2033)
w(360,4,0,2033)
r(362,0,16,2036)
r(362,0,16,2036)
w(360,8,16,2036)
r(360,8,16,2036)
r(362,0,12,2043)
r(362,0,12,2043)
r(363,0,12,2043)
r(363,0,12,2043)
r(362,0,12,2043)
r(362,0,12,2043)
w(363,5,12,2047)
r(362,0,12,2047)
r(362,0,12,2047)
w(362,5,12,2047)
