r(2,0,2,11)
r(2,0,2,11)
r(2,0,2,11)
r(1,0,2,11)
w(5,2,2,11)
r(3,0,2,11)
r(5,0,9,13)
r(5,0,9,13)
r(3,0,9,13)
r(5,0,9,13)
r(1,0,9,13)
w(3,5,9,13)
w(4,1,8,15)
w(4,2,8,15)
r(3,0,8,15)
r(3,0,8,15)
w(2,1,8,15)
r(3,0,8,15)
w(4,3,8,15)
w(4,4,8,15)
r(1,0,6,16)
r(3,0,6,16)
w(5,4,6,16)
w(5,5,6,16)
r(3,0,6,16)
r(5,2,2,18)
r(5,2,2,18)
r(2,1,2,18)
w(3,6,2,18)
w(5,8,3,27)
r(5,8,3,27)
r(3,6,3,27)
r(3,6,3,27)
w(6,2,5,32)
w(6,3,5,32)
r(7,0,5,32)
r(6,3,5,32)
r(2,1,9,37)
w(6,7,9,37)
w(1,5,9,37)
r(6,7,9,37)
w(6,8,9,37)
r(1,5,9,37)
r(6,3,1,38)
r(7,0,1,38)
r(6,3,1,38)
r(7,0,1,38)
r(6,3,1,38)
r(6,3,1,38)
r(6,3,1,38)
r(8,0,4,40)
r(1,5,4,40)
r(8,0,4,40)
r(8,0,4,40)
r(7,0,8,42)
w(8,3,8,42)
r(8,3,8,42)
r(8,3,8,42)
r(2,1,0,48)
w(2,6,0,48)
w(8,4,0,48)
r(8,4,0,48)
r(7,0,0,48)
r(8,4,0,48)
r(2,6,0,48)
r(7,0,0,48)
r(9,0,0,53)
r(9,0,0,53)
r(9,0,0,53)
r(9,0,0,53)
r(2,6,0,53)
r(0,0,0,53)
w(9,2,6,54)
r(2,6,6,54)
r(9,2,6,54)
w(9,3,6,54)
w(9,4,6,54)
w(9,5,6,54)
r(10,0,3,60)
r(10,0,3,60)
w(10,1,3,60)
w(10,2,3,60)
w(10,3,3,60)
w(10,4,3,60)
r(7,0,3,60)
w(11,1,4,67)
r(10,4,4,67)
w(11,2,4,67)
r(11,2,4,67)
w(11,3,4,67)
w(11,4,4,67)
w(1,7,5,70)
w(13,1,5,70)
w(13,2,5,70)
r(13,2,5,70)
r(11,0,5,70)
w(13,3,5,70)
w(11,7,8,73)
r(11,7,8,73)
r(14,0,8,73)
r(14,0,8,73)
r(14,0,8,73)
r(14,0,8,73)
w(14,1,6,75)
w(11,8,6,75)
w(14,2,6,75)
r(15,0,6,75)
r(15,0,6,75)
r(14,2,1,79)
w(14,3,1,79)
w(12,2,1,79)
w(15,1,1,79)
w(14,4,1,79)
r(14,4,5,84)
w(14,8,5,84)
r(15,1,5,84)
r(16,0,5,84)
r(15,1,5,84)
w(15,2,5,84)
r(17,0,5,84)
r(17,0,5,84)
r(17,0,2,86)
r(17,0,2,86)
w(17,1,2,86)
r(15,1,2,86)
w(12,5,2,86)
r(15,1,2,86)
r(17,1,2,86)
r(16,0,1,92)
r(17,1,1,92)
r(12,5,1,92)
w(15,4,1,92)
w(17,7,8,97)
w(17,8,8,97)
r(15,4,8,97)
r(18,0,8,97)
w(16,2,3,99)
r(18,0,3,99)
r(18,0,3,99)
r(18,0,3,99)
r(15,4,3,99)
w(0,2,6,100)
r(0,2,6,100)
r(16,0,6,100)
w(18,1,6,100)
w(18,2,6,100)
r(18,2,6,100)
r(16,0,6,100)
r(15,4,1,105)
w(18,4,1,105)
r(15,4,1,105)
w(18,5,1,105)
r(18,5,1,105)
w(18,6,1,105)
w(18,7,1,105)
r(18,2,5,108)
r(15,4,5,108)
w(12,8,5,108)
w(19,1,5,108)
r(20,0,9,111)
r(21,0,9,111)
w(21,1,9,111)
r(21,1,9,111)
w(20,1,9,111)
w(20,2,9,111)
r(16,2,9,111)
r(19,1,9,114)
r(20,2,9,114)
r(20,2,9,114)
w(19,3,9,114)
r(21,1,9,114)
r(19,3,9,114)
w(19,4,9,114)
w(20,5,3,116)
w(21,2,3,116)
r(16,2,3,116)
r(20,5,3,116)
r(20,5,3,116)
r(19,4,8,117)
r(20,2,8,117)
r(20,2,8,117)
w(16,3,8,117)
r(19,4,8,117)
r(20,2,8,117)
r(19,4,8,117)
r(19,4,3,122)
r(20,5,3,122)
w(21,3,3,122)
w(20,6,3,122)
r(20,6,3,122)
w(20,7,3,122)
w(20,8,3,122)
r(20,8,3,122)
r(19,4,2,126)
r(21,3,2,126)
r(22,0,2,126)
r(22,0,2,126)
w(22,1,2,126)
w(21,7,2,126)
w(21,8,2,126)
r(22,1,2,126)
r(22,1,1,130)
r(22,1,1,130)
w(19,8,1,130)
w(0,4,1,130)
w(22,5,1,130)
r(21,8,1,130)
r(22,5,1,130)
w(24,1,1,130)
w(16,5,5,132)
w(23,1,5,132)
r(22,1,5,132)
w(16,6,5,132)
r(22,1,5,132)
r(22,5,4,136)
w(23,5,4,136)
r(24,1,4,136)
r(22,5,4,136)
r(22,5,4,136)
r(24,1,4,136)
r(23,5,4,136)
r(22,5,4,136)
r(23,5,7,139)
w(23,6,7,139)
r(26,0,7,139)
r(23,6,7,139)
r(26,0,4,145)
r(26,0,4,145)
w(26,1,4,145)
w(23,7,4,145)
w(26,2,4,145)
w(25,1,7,149)
r(26,2,7,149)
r(26,2,7,149)
r(23,7,7,149)
r(23,7,7,149)
r(26,2,9,151)
r(27,0,9,151)
w(26,8,9,151)
r(24,1,9,151)
r(28,0,9,151)
r(28,0,9,151)
w(28,1,9,151)
r(25,0,9,151)
r(28,1,8,156)
r(27,0,8,156)
r(27,0,8,156)
w(28,6,8,156)
r(28,6,8,156)
w(27,3,8,156)
w(27,4,8,156)
r(27,4,0,160)
r(28,6,0,160)
r(24,1,0,160)
w(28,8,0,160)
w(27,5,0,160)
r(27,5,4,167)
w(29,3,4,167)
w(30,2,4,167)
r(29,3,4,167)
w(29,4,4,167)
w(30,5,5,173)
r(32,0,5,173)
r(30,5,5,173)
w(32,1,5,173)
r(32,1,5,173)
r(30,5,5,173)
w(25,4,1,175)
r(30,2,1,175)
w(31,1,1,175)
r(31,1,1,175)
r(29,4,1,175)
w(29,6,1,175)
w(29,7,1,175)
w(33,1,7,181)
r(33,1,7,181)
r(0,4,7,181)
r(33,1,7,181)
r(25,4,0,183)
r(25,4,0,183)
w(32,5,0,183)
r(32,5,0,183)
r(25,4,0,183)
w(30,6,0,183)
r(31,1,0,183)
w(32,6,0,183)
w(31,5,9,186)
w(33,6,9,186)
r(30,6,9,186)
r(33,6,9,186)
r(33,6,9,186)
w(0,6,9,186)
r(33,6,9,186)
r(33,6,9,186)
r(33,6,6,190)
r(0,6,6,190)
r(33,6,6,190)
r(33,6,6,190)
r(33,6,6,190)
w(31,7,4,194)
r(33,6,4,194)
w(34,1,4,194)
w(25,6,4,194)
w(33,8,4,194)
r(34,1,4,194)
r(31,7,4,194)
r(34,1,4,194)
r(35,0,3,200)
r(35,0,3,200)
r(36,0,3,200)
r(25,6,3,200)
w(34,4,3,200)
r(36,0,3,200)
r(35,0,3,200)
r(35,0,3,200)
w(35,3,9,201)
r(35,3,9,201)
w(35,4,9,201)
w(36,3,9,201)
w(35,5,9,201)
r(35,5,9,201)
r(35,5,9,201)
r(36,3,3,204)
r(35,5,3,204)
r(35,5,3,204)
r(25,6,3,204)
w(35,8,9,207)
w(34,5,9,207)
r(35,8,9,207)
w(37,1,9,207)
r(25,6,9,207)
r(37,1,9,207)
r(36,3,9,207)
w(37,2,9,207)
r(37,0,2,208)
r(36,3,2,208)
r(37,0,2,208)
w(36,4,2,208)
r(37,2,7,210)
w(36,5,7,210)
r(37,2,7,210)
r(37,2,7,210)
r(37,2,7,210)
w(36,6,7,210)
r(36,6,7,210)
w(36,7,7,210)
r(25,6,9,212)
r(36,4,9,212)
r(37,2,9,212)
r(36,4,9,212)
r(25,6,9,212)
r(36,4,9,212)
w(37,3,9,212)
r(39,0,0,218)
r(38,0,0,218)
r(39,0,0,218)
w(38,1,0,218)
w(38,2,0,218)
r(34,5,0,218)
w(34,7,0,218)
r(34,7,0,218)
w(40,1,3,224)
r(39,0,3,224)
r(38,2,3,224)
w(38,5,3,224)
r(38,5,3,224)
w(34,8,3,224)
r(38,5,3,224)
r(38,5,3,224)
r(38,5,9,229)
w(38,8,9,229)
w(39,5,9,229)
r(38,8,9,229)
w(39,6,9,229)
r(38,8,9,229)
r(38,5,7,231)
w(42,1,7,231)
w(41,2,7,231)
w(42,2,7,231)
w(40,2,7,231)
r(42,2,7,231)
r(42,2,7,231)
w(42,3,7,231)
w(42,5,9,234)
w(42,6,9,234)
w(41,3,9,234)
r(43,0,9,234)
w(42,7,9,234)
w(43,1,9,234)
r(43,1,4,243)
r(44,0,4,243)
w(44,2,4,243)
w(44,3,4,243)
w(44,4,4,243)
w(43,4,4,243)
w(44,5,4,243)
r(43,4,6,246)
r(44,5,6,246)
r(43,4,6,246)
r(44,5,6,246)
r(43,4,6,246)
w(41,7,6,246)
r(44,5,6,246)
w(44,8,6,246)
r(43,4,8,248)
w(43,7,8,248)
r(44,5,8,248)
w(45,1,8,248)
r(45,1,8,248)
r(45,1,8,248)
r(43,7,8,248)
r(45,1,4,250)
w(45,2,4,250)
w(41,8,4,250)
w(45,3,4,250)
r(0,6,8,256)
r(40,2,8,256)
r(45,3,8,256)
w(46,2,8,256)
r(43,7,8,256)
r(45,3,8,256)
r(45,3,8,256)
r(45,3,8,256)
r(45,3,0,257)
r(47,0,0,257)
r(47,0,0,257)
w(47,1,0,257)
r(45,3,0,257)
r(45,3,5,262)
r(45,3,5,262)
w(45,7,5,262)
w(47,2,5,262)
w(45,8,5,262)
w(47,3,5,262)
r(46,2,6,268)
w(47,8,6,268)
r(48,0,6,268)
w(48,2,6,268)
w(48,3,6,268)
r(47,8,6,268)
w(48,4,6,268)
r(40,2,6,268)
w(48,7,2,273)
w(48,8,2,273)
r(48,8,2,273)
r(49,0,2,273)
r(51,0,2,273)
w(46,3,2,273)
r(51,0,2,273)
r(51,0,5,276)
r(51,0,5,276)
r(51,0,5,276)
w(51,1,5,276)
w(51,2,5,276)
w(51,3,5,276)
r(49,0,5,276)
r(51,3,9,280)
r(46,3,9,280)
w(51,5,9,280)
w(51,6,9,280)
r(51,6,9,280)
w(51,7,9,280)
r(49,0,6,284)
r(51,7,6,284)
r(51,7,6,284)
w(40,8,6,284)
w(52,1,6,284)
w(52,2,6,284)
r(52,2,6,284)
r(52,2,6,284)
w(49,4,2,293)
r(54,0,2,293)
r(46,3,2,293)
w(46,8,2,293)
w(53,1,5,294)
r(52,2,5,294)
r(54,0,5,294)
r(49,0,5,294)
r(49,0,5,294)
r(49,0,5,294)
w(54,1,5,294)
r(54,1,5,294)
w(54,4,0,303)
w(54,5,0,303)
r(49,4,0,303)
w(49,6,0,303)
w(54,6,0,303)
r(54,6,0,303)
r(49,6,0,303)
w(54,7,0,303)
w(56,5,5,310)
w(50,5,5,310)
w(56,6,5,310)
w(55,2,5,310)
r(49,4,5,310)
w(56,7,5,310)
r(56,7,5,310)
r(57,0,6,312)
w(57,1,6,312)
w(53,2,6,312)
w(57,2,6,312)
r(55,2,5,320)
w(58,4,5,320)
r(55,2,5,320)
r(58,4,5,320)
w(58,5,5,320)
r(55,2,5,320)
w(58,6,5,320)
w(55,5,5,320)
w(50,8,0,325)
w(59,2,0,325)
r(59,2,0,325)
r(59,2,0,325)
w(57,8,1,328)
w(60,1,1,328)
r(59,0,1,328)
r(59,0,1,328)
r(60,1,1,328)
r(59,2,8,329)
w(59,3,8,329)
w(61,1,8,329)
r(61,1,8,329)
w(59,4,6,333)
r(61,1,6,333)
w(61,2,6,333)
r(59,4,6,333)
r(59,4,6,333)
r(59,4,6,333)
w(59,5,6,333)
w(53,3,6,333)
w(61,5,0,335)
r(59,5,0,335)
r(61,5,0,335)
r(61,5,0,335)
r(59,5,0,335)
w(61,6,0,335)
r(59,5,0,335)
w(63,1,2,338)
r(53,3,2,338)
w(63,2,2,338)
r(63,2,2,338)
r(53,3,0,340)
w(53,4,0,340)
w(59,7,0,340)
w(61,7,0,340)
w(59,8,0,340)
r(63,0,0,340)
w(61,8,0,340)
w(60,3,5,351)
w(63,7,5,351)
r(63,7,5,351)
w(63,8,5,351)
r(63,8,5,351)
w(64,4,7,353)
r(60,3,7,353)
r(65,0,7,353)
r(65,0,7,353)
r(65,0,7,353)
w(65,4,7,353)
w(65,5,7,353)
r(64,4,7,353)
w(64,5,9,357)
r(65,5,9,357)
r(64,5,9,357)
r(65,5,9,357)
w(64,7,3,361)
w(65,8,3,361)
w(62,1,3,361)
r(60,3,3,361)
r(64,7,3,361)
r(65,5,8,362)
r(53,4,8,362)
r(64,5,8,362)
r(66,0,8,362)
w(66,1,8,362)
r(66,1,8,362)
r(64,7,4,369)
r(66,1,4,369)
r(53,4,4,369)
r(64,7,4,369)
w(66,3,4,369)
w(62,2,4,369)
r(66,3,4,369)
r(64,7,4,369)
r(66,3,1,371)
w(66,8,1,371)
w(67,1,1,371)
r(67,1,1,371)
r(67,1,1,371)
w(67,2,5,376)
r(67,2,5,376)
w(67,3,5,376)
r(67,3,5,376)
r(64,7,5,376)
w(67,4,5,376)
r(67,4,5,376)
r(68,0,2,380)
r(69,0,2,380)
w(69,1,2,380)
r(68,0,2,380)
r(69,1,2,380)
r(69,1,2,380)
w(69,2,2,380)
r(68,0,2,380)
r(68,0,5,383)
r(62,2,5,383)
w(69,3,5,383)
r(69,3,5,383)
r(69,3,5,383)
w(69,4,5,383)
w(68,2,7,385)
r(68,2,7,385)
w(69,6,7,385)
r(68,2,7,385)
r(70,0,0,394)
w(53,7,0,394)
w(68,3,0,394)
w(70,3,0,394)
r(70,3,0,394)
w(70,4,0,394)
r(70,4,0,394)
w(72,2,2,400)
r(53,7,2,400)
r(72,2,2,400)
w(72,3,2,400)
w(62,4,5,403)
r(72,0,5,403)
r(71,0,5,403)
r(72,0,5,403)
r(72,0,5,403)
w(68,6,5,403)
r(72,0,5,403)
r(72,0,5,403)
r(74,0,0,406)
r(74,0,0,406)
r(73,0,0,406)
r(71,0,0,406)
r(71,0,0,406)
r(74,0,0,406)
r(68,6,2,409)
r(72,3,2,409)
w(72,8,2,409)
r(72,8,2,409)
w(71,3,2,409)
w(71,4,2,409)
w(75,1,2,409)
w(74,1,2,409)
r(73,0,0,411)
r(71,0,0,411)
r(71,0,0,411)
w(73,1,0,411)
r(73,1,0,411)
r(74,0,0,411)
r(74,0,0,411)
w(62,5,0,411)
w(73,3,7,420)
w(76,1,7,420)
r(76,1,7,420)
r(73,3,7,420)
w(76,2,7,420)
r(76,2,7,420)
r(76,2,7,420)
w(76,3,6,422)
w(75,5,6,422)
r(73,3,6,422)
w(76,4,6,422)
r(77,0,6,428)
r(77,0,6,428)
r(78,0,6,428)
r(62,5,6,428)
r(62,5,6,428)
w(73,7,5,431)
w(76,8,5,431)
r(71,4,5,431)
w(75,6,5,431)
r(77,0,5,431)
r(73,7,5,431)
r(77,0,3,438)
w(77,4,3,438)
r(77,4,3,438)
r(80,0,3,438)
r(77,4,3,438)
r(77,4,5,441)
w(77,8,5,441)
r(81,0,5,441)
w(78,6,5,441)
w(79,2,0,447)
r(79,2,0,447)
w(79,3,0,447)
r(79,3,0,447)
r(81,0,6,450)
w(81,1,6,450)
r(82,0,6,450)
w(82,1,6,450)
r(81,1,6,450)
r(81,1,6,450)
r(82,1,6,454)
w(81,3,6,454)
r(82,1,6,454)
w(81,4,6,454)
r(81,4,6,454)
w(81,5,6,454)
w(81,6,6,454)
r(81,6,4,458)
w(83,1,4,458)
w(83,2,4,458)
w(80,3,4,458)
r(83,2,5,467)
w(83,5,5,467)
r(83,5,5,467)
r(83,5,5,467)
r(82,1,5,467)
r(83,5,5,467)
w(83,6,5,467)
r(82,1,7,469)
r(83,2,7,469)
r(83,2,7,469)
w(79,7,7,469)
r(83,2,7,469)
r(83,2,7,469)
w(80,4,7,469)
r(84,0,8,474)
w(84,4,8,474)
w(80,5,8,474)
w(84,5,8,474)
r(84,5,9,478)
r(84,5,9,478)
w(84,8,9,478)
r(84,8,9,478)
r(87,0,9,478)
r(85,0,9,478)
w(87,1,9,478)
r(87,1,4,484)
r(62,5,4,484)
r(87,1,4,484)
w(87,4,4,484)
r(62,5,4,484)
w(87,5,4,484)
r(87,5,4,484)
w(87,6,4,484)
r(85,0,5,485)
r(87,1,5,485)
r(85,0,5,485)
w(62,7,5,485)
w(85,3,5,485)
r(85,3,5,485)
r(87,1,5,485)
w(87,8,5,489)
w(88,1,5,489)
w(85,4,5,489)
r(85,4,5,489)
r(88,1,9,492)
w(88,5,9,492)
r(80,5,9,492)
r(88,5,9,492)
w(85,5,9,492)
w(86,3,9,492)
r(88,5,9,492)
w(88,6,9,492)
r(89,0,5,496)
r(89,0,5,496)
w(89,2,5,496)
w(85,8,5,496)
r(62,7,0,498)
r(89,0,0,498)
w(86,4,0,498)
w(86,5,0,498)
w(89,5,0,502)
w(90,1,0,502)
r(89,5,0,502)
r(89,5,0,502)
w(89,6,0,502)
r(80,5,0,502)
w(89,7,0,502)
r(91,0,8,508)
r(62,7,8,508)
r(86,5,8,508)
r(91,0,8,508)
r(91,0,8,508)
r(91,0,8,508)
r(91,0,0,509)
w(91,3,0,509)
w(91,4,0,509)
w(90,4,0,509)
r(91,4,0,509)
w(86,7,4,515)
w(91,6,4,515)
w(91,7,4,515)
w(91,8,4,515)
r(86,7,4,515)
r(86,7,4,515)
r(91,8,4,515)
r(92,0,4,515)
r(86,7,9,517)
r(92,0,9,517)
r(92,0,9,517)
w(92,3,9,517)
r(92,3,9,517)
w(92,4,3,522)
r(80,5,3,522)
w(94,1,3,522)
w(92,5,3,522)
w(96,1,9,528)
r(80,5,9,528)
r(96,1,9,528)
r(80,5,9,528)
r(95,0,9,528)
r(95,0,9,528)
w(94,2,8,532)
r(95,0,8,532)
r(96,1,8,532)
r(95,0,8,532)
w(96,2,3,533)
r(95,0,3,533)
w(96,3,3,533)
r(95,0,3,533)
w(96,4,2,541)
w(95,5,2,541)
r(96,4,2,541)
w(95,6,2,541)
r(95,6,2,541)
r(94,2,2,552)
w(98,4,2,552)
r(96,4,2,552)
r(80,5,2,552)
r(98,4,2,552)
r(98,4,2,552)
w(98,5,2,552)
w(98,8,7,555)
r(98,8,7,555)
r(98,8,7,555)
r(94,2,7,555)
r(98,8,8,557)
r(94,2,8,557)
r(96,4,8,557)
w(100,1,8,557)
w(99,1,5,562)
r(94,2,5,562)
r(100,1,5,562)
w(101,1,5,562)
r(100,1,5,562)
w(101,2,5,562)
r(99,1,5,562)
r(100,1,8,564)
r(100,1,8,564)
r(100,1,8,564)
w(100,2,8,564)
r(101,0,8,564)
r(100,2,8,564)
w(100,3,8,564)
w(94,6,8,564)
r(100,3,2,569)
r(100,3,2,569)
w(100,6,2,569)
w(94,8,2,569)
r(99,1,2,569)
r(101,2,2,569)
r(94,8,7,571)
w(100,8,7,571)
r(102,0,7,571)
r(102,0,7,571)
w(101,4,9,574)
r(102,0,9,574)
r(94,8,9,574)
r(102,0,9,574)
w(93,4,8,580)
w(102,7,8,580)
r(99,1,8,580)
w(102,8,8,580)
r(101,4,8,580)
r(103,0,8,580)
w(104,2,2,587)
r(103,0,2,587)
r(104,2,2,587)
w(104,3,2,587)
w(104,4,2,587)
w(104,5,2,587)
w(104,6,2,587)
w(99,5,1,588)
r(104,0,1,588)
r(104,0,1,588)
r(104,0,1,588)
w(103,2,1,588)
r(104,0,1,588)
r(103,2,1,588)
r(105,0,4,594)
w(106,3,4,594)
r(105,0,4,594)
r(106,3,4,594)
r(106,3,5,597)
r(106,3,5,597)
w(106,7,5,597)
r(106,7,5,597)
w(105,7,3,601)
w(103,4,3,601)
w(105,8,3,601)
r(106,7,3,601)
w(103,5,3,601)
w(99,6,5,605)
w(106,8,5,605)
r(106,8,5,605)
w(108,1,5,605)
w(108,2,5,605)
w(107,1,5,605)
r(108,2,5,605)
w(108,3,5,605)
w(107,3,5,610)
w(93,5,5,610)
w(108,6,5,610)
w(99,7,5,610)
w(108,7,5,610)
r(107,3,9,615)
r(107,3,9,615)
w(107,6,9,615)
r(107,6,9,615)
w(109,7,6,620)
r(103,5,6,620)
r(109,7,6,620)
w(110,1,6,620)
r(112,0,8,623)
r(112,0,8,623)
w(111,1,8,623)
r(112,0,8,623)
r(103,5,8,623)
r(112,0,7,625)
r(111,1,7,625)
w(111,2,7,625)
r(112,0,7,625)
r(112,0,8,628)
r(112,0,8,628)
w(111,3,8,628)
r(111,3,8,628)
w(112,1,8,628)
w(103,7,7,633)
w(111,5,7,633)
w(112,3,7,633)
w(110,2,7,633)
w(112,6,8,638)
r(112,6,8,638)
r(113,0,8,638)
w(112,7,8,638)
w(113,1,8,638)
w(110,3,8,638)
r(112,7,8,638)
w(111,7,8,638)
r(114,0,0,640)
r(111,5,0,640)
w(114,1,0,640)
r(114,1,0,640)
r(113,1,4,641)
w(114,2,4,641)
r(111,7,4,641)
w(114,3,4,641)
r(114,3,0,644)
r(114,3,0,644)
r(93,5,0,644)
r(114,3,0,644)
r(114,3,0,644)
r(110,3,0,644)
r(111,7,1,647)
r(115,0,1,647)
r(115,0,1,647)
w(115,1,1,647)
r(110,3,1,647)
w(116,1,1,647)
w(116,2,1,647)
w(115,2,1,647)
w(114,4,4,649)
r(114,4,4,649)
w(114,5,4,649)
r(110,3,4,649)
w(114,6,4,649)
w(114,7,4,649)
w(114,8,4,649)
w(111,8,4,649)
w(113,2,7,653)
r(110,3,7,653)
w(115,4,7,653)
r(113,2,7,653)
w(116,3,7,653)
r(116,3,7,653)
w(113,3,7,653)
w(115,5,7,653)
r(115,5,1,656)
w(115,7,1,656)
r(116,3,1,656)
w(115,8,1,656)
w(110,4,1,656)
w(116,4,3,659)
w(113,4,3,659)
w(116,5,3,659)
w(113,5,3,659)
w(93,6,3,659)
w(117,1,4,664)
r(117,1,4,664)
w(117,2,4,664)
r(116,3,4,664)
r(110,4,4,664)
r(117,2,4,664)
w(117,3,4,664)
w(117,4,4,664)
w(116,7,7,666)
r(117,0,7,666)
r(118,0,7,666)
r(118,0,7,666)
w(118,1,7,666)
r(113,5,4,670)
r(113,5,4,670)
r(93,6,4,670)
r(120,0,4,670)
r(120,0,4,670)
w(118,5,1,673)
w(118,6,1,673)
w(118,7,1,673)
w(118,8,1,673)
w(119,1,1,673)
r(120,0,1,673)
w(120,1,1,673)
w(119,4,6,678)
r(120,1,6,678)
r(120,1,6,678)
w(120,6,6,678)
w(122,3,8,684)
r(122,3,8,684)
r(122,3,8,684)
w(122,4,8,684)
r(122,4,8,684)
r(122,4,1,688)
w(119,8,1,688)
w(122,5,1,688)
r(121,0,1,688)
w(121,2,1,688)
w(122,6,1,688)
r(122,6,1,688)
r(123,0,5,689)
r(125,0,5,689)
r(125,0,5,689)
w(125,1,5,689)
r(93,6,3,693)
w(125,2,3,693)
r(125,2,3,693)
r(123,0,3,693)
r(124,0,3,693)
w(125,3,3,693)
w(125,4,3,693)
w(123,1,3,693)
w(121,3,9,697)
r(123,1,9,697)
r(124,0,9,697)
r(123,1,9,697)
r(126,0,9,697)
r(124,0,2,698)
w(125,6,2,698)
w(123,2,2,698)
w(125,7,2,698)
w(125,8,2,698)
w(123,3,2,698)
r(121,2,2,698)
w(123,7,2,708)
r(126,0,2,708)
w(123,8,2,708)
w(124,1,2,708)
r(127,0,2,708)
r(123,8,2,708)
r(127,0,2,708)
r(127,0,2,708)
r(128,0,5,713)
w(128,2,5,713)
r(127,0,5,713)
r(127,0,5,713)
r(121,3,6,715)
w(127,4,6,715)
r(127,4,6,715)
r(128,0,6,715)
r(127,4,6,715)
r(127,4,6,715)
r(128,0,6,715)
r(127,4,6,715)
w(121,6,7,719)
w(121,7,7,719)
r(127,4,7,719)
w(127,5,7,719)
w(121,8,7,719)
r(127,5,5,724)
w(127,8,5,724)
r(127,8,5,724)
w(128,6,5,724)
r(124,1,7,727)
r(130,0,7,727)
r(130,0,7,727)
r(130,0,7,727)
r(130,0,7,727)
r(130,0,7,727)
w(131,2,7,727)
r(121,8,4,730)
r(130,0,4,730)
w(130,3,4,730)
w(130,4,4,730)
r(130,4,4,730)
r(130,4,4,730)
r(131,2,4,730)
r(130,4,9,740)
r(130,4,9,740)
r(130,4,9,740)
r(130,4,9,740)
r(130,4,9,740)
r(131,2,8,743)
r(130,4,8,743)
r(130,4,8,743)
r(133,0,8,743)
r(134,0,8,743)
r(131,2,7,744)
w(130,7,7,744)
w(124,3,7,744)
r(132,0,7,744)
w(131,7,7,744)
r(129,0,7,744)
r(131,7,7,744)
w(133,4,4,754)
r(133,4,4,754)
r(124,3,4,754)
r(132,0,4,754)
w(132,3,1,756)
r(124,3,1,756)
w(132,4,1,756)
r(133,0,1,756)
r(134,0,1,756)
w(134,4,1,756)
r(134,4,1,756)
w(135,2,8,763)
w(133,7,8,763)
w(133,8,8,763)
r(135,2,8,763)
w(136,1,8,763)
r(136,1,8,763)
w(136,2,8,763)
r(136,2,3,765)
r(136,2,3,765)
w(135,6,3,765)
r(135,6,3,765)
w(135,7,8,768)
r(135,7,8,768)
r(136,2,8,768)
w(135,8,8,768)
w(132,6,8,768)
w(137,1,8,768)
w(137,3,7,773)
w(137,4,7,773)
r(137,4,7,773)
w(136,5,7,773)
w(137,6,4,779)
r(136,5,4,779)
w(132,7,4,779)
r(124,3,4,779)
r(137,6,4,779)
r(137,6,4,779)
w(124,7,4,779)
r(138,0,2,782)
r(138,0,2,782)
r(139,0,2,782)
r(138,0,2,782)
r(139,0,2,782)
r(136,5,6,786)
w(136,8,6,786)
w(138,4,6,786)
r(138,4,6,786)
r(138,4,6,786)
r(138,4,6,786)
w(140,1,6,786)
w(138,5,6,786)
w(140,3,3,796)
r(124,7,3,796)
r(141,0,3,796)
w(141,1,3,796)
w(141,2,3,796)
r(141,2,3,796)
r(140,1,0,798)
r(129,0,0,798)
w(124,8,0,798)
w(139,2,0,798)
w(138,7,0,798)
r(139,2,0,798)
w(138,8,0,798)
r(139,2,0,798)
r(141,2,2,801)
w(140,6,2,801)
r(141,2,2,801)
w(142,1,2,801)
w(142,2,3,805)
r(139,2,3,805)
r(141,2,3,805)
r(142,2,3,805)
w(144,7,6,820)
w(144,8,6,820)
r(140,6,6,820)
w(145,3,6,820)
w(145,4,6,820)
r(142,2,6,820)
w(145,5,6,822)
w(129,3,6,822)
w(146,1,6,822)
r(145,5,6,822)
w(145,6,6,822)
r(145,6,6,822)
w(145,7,6,822)
r(140,6,6,822)
r(139,2,0,824)
r(143,0,0,824)
w(144,1,0,824)
r(144,1,0,824)
w(143,3,0,824)
r(140,6,6,826)
r(146,1,6,826)
w(146,2,6,826)
r(145,7,6,826)
r(145,7,6,826)
w(146,3,6,826)
r(146,3,6,826)
w(145,8,0,828)
r(145,8,0,828)
r(142,2,0,828)
r(142,2,0,828)
w(147,1,0,828)
w(147,2,0,828)
r(147,2,0,828)
r(147,2,0,833)
w(147,4,0,833)
r(147,4,0,833)
w(147,5,0,833)
r(146,3,0,833)
r(146,3,0,833)
r(148,0,0,844)
w(148,2,0,844)
w(149,3,0,844)
w(149,4,0,844)
w(149,5,0,844)
r(129,3,0,844)
w(143,5,1,846)
w(143,6,1,846)
r(143,6,1,846)
r(144,1,1,846)
r(149,5,9,848)
w(150,2,9,848)
r(148,2,9,848)
r(150,2,9,848)
r(149,5,6,859)
w(150,3,6,859)
r(148,2,6,859)
w(148,6,6,859)
r(149,5,6,859)
w(150,4,6,859)
r(148,6,6,859)
w(150,5,6,859)
w(151,5,1,860)
r(150,2,1,860)
w(151,6,1,860)
r(150,2,1,860)
r(150,2,1,860)
r(148,2,1,860)
r(152,0,7,864)
r(152,0,7,864)
r(148,6,7,864)
r(148,6,7,864)
w(148,7,7,864)
r(148,6,4,867)
w(153,1,4,867)
r(153,1,4,867)
w(153,2,4,867)
r(153,2,0,873)
w(152,4,0,873)
r(153,2,0,873)
w(152,5,0,873)
w(148,8,7,875)
r(154,0,7,875)
r(152,0,7,875)
r(152,0,7,875)
w(154,1,6,880)
r(152,5,6,880)
r(152,5,6,880)
w(142,8,6,880)
r(154,1,6,880)
w(154,2,6,880)
r(152,5,18,883)
w(154,5,18,883)
r(154,5,18,883)
r(154,5,18,883)
r(154,5,0,886)
r(154,5,0,886)
r(154,5,0,886)
r(148,8,0,886)
r(154,5,0,886)
r(154,5,0,886)
r(129,3,18,888)
w(154,6,18,888)
r(155,0,18,888)
w(154,7,18,888)
w(154,8,18,888)
r(154,8,18,888)
w(152,8,18,888)
r(154,5,4,895)
r(154,5,4,895)
w(156,1,4,895)
r(157,0,4,895)
w(157,1,4,895)
r(157,1,4,895)
w(156,2,4,895)
w(157,2,4,895)
r(129,3,9,897)
r(159,0,9,897)
r(156,0,9,897)
w(155,1,9,897)
r(156,0,9,897)
r(159,0,9,897)
r(156,0,9,897)
r(158,0,7,899)
w(159,2,7,899)
r(156,2,7,899)
r(159,2,7,899)
w(159,3,1,903)
w(159,4,1,903)
r(159,4,1,903)
r(156,2,1,903)
w(156,7,12,904)
w(156,8,12,904)
r(158,0,12,904)
r(158,0,12,904)
r(159,2,12,904)
w(155,2,12,904)
w(160,6,4,917)
w(160,7,4,917)
r(155,2,4,917)
r(160,7,4,917)
w(161,3,13,919)
r(161,3,13,919)
r(161,3,13,919)
w(161,4,13,919)
r(161,4,13,919)
w(161,5,13,919)
r(158,0,9,920)
r(160,0,9,920)
r(161,0,9,920)
r(161,0,9,920)
r(161,0,9,920)
w(155,3,9,920)
w(158,5,9,920)
r(162,0,0,922)
w(163,1,0,922)
w(163,2,0,922)
r(163,2,0,922)
r(162,0,5,924)
r(162,0,5,924)
w(162,1,5,924)
r(162,1,5,924)
w(158,6,12,929)
w(158,7,12,929)
w(129,6,12,929)
w(163,3,12,929)
w(163,4,12,929)
r(163,4,12,929)
w(163,5,12,929)
w(167,1,6,937)
w(167,2,6,937)
r(166,0,6,937)
r(166,0,6,937)
w(167,3,6,937)
r(155,3,6,937)
r(167,3,6,937)
r(167,0,5,939)
r(165,0,5,939)
w(166,2,5,939)
w(165,2,5,939)
w(167,4,6,942)
w(167,5,6,942)
r(167,5,6,942)
r(167,5,6,942)
w(155,4,6,942)
r(165,2,6,942)
w(167,6,6,942)
r(165,2,9,947)
r(167,6,9,947)
r(165,2,9,947)
w(167,8,9,947)
r(166,2,6,948)
w(155,5,6,948)
w(129,7,6,948)
r(168,0,6,948)
w(165,4,6,948)
r(166,2,6,948)
r(165,4,1,956)
w(166,3,1,956)
r(166,3,1,956)
r(168,0,1,956)
r(168,0,1,956)
w(166,4,1,956)
r(166,4,1,956)
w(165,6,4,959)
w(169,1,4,959)
r(155,5,4,959)
r(165,6,4,959)
r(169,1,4,959)
w(168,7,4,959)
w(155,7,4,959)
r(169,1,4,965)
r(170,0,4,965)
r(170,0,4,965)
w(169,3,4,965)
r(165,6,4,965)
w(170,1,4,965)
w(155,8,4,965)
r(169,3,13,969)
r(170,1,13,969)
r(169,3,13,969)
w(169,6,13,969)
w(170,7,1,973)
w(170,8,1,973)
w(172,1,1,973)
r(172,1,1,973)
r(169,6,1,973)
w(172,3,18,979)
w(172,4,18,979)
w(169,8,18,979)
w(171,3,18,979)
r(169,8,18,979)
r(172,4,18,979)
r(172,4,18,979)
r(172,4,18,979)
r(172,4,4,981)
w(176,1,4,981)
r(175,0,4,981)
r(176,1,4,981)
r(175,0,18,984)
w(176,2,18,984)
r(176,2,18,984)
w(176,3,18,984)
w(175,3,1,987)
r(175,3,1,987)
r(176,3,1,987)
r(176,3,1,987)
r(176,3,1,987)
r(177,0,6,991)
w(175,4,6,991)
r(177,0,6,991)
r(177,0,6,991)
r(177,0,6,991)
r(177,0,6,991)
r(174,0,6,991)
w(176,6,5,993)
w(173,2,5,993)
w(176,7,5,993)
w(176,8,5,993)
r(171,3,5,993)
r(175,3,5,993)
r(175,3,5,993)
r(177,0,5,993)
w(177,1,18,994)
w(177,2,18,994)
w(171,4,18,994)
r(175,3,18,994)
r(175,3,18,994)
w(177,3,18,994)
r(177,3,7,997)
r(175,4,7,997)
r(177,3,7,997)
w(177,5,7,997)
w(175,7,0,1002)
w(171,5,0,1002)
w(175,8,0,1002)
r(177,5,0,1002)
r(175,8,6,1006)
w(179,1,6,1006)
r(178,0,6,1006)
r(178,0,6,1006)
w(178,2,1,1008)
r(178,2,1,1008)
r(175,8,1,1008)
r(178,2,1,1008)
w(178,3,1,1008)
w(178,4,1,1008)
r(175,8,1,1008)
w(178,5,1,1008)
r(180,0,7,1013)
w(179,2,7,1013)
w(180,1,7,1013)
r(173,2,7,1013)
r(178,5,7,1013)
w(173,4,9,1017)
r(181,0,9,1017)
w(181,3,9,1017)
w(181,4,9,1017)
r(181,4,9,1019)
r(181,4,9,1019)
r(180,1,9,1019)
w(179,5,9,1019)
r(182,0,0,1026)
r(182,0,0,1026)
r(182,0,0,1026)
w(180,3,0,1026)
r(182,0,0,1026)
w(182,4,12,1029)
r(182,4,12,1029)
w(179,6,12,1029)
r(179,6,12,1029)
r(182,4,12,1029)
r(180,1,12,1029)
w(180,6,7,1036)
r(180,6,7,1036)
w(183,1,7,1036)
r(183,1,7,1036)
w(174,2,7,1036)
w(180,8,4,1042)
r(183,1,4,1042)
w(183,5,4,1042)
r(180,8,4,1042)
w(183,6,4,1042)
r(185,0,5,1048)
w(185,2,5,1048)
r(184,0,5,1048)
r(186,0,5,1048)
w(185,3,5,1048)
r(185,3,5,1048)
r(184,0,5,1048)
r(184,0,5,1052)
r(184,0,5,1052)
w(174,3,5,1052)
w(185,6,5,1052)
r(185,6,5,1052)
r(185,6,5,1052)
r(185,6,5,1052)
r(185,6,4,1054)
r(184,0,4,1054)
w(184,5,4,1054)
r(185,6,4,1054)
w(186,1,18,1060)
r(186,1,18,1060)
r(185,6,18,1060)
w(185,7,18,1060)
r(185,7,18,1060)
w(186,2,18,1060)
w(186,3,18,1060)
r(187,0,5,1062)
w(187,2,5,1062)
w(174,4,5,1062)
r(187,2,5,1062)
r(188,0,5,1062)
w(173,7,5,1062)
r(187,2,9,1068)
w(188,3,9,1068)
w(188,4,9,1068)
w(188,5,9,1068)
r(174,4,9,1068)
r(187,2,9,1068)
w(187,3,9,1068)
r(187,3,6,1075)
w(186,4,6,1075)
w(189,4,6,1075)
r(174,4,6,1075)
w(174,6,6,1075)
r(174,6,6,1075)
w(174,7,6,1075)
w(186,5,6,1075)
r(190,0,5,1078)
w(191,1,5,1078)
r(190,0,5,1078)
r(190,0,5,1078)
r(191,1,5,1078)
r(191,1,5,1078)
r(190,0,5,1078)
r(174,7,5,1078)
r(190,0,7,1079)
r(174,4,7,1079)
w(186,7,7,1079)
r(190,0,7,1079)
w(190,1,7,1079)
w(186,8,7,1079)
r(191,1,18,1084)
r(190,1,18,1084)
r(190,1,18,1084)
r(191,1,18,1084)
r(173,7,18,1084)
w(190,2,12,1086)
r(190,2,12,1086)
w(191,2,12,1086)
w(190,3,12,1086)
w(191,3,12,1086)
r(191,3,12,1086)
r(190,3,12,1086)
r(190,3,12,1086)
r(193,0,0,1091)
r(190,3,0,1091)
r(192,0,0,1091)
w(192,1,0,1091)
w(190,6,0,1091)
r(191,3,12,1096)
r(174,7,12,1096)
w(194,1,12,1096)
r(194,1,12,1096)
r(194,1,1,1098)
r(192,1,1,1098)
w(194,2,1,1098)
r(191,3,1,1098)
r(192,1,18,1099)
r(193,0,18,1099)
r(194,2,18,1099)
r(194,2,18,1099)
r(193,0,7,1104)
r(174,7,7,1104)
w(194,3,7,1104)
w(191,8,7,1104)
r(193,0,7,1104)
r(193,0,7,1104)
r(192,1,12,1107)
w(193,1,12,1107)
r(193,1,12,1107)
w(195,1,12,1107)
r(194,2,12,1107)
w(196,1,4,1112)
w(195,3,4,1112)
w(192,5,4,1112)
w(195,4,4,1112)
r(195,4,4,1112)
r(196,1,4,1112)
w(174,8,4,1112)
r(192,5,4,1112)
w(196,3,4,1122)
w(196,4,4,1122)
r(196,4,4,1122)
w(192,7,4,1122)
r(192,7,4,1122)
r(196,4,4,1122)
w(195,6,4,1122)
w(196,5,4,1122)
w(199,2,1,1123)
w(193,4,1,1123)
r(199,2,1,1123)
r(199,2,1,1123)
r(198,0,1,1123)
r(199,2,13,1125)
r(199,2,13,1125)
w(198,4,13,1125)
r(199,2,13,1125)
r(199,2,7,1128)
w(198,6,7,1128)
r(199,2,7,1128)
r(200,0,7,1128)
r(200,0,7,1128)
r(198,6,7,1128)
r(199,2,7,1128)
w(200,1,12,1133)
w(199,6,12,1133)
r(199,6,12,1133)
w(197,1,12,1133)
w(199,7,12,1133)
r(199,7,12,1133)
w(198,7,18,1137)
w(199,8,18,1137)
w(198,8,18,1137)
w(200,3,18,1137)
w(201,1,7,1140)
r(197,1,7,1140)
w(202,1,7,1140)
w(201,2,7,1140)
w(201,3,7,1140)
w(201,6,5,1146)
r(202,1,5,1146)
w(201,7,5,1146)
r(201,7,5,1146)
r(202,1,5,1146)
w(201,8,5,1146)
r(203,0,5,1146)
w(202,4,12,1148)
w(200,4,12,1148)
w(203,1,12,1148)
r(202,4,12,1148)
w(203,3,18,1153)
w(203,4,18,1153)
w(203,5,18,1153)
r(203,5,18,1153)
r(203,5,12,1155)
w(202,8,12,1155)
r(193,4,12,1155)
w(203,6,12,1155)
r(203,6,13,1157)
w(203,7,13,1157)
w(200,6,13,1157)
r(203,7,13,1157)
w(203,8,13,1157)
w(205,2,1,1163)
w(200,8,1,1163)
r(205,2,1,1163)
r(205,2,1,1163)
r(197,1,1,1163)
w(205,3,1,1163)
r(204,0,1,1163)
r(206,0,5,1165)
r(205,0,5,1165)
w(204,1,5,1165)
r(206,0,5,1165)
r(205,3,4,1168)
r(206,0,4,1168)
w(205,7,4,1168)
r(206,0,4,1168)
w(207,2,9,1173)
r(207,2,9,1173)
r(207,2,9,1173)
r(207,2,9,1173)
r(206,0,9,1173)
r(207,2,9,1173)
w(204,3,9,1173)
r(204,3,13,1176)
r(207,2,13,1176)
w(207,5,13,1176)
w(207,6,13,1176)
r(207,6,13,1176)
r(206,0,0,1177)
r(207,6,0,1177)
r(206,0,0,1177)
r(207,6,0,1177)
w(208,2,0,1177)
r(204,3,0,1177)
r(206,0,12,1182)
w(204,7,12,1182)
r(208,2,12,1182)
w(204,8,12,1182)
r(209,0,12,1182)
r(204,8,12,1182)
w(197,5,6,1186)
w(209,1,6,1186)
r(204,3,6,1186)
r(209,1,6,1186)
r(209,1,6,1186)
r(209,1,6,1186)
r(210,0,1,1192)
w(209,6,1,1192)
w(209,7,1,1192)
r(197,5,1,1192)
r(197,5,1,1192)
r(209,7,1,1192)
r(209,1,18,1193)
r(197,5,18,1193)
r(209,1,18,1193)
w(211,1,18,1193)
w(211,4,13,1198)
w(210,3,13,1198)
w(211,5,13,1198)
r(211,5,13,1198)
r(210,3,13,1198)
w(206,4,13,1198)
r(211,5,13,1198)
w(210,6,18,1202)
r(212,0,18,1202)
r(212,0,18,1202)
r(210,6,18,1202)
w(212,1,18,1202)
w(212,2,6,1206)
r(212,2,6,1206)
w(210,7,6,1206)
r(210,7,6,1206)
r(210,7,6,1206)
w(208,5,4,1211)
w(213,2,4,1211)
w(213,3,4,1211)
r(213,3,4,1211)
r(208,5,9,1216)
r(197,5,9,1216)
w(210,8,9,1216)
w(213,6,9,1216)
r(206,4,9,1216)
w(214,1,0,1221)
r(214,1,0,1221)
r(214,1,0,1221)
r(214,1,0,1221)
w(214,2,0,1221)
w(215,1,7,1223)
r(215,1,7,1223)
r(214,0,7,1223)
r(214,0,7,1223)
r(214,0,7,1223)
w(206,7,7,1223)
w(215,2,7,1223)
w(208,7,7,1223)
r(208,7,7,1228)
w(214,4,7,1228)
r(214,4,7,1228)
w(214,5,7,1228)
r(208,7,7,1228)
w(215,6,7,1228)
r(215,6,7,1228)
w(216,2,9,1233)
r(215,6,9,1233)
r(216,2,9,1233)
r(197,5,9,1233)
w(215,7,9,1233)
w(215,8,9,1233)
r(216,2,18,1235)
r(216,2,18,1235)
w(208,8,18,1235)
r(206,7,18,1235)
r(216,2,18,1235)
w(216,6,18,1235)
w(216,7,18,1235)
r(216,7,4,1237)
w(216,8,4,1237)
r(217,0,4,1237)
w(217,1,4,1237)
r(208,8,9,1242)
r(218,0,9,1242)
w(219,1,9,1242)
r(218,0,9,1242)
r(208,8,9,1242)
w(219,2,9,1242)
w(217,2,9,1242)
w(197,7,9,1242)
w(219,6,9,1246)
r(217,2,9,1246)
r(219,6,9,1246)
w(219,7,9,1246)
r(219,7,1,1247)
w(219,8,1,1247)
r(217,2,1,1247)
r(217,2,1,1247)
r(219,8,1,1247)
r(220,0,1,1247)
r(208,8,1,1247)
r(220,0,1,1247)
r(220,0,13,1249)
r(220,0,13,1249)
w(218,1,13,1249)
r(218,1,13,1249)
w(220,1,12,1253)
w(217,5,12,1253)
w(220,2,12,1253)
r(218,1,12,1253)
r(218,1,12,1253)
r(217,5,12,1253)
w(217,6,12,1253)
r(221,0,12,1253)
r(220,2,9,1256)
w(217,7,9,1256)
r(220,2,9,1256)
w(217,8,9,1256)
r(220,2,9,1256)
w(218,2,7,1259)
w(197,8,7,1259)
w(220,5,7,1259)
r(220,5,7,1259)
r(218,2,7,1259)
r(220,5,7,1259)
r(220,5,7,1259)
w(220,6,7,1259)
r(220,6,18,1261)
w(222,1,18,1261)
w(220,7,18,1261)
r(222,1,18,1261)
r(220,7,6,1265)
r(222,1,6,1265)
r(218,2,6,1265)
w(218,4,6,1265)
w(220,8,6,1265)
w(223,5,13,1273)
r(197,8,13,1273)
w(224,1,13,1273)
r(221,0,13,1273)
r(224,1,13,1273)
w(223,6,13,1273)
r(197,8,13,1273)
w(222,5,13,1273)
w(225,2,12,1280)
w(225,3,12,1280)
w(221,2,12,1280)
r(224,1,12,1280)
w(225,4,12,1280)
r(224,1,12,1280)
r(222,5,12,1280)
w(226,3,4,1287)
r(226,3,4,1287)
r(226,3,4,1287)
w(226,4,4,1287)
r(228,0,0,1290)
r(228,0,0,1290)
w(227,1,0,1290)
w(227,2,0,1290)
r(224,1,0,1290)
w(224,4,4,1294)
w(224,5,4,1294)
w(224,6,4,1294)
w(224,7,4,1294)
w(227,3,0,1295)
r(228,0,0,1295)
r(224,1,0,1295)
r(224,1,0,1295)
r(197,8,0,1295)
w(228,5,0,1301)
r(228,5,0,1301)
r(227,3,0,1301)
w(227,8,0,1301)
r(228,5,0,1301)
w(228,6,0,1301)
w(229,1,1,1303)
r(228,0,1,1303)
w(229,2,1,1303)
r(197,8,1,1303)
w(228,8,9,1306)
r(228,8,9,1306)
r(229,2,9,1306)
r(228,8,9,1306)
r(230,0,9,1306)
r(229,2,13,1307)
w(230,1,13,1307)
w(230,2,13,1307)
r(229,2,13,1307)
r(230,2,13,1307)
r(229,2,13,1307)
w(229,3,13,1307)
r(221,2,18,1311)
w(230,3,18,1311)
r(224,7,18,1311)
r(224,7,18,1311)
w(230,4,18,1311)
r(230,4,18,1311)
r(229,3,18,1311)
r(230,4,9,1314)
w(230,7,9,1314)
w(230,8,9,1314)
w(229,4,9,1314)
r(229,4,9,1314)
r(232,0,9,1314)
r(229,4,9,1314)
w(229,5,9,1314)
r(229,3,7,1317)
r(232,0,7,1317)
w(232,1,7,1317)
r(229,3,7,1317)
w(232,2,7,1317)
w(232,3,7,1317)
r(232,3,6,1319)
r(232,3,6,1319)
r(231,0,6,1319)
r(232,3,6,1319)
r(232,3,6,1319)
r(232,3,1,1323)
r(229,5,1,1323)
r(229,5,1,1323)
r(232,3,1,1323)
r(232,3,1,1323)
r(232,3,1,1323)
w(229,6,1,1323)
w(232,7,12,1325)
r(232,7,12,1325)
r(229,5,12,1325)
r(232,7,12,1325)
w(232,8,12,1325)
r(231,0,12,1325)
r(234,0,12,1325)
w(234,1,9,1335)
r(229,6,9,1335)
r(234,1,9,1335)
w(234,2,9,1335)
w(234,3,9,1335)
r(231,0,9,1335)
r(234,3,9,1335)
w(236,1,5,1340)
r(236,1,5,1340)
w(221,6,5,1340)
w(236,2,5,1340)
r(235,0,5,1340)
r(236,2,5,1340)
r(236,2,5,1340)
r(235,0,5,1340)
r(221,6,12,1343)
r(235,0,12,1343)
r(231,0,12,1343)
w(231,2,12,1343)
r(237,0,12,1343)
w(236,4,12,1343)
r(231,0,0,1345)
w(237,1,0,1345)
r(236,2,0,1345)
r(231,0,0,1345)
r(231,0,0,1345)
w(237,2,6,1349)
r(237,2,6,1349)
w(237,3,6,1349)
r(236,4,6,1349)
r(231,2,6,1349)
w(236,5,6,1349)
r(236,5,7,1354)
r(237,3,7,1354)
r(221,6,7,1354)
r(237,3,7,1354)
r(237,3,7,1354)
r(237,3,7,1354)
w(237,5,0,1356)
r(237,5,0,1356)
r(237,5,0,1356)
r(221,6,0,1356)
w(236,8,0,1356)
r(237,5,0,1356)
r(237,5,0,1356)
r(237,5,0,1356)
w(237,8,9,1360)
r(231,2,9,1360)
w(238,1,9,1360)
w(238,2,9,1360)
r(237,8,9,1360)
w(231,5,9,1360)
r(231,5,5,1364)
w(239,3,5,1364)
w(238,4,5,1364)
w(231,6,5,1364)
r(231,6,5,1364)
r(239,3,5,1364)
r(233,0,9,1371)
r(239,3,9,1371)
r(231,6,9,1371)
w(238,6,9,1371)
w(239,7,9,1371)
w(239,8,9,1371)
r(238,4,7,1372)
r(240,0,7,1372)
r(231,6,7,1372)
w(240,2,7,1372)
r(221,6,7,1372)
r(240,2,7,1372)
w(221,8,7,1372)
r(240,2,7,1372)
r(240,0,12,1373)
r(240,0,12,1373)
r(240,0,12,1373)
r(240,0,12,1373)
w(241,1,12,1373)
r(241,1,12,1373)
r(231,6,12,1373)
w(231,7,12,1373)
w(240,3,4,1376)
w(240,4,4,1376)
r(240,4,4,1376)
r(233,0,4,1376)
r(241,1,4,1376)
w(240,5,4,1376)
r(240,5,4,1376)
r(241,1,4,1381)
w(240,7,4,1381)
r(240,7,4,1381)
r(221,8,4,1381)
w(233,2,18,1383)
w(241,3,18,1383)
r(242,0,18,1383)
w(242,1,18,1383)
r(242,1,12,1389)
w(242,4,12,1389)
r(243,0,12,1389)
r(243,0,12,1389)
w(243,3,12,1389)
w(244,3,1,1402)
r(244,3,1,1402)
r(244,3,1,1402)
r(244,3,1,1402)
w(243,7,6,1408)
r(243,7,6,1408)
r(241,3,6,1408)
r(233,2,6,1408)
r(243,7,6,1408)
r(241,3,6,1408)
w(242,6,6,1408)
w(243,8,6,1408)
w(245,2,0,1410)
w(245,3,0,1410)
w(245,4,0,1410)
w(245,5,0,1410)
w(247,2,1,1411)
w(233,4,1,1411)
r(247,2,1,1411)
r(247,2,1,1411)
r(247,2,1,1415)
r(247,2,1,1415)
r(247,2,1,1415)
w(246,2,1,1415)
r(246,2,1,1415)
w(245,7,1,1415)
w(247,6,7,1421)
r(247,6,7,1421)
r(247,6,7,1421)
r(245,7,7,1421)
r(247,6,7,1421)
w(248,1,7,1421)
r(250,0,1,1427)
r(250,0,1,1427)
w(233,5,1,1427)
w(250,2,1,1427)
r(250,2,7,1431)
r(246,2,7,1431)
r(249,0,7,1431)
w(249,3,7,1431)
r(249,3,7,1431)
w(249,4,7,1431)
w(250,4,7,1431)
w(250,5,7,1431)
r(249,4,7,1436)
r(250,5,7,1436)
w(248,3,7,1436)
w(250,7,7,1436)
r(221,8,12,1449)
w(241,7,12,1449)
r(241,7,12,1449)
r(243,3,12,1449)
r(241,7,12,1449)
r(243,3,12,1449)
r(241,7,12,1449)
r(243,3,12,1449)
r(251,0,4,1451)
w(252,2,4,1451)
r(246,2,4,1451)
w(252,3,4,1451)
r(253,0,12,1454)
w(253,2,12,1454)
r(253,2,12,1454)
r(253,2,12,1454)
r(252,3,12,1454)
r(246,2,12,1454)
r(246,2,12,1454)
w(246,7,12,1454)
r(253,2,9,1457)
w(253,3,9,1457)
w(253,4,9,1457)
r(253,4,9,1457)
r(253,4,9,1457)
r(248,3,4,1461)
r(253,4,4,1461)
r(233,5,4,1461)
w(253,7,4,1461)
w(253,8,4,1461)
r(253,4,6,1464)
r(253,4,6,1464)
w(255,1,6,1464)
r(248,3,6,1464)
w(255,3,0,1468)
w(255,4,0,1468)
r(255,4,0,1468)
w(255,5,0,1468)
r(252,3,9,1476)
w(255,8,9,1476)
w(256,1,9,1476)
r(254,0,9,1476)
r(252,3,9,1476)
w(256,2,9,1476)
w(256,3,9,1476)
r(252,3,9,1476)
r(257,0,7,1480)
w(258,1,7,1480)
w(258,2,7,1480)
r(254,0,7,1480)
w(258,3,7,1480)
w(257,3,12,1484)
r(257,3,12,1484)
w(258,5,12,1484)
w(258,6,12,1484)
r(258,6,12,1484)
r(258,6,12,1484)
r(233,5,12,1484)
r(258,6,4,1489)
r(254,0,4,1489)
r(248,3,4,1489)
w(258,8,4,1489)
r(257,3,4,1489)
w(259,1,4,1489)
r(259,1,12,1497)
r(260,0,12,1497)
w(254,2,12,1497)
r(260,0,12,1497)
r(257,3,12,1497)
w(259,5,15,1500)
w(259,6,15,1500)
r(233,5,15,1500)
r(257,3,15,1500)
r(257,3,1,1502)
w(261,1,1,1502)
r(261,1,1,1502)
w(261,2,1,1502)
r(254,0,1,1502)
w(260,1,1,1502)
r(260,1,1,1502)
r(260,1,1,1502)
r(261,0,0,1504)
r(260,0,0,1504)
w(254,4,0,1504)
r(260,0,0,1504)
r(261,0,0,1504)
r(261,0,0,1504)
r(254,2,18,1505)
r(260,1,18,1505)
r(254,2,18,1505)
w(260,2,18,1505)
r(261,2,18,1505)
w(261,5,18,1505)
r(260,2,13,1508)
r(260,2,13,1508)
r(260,2,13,1508)
r(248,3,13,1508)
w(260,3,15,1512)
r(260,3,15,1512)
w(260,4,15,1512)
w(260,5,15,1512)
w(260,6,15,1512)
w(260,7,15,1512)
r(248,3,7,1514)
r(254,4,7,1514)
r(262,0,7,1514)
w(248,7,7,1514)
w(262,1,7,1514)
r(264,0,4,1521)
r(263,0,4,1521)
w(264,1,4,1521)
r(248,7,4,1521)
w(262,6,6,1526)
w(262,7,6,1526)
r(262,7,6,1526)
w(261,8,6,1526)
w(263,1,6,1526)
r(263,1,6,1526)
r(262,7,6,1526)
r(263,1,6,1526)
w(264,6,0,1532)
r(263,0,0,1532)
r(264,6,0,1532)
r(264,6,0,1532)
w(254,7,0,1532)
r(265,0,1,1538)
r(263,1,1,1538)
w(265,4,1,1538)
w(265,5,1,1538)
r(265,5,1,1538)
r(254,4,1,1538)
w(265,7,4,1540)
r(265,7,4,1540)
w(265,8,4,1540)
w(268,1,4,1540)
r(269,0,4,1540)
w(267,1,4,1540)
r(269,0,4,1540)
r(269,0,4,1540)
w(269,1,15,1543)
w(269,2,15,1543)
w(269,3,15,1543)
r(268,0,15,1543)
w(269,4,15,1543)
r(269,0,0,1544)
r(269,0,0,1544)
w(268,2,0,1544)
r(268,2,0,1544)
r(267,1,0,1544)
r(268,2,7,1549)
r(268,2,7,1549)
r(268,2,7,1549)
r(269,4,7,1549)
r(269,4,7,1549)
r(266,0,7,1549)
r(269,4,7,1549)
w(269,6,7,1549)
w(266,3,9,1555)
r(268,2,9,1555)
r(268,2,9,1555)
w(267,3,9,1555)
w(268,5,9,1555)
w(270,1,9,1555)
r(268,5,9,1555)
r(270,1,9,1555)
r(270,1,7,1557)
r(270,1,7,1557)
w(270,3,7,1557)
r(267,3,7,1557)
r(270,3,7,1557)
r(270,3,7,1557)
w(270,4,7,1557)
r(270,4,12,1560)
r(270,4,12,1560)
r(270,4,12,1560)
w(266,4,12,1560)
w(270,5,12,1560)
r(270,5,12,1560)
r(272,0,0,1566)
r(233,5,0,1566)
r(272,0,0,1566)
w(272,2,0,1566)
w(266,5,13,1570)
r(272,2,13,1570)
w(272,3,13,1570)
r(272,3,13,1570)
r(272,0,7,1571)
w(271,1,7,1571)
w(271,2,7,1571)
r(266,4,7,1571)
w(271,3,7,1571)
r(272,0,7,1571)
w(271,4,7,1571)
w(272,6,9,1574)
w(272,7,9,1574)
r(266,4,9,1574)
r(266,4,9,1574)
w(233,7,9,1574)
r(272,7,9,1574)
r(266,5,18,1579)
w(266,6,18,1579)
w(273,2,18,1579)
w(273,3,18,1579)
r(271,4,18,1579)
w(267,5,18,1579)
w(273,4,18,1579)
w(274,1,0,1583)
r(274,1,0,1583)
w(274,2,0,1583)
w(274,3,0,1583)
r(273,4,15,1584)
w(273,6,15,1584)
w(267,6,15,1584)
w(273,7,15,1584)
w(273,8,15,1584)
w(233,8,15,1584)
r(233,8,7,1590)
r(274,3,7,1590)
r(274,3,7,1590)
w(275,1,7,1590)
r(275,1,7,1590)
r(266,6,7,1590)
w(276,1,7,1590)
r(274,3,4,1591)
w(266,8,4,1591)
w(271,7,4,1591)
r(271,7,4,1591)
w(271,8,4,1591)
r(274,3,4,1591)
r(275,0,4,1591)
r(275,1,1,1593)
r(276,1,1,1593)
r(277,0,1,1593)
r(266,8,1,1593)
w(277,1,0,1597)
w(275,2,0,1597)
r(276,1,0,1597)
r(279,0,0,1597)
r(275,2,0,1597)
w(277,7,13,1602)
r(277,7,13,1602)
w(276,2,13,1602)
w(277,8,13,1602)
r(277,1,1,1605)
r(275,2,1,1605)
w(280,1,1,1605)
r(275,2,1,1605)
r(276,1,1,1605)
r(280,1,15,1607)
w(280,3,15,1607)
r(280,3,15,1607)
r(275,2,15,1607)
r(280,3,15,1612)
w(280,4,15,1612)
w(279,1,15,1612)
r(280,4,15,1612)
w(276,4,15,1612)
r(276,4,15,1612)
w(276,5,15,1612)
r(280,4,15,1616)
r(280,4,15,1616)
r(280,4,15,1616)
r(280,4,15,1616)
r(280,4,15,1616)
r(275,2,15,1616)
w(282,1,15,1616)
w(282,2,15,1616)
r(282,2,0,1617)
w(275,7,0,1617)
r(282,2,0,1617)
r(282,2,0,1617)
r(281,0,12,1621)
r(282,2,12,1621)
w(281,1,12,1621)
w(281,2,12,1621)
w(279,2,0,1626)
r(282,2,0,1626)
w(282,3,0,1626)
r(275,7,0,1626)
r(281,0,0,1626)
r(282,3,0,1626)
r(275,7,0,1626)
r(282,3,0,1626)
w(281,3,13,1627)
r(282,2,13,1627)
r(283,0,13,1627)
w(281,4,13,1627)
r(281,4,0,1629)
r(282,3,0,1629)
r(281,4,0,1629)
r(282,3,0,1629)
r(283,0,0,1629)
w(283,1,0,1629)
r(279,2,0,1629)
r(284,0,0,1629)
r(284,0,1,1637)
w(284,1,1,1637)
w(284,2,1,1637)
w(284,3,1,1637)
w(279,5,1,1637)
w(283,2,1,1637)
r(281,4,1,1637)
r(279,2,7,1640)
r(285,0,7,1640)
w(285,3,7,1640)
r(283,1,7,1640)
r(283,1,7,1640)
w(285,4,7,1640)
w(281,6,7,1640)
w(286,1,0,1644)
r(283,2,0,1644)
r(279,5,0,1644)
r(286,1,0,1644)
r(283,2,0,1644)
r(283,2,0,1644)
w(281,7,4,1645)
w(285,7,4,1645)
r(285,7,4,1645)
w(279,6,4,1645)
r(283,2,4,1645)
w(285,8,4,1645)
r(283,2,4,1645)
r(283,2,4,1645)
r(283,2,13,1651)
w(286,2,13,1651)
w(281,8,13,1651)
r(283,2,13,1651)
w(287,1,13,1651)
r(287,1,1,1657)
r(283,2,1,1657)
w(287,3,1,1657)
w(287,4,1,1657)
r(288,0,4,1658)
r(283,2,4,1658)
r(283,2,4,1658)
r(288,0,4,1658)
w(283,6,4,1658)
w(279,7,4,1658)
r(288,0,4,1658)
r(288,0,4,1662)
w(288,4,4,1662)
r(279,7,4,1662)
r(288,4,4,1662)
r(288,4,4,1662)
w(289,4,4,1677)
r(287,4,4,1677)
w(289,5,4,1677)
w(290,5,4,1677)
r(290,5,4,1677)
w(290,6,4,1677)
r(290,6,4,1677)
w(287,6,4,1677)
r(291,0,6,1685)
w(291,4,6,1685)
w(292,3,6,1685)
w(292,4,6,1685)
w(292,5,6,1685)
r(291,4,6,1685)
w(291,5,6,1685)
r(292,0,1,1687)
w(294,1,1,1687)
r(293,0,1,1687)
r(294,1,1,1687)
r(294,1,1,1687)
r(294,1,1,1691)
r(292,5,1,1691)
w(294,2,1,1691)
r(292,5,1,1691)
w(294,3,1,1691)
w(295,1,1,1696)
w(294,6,1,1696)
r(294,6,1,1696)
r(294,6,1,1696)
r(295,1,12,1700)
w(294,8,12,1700)
r(294,8,12,1700)
r(294,8,12,1700)
w(295,3,6,1704)
w(296,1,6,1704)
w(295,4,6,1704)
r(293,0,6,1704)
w(296,2,6,1704)
w(296,3,6,1704)
w(296,4,6,1704)
r(296,4,6,1704)
w(296,5,9,1707)
w(296,6,9,1707)
r(296,6,9,1707)
w(296,7,9,1707)
r(296,7,9,1707)
w(296,8,9,1707)
r(293,0,9,1707)
w(297,1,0,1715)
w(293,3,0,1715)
w(297,2,0,1715)
w(297,3,0,1715)
w(297,4,0,1715)
w(297,5,0,1715)
w(297,6,0,1715)
r(298,0,12,1719)
r(293,3,12,1719)
w(298,6,12,1719)
r(293,3,12,1719)
w(299,1,12,1719)
r(293,3,12,1719)
r(279,7,18,1725)
r(299,1,18,1725)
r(301,0,18,1725)
r(301,0,18,1725)
r(301,0,18,1725)
r(301,0,18,1725)
w(298,8,6,1727)
w(300,2,6,1727)
r(301,0,6,1727)
w(299,4,6,1727)
w(299,6,6,1734)
r(301,0,6,1734)
w(301,1,6,1734)
w(300,4,6,1734)
r(301,1,6,1734)
r(299,6,6,1734)
r(301,1,6,1734)
w(301,2,6,1734)
r(299,6,0,1737)
w(299,8,0,1737)
r(300,4,0,1737)
r(300,4,0,1737)
w(301,7,0,1737)
r(301,7,0,1737)
w(302,1,15,1739)
r(303,0,15,1739)
r(300,4,15,1739)
r(304,0,15,1739)
w(304,1,15,1742)
w(303,1,15,1742)
r(300,4,15,1742)
w(300,6,15,1742)
w(304,2,15,1742)
r(302,1,1,1750)
w(304,7,1,1750)
r(304,7,1,1750)
r(304,7,1,1750)
r(303,1,7,1755)
r(306,0,7,1755)
w(306,3,7,1755)
r(306,3,7,1755)
r(306,3,7,1755)
w(302,4,7,1759)
r(300,6,7,1759)
r(307,0,7,1759)
r(306,3,7,1759)
r(306,3,18,1763)
w(307,1,18,1763)
r(307,1,18,1763)
r(306,3,18,1763)
w(306,6,18,1763)
r(306,6,18,1763)
r(307,1,0,1767)
w(308,1,0,1767)
r(308,1,0,1767)
r(307,1,0,1767)
w(308,2,0,1767)
r(307,1,0,1767)
w(308,3,15,1773)
r(309,0,15,1773)
w(307,3,15,1773)
w(308,4,15,1773)
w(307,4,15,1773)
r(308,4,4,1776)
w(308,7,4,1776)
r(302,4,4,1776)
w(308,8,4,1776)
r(307,4,4,1776)
w(307,6,4,1776)
r(307,6,4,1776)
w(310,1,4,1776)
r(307,6,0,1781)
r(309,0,0,1781)
r(311,0,0,1781)
r(312,0,0,1781)
r(310,1,13,1783)
w(310,6,13,1783)
r(305,0,13,1783)
w(310,7,13,1783)
r(310,7,13,1783)
w(310,8,13,1783)
r(309,0,1,1785)
r(311,0,1,1785)
r(311,0,1,1785)
r(311,0,1,1785)
r(312,0,1,1785)
w(311,1,1,1785)
w(311,2,1,1785)
w(311,3,1,1785)
r(313,0,13,1789)
r(302,4,13,1789)
r(302,4,13,1789)
r(313,0,13,1789)
w(312,2,7,1792)
w(311,6,7,1792)
r(311,6,7,1792)
w(312,3,7,1792)
w(311,7,7,1792)
r(309,0,7,1792)
r(311,7,7,1792)
r(313,0,15,1796)
w(302,8,15,1796)
r(313,0,15,1796)
w(305,1,15,1796)
r(313,0,15,1796)
r(313,0,15,1796)
w(313,4,7,1798)
w(312,5,7,1798)
w(313,5,7,1798)
r(313,5,7,1798)
w(313,6,4,1800)
r(314,0,4,1800)
r(312,5,4,1800)
w(313,7,4,1800)
r(312,5,4,1800)
w(313,8,4,1800)
r(313,8,4,1800)
w(309,4,4,1800)
r(312,5,1,1801)
w(305,2,1,1801)
w(314,1,1,1801)
r(314,1,1,1801)
w(312,6,1,1808)
w(315,1,1,1808)
w(315,2,1,1808)
w(315,3,1,1808)
r(315,0,9,1809)
r(315,0,9,1809)
r(315,0,9,1809)
w(309,6,9,1809)
w(309,7,13,1813)
r(316,0,13,1813)
r(316,0,13,1813)
r(315,3,13,1813)
w(309,8,13,1813)
w(316,1,13,1813)
w(315,8,13,1813)
r(316,1,13,1813)
r(315,3,0,1814)
r(316,0,0,1814)
r(315,3,0,1814)
w(318,1,0,1814)
w(317,1,0,1814)
r(318,1,13,1820)
r(317,1,13,1820)
w(316,4,13,1820)
w(318,3,13,1820)
w(316,5,13,1820)
w(318,4,13,1820)
r(316,5,13,1820)
r(318,4,13,1820)
w(317,2,15,1828)
r(318,4,15,1828)
w(318,7,15,1828)
r(314,1,15,1828)
w(319,3,15,1828)
w(319,4,15,1828)
w(318,8,15,1828)
r(320,0,15,1828)
r(320,0,9,1832)
w(317,3,9,1832)
r(320,0,9,1832)
r(317,3,9,1832)
w(320,4,9,1832)
w(320,5,9,1832)
w(314,3,9,1832)
r(317,3,9,1832)
w(314,5,4,1836)
r(320,5,4,1836)
r(320,5,4,1836)
r(320,5,4,1836)
w(320,7,4,1836)
r(320,7,4,1836)
r(320,7,9,1838)
r(320,7,9,1838)
w(320,8,9,1838)
r(317,3,9,1838)
r(320,8,9,1838)
r(317,3,9,1838)
r(321,0,9,1838)
r(320,7,7,1839)
r(320,7,7,1839)
w(314,6,7,1839)
w(322,1,7,1839)
w(322,5,6,1847)
w(322,6,6,1847)
r(321,0,6,1847)
w(322,7,6,1847)
r(317,3,18,1849)
r(323,0,18,1849)
w(314,7,18,1849)
r(321,0,18,1849)
r(323,0,18,1849)
w(323,2,18,1849)
w(323,3,12,1859)
w(321,7,12,1859)
w(323,4,12,1859)
w(317,5,12,1859)
w(323,5,12,1859)
w(323,6,12,1859)
r(321,0,6,1861)
w(324,2,6,1861)
w(324,3,6,1861)
r(317,3,6,1861)
r(324,3,6,1861)
r(324,3,6,1861)
w(326,2,6,1869)
r(326,2,6,1869)
w(305,5,6,1869)
r(326,2,6,1869)
r(326,2,4,1875)
r(326,2,4,1875)
w(327,1,4,1875)
r(326,2,4,1875)
w(326,8,7,1877)
r(328,0,7,1877)
r(328,0,7,1877)
w(328,1,7,1877)
w(328,4,4,1882)
r(328,4,4,1882)
w(328,5,4,1882)
r(328,5,4,1882)
w(328,6,4,1882)
w(328,7,4,1882)
r(327,1,15,1886)
r(329,0,15,1886)
w(330,2,15,1886)
r(329,0,15,1886)
r(330,2,15,1886)
r(330,2,15,1886)
w(330,3,15,1886)
w(330,4,15,1886)
r(331,0,13,1893)
r(327,1,13,1893)
r(332,0,13,1893)
r(332,0,13,1893)
w(329,7,13,1893)
r(329,7,7,1897)
r(329,7,7,1897)
w(332,7,7,1897)
r(327,1,7,1897)
w(329,8,7,1897)
r(334,0,15,1903)
r(333,0,15,1903)
w(334,2,15,1903)
w(327,4,15,1903)
w(333,3,15,1903)
r(327,4,6,1906)
r(327,4,6,1906)
r(327,4,6,1906)
r(333,3,6,1906)
w(333,5,13,1907)
w(331,1,13,1907)
w(333,6,13,1907)
r(334,2,13,1907)
w(333,7,13,1907)
w(333,8,18,1910)
r(331,1,18,1910)
r(327,4,18,1910)
w(334,4,18,1910)
w(335,1,18,1910)
r(334,4,18,1910)
r(335,0,4,1912)
r(327,4,4,1912)
r(335,0,4,1912)
r(334,2,4,1912)
w(335,2,1,1916)
w(335,3,1,1916)
r(334,4,1,1916)
w(335,4,1,1916)
r(336,0,4,1921)
r(336,0,4,1921)
r(337,0,4,1921)
w(336,3,4,1921)
r(336,3,4,1921)
r(336,3,0,1924)
r(336,3,0,1924)
r(336,3,0,1924)
r(327,4,0,1924)
w(336,4,0,1924)
w(336,5,0,1924)
r(327,4,0,1924)
w(337,1,0,1924)
r(337,1,15,1929)
r(331,1,15,1929)
w(336,7,15,1929)
w(336,8,15,1929)
r(336,5,13,1931)
w(337,3,13,1931)
r(336,5,13,1931)
w(305,7,13,1931)
w(337,7,0,1936)
r(339,0,0,1936)
w(337,8,0,1936)
r(339,0,0,1936)
r(337,8,4,1938)
r(339,0,4,1938)
w(339,2,4,1938)
r(339,2,4,1938)
w(339,3,4,1938)
r(340,0,4,1938)
w(305,8,4,1938)
r(340,0,4,1938)
w(331,4,13,1946)
r(339,3,13,1946)
w(339,6,13,1946)
r(339,6,13,1946)
w(340,1,13,1946)
w(339,7,13,1946)
w(340,4,4,1952)
r(340,4,4,1952)
r(338,0,4,1952)
r(341,0,4,1952)
w(340,5,4,1952)
r(331,4,4,1952)
w(340,6,4,1952)
r(331,4,4,1957)
r(331,4,4,1957)
r(342,0,4,1957)
r(331,4,4,1957)
r(331,4,4,1957)
w(341,1,1,1958)
r(341,1,1,1958)
w(341,2,1,1958)
w(341,3,1,1958)
w(341,4,1,1958)
w(342,1,13,1961)
w(342,2,13,1961)
r(338,0,13,1961)
w(343,1,13,1961)
r(343,1,13,1961)
w(342,3,13,1961)
r(343,0,18,1963)
r(342,0,18,1963)
r(343,0,18,1963)
r(343,0,18,1963)
r(343,1,18,1969)
r(331,4,18,1969)
r(343,1,18,1969)
r(342,3,18,1969)
w(342,7,18,1969)
w(345,1,18,1969)
