r(4,0,9,5)
r(2,0,9,5)
r(3,0,9,5)
r(4,0,9,5)
r(4,0,2,7)
r(4,0,2,7)
r(4,0,2,7)
r(3,0,2,7)
w(3,3,2,7)
r(4,0,2,7)
w(1,1,2,7)
r(5,0,5,23)
w(6,1,5,23)
r(6,1,5,23)
r(6,1,5,23)
r(3,3,5,23)
r(2,0,5,23)
r(6,1,5,23)
r(7,0,5,23)
r(5,0,6,25)
r(5,0,6,25)
w(5,7,6,25)
w(2,3,6,25)
w(5,8,6,25)
r(3,3,6,25)
r(3,3,6,25)
r(8,0,0,30)
r(8,0,0,30)
w(2,5,0,30)
r(7,0,0,30)
r(8,0,0,30)
w(6,7,9,32)
r(7,0,9,32)
w(6,8,9,32)
w(7,3,9,32)
r(0,0,9,32)
r(2,3,9,32)
r(6,8,9,32)
r(8,0,3,36)
r(8,0,3,36)
r(8,0,3,36)
w(8,1,3,36)
r(8,1,3,36)
w(8,2,3,36)
w(9,2,3,45)
r(8,2,3,45)
r(9,2,3,45)
r(2,5,3,45)
r(9,2,0,51)
r(10,0,0,51)
w(10,1,0,51)
r(9,2,0,51)
r(10,1,0,51)
w(10,2,0,51)
w(10,3,0,51)
r(10,3,5,54)
r(9,2,5,54)
r(11,0,5,54)
r(11,0,5,54)
r(10,3,5,54)
r(2,5,5,54)
r(11,0,5,54)
r(10,3,5,54)
w(10,7,9,59)
r(0,0,9,59)
r(10,7,9,59)
r(10,7,9,59)
w(10,8,9,59)
w(13,1,8,62)
r(0,0,8,62)
r(12,0,8,62)
r(14,0,8,62)
r(11,0,8,62)
r(14,0,8,62)
r(11,0,8,62)
r(11,0,1,63)
r(10,3,1,63)
w(14,1,1,63)
r(14,1,1,63)
w(14,2,1,63)
r(11,0,1,63)
w(14,3,1,63)
w(14,6,8,70)
r(13,1,8,70)
w(14,7,8,70)
w(0,3,8,70)
r(11,0,8,70)
w(14,8,8,70)
w(15,1,0,73)
w(15,2,0,73)
r(11,0,0,73)
r(11,0,0,73)
r(11,0,7,76)
w(13,6,7,76)
r(11,0,7,76)
w(11,5,7,76)
w(15,6,1,79)
w(12,2,1,79)
r(15,6,1,79)
r(11,5,1,79)
w(12,3,1,82)
r(15,6,1,82)
w(11,6,1,82)
r(13,6,1,82)
r(15,6,7,84)
w(15,8,7,84)
r(16,0,7,84)
w(11,7,7,84)
w(11,8,7,84)
w(17,2,2,93)
w(12,4,2,93)
w(17,3,2,93)
r(16,0,2,93)
w(16,3,2,93)
r(17,3,2,93)
w(16,4,2,93)
r(16,4,2,97)
r(16,4,2,97)
r(17,3,2,97)
r(18,0,2,97)
r(18,0,2,97)
w(16,7,3,98)
w(12,6,3,98)
r(17,3,3,98)
w(16,8,3,98)
r(17,3,4,100)
r(18,0,4,100)
w(17,6,4,100)
r(12,4,4,100)
r(12,4,4,100)
r(18,0,4,100)
r(18,0,4,100)
r(12,6,6,105)
w(19,1,6,105)
r(17,6,6,105)
w(18,3,6,105)
r(18,3,6,105)
r(19,1,6,107)
r(17,6,6,107)
r(18,3,6,107)
r(19,1,6,107)
r(19,1,6,107)
w(18,4,6,107)
r(17,6,6,107)
w(18,5,6,107)
w(18,6,3,114)
r(18,6,3,114)
w(17,8,3,114)
w(18,7,3,114)
r(19,1,3,114)
w(18,8,3,114)
w(12,8,3,114)
r(21,0,3,114)
r(20,0,6,116)
r(21,0,6,116)
r(20,0,6,116)
w(21,1,6,116)
r(20,0,6,116)
w(19,2,6,116)
w(20,1,6,116)
w(21,2,6,116)
r(20,0,1,120)
r(22,0,1,120)
r(22,0,1,120)
w(22,1,1,120)
w(22,2,1,120)
w(22,3,1,120)
r(22,3,1,120)
w(22,8,4,122)
w(20,4,4,122)
r(22,8,4,122)
r(22,8,4,122)
w(20,5,4,122)
r(20,5,4,122)
r(23,0,4,122)
r(20,5,9,126)
r(20,5,9,126)
w(20,6,9,126)
w(23,1,9,126)
w(23,2,9,126)
w(23,3,9,126)
w(23,5,8,129)
r(25,0,8,129)
r(23,5,8,129)
r(23,5,8,129)
r(23,5,8,129)
r(23,5,8,129)
r(25,0,8,133)
r(0,3,8,133)
r(23,5,8,133)
r(23,5,8,133)
w(23,7,8,133)
r(25,0,4,136)
r(25,0,4,136)
r(26,0,4,136)
w(25,2,4,136)
r(26,0,6,139)
r(26,0,6,139)
r(26,0,6,139)
r(26,0,6,139)
r(25,2,6,139)
r(24,0,3,143)
w(25,3,3,143)
w(25,4,3,143)
w(26,1,3,143)
r(25,4,3,143)
w(26,2,3,143)
r(26,2,3,143)
r(26,2,3,143)
w(26,6,2,151)
r(26,6,2,151)
w(19,4,2,151)
r(26,6,2,151)
r(19,4,2,151)
r(26,6,2,151)
w(26,7,2,151)
w(26,8,2,151)
w(27,5,5,158)
w(28,1,5,158)
r(27,5,5,158)
r(28,1,5,158)
r(28,1,5,158)
w(30,1,0,162)
w(28,4,0,162)
w(30,2,0,162)
r(28,4,0,162)
r(30,2,0,162)
w(28,5,9,165)
r(30,2,9,165)
r(30,2,9,165)
w(30,4,9,165)
r(30,4,1,168)
w(30,5,1,168)
w(28,6,1,168)
w(28,7,1,168)
r(28,7,1,168)
r(30,5,1,168)
r(0,3,1,168)
r(28,7,1,168)
r(30,5,4,172)
r(30,5,4,172)
r(24,0,4,172)
w(29,3,4,172)
r(31,0,4,172)
r(31,0,4,176)
r(28,7,4,176)
w(31,3,4,176)
w(31,4,4,176)
w(31,7,9,182)
w(31,8,9,182)
r(24,0,9,182)
r(0,3,9,182)
r(0,3,9,182)
w(29,6,9,182)
r(32,0,1,183)
r(32,0,1,183)
r(32,0,1,183)
w(32,1,1,183)
r(32,1,1,183)
r(32,1,1,183)
r(29,6,4,187)
r(32,1,4,187)
r(32,1,4,187)
r(33,0,4,187)
w(33,1,7,190)
w(32,3,7,190)
w(32,4,7,190)
r(33,1,7,190)
r(33,1,7,190)
r(32,4,4,192)
w(29,8,4,192)
r(32,4,4,192)
w(32,6,4,192)
r(32,6,8,194)
r(33,1,8,194)
w(32,7,8,194)
r(24,0,8,194)
r(33,1,8,194)
r(32,7,8,194)
r(32,7,8,194)
w(36,1,1,200)
r(35,0,1,200)
r(36,1,1,200)
r(35,0,1,200)
r(36,1,1,200)
r(35,0,4,212)
w(37,1,4,212)
r(37,1,4,212)
r(33,1,4,212)
w(33,7,4,212)
w(37,2,4,212)
r(38,0,1,216)
r(37,2,1,216)
r(38,0,1,216)
w(38,1,1,216)
r(38,0,7,217)
r(38,0,7,217)
w(37,8,7,217)
r(37,8,7,217)
r(39,0,7,217)
w(39,1,7,217)
w(39,2,7,217)
r(39,2,7,217)
w(39,3,7,220)
r(35,0,7,220)
r(35,0,7,220)
r(39,3,7,220)
r(39,3,7,220)
w(39,4,7,220)
w(35,5,7,220)
w(24,6,6,225)
r(35,5,6,225)
w(39,5,6,225)
w(38,3,6,225)
r(38,3,6,225)
w(38,4,6,225)
r(39,5,9,227)
r(39,5,9,227)
w(39,8,9,227)
r(39,8,9,227)
r(38,4,9,227)
r(24,6,9,227)
r(24,6,0,232)
w(40,1,0,232)
r(40,1,0,232)
w(40,2,0,232)
w(38,5,0,232)
r(41,0,0,232)
r(40,2,0,232)
w(40,3,0,232)
r(40,3,7,237)
w(38,7,7,237)
w(24,7,7,237)
r(41,0,7,237)
r(40,3,7,237)
w(34,4,7,237)
w(40,6,7,237)
w(40,7,7,237)
w(42,1,5,238)
r(42,1,5,238)
r(41,0,5,238)
r(42,1,5,238)
r(42,1,5,238)
r(34,0,5,238)
r(43,0,8,242)
w(42,6,8,242)
w(42,7,8,242)
w(42,8,8,242)
r(42,8,8,242)
w(43,1,8,242)
r(24,7,8,242)
r(43,1,8,242)
r(43,0,7,244)
r(41,0,7,244)
w(41,4,7,244)
r(43,0,7,244)
r(41,4,7,244)
r(43,0,7,244)
w(44,1,7,244)
r(24,7,4,248)
w(41,5,4,248)
w(44,2,4,248)
r(44,2,4,248)
w(44,3,4,248)
r(44,3,2,256)
r(43,1,2,256)
r(43,1,2,256)
w(45,1,2,256)
r(45,1,2,256)
r(44,3,9,257)
r(44,3,9,257)
r(43,1,9,257)
r(44,3,9,257)
r(44,3,9,257)
w(44,8,9,257)
w(43,5,7,258)
r(44,3,7,258)
r(44,3,7,258)
w(24,8,7,258)
w(43,6,7,258)
r(45,1,8,273)
w(45,7,8,273)
w(45,8,8,273)
w(47,1,8,273)
w(46,6,5,274)
r(46,6,5,274)
r(34,4,5,274)
w(46,7,5,274)
w(34,6,4,276)
r(34,6,4,276)
r(41,5,4,276)
w(41,8,4,276)
w(48,1,4,276)
r(41,8,4,276)
r(47,0,4,276)
w(48,5,8,281)
w(48,6,8,281)
w(50,1,8,281)
w(50,2,8,281)
r(50,2,8,281)
w(48,7,8,281)
r(48,7,8,281)
w(48,8,8,281)
w(51,3,8,289)
w(47,6,8,289)
r(50,2,8,289)
w(51,4,8,289)
r(47,6,8,289)
r(49,0,8,289)
r(51,4,8,289)
r(50,2,0,290)
r(49,0,0,290)
r(51,0,0,290)
r(50,2,0,290)
w(50,6,0,290)
r(49,0,6,295)
w(52,4,6,295)
r(52,4,6,295)
w(52,5,6,295)
w(52,6,6,295)
r(53,0,2,299)
r(53,0,2,299)
r(53,0,2,299)
r(53,0,2,299)
w(50,8,2,299)
w(52,7,2,299)
w(53,1,2,299)
r(50,8,2,299)
w(53,3,7,304)
w(53,4,7,304)
w(52,8,7,304)
w(54,1,7,304)
w(53,5,7,304)
w(53,6,7,304)
w(34,8,7,304)
r(56,0,5,307)
w(54,4,5,307)
r(56,0,5,307)
r(56,0,5,307)
r(54,4,5,307)
w(56,1,1,308)
r(56,1,1,308)
r(54,0,1,308)
w(56,2,1,308)
w(56,3,1,308)
r(56,3,1,308)
w(56,6,8,315)
r(56,6,8,315)
r(56,6,8,315)
w(56,7,8,315)
w(56,8,8,315)
w(49,3,8,315)
r(59,0,2,319)
r(54,4,2,319)
r(59,0,2,319)
r(54,4,2,319)
r(59,0,8,320)
w(59,1,8,320)
r(59,1,8,320)
r(59,1,8,320)
w(58,1,9,321)
w(58,2,9,321)
w(58,3,9,321)
w(58,4,9,321)
r(58,4,9,321)
w(54,5,9,321)
r(58,4,9,321)
r(58,4,9,321)
r(55,0,5,323)
w(59,2,5,323)
w(59,3,5,323)
r(54,5,5,323)
r(55,0,3,326)
w(54,6,3,326)
w(54,7,3,326)
w(55,5,3,326)
r(59,3,3,326)
w(54,8,3,326)
r(59,3,6,330)
w(59,5,6,330)
r(49,3,6,330)
r(55,5,6,330)
r(55,5,6,330)
r(55,5,6,330)
w(59,6,6,330)
r(49,3,6,330)
w(60,2,9,338)
w(55,7,9,338)
w(61,1,9,338)
r(61,1,9,338)
w(60,3,9,338)
w(60,4,9,338)
w(55,8,9,338)
w(62,1,9,338)
w(60,8,7,341)
r(61,1,7,341)
r(61,1,7,341)
w(63,1,7,341)
r(61,1,7,341)
r(61,1,7,341)
w(61,6,6,343)
r(61,6,6,343)
r(61,6,6,343)
w(62,5,6,343)
w(61,7,5,345)
w(62,6,5,345)
r(61,7,5,345)
r(61,7,5,345)
w(61,8,5,348)
w(63,2,5,348)
r(62,6,5,348)
r(61,8,5,348)
r(61,8,5,348)
r(61,8,5,348)
r(62,6,5,348)
r(63,2,5,348)
w(62,7,9,351)
r(49,3,9,351)
w(62,8,9,351)
r(63,1,9,351)
r(61,7,9,351)
r(63,1,9,351)
w(64,1,9,351)
r(64,1,8,354)
w(63,3,8,354)
r(63,3,8,354)
r(49,3,8,354)
r(64,1,8,354)
r(63,2,6,359)
r(62,8,6,359)
r(64,1,6,359)
w(64,4,6,359)
r(64,4,6,359)
r(62,8,6,359)
w(64,5,6,359)
r(63,3,5,361)
w(65,1,5,361)
w(65,2,5,361)
r(65,2,5,361)
r(49,3,5,361)
r(65,2,5,361)
r(63,3,8,366)
r(63,3,8,366)
r(66,0,8,366)
r(67,0,8,366)
r(65,2,2,368)
r(65,2,2,368)
w(65,8,2,368)
r(63,3,2,368)
w(66,1,2,368)
r(65,8,2,368)
r(66,1,2,368)
w(63,7,2,368)
w(63,8,9,374)
r(67,0,9,374)
w(67,2,9,374)
r(67,2,9,374)
r(66,1,9,374)
r(67,2,9,374)
r(67,2,6,376)
r(67,2,6,376)
r(66,1,6,376)
w(67,4,6,376)
w(66,3,6,376)
r(67,4,6,376)
w(57,3,6,376)
r(68,0,5,378)
r(67,4,5,378)
w(68,2,5,378)
r(68,2,5,378)
w(69,1,7,383)
w(69,2,7,383)
w(57,5,7,383)
r(69,2,7,383)
r(68,2,7,383)
w(69,8,2,388)
r(66,3,2,388)
w(71,1,2,388)
w(71,2,2,388)
w(68,4,2,388)
r(68,4,2,388)
r(71,2,2,388)
r(71,2,2,388)
r(68,4,8,393)
w(68,8,8,393)
w(71,7,8,393)
w(57,6,8,393)
r(70,0,8,393)
r(71,7,8,393)
w(73,1,9,399)
r(73,1,9,399)
w(73,2,9,399)
w(72,1,9,399)
w(66,4,9,399)
r(73,2,9,399)
r(73,2,9,399)
r(70,0,3,402)
w(72,2,3,402)
w(66,6,3,402)
r(72,2,3,402)
w(72,3,3,402)
r(72,3,3,402)
r(73,2,3,402)
r(72,3,3,402)
r(70,0,7,407)
r(72,3,7,407)
w(74,1,7,407)
w(72,5,7,407)
r(72,5,7,407)
w(72,6,7,407)
r(66,6,7,407)
w(74,2,7,407)
r(72,6,6,412)
w(72,7,6,412)
r(74,2,6,412)
w(57,7,6,412)
w(74,8,6,412)
w(66,7,6,412)
w(72,8,6,412)
w(75,1,2,415)
w(75,2,2,415)
w(75,3,2,415)
w(76,1,2,415)
r(75,3,2,415)
r(75,3,2,415)
r(66,6,2,415)
r(76,1,2,415)
r(76,1,9,422)
w(79,1,9,422)
r(78,0,9,422)
w(79,2,9,422)
r(79,2,9,422)
r(78,0,9,422)
r(76,1,9,422)
r(78,0,9,422)
r(78,0,7,428)
r(79,2,7,428)
r(79,2,7,428)
w(79,8,7,428)
r(76,1,7,428)
w(78,3,7,428)
w(77,1,7,428)
r(79,2,3,429)
r(79,2,3,429)
r(76,1,3,429)
r(70,0,3,429)
r(78,0,3,429)
w(80,1,6,434)
w(78,4,6,434)
w(80,2,6,434)
r(80,2,6,434)
r(77,1,6,434)
w(76,8,6,434)
r(80,2,6,434)
r(81,0,6,434)
r(81,0,9,435)
r(80,0,9,435)
r(78,3,9,435)
r(80,0,9,435)
r(81,0,5,439)
r(80,2,5,439)
w(80,5,5,439)
w(81,1,5,439)
r(80,5,5,439)
r(80,5,5,439)
w(80,6,5,439)
r(80,6,3,442)
r(81,1,3,442)
w(82,1,3,442)
r(82,1,3,442)
w(81,4,3,442)
r(82,1,3,442)
w(82,2,3,442)
r(70,0,3,442)
r(82,2,4,445)
r(78,4,4,445)
r(82,2,4,445)
r(82,2,4,445)
r(81,4,4,445)
r(82,2,4,445)
w(82,5,4,445)
r(81,4,4,445)
r(82,5,7,448)
w(81,7,7,448)
r(82,5,7,448)
r(82,5,7,448)
r(82,5,2,450)
r(82,5,2,450)
r(81,4,2,450)
w(82,6,2,450)
r(82,6,2,450)
w(82,7,2,450)
r(82,7,9,454)
w(78,5,9,454)
w(77,2,9,454)
r(78,5,9,454)
w(83,4,0,459)
r(70,0,0,459)
r(83,4,0,459)
r(83,4,0,459)
r(81,7,0,459)
r(83,4,0,459)
r(83,4,0,459)
r(81,7,8,464)
w(77,3,8,464)
w(78,7,8,464)
r(83,0,8,464)
r(83,0,8,464)
w(78,8,8,464)
r(78,8,8,464)
r(85,0,1,466)
w(84,2,1,466)
r(78,8,1,466)
r(85,0,1,466)
r(84,2,1,466)
r(84,2,1,466)
r(83,4,5,470)
w(83,5,5,470)
w(83,6,5,470)
r(70,0,5,470)
r(83,6,5,470)
w(83,7,5,470)
r(78,5,5,470)
w(83,8,5,470)
w(85,5,3,475)
w(85,6,3,475)
r(85,6,3,475)
w(86,1,3,475)
r(84,2,5,478)
r(87,0,5,478)
r(86,1,5,478)
r(86,1,5,478)
r(85,6,4,481)
w(84,3,4,481)
r(86,1,4,481)
w(87,1,4,481)
w(87,2,4,481)
w(87,3,4,481)
r(87,3,4,481)
r(87,3,2,483)
r(84,3,2,483)
w(87,5,2,483)
r(84,3,2,483)
r(84,3,2,483)
w(84,4,2,483)
r(87,5,2,483)
w(87,8,1,487)
r(87,8,1,487)
w(86,5,1,487)
r(70,0,1,487)
r(87,8,1,487)
w(84,6,5,489)
r(86,5,5,489)
w(84,7,5,489)
r(84,7,5,489)
w(84,8,5,489)
r(84,8,5,489)
w(88,1,0,493)
r(86,5,0,493)
w(88,2,0,493)
r(86,5,0,493)
w(88,3,0,493)
w(89,2,0,496)
w(88,5,0,496)
r(89,2,0,496)
r(88,5,0,496)
w(89,3,0,496)
r(89,3,0,496)
r(77,3,0,496)
r(88,5,7,500)
w(89,6,7,500)
w(77,6,7,500)
r(89,6,7,500)
w(88,7,7,500)
r(89,6,7,500)
w(89,7,7,500)
r(86,5,5,501)
r(88,5,5,501)
w(86,7,5,501)
r(89,3,5,501)
r(89,3,5,501)
r(88,5,5,501)
w(86,8,8,503)
r(89,7,8,503)
r(70,0,8,503)
w(89,8,8,503)
w(88,8,6,505)
r(90,0,6,505)
r(90,0,6,505)
r(86,8,6,505)
r(88,8,3,507)
w(90,1,3,507)
w(90,2,3,507)
w(91,1,3,507)
r(86,8,3,507)
r(91,1,3,507)
r(77,6,5,509)
r(90,2,5,509)
w(91,2,5,509)
w(90,3,5,509)
w(90,4,5,509)
r(90,4,5,509)
w(90,5,1,515)
w(91,3,1,515)
w(90,6,1,515)
w(91,4,1,515)
w(77,7,7,517)
r(93,0,7,517)
w(94,1,7,517)
w(93,4,7,517)
w(93,5,3,519)
r(91,4,3,519)
r(91,4,3,519)
r(91,4,3,519)
w(91,7,3,519)
r(92,0,4,521)
r(93,5,4,521)
r(91,7,4,521)
r(93,5,4,521)
w(92,3,4,521)
r(93,5,0,524)
r(93,5,0,524)
w(92,4,0,524)
r(91,7,0,524)
r(93,5,0,524)
r(91,7,0,524)
w(91,8,0,524)
r(93,5,0,524)
w(93,6,6,530)
w(94,2,6,530)
r(95,0,6,530)
r(93,6,6,530)
w(94,3,6,530)
r(93,6,6,530)
w(93,7,6,530)
w(77,8,6,530)
w(95,1,2,532)
w(95,2,2,532)
r(95,2,2,532)
r(96,0,2,532)
w(95,3,2,532)
r(96,0,6,537)
r(92,4,6,537)
w(95,5,6,537)
r(96,0,6,537)
w(96,3,6,537)
w(96,7,9,544)
w(96,8,9,544)
r(92,4,9,544)
w(95,6,9,544)
r(92,4,9,544)
r(96,8,9,544)
r(95,5,3,545)
w(98,3,3,545)
r(94,3,3,545)
r(95,5,3,545)
w(98,4,3,545)
r(98,4,3,545)
w(98,6,5,553)
r(95,6,5,553)
w(92,6,5,553)
r(98,6,5,553)
w(94,8,3,554)
r(99,0,3,554)
r(100,0,3,554)
r(99,0,3,554)
r(100,0,3,554)
w(100,1,1,556)
r(100,1,1,556)
r(100,1,1,556)
r(100,1,1,556)
r(94,3,1,556)
w(100,2,1,556)
r(99,0,1,556)
w(100,3,1,556)
r(100,3,6,560)
r(100,3,6,560)
w(102,1,6,560)
r(99,0,6,560)
r(100,3,6,560)
w(100,6,8,563)
r(101,0,8,563)
r(100,6,8,563)
r(100,6,8,563)
r(99,0,8,563)
w(101,2,8,563)
r(97,0,8,563)
w(99,3,3,566)
w(103,1,3,566)
r(97,0,3,566)
r(99,3,3,566)
w(103,2,3,566)
r(103,2,5,569)
r(102,1,5,569)
r(103,2,5,569)
w(97,4,5,569)
r(103,2,5,569)
w(102,2,5,569)
r(103,2,5,569)
w(99,4,7,573)
r(99,4,7,573)
w(103,4,7,573)
r(99,4,7,573)
w(103,5,7,573)
w(102,3,2,583)
w(104,1,2,583)
r(99,4,2,583)
r(101,2,2,583)
r(104,1,2,583)
w(104,4,3,589)
r(105,0,3,589)
w(105,2,3,589)
w(105,3,3,589)
r(104,4,3,589)
w(104,8,2,597)
w(106,1,2,597)
r(107,0,2,597)
w(102,4,2,597)
r(107,0,2,597)
w(107,1,2,597)
w(105,6,2,597)
r(107,1,2,597)
w(106,5,4,610)
r(105,6,4,610)
r(107,1,4,610)
r(107,1,4,610)
r(107,1,4,610)
w(107,4,4,610)
w(108,1,4,610)
w(107,5,4,610)
r(97,4,8,612)
r(110,0,8,612)
r(109,0,8,612)
r(108,0,8,612)
w(109,2,8,612)
w(109,3,8,612)
w(109,5,4,620)
r(102,4,4,620)
w(110,2,4,620)
w(108,5,4,620)
w(108,6,4,620)
r(111,0,1,626)
r(111,0,1,626)
r(111,0,1,626)
w(111,4,1,626)
r(108,6,1,626)
w(111,8,7,633)
w(112,2,7,633)
r(112,2,7,633)
r(110,2,7,633)
w(113,1,7,633)
r(113,1,5,638)
r(113,1,5,638)
r(113,1,5,638)
w(113,4,5,638)
r(113,4,5,638)
r(113,4,5,638)
r(110,2,5,638)
w(113,5,5,638)
r(112,2,1,640)
r(113,1,1,640)
r(97,4,1,640)
w(112,5,1,640)
r(112,5,1,640)
w(97,8,7,647)
w(113,8,7,647)
w(115,1,7,647)
r(115,1,7,647)
r(115,1,7,647)
w(115,2,7,647)
r(115,0,5,649)
w(114,1,5,649)
w(110,7,5,649)
r(115,0,5,649)
r(115,0,5,649)
r(116,0,5,649)
w(115,7,6,653)
r(116,0,6,653)
r(110,7,6,653)
r(116,0,6,653)
w(115,8,6,653)
w(117,1,6,653)
r(117,1,6,653)
r(117,1,2,656)
r(117,1,2,656)
r(117,1,2,656)
r(117,1,2,656)
w(117,5,2,656)
w(117,6,2,656)
w(117,7,2,656)
w(119,3,0,659)
r(119,3,0,659)
r(114,1,0,659)
r(119,3,0,659)
r(119,3,0,659)
w(119,4,8,661)
r(119,4,8,661)
r(116,0,8,661)
w(116,4,8,661)
r(119,4,8,661)
r(119,4,5,666)
w(120,2,5,666)
r(116,4,5,666)
r(120,2,5,666)
r(119,4,0,667)
r(116,4,0,667)
r(120,0,0,667)
r(119,4,0,667)
w(121,4,2,673)
r(116,4,2,673)
r(121,4,2,673)
w(120,3,2,673)
r(121,4,7,677)
r(121,4,7,677)
r(122,0,7,677)
r(121,4,7,677)
w(121,8,0,683)
w(120,4,0,683)
r(122,0,0,683)
r(121,8,0,683)
w(122,2,0,683)
w(122,3,0,683)
r(120,4,5,688)
r(122,3,5,688)
r(122,3,5,688)
w(114,6,5,688)
r(123,0,5,688)
r(114,6,5,688)
w(118,4,5,688)
r(123,0,5,688)
r(123,0,4,690)
w(123,6,4,690)
r(123,6,4,690)
r(120,4,4,690)
w(124,1,4,690)
w(124,2,4,690)
r(125,0,5,694)
r(124,2,5,694)
r(114,6,5,694)
r(124,2,5,694)
r(123,6,9,695)
w(124,3,9,695)
r(123,6,9,695)
w(124,4,9,695)
r(120,4,9,695)
w(125,1,9,695)
r(125,1,9,695)
w(125,2,8,697)
r(125,2,8,697)
w(124,5,8,697)
r(125,2,8,697)
r(125,2,8,697)
r(124,5,8,697)
w(124,6,5,701)
r(125,2,5,701)
w(124,7,5,701)
w(125,3,5,701)
r(126,0,4,704)
r(125,3,4,704)
r(125,3,4,704)
r(125,3,4,704)
r(120,4,3,706)
w(126,1,3,706)
w(126,2,3,706)
r(118,4,3,706)
r(114,6,3,706)
w(125,5,3,706)
w(126,4,5,719)
w(127,5,5,719)
r(127,5,5,719)
w(127,6,5,719)
w(127,7,5,719)
w(118,6,5,719)
r(128,0,9,725)
w(128,1,9,725)
r(128,1,9,725)
w(128,2,9,725)
w(128,3,9,725)
r(128,3,8,730)
w(120,6,8,730)
r(126,4,8,730)
w(128,8,8,730)
r(128,8,8,730)
r(118,6,8,730)
w(120,7,8,730)
r(130,0,6,732)
r(131,0,6,732)
r(130,0,6,732)
r(131,0,6,732)
r(131,0,6,732)
r(126,4,2,733)
r(130,0,2,733)
r(130,0,2,733)
r(130,0,2,733)
w(126,8,2,733)
r(130,0,2,733)
r(120,4,2,733)
r(130,0,0,736)
w(130,1,0,736)
r(120,4,0,736)
r(118,6,0,736)
r(130,1,0,736)
w(130,2,0,736)
r(130,2,0,736)
w(130,7,8,737)
w(131,2,8,737)
r(131,2,8,737)
w(129,2,8,737)
w(130,8,8,740)
r(131,2,8,740)
r(132,0,8,740)
r(132,0,8,740)
r(129,2,8,740)
r(129,2,8,740)
w(131,3,8,740)
r(132,0,8,740)
r(132,0,6,741)
w(132,1,6,741)
r(132,1,6,741)
r(132,1,6,741)
r(132,1,6,741)
w(132,2,6,741)
w(132,3,0,744)
r(132,3,0,744)
r(131,3,0,744)
r(132,3,0,744)
w(131,4,0,744)
r(131,4,0,744)
r(131,4,0,744)
w(132,4,0,744)
w(131,5,0,748)
r(131,5,0,748)
r(132,4,0,748)
r(132,4,0,748)
r(132,4,0,748)
w(120,8,0,748)
w(118,7,7,750)
w(132,7,7,750)
r(132,7,7,750)
w(132,8,7,750)
r(129,2,7,750)
r(132,8,7,750)
r(132,4,8,752)
r(134,0,8,752)
w(134,1,8,752)
w(131,6,8,752)
r(129,2,8,752)
w(134,2,8,752)
w(133,1,7,758)
w(129,4,7,758)
r(134,2,7,758)
w(134,6,7,758)
r(118,7,7,758)
w(134,7,7,758)
r(131,6,7,758)
w(136,1,2,761)
r(135,0,2,761)
r(136,1,2,761)
r(135,0,2,761)
w(129,6,2,761)
r(136,1,2,761)
w(136,2,2,761)
w(135,3,8,763)
w(135,4,8,763)
r(135,4,8,763)
w(135,5,8,763)
r(135,5,8,763)
r(135,5,8,763)
r(133,1,8,763)
r(133,1,0,770)
w(135,6,0,770)
w(133,3,0,770)
r(136,2,0,770)
r(135,6,0,770)
r(136,2,1,779)
w(137,3,1,779)
w(137,4,1,779)
r(136,2,1,779)
w(137,5,1,779)
w(129,8,8,780)
w(138,3,8,780)
r(137,0,8,780)
r(137,0,8,780)
w(138,4,8,780)
r(140,0,1,785)
r(133,3,1,785)
r(138,4,1,785)
w(140,1,1,785)
w(140,2,1,785)
r(140,2,1,785)
w(140,5,9,797)
w(138,7,9,797)
w(140,6,9,797)
r(133,3,9,797)
w(118,8,9,797)
w(144,1,4,799)
r(141,0,4,799)
r(144,1,4,799)
w(142,1,4,799)
w(144,2,4,799)
r(141,0,4,799)
r(143,0,4,799)
r(141,0,4,799)
r(141,0,2,800)
r(141,0,2,800)
w(141,1,2,800)
r(141,1,2,800)
w(133,8,2,800)
w(141,2,2,800)
r(133,8,2,800)
w(141,3,2,800)
w(143,1,1,806)
r(141,0,1,806)
r(141,0,1,806)
r(141,0,1,806)
w(139,4,1,806)
r(144,0,1,806)
r(139,4,1,806)
r(145,0,4,810)
r(143,1,4,810)
w(144,6,4,810)
r(145,0,4,810)
r(146,0,5,825)
r(146,0,5,825)
r(148,0,5,825)
r(146,0,5,825)
r(150,0,4,846)
w(150,7,4,846)
r(150,7,4,846)
r(143,1,4,846)
r(139,4,4,846)
r(150,7,4,846)
r(143,1,4,846)
w(145,3,6,853)
r(145,3,6,853)
r(144,6,6,853)
r(145,3,6,853)
r(142,1,7,855)
r(151,0,7,855)
w(151,3,7,855)
w(151,4,7,855)
r(152,0,7,855)
r(139,4,7,855)
w(151,5,7,855)
w(148,1,5,859)
r(148,1,5,859)
w(146,6,5,859)
w(148,2,5,859)
w(148,3,5,859)
w(153,2,6,862)
r(152,0,6,862)
r(152,0,6,862)
r(149,0,6,862)
w(153,3,6,862)
r(149,0,6,862)
r(139,4,6,862)
r(153,3,7,868)
r(153,3,7,868)
r(153,3,7,868)
w(153,7,7,868)
w(153,8,7,868)
r(149,0,3,874)
r(154,0,3,874)
w(154,3,3,874)
r(154,3,3,874)
w(154,4,3,874)
r(154,4,3,874)
w(154,5,3,874)
r(155,0,9,880)
r(149,0,9,880)
r(156,0,9,880)
r(149,0,9,880)
w(155,3,9,880)
r(155,3,9,880)
w(155,4,9,880)
r(155,0,5,882)
r(156,0,5,882)
w(157,1,5,882)
r(155,0,5,882)
w(157,2,5,882)
r(155,0,5,882)
r(147,0,1,884)
r(147,0,1,884)
r(143,1,1,884)
w(146,4,1,884)
w(146,5,1,884)
r(155,4,9,885)
r(157,0,9,885)
w(155,7,9,885)
w(155,8,9,885)
r(158,0,9,885)
r(158,0,9,885)
r(158,0,9,891)
r(158,0,9,891)
w(152,3,9,891)
r(158,0,9,891)
w(158,4,9,891)
r(158,4,9,891)
r(158,4,5,895)
r(158,4,5,895)
w(157,7,5,895)
w(158,8,5,895)
w(156,1,5,895)
r(158,8,5,895)
w(159,1,5,895)
r(159,1,5,895)
r(159,1,4,899)
r(152,3,4,899)
r(161,0,4,899)
r(161,0,4,899)
r(159,1,3,900)
r(157,7,3,900)
r(152,3,3,900)
r(159,1,3,900)
r(156,1,3,900)
r(157,7,3,900)
w(159,4,3,900)
w(161,1,3,900)
w(161,2,3,903)
r(162,0,3,903)
w(159,5,3,903)
w(159,6,3,903)
r(156,1,3,903)
r(162,0,1,906)
r(156,1,1,906)
w(161,3,1,906)
w(163,1,1,906)
r(163,1,1,906)
w(161,4,3,908)
r(156,1,3,908)
r(161,4,3,908)
r(162,0,3,908)
r(163,1,3,908)
r(163,1,3,908)
r(161,4,9,911)
w(163,2,9,911)
w(161,5,9,911)
w(163,3,9,911)
r(156,1,9,911)
w(163,4,9,916)
w(162,2,9,916)
w(163,5,9,916)
r(163,5,9,916)
r(164,0,1,921)
r(164,0,1,921)
r(161,5,1,921)
r(164,0,1,921)
r(163,5,6,925)
w(162,6,6,925)
w(160,3,6,925)
w(162,7,6,925)
w(156,2,6,925)
w(161,7,4,928)
w(164,1,4,928)
w(164,2,4,928)
r(164,2,4,928)
r(161,7,4,928)
r(146,0,8,941)
r(146,0,8,941)
w(139,6,8,941)
r(147,0,8,941)
w(147,8,8,941)
r(147,8,8,941)
r(147,8,8,941)
w(143,6,8,941)
w(168,1,1,944)
r(156,2,1,944)
w(168,2,1,944)
w(167,5,1,944)
r(167,5,1,944)
r(168,2,1,944)
r(167,5,1,944)
r(167,0,8,946)
r(169,0,8,946)
r(169,0,8,946)
r(169,0,8,946)
r(165,0,8,946)
w(169,1,8,946)
w(169,2,8,946)
r(167,5,0,949)
r(169,2,0,949)
r(169,2,0,949)
r(167,5,0,949)
r(169,2,0,949)
w(167,8,0,949)
w(169,7,9,953)
r(169,7,9,953)
w(169,8,9,953)
r(160,3,9,953)
w(171,1,9,953)
w(170,1,9,953)
r(165,0,9,953)
w(165,4,2,957)
w(170,2,2,957)
w(171,3,2,957)
w(171,4,2,957)
w(171,5,2,957)
w(171,6,2,957)
r(171,6,2,957)
w(165,6,1,961)
r(170,2,1,961)
r(171,6,1,961)
r(171,6,1,961)
r(156,2,1,961)
w(160,6,9,966)
w(172,1,9,966)
r(172,1,9,966)
w(170,4,9,966)
w(170,5,9,966)
w(172,2,9,966)
w(170,6,9,966)
w(172,3,9,966)
w(165,7,5,972)
r(172,3,5,972)
w(172,5,5,972)
w(172,6,5,972)
r(172,3,7,974)
w(173,2,7,974)
r(165,6,7,974)
r(172,3,7,974)
r(160,6,7,974)
r(172,3,7,974)
r(172,3,7,974)
w(173,3,2,978)
w(172,8,2,978)
r(172,8,2,978)
r(172,8,2,978)
r(156,2,2,978)
r(173,3,1,981)
r(173,3,1,981)
r(174,0,1,981)
w(174,1,1,981)
r(174,1,1,981)
w(173,4,1,981)
r(174,1,1,981)
w(173,5,0,985)
r(174,1,0,985)
r(165,7,0,985)
r(174,1,0,985)
r(174,1,0,985)
r(174,1,3,992)
w(174,8,3,992)
w(176,1,3,992)
r(165,7,3,992)
w(175,1,7,996)
r(173,5,7,996)
r(176,1,7,996)
w(176,5,7,996)
w(176,6,7,996)
r(156,2,7,996)
w(173,8,7,996)
r(176,1,8,999)
r(173,5,8,999)
r(173,5,8,999)
w(177,1,8,999)
w(177,2,8,999)
r(176,1,8,999)
r(176,1,8,999)
w(176,7,2,1001)
w(176,8,2,1001)
w(178,1,2,1001)
r(177,0,2,1001)
r(177,2,2,1009)
r(180,0,2,1009)
r(177,2,2,1009)
r(177,2,2,1009)
r(178,1,7,1012)
r(179,0,7,1012)
w(177,4,7,1012)
w(178,5,7,1012)
r(179,0,7,1012)
w(178,6,7,1012)
r(181,0,3,1014)
r(175,1,3,1014)
w(181,2,3,1014)
w(180,2,3,1014)
r(175,1,9,1018)
w(180,5,9,1018)
r(156,2,9,1018)
r(180,5,9,1018)
w(180,7,2,1022)
w(181,7,2,1022)
r(177,4,2,1022)
r(180,7,2,1022)
r(175,1,2,1022)
w(182,3,2,1030)
r(156,2,2,1030)
w(183,1,2,1030)
w(182,4,2,1030)
r(183,1,2,1030)
r(182,4,2,1030)
r(182,4,2,1030)
r(182,4,2,1030)
w(184,2,4,1034)
w(184,3,4,1034)
w(184,4,4,1034)
r(183,1,4,1034)
w(184,5,4,1034)
w(177,7,3,1036)
w(183,5,3,1036)
r(184,0,3,1036)
r(184,0,3,1036)
w(184,6,7,1039)
r(183,1,7,1039)
w(184,7,7,1039)
w(184,8,7,1039)
r(185,0,7,1039)
w(185,1,7,1039)
r(185,1,7,1039)
r(185,0,3,1040)
w(177,8,3,1040)
r(183,5,3,1040)
r(185,0,3,1040)
r(185,1,8,1045)
r(185,1,8,1045)
r(175,1,8,1045)
r(185,1,8,1045)
w(187,1,8,1045)
r(187,1,8,1045)
w(185,2,0,1046)
w(185,3,0,1046)
w(185,4,0,1046)
w(185,5,0,1046)
w(183,6,0,1046)
w(183,7,0,1046)
r(186,0,0,1046)
r(156,2,0,1046)
r(185,5,9,1049)
w(185,8,9,1049)
r(186,0,9,1049)
r(187,1,9,1049)
r(175,1,9,1052)
r(185,8,9,1052)
r(185,8,9,1052)
r(156,2,9,1052)
w(156,5,9,1052)
r(187,1,9,1052)
w(187,2,8,1058)
w(188,1,8,1058)
r(186,0,8,1058)
r(175,1,8,1058)
r(156,2,8,1058)
w(186,3,8,1058)
w(186,4,8,1058)
r(186,4,8,1058)
w(188,6,8,1061)
r(187,2,8,1061)
r(188,6,8,1061)
r(188,6,8,1061)
r(188,6,8,1061)
r(189,0,8,1061)
w(188,7,8,1061)
w(189,1,3,1065)
w(189,2,3,1065)
w(188,8,3,1065)
r(189,2,3,1065)
r(186,4,3,1065)
r(190,0,3,1065)
r(190,0,3,1065)
r(189,2,2,1073)
w(190,6,2,1073)
r(190,6,2,1073)
r(156,5,2,1073)
r(190,6,4,1079)
w(191,1,4,1079)
r(191,1,4,1079)
w(191,2,4,1079)
w(191,3,4,1079)
w(175,6,4,1079)
r(191,3,4,1079)
r(192,0,4,1079)
w(192,1,0,1080)
r(175,1,0,1080)
r(192,1,0,1080)
r(175,1,0,1080)
r(193,0,0,1080)
r(191,3,7,1085)
w(191,5,7,1085)
r(156,5,7,1085)
w(191,6,7,1085)
r(191,6,7,1085)
r(191,6,7,1085)
r(191,6,7,1085)
r(191,6,0,1090)
r(191,6,0,1090)
w(194,1,0,1090)
w(194,2,0,1090)
r(156,5,0,1090)
r(192,1,1,1093)
r(194,2,1,1093)
r(194,2,1,1093)
r(193,0,1,1093)
r(194,2,6,1099)
w(194,5,6,1099)
r(192,1,6,1099)
w(194,6,6,1099)
r(156,5,6,1099)
w(193,3,2,1101)
r(156,5,2,1101)
r(192,1,2,1101)
r(194,2,2,1101)
r(194,2,2,1101)
r(175,6,6,1105)
w(195,1,6,1105)
w(196,3,6,1105)
w(195,2,6,1105)
w(195,3,6,1105)
r(196,3,6,1105)
r(193,3,6,1105)
w(197,1,5,1111)
r(156,5,5,1111)
w(196,4,5,1111)
w(196,5,5,1111)
r(197,1,5,1113)
r(197,1,5,1113)
w(197,3,5,1113)
r(196,5,5,1113)
w(196,6,5,1122)
w(197,4,5,1122)
r(197,4,5,1122)
w(197,5,5,1122)
r(196,6,5,1122)
r(197,5,5,1122)
w(197,6,5,1122)
r(200,0,6,1126)
r(200,0,6,1126)
r(200,0,6,1126)
w(200,1,6,1126)
w(199,3,6,1126)
r(199,3,6,1126)
w(199,4,6,1126)
r(199,4,6,1126)
r(200,1,3,1128)
r(200,1,3,1128)
r(199,4,3,1128)
w(199,6,3,1128)
w(193,8,3,1128)
r(193,8,3,1128)
r(199,6,3,1131)
w(198,3,3,1131)
r(200,1,3,1131)
r(199,6,3,1131)
r(198,3,3,1131)
r(201,0,9,1134)
r(200,1,9,1134)
r(201,0,9,1134)
r(201,0,9,1134)
r(156,5,9,1134)
w(200,8,9,1134)
r(201,0,9,1134)
w(201,1,2,1138)
r(201,1,2,1138)
w(201,2,2,1138)
r(200,8,2,1138)
w(201,3,2,1138)
r(203,0,6,1145)
w(203,2,6,1145)
r(203,2,6,1145)
r(203,2,6,1145)
w(203,6,8,1151)
w(202,2,8,1151)
r(203,6,8,1151)
r(205,0,8,1151)
r(203,6,7,1158)
r(203,6,7,1158)
r(203,6,7,1158)
r(203,6,7,1158)
r(202,2,9,1159)
r(205,0,9,1159)
r(203,6,9,1159)
w(198,5,9,1159)
w(203,8,9,1159)
r(203,8,9,1159)
r(205,0,8,1160)
w(205,6,8,1160)
r(203,6,8,1160)
w(205,7,8,1160)
r(205,7,8,1160)
r(203,6,8,1160)
w(206,1,0,1162)
r(207,0,0,1162)
w(207,1,0,1162)
r(198,5,0,1162)
r(202,2,0,1162)
w(202,3,7,1167)
r(207,0,7,1167)
r(202,3,7,1167)
r(206,0,7,1167)
r(207,0,7,1167)
r(207,1,6,1169)
r(202,2,6,1169)
r(207,1,6,1169)
r(207,1,6,1169)
r(207,1,6,1169)
r(206,1,6,1169)
r(207,1,6,1169)
w(206,5,3,1174)
w(206,6,3,1174)
w(207,6,3,1174)
r(202,3,3,1174)
r(207,6,3,1174)
w(207,7,3,1174)
w(204,1,4,1180)
r(206,6,4,1180)
w(208,1,4,1180)
w(204,2,4,1180)
r(202,3,4,1180)
w(209,2,3,1184)
w(210,1,3,1184)
r(209,2,3,1184)
r(198,5,3,1184)
r(209,2,0,1188)
w(210,2,0,1188)
w(210,3,0,1188)
w(210,4,0,1188)
w(210,8,3,1198)
w(212,1,3,1198)
r(198,5,3,1198)
r(209,2,3,1198)
w(198,7,3,1198)
w(212,2,3,1198)
r(212,2,3,1198)
r(209,2,3,1201)
r(212,2,3,1201)
r(209,2,3,1201)
r(212,2,3,1201)
w(211,4,1,1205)
w(212,7,1,1205)
r(209,2,1,1205)
w(212,8,1,1205)
r(212,8,1,1205)
w(213,1,1,1205)
r(213,1,1,1205)
r(213,1,1,1205)
r(209,2,2,1210)
w(209,8,2,1210)
r(213,1,2,1210)
r(213,1,2,1210)
r(214,0,2,1210)
w(213,5,2,1210)
r(211,4,3,1213)
w(214,1,3,1213)
w(213,6,3,1213)
w(214,2,3,1213)
w(213,7,3,1213)
r(215,0,6,1215)
w(211,7,6,1215)
r(215,0,6,1215)
r(215,0,6,1215)
r(215,0,6,1215)
r(215,0,6,1215)
r(198,7,6,1215)
w(215,3,6,1219)
w(214,4,6,1219)
w(214,5,6,1219)
w(204,4,6,1219)
r(215,3,6,1222)
w(211,8,6,1222)
w(214,6,6,1222)
r(215,3,6,1222)
r(215,3,6,1222)
r(215,3,6,1222)
r(214,6,2,1229)
w(218,1,2,1229)
r(218,1,2,1229)
r(218,1,2,1229)
r(218,1,2,1229)
r(218,1,2,1229)
r(214,6,2,1229)
w(214,8,7,1231)
r(214,8,7,1231)
r(218,0,7,1231)
r(218,0,7,1231)
r(216,0,7,1231)
r(219,0,7,1231)
w(219,1,7,1231)
r(218,1,1,1238)
r(219,1,1,1238)
r(216,0,1,1238)
r(219,1,1,1238)
r(218,1,1,1238)
r(218,1,1,1238)
w(216,5,1,1238)
r(218,1,1,1238)
r(220,0,2,1243)
w(220,2,2,1243)
w(220,3,2,1243)
w(219,7,2,1243)
r(219,7,2,1243)
w(220,4,2,1243)
r(217,0,2,1243)
r(217,0,2,1243)
r(219,7,3,1245)
r(220,4,3,1245)
r(216,5,3,1245)
r(220,4,3,1245)
w(220,5,0,1249)
r(221,0,0,1249)
r(220,5,0,1249)
w(220,6,0,1249)
w(220,7,0,1249)
w(221,1,0,1249)
w(216,7,4,1252)
w(216,8,4,1252)
r(216,8,4,1252)
r(222,0,4,1252)
r(222,0,3,1257)
w(222,1,3,1257)
w(222,2,3,1257)
r(222,2,3,1257)
w(222,3,3,1257)
r(222,3,3,1257)
r(221,1,3,1257)
r(223,0,4,1260)
r(204,4,4,1260)
w(222,7,4,1260)
r(222,7,4,1260)
w(223,1,4,1260)
w(222,8,4,1260)
w(224,1,6,1262)
r(221,1,6,1262)
w(224,2,6,1262)
r(224,2,6,1262)
r(224,2,6,1262)
r(221,1,3,1267)
r(224,2,3,1267)
r(221,1,3,1267)
r(224,2,3,1267)
r(224,2,5,1269)
w(224,6,5,1269)
r(224,6,5,1269)
w(224,7,5,1269)
r(224,7,5,1269)
r(224,7,5,1269)
w(217,3,5,1269)
r(225,0,9,1272)
w(225,1,9,1272)
r(221,1,9,1272)
r(221,1,9,1272)
w(225,2,9,1272)
w(225,3,9,1272)
w(226,3,4,1279)
r(226,3,4,1279)
r(204,4,4,1279)
r(226,3,4,1279)
w(226,4,4,1279)
r(226,4,4,1279)
r(226,0,6,1283)
r(227,0,6,1283)
r(227,0,6,1283)
w(227,1,6,1283)
w(227,2,6,1283)
r(227,0,7,1288)
r(227,0,7,1288)
w(226,6,7,1288)
r(227,0,7,1288)
w(226,7,7,1288)
r(227,0,7,1288)
r(228,0,5,1293)
w(204,6,5,1293)
w(228,1,5,1293)
r(227,2,5,1293)
r(228,1,5,1293)
w(217,4,5,1293)
r(223,1,7,1295)
w(227,5,7,1295)
r(228,0,7,1295)
r(217,3,7,1295)
r(228,1,0,1298)
w(228,8,0,1298)
r(204,6,0,1298)
r(227,5,0,1298)
r(217,4,0,1298)
w(227,6,0,1298)
r(217,4,1,1303)
w(229,1,1,1303)
r(229,1,1,1303)
w(229,2,1,1303)
w(229,3,1,1303)
w(229,4,1,1303)
r(229,4,5,1308)
r(204,6,5,1308)
r(229,4,5,1308)
r(229,4,5,1308)
w(230,1,5,1308)
w(229,8,5,1308)
r(229,8,5,1308)
r(232,0,1,1311)
r(230,1,1,1311)
w(230,3,1,1311)
w(232,1,1,1311)
r(231,0,1,1311)
r(231,0,1,1311)
r(231,0,1,1311)
w(231,4,1,1311)
r(231,4,5,1316)
r(231,4,5,1316)
r(232,1,5,1316)
w(231,5,5,1316)
r(231,4,2,1318)
r(230,3,2,1318)
r(231,4,2,1318)
r(232,1,2,1318)
w(217,6,2,1318)
w(232,6,7,1321)
r(231,5,7,1321)
r(231,5,7,1321)
r(232,6,7,1321)
r(232,6,7,1321)
r(231,5,7,1321)
r(232,1,0,1322)
w(231,6,0,1322)
r(232,1,0,1322)
r(232,1,0,1322)
r(231,6,0,1322)
r(232,1,0,1322)
r(231,6,0,1322)
w(231,7,0,1322)
r(230,3,9,1325)
w(217,7,9,1325)
r(230,3,9,1325)
r(230,3,9,1325)
r(232,6,4,1329)
r(231,7,4,1329)
r(232,6,4,1329)
w(231,8,4,1329)
w(234,1,4,1329)
r(233,0,4,1329)
r(234,1,8,1337)
r(235,0,8,1337)
r(237,0,8,1337)
w(230,5,8,1337)
w(237,1,7,1338)
r(237,1,7,1338)
r(237,1,7,1338)
r(237,1,7,1338)
w(234,7,6,1341)
w(234,8,6,1341)
r(236,0,6,1341)
w(235,3,6,1341)
w(235,4,6,1341)
w(235,5,6,1341)
w(233,1,3,1347)
r(237,1,3,1347)
r(236,0,3,1347)
r(233,1,3,1347)
r(238,0,3,1347)
r(238,0,1,1349)
r(237,1,1,1349)
w(230,6,1,1349)
r(233,1,1,1349)
r(237,1,1,1349)
w(237,7,8,1355)
w(237,8,8,1355)
r(237,8,8,1355)
r(239,0,8,1355)
r(238,0,8,1355)
w(238,3,8,1355)
w(239,1,0,1356)
r(236,0,0,1356)
r(239,1,0,1356)
r(239,1,0,1356)
r(230,6,0,1356)
r(230,6,0,1356)
r(239,1,6,1367)
r(230,6,6,1367)
w(238,7,6,1367)
w(238,8,6,1367)
r(239,1,2,1371)
r(239,1,2,1371)
r(239,1,2,1371)
r(230,6,2,1371)
w(239,3,2,1371)
w(239,4,2,1371)
w(239,5,2,1371)
w(239,6,2,1371)
r(242,0,1,1373)
w(242,4,1,1373)
r(240,0,1,1373)
r(242,4,1,1373)
r(240,0,1,1373)
r(242,4,1,1373)
w(242,6,9,1376)
r(242,6,9,1376)
w(241,3,9,1376)
w(242,7,9,1376)
r(242,7,9,1376)
r(242,7,9,1376)
r(242,7,5,1379)
w(240,2,5,1379)
r(242,7,5,1379)
r(240,2,5,1379)
r(242,7,5,1379)
r(242,7,5,1379)
w(242,8,5,1379)
r(236,0,5,1379)
w(240,3,1,1382)
r(241,3,1,1382)
w(243,1,1,1382)
r(243,1,1,1382)
w(236,2,4,1393)
r(240,3,4,1393)
w(243,2,4,1393)
w(243,3,4,1393)
w(243,4,4,1393)
r(240,3,4,1393)
w(243,5,4,1393)
r(243,5,4,1393)
w(244,2,8,1397)
r(244,2,8,1397)
r(244,2,8,1397)
r(240,3,8,1397)
r(240,3,8,1397)
r(240,3,4,1399)
w(240,6,4,1399)
r(244,2,4,1399)
r(240,6,4,1399)
r(244,2,4,1399)
w(244,4,4,1399)
r(240,6,4,1399)
r(244,4,7,1404)
r(240,6,7,1404)
w(244,5,7,1404)
r(240,6,7,1404)
w(240,7,7,1404)
r(244,5,7,1404)
w(240,8,7,1404)
w(244,6,7,1404)
w(246,2,2,1409)
w(246,3,2,1409)
w(241,7,2,1409)
r(236,2,2,1409)
w(246,4,2,1409)
w(246,5,2,1409)
r(250,0,7,1428)
r(250,0,7,1428)
r(250,0,7,1428)
r(251,0,7,1428)
r(251,0,7,1428)
r(249,0,7,1428)
w(252,1,7,1428)
r(252,1,7,1428)
r(252,1,7,1430)
r(251,0,7,1430)
r(252,1,7,1430)
w(251,1,7,1430)
r(252,1,7,1432)
r(252,1,7,1432)
w(252,2,7,1432)
r(252,2,7,1432)
w(252,3,7,1432)
w(252,4,7,1434)
r(251,1,7,1434)
w(251,2,7,1434)
w(251,3,7,1434)
w(252,5,7,1434)
r(252,5,7,1434)
w(251,4,7,1434)
r(236,2,8,1436)
w(245,5,8,1436)
r(247,0,8,1436)
r(245,5,8,1436)
r(247,0,8,1436)
r(245,5,8,1436)
w(245,6,8,1436)
r(245,6,8,1436)
w(249,5,7,1437)
r(251,4,7,1437)
r(251,4,7,1437)
w(252,6,7,1437)
r(251,4,7,1437)
r(249,5,4,1441)
w(248,7,4,1441)
r(250,0,4,1441)
w(248,8,4,1441)
r(249,5,7,1442)
r(233,1,7,1442)
r(249,5,7,1442)
r(252,6,7,1442)
r(250,0,3,1443)
w(250,7,3,1443)
r(233,1,3,1443)
r(251,4,3,1443)
r(236,2,3,1443)
w(250,8,3,1443)
w(252,7,8,1445)
r(249,5,8,1445)
w(251,5,8,1445)
w(249,6,8,1445)
w(253,1,8,1453)
w(251,7,8,1453)
r(251,7,8,1453)
w(251,8,8,1453)
r(251,8,8,1453)
w(254,1,8,1453)
w(255,2,8,1467)
w(254,2,8,1467)
w(254,3,8,1467)
r(255,2,8,1467)
w(254,4,8,1467)
w(255,3,8,1467)
w(249,7,0,1471)
w(255,6,0,1471)
w(255,7,0,1471)
r(255,7,0,1471)
w(254,7,0,1471)
r(256,0,4,1473)
r(254,7,4,1473)
r(254,7,4,1473)
r(254,7,4,1473)
r(249,7,4,1473)
r(254,7,9,1477)
r(254,7,9,1477)
r(236,2,9,1477)
r(256,0,9,1477)
w(256,4,9,1477)
r(256,4,9,1477)
r(249,7,9,1477)
r(254,7,9,1477)
w(256,6,1,1480)
w(256,7,1,1480)
w(257,2,1,1480)
r(258,0,1,1480)
r(256,7,1,1480)
w(256,8,1,1480)
r(256,8,1,1480)
r(257,2,1,1480)
w(259,1,2,1488)
w(258,2,2,1488)
r(258,2,2,1488)
r(257,2,2,1488)
w(259,2,2,1488)
w(257,4,2,1488)
w(259,3,2,1488)
w(259,4,2,1488)
w(260,3,7,1491)
r(260,3,7,1491)
r(260,3,7,1491)
r(260,3,7,1491)
r(260,3,7,1491)
r(261,0,2,1495)
w(261,1,2,1495)
r(261,1,2,1495)
r(261,1,2,1495)
w(233,7,8,1497)
w(260,4,8,1497)
r(257,4,8,1497)
w(260,5,8,1497)
w(258,4,8,1497)
r(260,5,8,1497)
r(258,4,8,1497)
w(258,5,9,1502)
w(261,2,9,1502)
r(258,5,9,1502)
r(258,5,9,1502)
r(236,2,9,1502)
r(261,2,9,1502)
r(261,2,9,1502)
r(261,2,0,1508)
r(263,0,0,1508)
w(262,4,0,1508)
w(263,1,0,1508)
r(264,0,0,1508)
r(262,4,0,1508)
r(262,0,2,1509)
r(264,0,2,1509)
r(264,0,2,1509)
r(264,0,2,1509)
w(262,5,8,1517)
r(264,0,8,1517)
w(262,6,8,1517)
w(264,1,8,1517)
r(263,1,8,1517)
w(263,2,8,1517)
r(267,0,2,1521)
r(262,6,2,1521)
w(266,2,2,1521)
w(267,2,2,1521)
r(263,2,2,1521)
w(267,3,2,1521)
w(267,4,2,1521)
r(267,0,5,1522)
r(267,0,5,1522)
r(267,0,5,1522)
r(267,0,5,1522)
w(268,1,5,1522)
r(267,0,5,1522)
w(263,4,5,1522)
r(267,4,6,1526)
r(267,4,6,1526)
w(263,6,6,1526)
r(263,6,6,1526)
r(268,1,6,1531)
r(268,1,6,1531)
r(267,4,6,1531)
r(267,4,6,1531)
r(268,1,9,1534)
w(268,6,9,1534)
r(267,4,9,1534)
w(268,7,9,1534)
r(267,4,9,1534)
w(267,7,9,1534)
w(267,8,9,1534)
r(267,8,9,1534)
w(270,2,8,1541)
r(270,2,8,1541)
r(270,2,8,1541)
r(270,2,8,1541)
w(269,3,8,1541)
w(270,3,8,1541)
r(266,2,8,1541)
w(271,2,3,1550)
r(272,0,3,1550)
w(265,2,3,1550)
r(265,2,3,1550)
w(272,7,3,1550)
r(266,2,0,1552)
r(274,0,0,1552)
w(274,1,0,1552)
r(273,0,0,1552)
r(273,0,0,1552)
w(271,3,9,1553)
w(273,1,9,1553)
w(272,8,9,1553)
r(272,8,9,1553)
w(271,4,9,1553)
r(272,8,9,1553)
w(273,2,9,1553)
r(273,2,7,1559)
w(274,2,7,1559)
w(271,5,7,1559)
r(273,2,7,1559)
r(274,2,7,1559)
r(271,5,7,1559)
w(274,3,7,1559)
r(274,3,7,1559)
r(273,2,5,1561)
r(273,2,5,1561)
w(271,8,5,1561)
r(274,3,5,1561)
r(275,0,5,1561)
w(275,1,5,1564)
r(275,1,5,1564)
w(275,2,5,1564)
w(275,3,5,1564)
w(276,1,5,1564)
r(276,1,5,1564)
r(275,3,5,1564)
w(275,5,8,1568)
w(276,3,8,1568)
r(275,5,8,1568)
w(275,6,8,1568)
r(275,6,8,1568)
r(275,6,8,1568)
w(275,7,8,1568)
w(277,5,2,1583)
w(277,6,2,1583)
r(277,6,2,1583)
r(277,6,2,1583)
w(276,5,2,1583)
w(276,6,2,1583)
r(277,6,2,1583)
r(277,6,2,1583)
r(280,0,4,1585)
r(280,0,4,1585)
r(279,0,4,1585)
r(266,2,4,1585)
r(273,2,4,1585)
r(281,0,4,1585)
r(281,0,4,1585)
w(281,1,4,1585)
w(280,4,8,1588)
w(280,5,8,1588)
w(280,6,8,1588)
w(280,7,8,1588)
w(280,8,8,1588)
r(280,8,8,1588)
r(266,2,5,1593)
w(279,1,5,1593)
w(279,2,5,1593)
w(273,7,5,1593)
r(281,0,5,1593)
w(279,3,5,1593)
r(282,0,7,1598)
w(281,5,7,1598)
w(281,6,7,1598)
w(281,7,7,1598)
r(282,0,7,1598)
w(283,1,7,1598)
r(284,0,6,1604)
r(283,1,6,1604)
w(284,1,6,1604)
r(283,1,6,1604)
r(284,1,6,1604)
w(282,2,6,1604)
w(283,5,6,1604)
w(283,6,6,1604)
w(284,7,4,1615)
w(285,1,4,1615)
r(284,7,4,1615)
w(282,4,4,1615)
r(285,1,4,1615)
r(287,0,2,1618)
r(287,0,2,1618)
r(287,0,2,1618)
r(287,0,2,1618)
r(285,1,2,1618)
w(288,3,7,1628)
w(288,4,7,1628)
w(288,5,7,1628)
r(288,5,7,1628)
r(288,5,7,1628)
w(288,6,7,1628)
r(288,6,7,1628)
r(265,2,6,1630)
r(285,1,6,1630)
r(289,0,6,1630)
r(266,2,6,1630)
r(289,0,8,1634)
r(285,1,8,1634)
w(285,7,8,1634)
w(289,2,8,1634)
r(285,7,8,1634)
w(285,8,8,1634)
r(289,2,8,1634)
w(289,3,8,1634)
r(289,3,9,1638)
w(290,1,9,1638)
w(290,2,9,1638)
r(289,3,9,1638)
r(290,0,5,1639)
r(289,3,5,1639)
r(265,2,5,1639)
w(292,1,5,1639)
r(292,1,5,1639)
r(290,0,5,1639)
w(290,3,0,1644)
r(292,1,0,1644)
w(266,6,0,1644)
r(266,6,0,1644)
r(291,0,8,1650)
r(292,1,8,1650)
w(292,2,8,1650)
w(266,7,8,1650)
w(292,3,8,1650)
r(266,7,3,1657)
w(293,2,3,1657)
w(290,5,3,1657)
w(293,3,3,1657)
w(293,8,5,1662)
r(290,5,5,1662)
r(294,0,5,1662)
r(266,7,5,1662)
r(294,0,6,1665)
r(295,0,6,1665)
w(294,2,6,1665)
w(294,3,6,1665)
r(295,0,6,1665)
w(295,1,6,1665)
w(294,4,6,1665)
r(295,1,6,1665)
w(295,3,5,1667)
r(294,4,5,1667)
r(295,3,5,1667)
r(295,3,5,1667)
r(294,4,5,1667)
r(295,3,6,1671)
r(290,5,6,1671)
w(295,4,6,1671)
r(295,4,6,1671)
r(294,4,6,1671)
r(290,5,6,1671)
r(294,4,6,1671)
r(295,4,6,1675)
w(295,6,6,1675)
r(295,6,6,1675)
r(294,4,6,1675)
r(296,0,6,1675)
w(295,7,6,1675)
r(294,4,4,1679)
w(297,1,4,1679)
r(297,1,4,1679)
r(265,2,4,1679)
w(299,1,4,1679)
w(299,2,4,1679)
r(265,2,4,1679)
w(297,5,0,1686)
r(297,5,0,1686)
r(299,2,0,1686)
w(297,6,0,1686)
w(299,5,0,1686)
w(298,1,0,1686)
r(265,2,0,1686)
w(265,6,6,1688)
r(297,1,6,1688)
r(300,0,6,1688)
w(300,1,6,1688)
r(296,0,6,1688)
r(300,1,6,1688)
r(300,1,6,1688)
w(299,8,5,1696)
w(300,5,5,1696)
w(300,6,5,1696)
w(300,7,5,1696)
r(300,7,5,1696)
w(298,4,8,1702)
w(301,4,8,1702)
w(301,5,8,1702)
r(301,5,8,1702)
r(302,0,8,1702)
w(303,2,3,1706)
r(303,2,3,1706)
r(298,4,3,1706)
w(303,3,3,1706)
w(303,4,3,1706)
w(303,7,2,1711)
w(303,8,2,1711)
r(302,0,2,1711)
w(302,5,2,1711)
w(296,2,2,1711)
r(298,4,7,1715)
w(304,2,7,1715)
w(304,3,7,1715)
r(304,3,7,1715)
r(265,6,7,1715)
r(304,3,7,1715)
w(304,5,3,1717)
r(298,4,3,1717)
w(304,6,3,1717)
r(304,6,3,1717)
r(302,5,0,1722)
w(302,8,0,1722)
r(302,8,0,1722)
r(304,6,0,1722)
w(304,7,0,1722)
r(304,7,0,1722)
r(302,8,0,1722)
r(298,4,0,1722)
r(296,2,5,1726)
r(304,6,5,1726)
w(298,5,5,1726)
w(298,6,5,1726)
r(304,6,5,1726)
r(304,6,5,1726)
r(305,0,5,1726)
w(305,1,1,1731)
w(306,1,1,1731)
r(306,1,1,1731)
w(305,2,1,1731)
r(306,1,1,1738)
r(306,1,1,1738)
w(305,6,1,1738)
r(305,6,1,1738)
r(308,0,1,1738)
r(306,1,1,1738)
r(307,0,1,1738)
r(306,1,1,1738)
r(308,0,4,1740)
r(305,2,4,1740)
r(306,1,4,1740)
r(308,0,4,1740)
w(306,6,4,1740)
r(309,0,7,1744)
r(308,0,7,1744)
r(305,6,7,1744)
r(308,0,7,1744)
r(309,0,2,1746)
w(309,1,2,1746)
w(305,8,2,1746)
r(309,1,2,1746)
w(309,2,2,1746)
w(309,4,6,1750)
r(309,4,6,1750)
r(309,4,6,1750)
w(296,3,6,1750)
w(310,1,6,1750)
r(310,1,3,1756)
w(308,4,3,1756)
w(310,3,3,1756)
r(308,4,3,1756)
w(310,4,3,1756)
r(296,3,3,1756)
r(296,3,3,1756)
r(307,0,8,1759)
r(307,0,8,1759)
r(310,4,8,1759)
r(308,4,8,1759)
r(311,0,8,1759)
r(310,4,8,1759)
w(311,1,8,1759)
w(311,2,0,1765)
r(311,2,0,1765)
r(308,4,0,1765)
r(296,3,0,1765)
w(311,3,0,1765)
w(310,8,0,1765)
w(311,4,0,1765)
r(310,8,0,1765)
w(307,3,2,1766)
r(311,1,2,1766)
r(311,1,2,1766)
w(296,4,2,1766)
r(312,0,9,1772)
r(311,4,9,1772)
r(311,4,9,1772)
w(311,8,9,1772)
w(312,1,9,1772)
r(313,0,9,1772)
r(311,8,9,1772)
w(313,1,9,1772)
w(312,4,6,1777)
r(314,0,6,1777)
w(313,6,6,1777)
r(314,0,6,1777)
r(296,4,6,1777)
r(314,0,6,1777)
r(314,0,6,1777)
r(313,6,3,1781)
w(314,2,3,1781)
r(314,2,3,1781)
w(314,3,3,1781)
r(314,3,3,1781)
w(313,7,3,1781)
r(314,3,7,1782)
r(313,7,7,1782)
w(313,8,7,1782)
r(296,4,7,1782)
r(313,7,5,1783)
r(312,4,5,1783)
r(313,7,5,1783)
r(296,4,5,1783)
w(296,5,5,1783)
r(314,3,5,1783)
w(314,4,2,1787)
r(314,4,2,1787)
w(314,5,2,1787)
w(315,1,2,1787)
r(312,4,2,1787)
w(312,5,2,1787)
w(314,6,2,1787)
w(312,6,2,1787)
r(315,1,4,1791)
w(314,8,4,1791)
r(314,8,4,1791)
w(296,6,4,1791)
w(316,1,4,1791)
r(316,1,4,1791)
w(315,2,1,1792)
r(307,3,1,1792)
r(316,0,1,1792)
r(316,0,1,1792)
r(312,6,9,1794)
r(315,1,9,1794)
r(307,3,9,1794)
r(296,6,9,1794)
r(315,1,9,1794)
r(316,1,9,1794)
r(312,6,9,1794)
w(315,3,8,1800)
r(316,1,8,1800)
w(316,2,8,1800)
r(316,2,8,1800)
w(316,3,8,1800)
r(317,0,9,1804)
w(312,8,9,1804)
r(317,0,9,1804)
r(317,0,9,1804)
w(317,1,2,1808)
w(317,2,2,1808)
r(315,3,2,1808)
w(315,7,2,1808)
w(317,3,2,1808)
r(317,3,8,1812)
r(296,6,8,1812)
w(317,6,8,1812)
r(318,0,8,1812)
w(317,7,8,1812)
r(318,0,3,1816)
r(319,0,3,1816)
r(319,0,3,1816)
r(320,0,3,1816)
r(317,7,5,1818)
r(317,7,5,1818)
r(319,0,5,1818)
r(318,0,5,1818)
r(317,7,5,1818)
w(320,1,5,1818)
r(296,6,1,1823)
r(320,1,1,1823)
r(319,0,1,1823)
w(320,2,1,1823)
w(296,8,1,1823)
r(296,8,1,1823)
w(318,3,1,1823)
w(320,3,1,1823)
w(320,7,7,1828)
w(318,5,7,1828)
r(319,0,7,1828)
r(319,0,7,1828)
w(320,8,7,1828)
r(322,0,7,1833)
w(319,8,7,1833)
w(322,3,7,1833)
r(322,3,7,1833)
r(322,3,7,1835)
r(319,8,7,1835)
w(322,4,7,1835)
r(321,0,7,1835)
w(322,5,7,1835)
r(318,5,7,1835)
w(322,6,7,1835)
r(322,6,7,1835)
r(322,6,4,1838)
r(322,6,4,1838)
w(318,6,4,1838)
r(318,6,4,1838)
w(322,7,4,1838)
w(318,7,1,1840)
r(322,7,1,1840)
w(323,1,1,1840)
r(322,7,1,1840)
w(322,8,1,1840)
r(322,8,1,1840)
w(318,8,1,1840)
r(323,0,8,1841)
r(324,0,8,1841)
r(324,0,8,1841)
w(324,1,8,1841)
r(318,6,8,1841)
r(324,1,8,1841)
r(318,6,8,1841)
r(324,1,8,1841)
r(324,1,6,1843)
r(323,1,6,1843)
w(324,2,6,1843)
r(323,1,6,1843)
r(323,1,6,1843)
r(323,1,6,1843)
r(307,3,6,1843)
r(324,2,7,1850)
r(323,1,7,1850)
r(323,1,7,1850)
r(324,2,7,1850)
w(324,7,3,1851)
r(324,7,3,1851)
w(321,2,3,1851)
w(325,2,3,1851)
w(323,4,3,1851)
w(324,8,8,1857)
r(325,2,8,1857)
r(325,2,8,1857)
r(324,8,8,1857)
r(326,0,8,1857)
w(325,3,8,1857)
w(325,4,8,1857)
w(307,7,5,1864)
r(326,0,5,1864)
w(323,7,5,1864)
w(326,6,5,1864)
w(326,7,5,1864)
r(327,0,2,1865)
w(328,1,2,1865)
r(325,4,2,1865)
w(327,1,2,1865)
r(325,4,2,1865)
w(328,2,2,1865)
r(327,1,6,1873)
w(327,4,6,1873)
r(328,2,6,1873)
w(325,7,6,1873)
w(321,3,6,1873)
r(328,2,6,1873)
r(327,4,6,1873)
r(328,2,7,1876)
r(321,3,7,1876)
r(328,2,7,1876)
r(327,4,7,1876)
r(321,3,1,1877)
r(328,2,1,1877)
r(328,2,1,1877)
r(329,0,1,1877)
r(328,2,1,1877)
w(327,7,1,1877)
w(327,8,8,1880)
r(328,2,8,1880)
r(328,2,8,1880)
w(330,1,8,1880)
w(331,1,3,1883)
w(329,2,3,1883)
w(321,4,3,1883)
r(329,2,3,1883)
r(331,1,3,1883)
w(331,5,5,1887)
w(331,6,5,1887)
r(330,1,5,1887)
r(330,1,5,1887)
r(330,1,5,1887)
w(331,7,5,1887)
w(331,8,5,1887)
w(321,5,5,1887)
w(332,1,6,1888)
w(307,8,6,1888)
r(330,1,6,1888)
r(332,1,6,1888)
r(330,1,6,1888)
r(332,1,6,1888)
r(332,1,6,1888)
r(332,1,6,1888)
r(330,1,7,1891)
r(332,1,7,1891)
w(332,6,7,1891)
r(329,2,7,1891)
w(332,7,7,1891)
w(332,8,5,1895)
r(332,8,5,1895)
r(332,8,5,1895)
r(330,1,5,1895)
r(330,1,5,1895)
w(333,1,5,1895)
w(333,2,5,1895)
w(333,3,5,1895)
w(330,6,1,1902)
w(321,7,1,1902)
w(329,3,1,1902)
w(329,4,1,1902)
r(330,1,4,1904)
w(336,1,4,1904)
w(336,2,4,1904)
r(336,2,4,1904)
r(334,0,4,1904)
r(336,2,7,1906)
w(336,3,7,1906)
w(336,4,7,1906)
w(330,8,7,1906)
r(330,8,7,1906)
r(336,4,7,1906)
r(330,8,3,1909)
r(335,0,3,1909)
r(330,8,3,1909)
r(336,4,3,1909)
w(336,8,3,1909)
r(338,0,3,1909)
w(338,1,3,1909)
w(338,2,6,1913)
r(338,2,6,1913)
r(335,0,6,1913)
r(338,2,6,1913)
w(337,1,6,1913)
w(337,2,6,1913)
r(338,2,6,1913)
r(338,2,6,1919)
r(338,2,6,1919)
r(338,2,6,1919)
r(338,2,6,1919)
r(337,2,6,1919)
r(334,0,8,1921)
w(338,6,8,1921)
r(337,2,8,1921)
w(338,7,8,1921)
r(338,7,8,1921)
w(338,8,8,1921)
w(329,6,8,1921)
r(338,8,8,1921)
w(337,5,2,1924)
w(339,1,2,1924)
r(339,1,2,1924)
w(337,6,2,1924)
w(339,2,2,1924)
w(337,8,1,1930)
w(339,8,1,1930)
r(337,8,1,1930)
r(339,8,1,1930)
r(337,8,1,1930)
r(337,8,1,1930)
w(340,1,0,1937)
w(340,2,0,1937)
r(340,2,0,1937)
r(340,2,0,1937)
r(340,2,0,1937)
r(340,2,0,1937)
w(340,3,0,1937)
w(329,8,0,1937)
w(335,2,1,1938)
r(341,0,1,1938)
r(340,0,1,1938)
r(335,2,1,1938)
r(340,3,0,1946)
r(335,2,0,1946)
w(340,7,0,1946)
r(340,7,0,1946)
r(341,0,0,1946)
r(340,3,9,1948)
r(340,3,9,1948)
r(335,2,9,1948)
r(340,3,9,1948)
r(335,2,9,1948)
r(340,3,9,1948)
r(334,0,9,1948)
r(334,0,9,1948)
r(341,0,1,1952)
w(343,3,1,1952)
r(335,2,1,1952)
r(343,3,1,1952)
w(342,3,6,1954)
w(341,6,6,1954)
r(334,0,6,1954)
w(335,3,6,1954)
r(342,3,6,1954)
r(342,3,6,1954)
r(340,3,6,1954)
w(342,4,6,1954)
w(343,7,0,1955)
r(344,0,0,1955)
r(343,7,0,1955)
r(343,7,0,1955)
w(343,8,3,1963)
w(344,1,3,1963)
r(344,1,3,1963)
w(345,1,3,1963)
r(345,1,2,1969)
w(345,7,2,1969)
r(345,7,2,1969)
w(334,3,2,1969)
w(344,3,2,1969)
r(345,1,8,1970)
r(345,1,8,1970)
r(344,1,8,1970)
r(342,4,8,1970)
r(342,4,8,1970)
r(345,1,8,1970)
w(346,2,5,1975)
w(344,4,5,1975)
w(344,5,5,1975)
w(346,3,5,1975)
r(346,3,5,1975)
r(346,3,9,1980)
w(346,5,9,1980)
r(335,3,9,1980)
r(346,5,9,1980)
w(335,6,9,1980)
w(346,6,9,1980)
w(344,7,9,1980)
r(346,6,9,1980)
w(347,1,5,1985)
r(347,1,5,1985)
r(347,1,5,1985)
r(347,1,5,1985)
w(348,1,5,1985)
w(348,2,5,1985)
r(348,2,9,1990)
r(349,0,9,1990)
r(349,0,9,1990)
w(335,8,9,1990)
w(342,7,8,1991)
r(348,2,8,1991)
r(342,7,8,1991)
w(347,8,8,1991)
r(349,0,8,1991)
w(342,8,8,1991)
r(349,0,8,1991)
r(349,0,8,1991)
r(334,3,1,1995)
r(349,0,1,1995)
w(349,1,1,1995)
r(334,3,1,1995)
r(348,2,1,1995)
r(349,1,1,1995)
w(348,4,1,1995)
r(348,4,9,1997)
r(349,1,9,1997)
r(334,3,9,1997)
r(349,1,9,1997)
r(350,0,9,1997)
r(349,1,9,1997)
r(349,1,9,1997)
