r(4,0,4,1)
w(2,1,4,1)
r(4,0,4,1)
r(4,0,4,1)
r(1,0,2,3)
w(4,1,2,3)
r(3,0,2,3)
r(2,1,2,3)
r(4,1,2,3)
r(1,0,2,3)
r(4,1,2,3)
w(4,2,2,3)
r(3,0,15,5)
r(2,1,15,5)
w(3,1,15,5)
w(4,3,15,5)
r(3,1,15,5)
r(3,1,13,7)
w(5,1,13,7)
w(5,2,13,7)
r(3,1,13,7)
w(2,2,0,10)
r(2,2,0,10)
r(3,1,0,10)
r(2,2,0,10)
w(3,2,0,10)
r(5,2,0,10)
r(2,2,5,13)
r(3,2,5,13)
r(3,2,5,13)
r(5,2,5,13)
w(1,1,19,15)
w(5,3,19,15)
r(5,3,19,15)
r(3,2,19,15)
w(6,1,19,15)
r(5,3,19,15)
r(5,3,6,17)
r(3,2,6,17)
r(7,0,6,17)
w(7,1,6,17)
w(6,2,6,17)
w(6,3,6,17)
w(7,2,6,17)
w(7,3,13,19)
r(6,3,13,19)
w(8,1,13,19)
r(1,1,13,19)
w(9,1,13,19)
w(8,2,9,21)
r(9,1,9,21)
r(8,2,9,21)
w(1,2,9,21)
w(9,2,9,21)
r(9,2,9,21)
r(9,2,9,21)
r(9,2,13,23)
r(9,2,13,23)
r(1,2,13,23)
r(3,2,13,23)
r(1,2,13,23)
r(3,2,13,23)
w(9,3,13,23)
r(8,2,5,25)
r(3,2,5,25)
r(1,2,5,25)
w(3,3,5,25)
r(9,3,5,25)
r(9,3,11,27)
r(3,3,11,27)
w(10,1,11,27)
r(3,3,11,27)
r(1,2,9,29)
r(0,0,9,29)
r(8,2,9,29)
r(1,2,9,29)
r(10,1,9,29)
r(10,1,9,29)
w(10,2,9,29)
w(10,3,11,31)
r(8,2,11,31)
r(12,0,11,31)
r(11,0,11,31)
r(12,0,11,31)
r(11,0,11,31)
w(12,1,11,31)
r(12,1,11,31)
r(0,0,7,33)
w(8,3,7,33)
r(11,0,7,33)
r(12,1,7,33)
w(12,2,7,33)
r(11,0,7,33)
w(11,1,1,35)
r(12,2,1,35)
r(12,2,1,35)
r(11,1,1,35)
r(11,1,1,35)
r(1,2,18,37)
r(12,2,18,37)
r(12,2,18,37)
r(12,2,18,37)
w(12,3,18,39)
r(11,1,18,39)
w(1,3,18,39)
w(11,2,18,39)
r(13,0,18,39)
w(13,1,18,39)
w(11,3,18,39)
r(13,1,14,41)
r(13,1,14,41)
r(13,1,14,41)
r(0,0,14,41)
r(13,1,14,41)
r(15,0,19,45)
r(1,3,19,45)
w(15,2,19,45)
w(15,3,19,45)
r(0,0,19,45)
w(17,1,19,45)
w(14,3,19,45)
r(14,3,4,47)
w(17,2,4,47)
r(16,0,4,47)
r(17,2,4,47)
r(17,2,8,51)
w(17,3,8,51)
w(19,1,8,51)
w(0,1,8,51)
w(18,1,17,53)
w(18,2,17,53)
w(18,3,17,53)
r(16,0,17,53)
w(16,1,17,53)
r(16,1,7,55)
r(21,0,7,55)
w(20,1,7,55)
r(21,0,7,55)
w(20,2,7,55)
w(21,1,18,57)
w(21,2,18,57)
r(20,2,18,57)
r(16,1,18,57)
w(20,3,18,57)
r(16,1,18,57)
w(22,2,17,61)
w(22,3,17,61)
w(24,1,17,61)
w(24,2,17,61)
r(24,2,17,61)
r(1,3,17,61)
w(0,2,17,61)
r(24,2,4,63)
w(24,3,4,63)
r(24,3,4,63)
r(23,0,4,63)
r(16,1,4,63)
r(24,3,4,63)
r(24,3,12,65)
w(25,1,12,65)
r(23,0,12,65)
w(25,2,12,65)
w(16,3,12,65)
w(25,3,12,65)
r(23,0,17,67)
w(0,3,17,67)
r(27,0,17,67)
r(26,0,17,67)
r(27,0,17,67)
r(27,0,17,67)
r(23,0,17,67)
r(23,0,1,69)
w(27,1,1,69)
r(27,1,1,69)
w(23,1,1,69)
w(27,2,1,69)
r(23,1,8,71)
w(26,1,8,71)
r(26,1,8,71)
r(27,2,8,71)
r(27,2,8,71)
w(27,3,8,71)
r(27,3,8,71)
r(27,3,8,71)
r(27,3,3,73)
r(23,1,3,73)
r(23,1,3,73)
r(28,0,3,73)
w(28,1,3,73)
w(28,2,3,73)
r(28,2,3,73)
w(28,3,3,73)
r(28,3,14,75)
w(26,2,14,75)
r(23,1,14,75)
r(28,3,14,75)
r(28,3,17,77)
r(28,3,17,77)
r(29,0,17,77)
r(28,3,17,77)
r(30,0,4,79)
r(30,0,4,79)
r(23,1,4,79)
r(23,1,4,79)
w(26,3,4,79)
r(30,0,4,79)
w(30,1,4,79)
w(30,2,12,81)
r(23,1,12,81)
w(30,3,12,81)
w(29,1,12,81)
r(23,1,12,81)
w(23,2,12,81)
r(26,3,12,81)
r(32,0,12,81)
w(23,3,8,83)
w(32,1,8,83)
w(32,2,8,83)
r(23,3,8,83)
r(32,2,8,83)
r(23,3,13,85)
r(32,2,13,85)
w(33,1,13,85)
r(32,2,13,85)
w(32,3,13,85)
w(29,2,13,85)
r(34,0,13,85)
w(34,1,9,87)
r(34,1,9,87)
r(34,1,9,87)
w(33,2,9,87)
w(29,3,9,87)
w(33,3,18,89)
w(34,2,18,89)
r(33,3,18,89)
w(31,1,18,89)
r(34,2,0,91)
r(34,2,0,91)
r(34,2,0,91)
w(34,3,0,91)
r(36,0,0,91)
r(36,0,2,94)
r(31,1,2,94)
r(36,0,2,94)
w(35,1,2,94)
r(0,3,4,97)
r(35,1,4,97)
w(36,2,4,97)
r(36,2,4,97)
r(31,1,4,97)
r(36,2,4,97)
w(37,1,4,97)
w(36,3,4,97)
r(37,1,18,99)
w(40,1,18,99)
w(37,2,18,99)
w(37,3,18,99)
w(40,2,6,101)
w(31,2,6,101)
w(40,3,6,101)
r(40,3,6,101)
r(41,0,9,103)
r(40,3,9,103)
r(31,2,9,103)
r(41,0,9,103)
r(41,0,9,103)
r(40,3,9,103)
r(41,0,3,106)
r(41,0,3,106)
w(39,1,3,106)
r(41,0,3,106)
w(42,1,3,106)
r(42,0,11,107)
w(31,3,11,107)
r(42,0,11,107)
r(41,0,11,107)
r(39,0,11,107)
r(42,0,11,107)
r(42,0,11,107)
r(42,0,11,107)
r(42,1,16,110)
r(43,0,16,110)
w(42,2,16,110)
r(41,0,16,110)
w(42,3,16,110)
r(44,0,16,110)
r(41,0,0,111)
w(41,1,0,111)
w(41,2,0,111)
r(44,0,0,111)
r(44,0,0,111)
w(41,3,0,111)
r(43,0,16,113)
r(44,0,16,113)
r(38,0,16,113)
w(44,1,16,113)
w(44,2,16,113)
r(44,2,16,113)
r(44,2,16,113)
r(41,3,16,113)
r(44,2,16,115)
w(43,1,16,115)
r(44,2,16,115)
r(41,3,16,115)
w(39,2,16,115)
w(44,3,16,115)
r(44,3,16,115)
r(43,1,7,117)
r(39,2,7,117)
w(45,1,7,117)
r(45,1,7,117)
w(45,2,7,117)
r(45,2,7,117)
r(41,3,7,117)
w(45,3,1,119)
r(43,1,1,119)
r(45,3,1,119)
r(41,3,1,119)
r(46,0,1,119)
r(43,1,1,119)
r(38,0,1,119)
r(46,0,1,119)
r(46,0,11,121)
r(46,0,11,121)
r(41,3,11,121)
r(43,1,11,121)
r(41,3,11,121)
w(46,1,11,121)
r(46,1,11,121)
w(39,3,8,123)
r(39,3,8,123)
r(46,1,8,123)
r(43,1,8,123)
r(47,0,8,123)
w(47,1,8,123)
r(46,1,0,126)
w(38,1,0,126)
r(46,1,0,126)
w(47,2,0,126)
r(46,1,0,126)
r(46,1,0,126)
r(46,1,0,126)
w(46,2,0,126)
w(43,2,12,129)
r(46,2,12,129)
w(43,3,12,129)
r(49,0,12,129)
r(49,0,18,131)
r(47,2,18,131)
w(49,1,18,131)
w(50,1,18,131)
r(50,1,18,131)
w(49,2,18,131)
w(50,2,18,131)
w(48,2,18,131)
r(49,2,5,133)
r(48,2,5,133)
r(43,3,5,133)
r(49,2,5,133)
w(48,3,5,133)
r(49,2,5,133)
r(43,3,5,133)
r(49,2,5,133)
r(50,2,1,135)
w(49,3,1,135)
r(43,3,1,135)
r(50,2,1,135)
r(49,3,2,137)
r(50,2,2,137)
r(49,3,2,137)
w(51,1,2,137)
r(49,3,7,139)
r(50,2,7,139)
w(51,2,7,139)
r(49,3,7,139)
r(49,3,7,139)
r(49,3,7,139)
r(49,3,7,139)
w(51,3,7,139)
r(50,2,0,141)
w(52,1,0,141)
w(53,1,0,141)
w(52,2,0,141)
w(38,2,0,141)
w(52,3,2,143)
r(52,3,2,143)
w(53,2,2,143)
r(52,3,2,143)
r(51,3,2,143)
w(54,1,2,143)
w(53,3,14,145)
r(54,1,14,145)
r(53,3,14,145)
r(54,1,14,145)
r(54,1,14,145)
w(54,2,5,147)
w(50,3,5,147)
w(38,3,5,147)
w(54,3,5,147)
r(55,0,5,147)
r(57,0,5,147)
r(57,0,5,149)
r(56,0,5,149)
r(56,0,5,149)
w(57,1,5,149)
r(56,0,5,149)
w(56,1,5,149)
r(51,3,5,149)
w(57,2,5,149)
r(57,2,8,151)
w(55,1,8,151)
r(57,2,8,151)
w(57,3,8,151)
r(56,1,8,151)
r(56,1,10,154)
w(56,2,10,154)
w(58,1,10,154)
r(58,1,10,154)
r(58,1,3,157)
w(60,1,3,157)
w(60,2,3,157)
r(60,2,3,157)
w(58,3,3,157)
w(60,3,3,157)
r(60,3,3,157)
r(61,0,8,159)
r(61,0,8,159)
r(61,0,8,159)
r(63,0,8,159)
r(62,0,8,159)
w(62,1,8,159)
w(61,1,4,161)
w(61,2,4,161)
w(55,3,4,161)
w(61,3,4,161)
r(61,3,4,161)
w(62,2,17,163)
w(62,3,17,163)
r(65,0,17,163)
r(66,0,17,163)
w(66,1,10,165)
r(59,0,10,165)
r(64,0,10,165)
w(65,1,10,165)
w(64,1,10,165)
w(66,2,10,165)
w(64,2,13,167)
r(64,2,13,167)
r(65,1,13,167)
w(64,3,13,167)
r(59,0,13,167)
r(64,3,13,167)
r(66,2,6,169)
w(65,2,6,169)
r(59,0,6,169)
r(67,0,6,169)
w(66,3,6,169)
r(67,0,6,169)
r(67,0,6,169)
w(67,1,4,171)
w(65,3,4,171)
w(67,2,4,171)
r(65,3,4,171)
r(67,2,4,171)
r(63,0,4,171)
r(68,0,4,171)
r(67,2,4,171)
w(68,1,12,173)
w(67,3,12,173)
r(69,0,12,173)
r(65,3,12,173)
w(59,1,12,173)
r(69,0,12,173)
r(69,0,14,175)
w(59,2,14,175)
r(69,0,14,175)
r(59,2,14,175)
w(69,1,14,175)
w(69,2,14,175)
r(69,2,4,177)
w(68,2,4,177)
w(63,1,4,177)
r(69,2,4,177)
w(69,3,15,179)
r(68,2,15,179)
w(63,2,15,179)
r(68,2,15,179)
w(70,1,6,182)
w(70,2,6,182)
w(70,3,6,182)
r(70,3,6,182)
w(68,3,11,183)
w(71,1,11,183)
w(71,2,11,183)
w(71,3,11,183)
r(72,0,11,183)
r(72,0,7,185)
w(72,1,7,185)
w(72,2,7,185)
r(73,0,7,185)
w(72,3,7,185)
r(73,0,7,185)
w(75,1,7,185)
w(75,2,10,187)
w(73,1,10,187)
r(75,2,10,187)
r(75,2,10,187)
r(75,2,10,187)
r(74,0,7,189)
r(73,1,7,189)
w(73,2,7,189)
r(73,2,7,189)
r(74,0,7,189)
r(75,2,7,189)
r(75,2,14,191)
r(75,2,14,191)
r(74,0,14,191)
r(73,2,14,191)
w(75,3,2,193)
r(75,3,2,193)
r(75,3,2,193)
r(73,2,2,193)
r(76,0,19,195)
w(76,1,19,195)
w(74,1,19,195)
r(76,1,19,195)
w(73,3,19,195)
r(63,2,19,195)
w(76,2,19,195)
w(76,3,19,195)
r(63,2,0,197)
r(76,3,0,197)
r(76,3,0,197)
r(73,3,0,197)
r(74,1,0,197)
r(77,0,0,197)
r(74,1,8,199)
w(77,1,8,199)
r(73,3,8,199)
r(63,2,8,199)
