w(3,1,2,2)
r(4,0,2,2)
w(4,1,2,2)
r(4,1,2,2)
w(3,2,2,2)
r(1,0,2,2)
w(3,3,2,2)
w(4,2,2,2)
r(1,0,16,4)
r(4,0,16,4)
r(4,0,16,4)
w(0,1,16,4)
w(2,1,16,4)
r(1,0,16,4)
w(5,1,18,5)
r(5,1,18,5)
w(5,2,18,5)
r(5,2,18,5)
w(0,2,18,7)
w(4,3,18,7)
r(6,0,18,7)
w(2,2,18,7)
w(5,3,18,7)
r(6,0,18,7)
w(2,3,18,7)
r(6,0,18,7)
w(6,1,0,9)
r(6,1,0,9)
r(6,1,0,9)
r(6,1,0,9)
w(6,2,1,11)
r(1,0,1,11)
r(5,3,1,11)
w(6,3,1,11)
r(5,3,1,11)
r(7,0,1,11)
r(7,0,12,13)
r(7,0,12,13)
r(8,0,12,13)
r(7,0,12,13)
w(8,1,10,15)
r(8,1,10,15)
r(8,1,10,15)
w(1,1,10,15)
r(8,1,10,15)
w(7,1,10,15)
r(8,1,10,15)
r(8,1,12,17)
r(0,2,12,17)
w(8,2,12,17)
r(1,1,12,17)
r(8,2,12,17)
w(8,3,12,17)
r(8,3,0,19)
w(7,2,0,19)
r(5,3,0,19)
r(1,1,0,19)
r(8,3,7,21)
r(5,3,7,21)
r(5,3,7,21)
r(5,3,7,21)
w(1,2,7,21)
r(10,0,7,21)
r(9,0,7,21)
r(7,2,0,23)
r(10,0,0,23)
r(7,2,0,23)
w(9,1,0,23)
r(9,1,0,23)
w(10,1,0,23)
w(10,2,0,23)
r(9,1,0,23)
r(10,2,5,25)
w(9,2,5,25)
r(1,2,5,25)
w(7,3,5,25)
r(10,2,5,25)
w(10,3,2,27)
r(9,2,2,27)
w(9,3,2,27)
r(10,3,2,27)
r(10,3,2,27)
r(11,0,2,27)
r(12,0,19,29)
w(11,1,19,29)
w(11,2,19,29)
w(11,3,19,29)
r(12,0,19,29)
w(12,1,8,31)
w(13,1,8,31)
r(12,1,8,31)
r(12,1,8,31)
w(12,2,8,31)
r(13,1,8,31)
r(12,2,8,31)
w(12,3,8,31)
r(13,1,4,33)
w(1,3,4,33)
r(1,3,4,33)
w(13,2,4,33)
w(14,1,4,33)
r(12,3,4,33)
w(14,2,4,33)
w(15,1,10,35)
r(15,1,10,35)
r(15,1,10,35)
r(1,3,10,35)
r(15,1,2,37)
w(0,3,2,37)
w(15,2,2,37)
r(14,2,2,37)
w(15,3,2,37)
w(13,3,2,37)
r(14,2,12,39)
w(17,1,12,39)
w(14,3,12,39)
w(17,2,12,39)
w(17,3,12,39)
r(13,3,12,39)
r(13,3,12,39)
r(17,3,12,39)
r(14,3,11,41)
r(17,3,11,41)
w(18,1,11,41)
w(18,2,11,41)
r(18,2,11,41)
r(18,2,11,41)
w(18,3,11,41)
r(21,0,12,44)
r(20,0,12,44)
r(19,0,12,44)
w(21,1,12,44)
r(20,0,12,44)
r(20,0,12,44)
w(21,2,12,44)
r(18,3,9,45)
w(20,1,9,45)
w(16,1,9,45)
r(14,3,9,45)
w(20,2,9,45)
r(14,3,9,45)
w(19,1,9,45)
r(19,1,4,47)
r(20,2,4,47)
w(20,3,4,47)
w(22,1,4,47)
r(21,2,5,49)
r(21,2,5,49)
r(20,3,5,49)
r(21,2,5,49)
r(21,2,5,49)
w(23,1,5,49)
r(23,1,5,49)
r(19,1,16,51)
r(22,1,16,51)
w(23,2,16,51)
r(19,1,16,51)
r(23,2,0,55)
r(19,1,0,55)
r(23,2,0,55)
r(23,2,0,55)
r(21,2,0,55)
w(23,3,0,55)
w(22,2,0,55)
r(23,3,0,55)
r(21,2,19,56)
r(21,2,19,56)
w(21,3,19,56)
r(24,0,19,56)
r(23,2,19,56)
w(25,1,19,56)
w(24,1,4,59)
w(25,3,4,59)
r(19,1,4,59)
r(24,1,4,59)
r(25,3,4,59)
r(25,3,11,61)
w(19,2,11,61)
w(26,1,11,61)
w(19,3,11,61)
r(24,1,11,61)
w(24,2,11,61)
r(16,1,11,61)
w(27,1,11,61)
w(26,2,19,63)
r(24,2,19,63)
r(27,1,19,63)
r(24,2,19,63)
w(24,3,19,63)
r(22,2,19,63)
r(26,2,19,63)
w(28,1,19,63)
w(27,2,2,65)
w(28,2,2,65)
r(26,2,2,65)
r(28,2,2,65)
w(26,3,2,65)
r(26,3,2,65)
r(26,3,16,67)
r(27,2,16,67)
w(28,3,16,67)
w(30,1,16,67)
w(30,2,16,67)
r(30,2,16,67)
w(30,3,11,69)
w(27,3,11,69)
r(30,3,11,69)
r(29,0,11,69)
r(22,2,7,71)
r(29,0,7,71)
w(29,1,7,71)
w(29,2,7,71)
w(29,3,0,73)
r(29,3,0,73)
w(32,1,0,73)
w(31,1,0,73)
r(32,1,0,73)
r(32,1,0,73)
r(31,1,15,75)
r(31,1,15,75)
r(32,1,15,75)
w(32,2,15,75)
w(31,2,15,75)
w(32,3,15,75)
r(31,2,15,75)
r(34,0,19,77)
w(34,1,19,77)
r(34,1,19,77)
r(34,1,19,77)
r(33,0,1,79)
w(33,1,1,79)
r(34,1,1,79)
w(22,3,1,79)
w(34,2,1,79)
r(34,2,13,81)
w(34,3,13,81)
w(35,1,13,81)
w(31,3,13,81)
w(33,2,13,81)
r(31,3,15,83)
w(35,2,15,83)
r(35,2,15,83)
r(33,2,15,83)
w(35,3,15,83)
r(35,3,3,85)
r(31,3,3,85)
r(36,0,3,85)
w(36,1,3,85)
r(36,1,3,85)
r(36,1,16,87)
w(37,1,16,87)
w(38,1,16,87)
r(36,1,16,87)
w(38,2,16,87)
r(37,1,16,87)
w(36,2,16,87)
w(33,3,5,89)
r(33,3,5,89)
w(36,3,5,89)
r(37,1,5,89)
r(39,0,5,89)
w(39,1,5,89)
w(37,2,5,89)
r(37,2,6,91)
w(39,2,6,91)
r(39,2,6,91)
w(39,3,6,91)
r(39,3,6,91)
r(38,2,6,91)
w(38,3,8,94)
r(33,3,8,94)
r(37,2,8,94)
r(39,3,8,94)
r(37,2,8,94)
r(39,3,8,94)
w(37,3,6,95)
r(40,0,6,95)
w(40,1,6,95)
r(40,1,6,95)
r(33,3,6,95)
r(40,1,6,95)
r(37,3,6,95)
w(16,2,4,97)
w(40,2,4,97)
w(40,3,4,97)
r(37,3,4,97)
r(40,3,4,97)
w(41,1,13,99)
r(41,1,13,99)
r(41,1,13,99)
r(33,3,13,99)
w(41,2,13,99)
w(42,1,13,99)
r(41,2,4,101)
w(41,3,4,101)
r(43,0,4,101)
w(43,1,4,101)
w(43,2,4,101)
r(33,3,4,101)
w(43,3,7,103)
r(33,3,7,103)
r(43,3,7,103)
r(38,3,7,103)
r(42,1,7,103)
w(42,2,7,103)
r(43,3,7,103)
w(42,3,13,105)
w(45,1,13,105)
w(45,2,13,105)
w(45,3,13,105)
r(44,0,13,107)
r(45,3,13,107)
w(16,3,13,107)
w(46,1,13,107)
w(47,1,13,107)
r(46,1,13,107)
w(47,2,13,107)
w(47,3,13,107)
r(47,3,14,109)
w(44,1,14,109)
r(48,0,14,109)
w(49,1,14,109)
w(46,2,14,109)
r(49,1,14,109)
w(49,2,14,109)
r(49,2,17,111)
r(46,2,17,111)
r(46,2,17,111)
r(49,2,17,111)
r(48,0,19,113)
r(49,2,19,113)
w(48,1,19,113)
w(49,3,19,113)
r(49,3,17,115)
r(50,0,17,115)
r(51,0,17,115)
r(51,0,17,115)
w(48,2,10,117)
r(51,0,10,117)
r(51,0,10,117)
r(44,1,10,117)
w(51,1,10,117)
r(46,2,10,117)
w(51,2,7,119)
w(51,3,7,119)
r(46,2,7,119)
r(51,3,7,119)
r(46,2,7,119)
r(51,3,7,119)
w(48,3,19,121)
r(51,3,19,121)
r(51,3,19,121)
r(48,3,19,121)
w(52,1,19,121)
w(46,3,19,121)
r(46,3,19,121)
r(44,1,5,123)
w(52,2,5,123)
r(46,3,5,123)
w(52,3,5,123)
r(52,3,5,123)
r(48,3,5,123)
r(46,3,5,123)
r(53,0,6,125)
r(46,3,6,125)
r(46,3,6,125)
w(44,2,6,125)
w(53,1,6,125)
w(53,2,6,125)
r(53,2,6,125)
r(53,2,2,127)
r(48,3,2,127)
w(53,3,2,127)
r(46,3,2,127)
r(46,3,2,127)
r(53,3,2,127)
r(54,0,2,127)
r(53,3,2,127)
w(57,1,13,133)
w(55,3,13,133)
r(55,3,13,133)
w(58,1,13,133)
w(56,1,13,133)
w(58,2,13,133)
w(58,3,10,135)
w(59,1,10,135)
w(59,2,10,135)
w(54,3,10,135)
w(57,2,10,135)
r(57,2,10,135)
w(59,3,10,135)
r(60,0,10,135)
r(60,0,18,137)
r(61,0,18,137)
w(61,1,18,137)
r(56,1,18,137)
w(60,1,18,137)
w(61,2,18,137)
r(57,2,18,137)
r(60,1,13,139)
w(61,3,13,139)
w(60,2,13,139)
r(60,2,13,139)
r(61,3,13,139)
w(60,3,13,139)
r(62,0,13,139)
r(60,3,13,139)
r(62,0,1,141)
w(56,2,1,141)
r(62,0,1,141)
w(63,1,1,141)
r(63,1,1,141)
r(63,1,3,143)
w(63,2,3,143)
w(63,3,3,143)
w(57,3,3,143)
r(63,3,3,143)
w(56,3,15,145)
r(62,0,15,145)
w(50,1,15,145)
r(64,0,15,145)
w(64,1,15,145)
r(56,3,9,147)
r(64,1,9,147)
r(64,1,9,147)
r(64,1,9,147)
w(62,1,9,147)
w(64,2,9,147)
w(64,3,7,150)
r(57,3,7,150)
r(64,3,7,150)
r(65,0,7,150)
w(62,2,17,151)
w(62,3,17,151)
r(64,2,17,151)
r(65,0,17,151)
w(65,1,17,151)
r(65,1,17,151)
r(65,1,17,151)
w(66,1,15,153)
w(50,2,15,153)
r(66,1,15,153)
r(66,1,15,153)
w(66,2,15,153)
w(66,3,19,155)
w(65,2,19,155)
w(65,3,19,155)
r(65,3,19,155)
r(66,3,19,155)
r(66,3,19,155)
w(68,1,19,155)
r(68,1,19,155)
r(68,1,14,157)
w(68,2,14,157)
w(67,1,14,157)
w(69,1,14,157)
r(68,2,14,157)
r(70,0,14,157)
w(68,3,14,157)
w(70,1,14,159)
w(70,2,14,159)
w(70,3,14,159)
w(69,2,14,159)
r(70,3,14,159)
r(70,3,13,161)
w(69,3,13,161)
r(70,3,13,161)
w(71,1,13,161)
r(72,0,13,161)
w(72,1,13,161)
r(72,1,13,161)
r(71,1,17,163)
w(71,2,17,163)
w(71,3,17,163)
r(71,3,17,163)
r(72,1,17,163)
r(67,1,17,163)
r(50,2,15,165)
w(73,1,15,165)
w(67,2,15,165)
w(50,3,15,165)
r(72,1,15,165)
r(72,1,15,165)
r(72,1,15,165)
w(73,2,17,167)
r(71,3,17,167)
w(72,2,17,167)
r(72,2,17,167)
r(72,2,17,167)
w(72,3,17,167)
w(74,1,0,169)
w(74,2,0,169)
w(73,3,0,169)
r(73,3,0,169)
r(67,2,0,169)
r(67,2,0,169)
r(74,2,0,169)
r(71,3,1,171)
r(74,2,1,171)
w(74,3,1,171)
r(74,3,1,171)
w(75,1,1,171)
r(73,3,19,173)
r(75,1,19,173)
w(76,1,19,173)
r(67,2,19,173)
r(76,1,19,173)
r(75,1,19,173)
w(76,2,19,173)
r(76,2,19,175)
w(76,3,19,175)
w(75,2,19,175)
r(75,2,19,175)
w(78,1,9,177)
r(78,1,9,177)
r(78,1,9,177)
r(78,1,9,177)
r(75,2,9,177)
w(78,2,9,177)
r(75,2,9,177)
w(78,3,17,179)
w(75,3,17,179)
w(77,1,17,179)
w(77,2,17,179)
w(77,3,17,179)
r(80,0,2,181)
r(80,0,2,181)
r(80,0,2,181)
r(80,0,2,181)
r(80,0,2,181)
w(81,1,2,181)
r(80,0,10,183)
r(81,1,10,183)
w(80,1,10,183)
r(80,1,10,183)
r(79,0,10,183)
w(80,2,10,185)
w(81,2,10,185)
r(80,2,10,185)
r(81,2,10,185)
r(80,2,2,187)
r(81,2,2,187)
w(80,3,2,187)
r(81,2,2,187)
w(67,3,2,187)
r(80,3,2,187)
r(82,0,5,189)
w(79,1,5,189)
r(81,2,5,189)
w(82,1,5,189)
w(79,2,5,189)
r(81,2,5,189)
w(82,2,5,191)
w(82,3,5,191)
r(50,3,5,191)
r(81,2,5,191)
w(81,3,5,191)
w(79,3,5,191)
w(83,1,5,191)
w(83,2,5,191)
r(83,2,19,193)
r(67,3,19,193)
r(84,0,19,193)
r(83,2,19,193)
w(83,3,19,193)
w(85,1,19,193)
w(86,1,0,195)
r(86,1,0,195)
w(84,1,0,195)
w(85,2,0,195)
r(84,1,0,195)
w(85,3,0,195)
r(84,1,0,195)
r(87,0,0,195)
r(87,0,14,197)
r(86,1,14,197)
r(84,1,14,197)
r(84,1,14,197)
r(67,3,14,197)
w(86,2,14,197)
r(87,0,14,197)
r(87,0,14,197)
r(87,0,13,199)
w(87,1,13,199)
w(87,2,13,199)
r(87,2,13,199)
w(84,2,7,201)
w(87,3,7,201)
r(89,0,7,201)
w(86,3,7,201)
w(84,3,7,201)
w(89,1,7,201)
r(91,0,7,201)
r(89,1,19,203)
r(89,1,19,203)
w(89,2,19,203)
r(91,0,19,203)
w(89,3,19,203)
r(91,0,19,203)
r(91,0,19,203)
r(91,0,19,203)
r(92,0,7,205)
w(92,1,7,205)
r(86,3,7,205)
w(92,2,7,205)
w(91,1,7,205)
r(92,2,7,207)
w(91,2,7,207)
w(93,1,7,207)
w(92,3,7,207)
w(90,1,7,207)
r(92,3,7,207)
w(91,3,4,209)
r(92,3,4,209)
w(93,2,4,209)
w(94,1,4,209)
w(95,1,4,209)
r(95,1,4,209)
r(93,2,4,209)
r(90,1,13,211)
w(95,2,13,211)
w(95,3,13,211)
r(94,1,13,211)
w(90,2,13,211)
r(88,0,13,211)
r(88,0,13,211)
r(95,3,15,213)
r(94,1,15,213)
r(96,0,15,213)
w(94,2,15,213)
r(93,2,15,213)
w(94,3,2,215)
r(96,0,2,215)
w(96,1,2,215)
r(94,3,2,215)
r(88,0,2,215)
r(96,1,8,217)
w(96,2,8,217)
w(96,3,8,217)
r(94,3,8,217)
r(93,2,8,217)
w(97,1,14,219)
r(88,0,14,219)
r(98,0,14,219)
w(88,1,14,219)
w(97,2,14,219)
w(97,3,14,219)
w(98,1,8,221)
w(99,1,8,221)
r(99,1,8,221)
w(99,2,8,221)
w(99,3,8,221)
w(98,2,8,221)
w(98,3,13,224)
w(88,2,13,224)
w(100,1,13,224)
r(99,3,13,224)
r(99,3,16,225)
r(100,1,16,225)
w(100,2,16,225)
r(100,2,16,225)
w(88,3,16,225)
w(101,1,16,225)
w(100,3,16,225)
w(93,3,1,227)
r(101,1,1,227)
w(101,2,1,227)
r(101,2,1,227)
r(101,2,1,229)
r(100,3,1,229)
w(101,3,1,229)
r(102,0,1,229)
r(100,3,1,229)
r(101,3,1,229)
r(101,3,1,229)
r(101,3,1,229)
r(101,3,6,231)
r(101,3,6,231)
r(101,3,6,231)
r(103,0,6,231)
r(103,0,6,231)
r(93,3,6,231)
r(101,3,6,231)
w(103,1,15,233)
w(104,1,15,233)
w(104,2,15,233)
r(103,1,15,233)
w(90,3,15,233)
w(103,2,15,233)
w(103,3,15,233)
r(90,3,15,233)
w(104,3,0,235)
w(105,1,0,235)
r(104,3,0,235)
r(104,3,0,235)
r(104,3,0,235)
w(106,1,0,235)
w(106,2,0,235)
w(105,2,2,237)
r(106,2,2,237)
r(106,2,2,237)
r(106,2,2,237)
r(105,2,2,237)
w(106,3,2,237)
r(102,0,2,237)
w(107,1,0,239)
r(105,2,0,239)
w(105,3,0,239)
w(107,2,0,239)
r(108,0,0,239)
r(107,2,0,239)
w(107,3,0,239)
r(107,3,0,239)
r(107,3,7,241)
r(108,0,7,241)
r(107,3,7,241)
r(107,3,7,241)
w(108,1,7,241)
w(108,2,7,241)
r(107,3,13,243)
r(107,3,13,243)
r(107,3,13,243)
r(102,0,13,243)
r(107,3,13,243)
w(111,1,13,243)
r(111,1,4,247)
r(102,0,4,247)
w(111,2,4,247)
w(109,1,4,247)
r(108,2,4,247)
w(102,1,4,247)
w(102,2,0,251)
r(113,0,0,251)
w(110,2,0,251)
r(110,2,0,251)
r(114,0,0,251)
w(114,1,0,251)
w(113,1,1,253)
w(113,2,1,253)
w(113,3,1,253)
r(114,1,1,253)
w(114,2,1,253)
w(109,3,1,253)
r(114,2,15,255)
r(115,0,15,255)
w(115,1,15,255)
w(114,3,15,255)
r(109,3,15,255)
r(115,1,15,255)
r(116,0,5,257)
r(116,0,5,257)
r(115,1,5,257)
w(116,1,5,257)
r(116,1,5,257)
r(115,1,9,259)
w(115,2,9,259)
r(116,1,9,259)
r(115,2,9,259)
w(115,3,9,259)
r(115,3,9,259)
r(116,1,9,259)
w(118,1,9,259)
r(117,0,17,261)
r(117,0,17,261)
w(102,3,17,261)
w(116,2,17,261)
w(118,2,17,261)
r(118,2,2,263)
r(117,0,2,263)
r(117,0,2,263)
r(118,2,2,263)
w(118,3,2,263)
w(116,3,2,263)
r(116,3,2,263)
r(120,0,2,263)
r(120,0,15,265)
r(117,0,15,265)
r(120,0,15,265)
r(121,0,15,265)
r(120,0,15,265)
r(120,0,8,267)
w(120,1,8,267)
r(120,1,8,267)
r(120,1,8,267)
r(121,0,8,267)
w(120,2,5,269)
r(121,0,5,269)
w(120,3,5,269)
w(121,1,5,269)
r(122,0,5,269)
r(122,0,5,269)
r(121,1,5,269)
r(121,1,5,269)
w(121,2,8,271)
r(121,2,8,271)
w(122,1,8,271)
w(122,2,8,271)
r(122,2,8,271)
w(121,3,12,273)
r(117,0,12,273)
r(117,0,12,273)
w(122,3,12,273)
r(117,0,12,273)
w(123,1,12,273)
r(123,1,12,273)
w(119,1,13,275)
r(124,0,13,275)
w(117,1,13,275)
r(123,1,13,275)
r(123,1,8,277)
r(123,1,8,277)
w(123,2,8,277)
w(123,3,8,277)
r(124,0,8,277)
r(124,0,8,277)
w(124,1,8,277)
w(125,1,1,279)
w(125,2,1,279)
r(125,2,1,279)
w(124,2,1,279)
r(124,2,1,279)
r(125,2,1,279)
w(117,2,1,279)
w(125,3,1,279)
r(124,2,15,281)
r(119,1,15,281)
r(117,2,15,281)
w(124,3,15,281)
r(125,3,15,281)
r(125,3,15,281)
w(126,1,15,281)
r(126,1,19,283)
w(126,2,19,283)
r(119,1,19,283)
w(119,2,19,283)
r(126,2,19,283)
r(126,2,19,283)
r(127,0,19,283)
w(126,3,19,283)
r(127,0,3,285)
r(126,3,3,285)
r(128,0,3,285)
w(117,3,3,285)
w(128,1,3,285)
w(128,2,3,285)
r(128,2,3,285)
r(128,2,3,287)
r(128,2,3,287)
w(127,1,3,287)
r(127,1,3,287)
r(117,3,3,287)
r(127,1,3,287)
w(127,2,3,287)
w(127,3,3,287)
w(128,3,3,289)
r(128,3,3,289)
r(128,3,3,289)
r(130,0,3,289)
r(129,0,3,289)
r(130,0,3,289)
r(131,0,3,291)
w(130,1,3,291)
w(130,2,3,291)
r(129,0,3,291)
w(131,1,3,291)
w(131,2,5,293)
w(131,3,5,293)
w(130,3,5,293)
r(131,3,5,293)
r(132,0,5,293)
r(132,0,5,293)
w(132,1,2,295)
r(132,1,2,295)
r(132,1,2,295)
w(129,1,2,295)
r(132,1,4,297)
w(132,2,4,297)
w(129,2,4,297)
w(133,1,4,297)
r(132,2,4,297)
w(132,3,4,297)
r(132,3,4,297)
r(133,1,0,299)
w(133,2,0,299)
w(134,1,0,299)
w(129,3,0,299)
w(119,3,0,299)
r(134,1,0,299)
r(134,1,0,301)
r(134,1,0,301)
r(134,1,0,301)
w(134,2,0,301)
w(134,3,9,303)
r(133,2,9,303)
w(135,1,9,303)
r(134,3,9,303)
r(119,3,9,303)
r(134,3,16,305)
w(135,2,16,305)
w(135,3,16,305)
r(134,3,16,305)
r(119,3,16,305)
r(136,0,16,305)
r(119,3,16,307)
r(133,2,16,307)
r(136,0,16,307)
r(137,0,16,307)
w(136,1,16,307)
w(137,1,16,307)
w(137,2,12,309)
w(136,2,12,309)
w(137,3,12,309)
r(136,2,12,309)
w(136,3,2,311)
r(138,0,2,311)
r(139,0,2,311)
w(139,1,2,311)
r(139,1,2,311)
r(138,0,2,311)
w(138,1,15,313)
r(138,1,15,313)
w(138,2,15,313)
r(138,2,15,313)
r(138,2,15,313)
r(139,1,18,315)
r(139,1,18,315)
w(133,3,18,315)
r(139,1,18,315)
w(139,2,13,317)
r(139,2,13,317)
r(139,2,13,317)
r(139,2,13,317)
r(133,3,13,317)
r(140,0,13,317)
w(139,3,13,317)
w(110,3,13,317)
r(140,0,6,319)
r(140,0,6,319)
r(138,2,6,319)
r(138,2,6,319)
w(141,1,6,319)
r(110,3,6,319)
w(138,3,16,321)
r(141,1,16,321)
r(141,1,16,321)
w(142,1,16,321)
r(141,1,16,321)
w(141,2,16,321)
w(141,3,9,323)
r(141,3,9,323)
r(142,1,9,323)
w(142,2,9,323)
r(141,3,9,323)
r(141,3,9,323)
w(142,3,9,323)
r(138,3,9,323)
r(138,3,18,325)
r(143,0,18,325)
w(143,1,18,325)
w(143,2,18,325)
r(138,3,18,325)
r(143,2,18,325)
w(143,3,18,325)
r(140,0,5,327)
r(144,0,5,327)
r(144,0,5,327)
r(145,0,5,327)
w(145,1,5,327)
r(146,0,5,327)
r(146,0,5,327)
r(146,0,16,329)
r(145,1,16,329)
r(144,0,16,329)
w(144,1,16,329)
r(145,1,16,329)
w(144,2,13,331)
w(145,2,13,331)
w(145,3,13,331)
w(147,1,13,331)
r(147,1,13,331)
w(146,1,13,331)
w(146,2,3,333)
w(144,3,3,333)
w(147,2,3,333)
r(146,2,3,333)
r(146,2,3,333)
r(147,2,3,333)
w(146,3,3,333)
r(144,3,9,335)
r(144,3,9,335)
w(147,3,9,335)
r(147,3,9,335)
r(147,3,9,335)
w(150,1,9,335)
w(140,1,9,335)
r(148,0,17,337)
w(148,1,17,337)
r(149,0,17,337)
r(148,1,17,337)
r(148,1,17,337)
w(150,2,17,337)
r(151,0,17,337)
r(148,1,13,339)
r(148,1,13,339)
w(148,2,13,339)
r(150,2,13,339)
w(151,1,13,339)
w(148,3,4,341)
w(151,2,4,341)
r(152,0,4,341)
w(152,1,4,341)
w(150,3,4,341)
r(151,2,4,341)
r(152,1,6,343)
r(150,3,6,343)
w(151,3,6,343)
w(152,2,6,343)
w(152,3,6,343)
r(152,3,6,343)
w(153,1,6,343)
w(149,1,6,343)
w(154,1,12,345)
r(149,1,12,345)
r(154,1,12,345)
r(154,1,12,345)
r(154,1,12,345)
r(150,3,12,345)
r(153,1,12,345)
r(154,1,17,347)
r(154,1,17,347)
w(154,2,17,347)
w(153,2,17,347)
w(154,3,18,349)
r(155,0,18,349)
w(140,2,18,349)
w(155,1,18,349)
w(156,1,18,349)
w(156,2,18,349)
w(153,3,17,352)
w(157,2,17,352)
w(155,3,17,352)
w(157,3,17,352)
r(155,3,7,355)
w(159,1,7,355)
w(159,2,7,355)
r(157,3,7,355)
w(160,1,7,355)
r(160,1,16,357)
r(160,1,16,357)
r(158,0,16,357)
r(160,1,16,357)
w(159,3,16,357)
w(140,3,16,357)
r(160,1,16,357)
w(160,2,14,359)
w(160,3,14,359)
r(160,3,14,359)
r(158,0,14,359)
r(160,3,14,359)
r(161,0,14,359)
w(158,1,14,359)
w(162,1,18,361)
w(161,1,18,361)
w(161,2,18,361)
w(158,2,18,361)
r(162,1,18,361)
w(162,2,18,361)
r(161,2,7,363)
r(158,2,7,363)
w(162,3,7,363)
r(162,3,7,363)
r(161,2,7,363)
w(158,3,4,365)
w(164,1,4,365)
w(161,3,4,365)
r(164,1,4,365)
r(161,3,4,365)
r(164,1,4,365)
w(164,2,4,365)
w(164,3,4,365)
w(163,1,14,367)
w(163,2,14,367)
r(161,3,14,367)
r(164,3,14,367)
w(165,1,14,367)
r(158,3,14,367)
r(164,3,14,367)
r(164,3,14,367)
r(165,1,2,369)
r(149,1,2,369)
w(165,2,2,369)
r(164,3,2,369)
w(167,1,2,369)
w(165,3,2,369)
r(149,1,2,369)
w(167,2,2,369)
w(167,3,17,371)
r(167,3,17,371)
w(166,1,17,371)
r(167,3,17,371)
r(163,2,17,371)
r(165,3,8,373)
r(167,3,8,373)
r(163,2,8,373)
r(167,3,8,373)
w(166,2,8,373)
r(149,1,8,373)
r(167,3,8,373)
r(167,3,8,373)
r(167,3,15,375)
r(166,2,15,375)
w(169,1,15,375)
w(169,2,15,375)
w(168,1,12,377)
w(169,3,12,377)
r(169,3,12,377)
w(168,2,12,377)
w(170,1,12,377)
w(170,2,12,377)
r(168,2,12,377)
r(168,2,12,377)
w(170,3,0,379)
w(168,3,0,379)
w(166,3,0,379)
r(171,0,0,379)
r(171,0,0,379)
w(171,1,0,379)
w(149,2,0,379)
w(171,2,14,381)
r(171,2,14,381)
r(172,0,14,381)
w(171,3,14,381)
r(171,3,5,383)
r(171,3,5,383)
r(173,0,5,383)
w(172,1,5,383)
w(173,1,19,385)
r(173,1,19,385)
r(173,1,19,385)
r(173,1,19,385)
w(173,2,19,385)
w(172,2,13,387)
w(173,3,13,387)
w(172,3,13,387)
r(174,0,13,387)
w(174,1,13,387)
r(172,3,0,390)
w(174,2,0,390)
r(174,2,0,390)
w(174,3,0,390)
r(174,1,1,391)
r(166,3,1,391)
r(166,3,1,391)
r(175,0,1,391)
r(175,0,1,391)
r(163,2,1,391)
w(175,1,1,391)
r(166,3,1,391)
w(175,2,3,393)
r(175,2,3,393)
r(166,3,3,393)
r(149,2,3,393)
r(176,0,19,395)
r(175,2,19,395)
r(176,0,19,395)
w(176,1,19,395)
r(176,1,11,398)
w(176,2,11,398)
w(176,3,11,398)
r(177,0,11,398)
r(177,0,12,399)
w(178,1,12,399)
w(175,3,12,399)
r(163,2,12,399)
r(175,3,12,399)
r(180,0,15,403)
w(179,3,15,403)
w(177,1,15,403)
w(180,1,15,403)
r(177,1,15,403)
r(181,0,15,403)
r(181,0,15,403)
w(177,2,17,405)
w(180,2,17,405)
w(163,3,17,405)
w(181,1,17,405)
r(180,2,17,405)
w(181,2,17,405)
r(181,2,17,405)
r(181,2,18,407)
r(180,2,18,407)
w(177,3,18,407)
w(181,3,18,407)
r(181,3,18,407)
w(180,3,18,407)
r(183,0,18,409)
w(183,1,18,409)
w(183,2,18,409)
w(182,1,18,409)
r(183,2,18,409)
w(183,3,18,409)
r(183,3,18,409)
r(182,1,18,409)
r(183,3,13,411)
r(184,0,13,411)
w(182,2,13,411)
r(182,2,13,411)
r(185,0,15,413)
w(182,3,15,413)
w(185,1,15,413)
r(182,3,15,413)
w(185,2,15,413)
r(182,3,15,413)
r(182,3,15,413)
r(185,2,15,413)
w(185,3,13,415)
r(185,3,13,415)
r(186,0,13,415)
w(186,1,13,415)
w(184,1,13,415)
w(187,1,13,415)
w(187,2,11,417)
r(186,1,11,417)
r(186,1,11,417)
w(187,3,11,417)
r(187,3,11,417)
r(186,1,11,417)
w(189,1,11,417)
w(189,2,11,417)
r(189,2,16,419)
w(186,2,16,419)
r(188,0,16,419)
r(186,2,16,419)
r(189,2,16,419)
r(186,2,16,419)
r(184,1,16,421)
w(189,3,16,421)
w(191,1,16,421)
w(191,2,16,421)
r(186,2,16,421)
r(184,1,16,421)
w(191,3,19,423)
r(192,0,19,423)
r(192,0,19,423)
r(192,0,19,423)
w(186,3,19,423)
w(188,1,19,423)
r(192,0,19,423)
r(192,0,19,423)
r(188,1,10,425)
w(188,2,10,425)
r(192,0,10,425)
r(186,3,10,425)
r(186,3,3,427)
r(192,0,3,427)
r(192,0,3,427)
w(190,1,3,427)
r(193,0,3,427)
r(192,0,3,427)
r(192,0,3,427)
w(193,1,2,429)
w(192,1,2,429)
r(192,1,2,429)
r(192,1,2,429)
w(192,2,2,429)
w(192,3,4,432)
r(188,2,4,432)
r(193,1,4,432)
r(193,1,4,432)
r(194,0,4,432)
r(194,0,4,432)
r(194,0,4,432)
w(194,1,7,434)
w(193,2,7,434)
w(194,2,7,434)
w(193,3,7,434)
r(194,2,7,434)
r(193,3,7,434)
w(195,1,14,437)
r(195,1,14,437)
w(188,3,14,437)
w(196,2,14,437)
w(195,2,11,439)
r(196,2,11,439)
w(195,3,11,439)
w(184,3,11,439)
r(196,2,11,439)
r(196,2,11,439)
w(196,3,6,441)
r(195,3,6,441)
r(196,3,6,441)
w(197,1,6,441)
r(197,1,8,443)
w(198,1,8,443)
r(198,1,8,443)
r(188,3,8,443)
r(195,3,8,443)
r(198,1,3,446)
w(199,1,3,446)
r(197,1,3,446)
w(199,2,3,446)
w(198,2,3,446)
r(195,3,3,446)
r(198,2,3,446)
w(198,3,3,446)
w(200,1,0,447)
r(200,1,0,447)
w(201,1,0,447)
r(200,1,0,447)
w(201,2,0,447)
w(200,2,0,447)
r(200,2,7,449)
r(200,2,7,449)
r(201,2,7,449)
w(201,3,7,449)
r(201,3,7,449)
r(200,2,7,449)
r(199,2,7,449)
r(201,3,7,451)
r(200,2,7,451)
w(200,3,7,451)
r(200,3,7,451)
r(200,3,7,451)
r(200,3,16,453)
r(200,3,16,453)
r(203,0,16,453)
w(202,1,16,453)
w(203,1,16,453)
w(202,2,16,453)
w(203,2,16,453)
r(202,2,16,453)
r(203,2,18,455)
w(203,3,18,455)
r(202,2,18,455)
r(199,2,18,455)
w(204,1,9,457)
w(204,2,9,457)
r(204,2,9,457)
r(204,2,9,457)
w(204,3,9,457)
r(204,3,9,457)
r(204,3,9,457)
r(205,0,1,459)
r(205,0,1,459)
w(205,1,1,459)
r(205,1,1,459)
w(202,3,1,459)
r(197,1,1,459)
w(205,2,1,459)
r(205,2,1,459)
r(202,3,8,461)
w(190,2,8,461)
r(205,2,8,461)
r(199,2,8,461)
r(205,2,8,461)
w(205,3,8,461)
w(199,3,8,461)
r(199,3,3,464)
r(199,3,3,464)
r(199,3,3,464)
w(206,1,3,464)
w(206,2,3,464)
r(207,0,14,467)
w(207,2,14,467)
r(207,2,14,467)
r(207,2,14,467)
r(207,2,14,467)
r(209,0,2,469)
w(208,1,2,469)
w(197,2,2,469)
w(207,3,2,469)
w(197,3,6,471)
r(209,0,6,471)
w(208,2,6,471)
r(210,0,6,471)
w(208,3,6,471)
r(210,0,6,471)
w(210,1,6,471)
r(210,1,6,471)
w(210,2,18,473)
r(210,2,18,473)
r(210,2,18,473)
r(212,0,18,473)
r(212,0,18,473)
w(210,3,18,473)
r(212,0,18,473)
r(210,3,13,475)
w(212,1,13,475)
w(209,1,13,475)
r(209,1,13,475)
r(213,0,13,475)
w(211,1,13,475)
w(213,1,13,475)
w(212,2,13,475)
w(211,2,14,477)
r(213,1,14,477)
w(213,2,14,477)
w(211,3,14,477)
w(213,3,14,477)
r(213,3,14,477)
w(212,3,14,477)
r(213,3,18,479)
w(214,1,18,479)
r(214,1,18,479)
r(209,1,18,479)
r(214,1,3,481)
w(214,2,3,481)
r(214,2,3,481)
w(215,1,3,481)
r(214,2,3,481)
w(190,3,3,481)
r(214,2,3,481)
r(214,2,3,483)
r(214,2,3,483)
r(214,2,3,483)
r(216,0,3,483)
r(216,0,3,483)
w(214,3,3,483)
w(217,1,3,483)
w(217,2,16,485)
r(216,0,16,485)
r(217,2,16,485)
r(209,1,16,485)
r(217,2,16,485)
r(217,2,16,485)
w(209,2,16,485)
r(217,2,9,487)
r(209,2,9,487)
r(216,0,9,487)
r(217,2,9,487)
w(216,1,13,490)
r(217,2,13,490)
r(217,2,13,490)
w(217,3,13,490)
w(209,3,13,490)
w(218,1,0,491)
w(218,2,0,491)
r(209,2,0,491)
r(209,2,0,491)
r(218,2,6,493)
w(218,3,6,493)
w(216,2,6,493)
r(218,3,6,493)
r(218,3,6,493)
r(216,2,6,493)
r(216,2,6,493)
w(216,3,6,493)
w(222,1,13,495)
w(221,1,13,495)
r(221,1,13,495)
r(222,1,13,495)
w(221,2,13,495)
r(222,1,13,495)
w(221,3,4,497)
r(222,1,4,497)
r(223,0,4,497)
r(222,1,4,497)
r(219,0,4,497)
r(223,0,4,497)
w(222,2,9,499)
w(222,3,9,499)
r(222,3,9,499)
r(219,0,9,499)
r(222,3,9,499)
r(220,0,9,499)
r(222,3,9,499)
r(223,0,6,501)
r(220,0,6,501)
w(223,1,6,501)
r(219,0,6,501)
w(223,2,6,501)
r(222,3,6,501)
r(222,3,6,501)
r(222,3,17,503)
r(223,2,17,503)
w(215,2,17,503)
w(223,3,17,503)
r(225,0,13,505)
r(225,0,13,505)
w(225,1,13,505)
w(225,2,13,505)
w(225,3,13,505)
r(225,3,13,505)
r(225,3,13,505)
r(225,3,13,505)
w(224,1,4,507)
w(224,2,4,507)
r(215,2,4,507)
r(224,2,4,507)
w(215,3,12,510)
r(225,3,12,510)
r(225,3,12,510)
w(224,3,12,510)
r(226,0,3,511)
r(224,2,3,511)
r(215,2,3,511)
r(226,0,3,511)
r(226,0,3,511)
w(226,1,3,511)
w(226,2,0,513)
r(226,2,0,513)
w(227,1,0,513)
r(226,2,0,513)
w(227,2,0,513)
w(219,1,0,513)
r(227,2,0,515)
w(227,3,0,515)
w(219,2,0,515)
r(226,2,0,515)
w(226,3,0,515)
w(230,1,0,515)
r(219,2,0,515)
w(230,2,7,517)
w(230,3,7,517)
r(230,3,7,517)
r(219,2,7,517)
r(219,2,7,517)
w(231,1,7,517)
w(231,2,7,517)
w(231,3,7,517)
w(228,1,8,519)
w(232,1,8,519)
w(232,2,8,519)
r(232,2,8,519)
r(219,2,8,519)
w(229,1,8,519)
w(234,1,12,525)
w(219,3,12,525)
r(234,1,12,525)
r(229,1,12,525)
r(234,1,12,525)
r(219,3,12,525)
w(234,2,12,525)
r(219,3,19,528)
r(234,2,19,528)
w(228,2,19,528)
w(235,1,19,528)
r(234,2,19,528)
w(235,2,7,531)
w(237,1,7,531)
r(237,1,7,531)
r(235,2,7,531)
r(235,2,12,533)
r(237,1,12,533)
r(237,1,12,533)
w(237,2,12,533)
w(238,1,12,533)
r(237,2,12,535)
w(237,3,12,535)
w(238,2,12,535)
w(220,1,12,535)
w(235,3,12,535)
r(239,0,16,537)
w(220,2,16,537)
r(239,0,16,537)
r(235,3,16,537)
w(239,1,16,537)
r(239,1,16,537)
w(239,2,19,539)
w(239,3,19,539)
r(228,2,19,539)
r(238,2,19,539)
r(241,0,19,539)
w(241,1,19,539)
r(240,0,19,539)
r(241,1,19,539)
w(241,2,5,541)
w(241,3,5,541)
r(241,3,5,541)
r(241,3,5,541)
r(241,3,5,541)
r(241,3,5,541)
w(240,1,7,543)
w(240,2,7,543)
w(243,1,7,543)
r(243,1,7,543)
w(240,3,2,546)
r(243,1,2,546)
w(243,2,2,546)
w(244,1,2,546)
w(242,1,2,546)
w(243,3,2,546)
w(238,3,2,546)
r(238,3,2,546)
r(238,3,13,550)
w(244,3,13,550)
r(244,3,13,550)
r(245,0,13,550)
r(245,0,11,551)
w(246,1,11,551)
w(245,2,11,551)
w(245,3,11,551)
w(246,2,17,553)
r(246,2,17,553)
w(248,1,17,553)
r(248,1,17,553)
w(246,3,17,553)
w(248,2,17,553)
w(248,3,17,553)
r(248,3,5,555)
r(249,0,5,555)
r(249,0,5,555)
w(249,1,5,555)
w(242,2,5,557)
w(250,1,5,557)
w(250,2,5,557)
w(250,3,5,557)
r(249,1,5,557)
r(247,0,5,557)
r(242,2,5,557)
r(251,0,2,559)
r(251,0,2,559)
r(251,0,2,559)
r(251,0,2,559)
r(249,1,3,561)
r(251,0,3,561)
w(251,1,3,561)
w(249,2,3,561)
r(242,2,3,561)
w(242,3,2,563)
r(251,1,2,563)
r(251,1,2,563)
w(251,2,2,563)
w(251,3,2,563)
w(249,3,9,565)
w(247,1,9,565)
w(247,2,9,565)
w(252,1,9,565)
r(249,3,9,565)
w(252,2,9,565)
w(247,3,9,565)
r(252,2,9,565)
r(249,3,19,567)
w(252,3,19,567)
w(253,1,19,567)
r(252,3,19,567)
w(254,1,19,567)
r(254,1,19,567)
w(254,2,4,569)
r(242,3,4,569)
r(254,2,4,569)
r(247,3,4,569)
w(254,3,4,569)
w(220,3,4,571)
w(253,2,4,571)
r(254,3,4,571)
r(254,3,4,571)
w(253,3,4,571)
r(254,3,4,571)
w(255,1,19,573)
w(256,1,19,573)
r(254,3,19,573)
r(257,0,19,573)
w(257,1,19,573)
r(257,1,19,573)
w(257,2,3,575)
w(255,2,3,575)
w(257,3,3,575)
w(258,1,3,575)
w(258,2,3,575)
r(242,3,3,575)
w(256,2,10,578)
r(258,2,10,578)
r(258,2,10,578)
r(258,2,10,578)
r(256,2,10,578)
r(258,2,10,578)
w(258,3,10,578)
r(256,2,10,581)
r(256,2,10,581)
w(255,3,10,581)
w(260,3,10,581)
r(256,2,10,581)
r(260,3,10,581)
r(260,3,10,581)
r(260,3,3,583)
r(256,2,3,583)
w(261,1,3,583)
r(260,3,3,583)
r(262,0,3,583)
r(262,0,10,585)
r(262,0,10,585)
w(261,2,10,585)
w(259,1,10,585)
r(263,0,0,587)
r(262,0,0,587)
r(262,0,0,587)
r(262,0,0,587)
w(259,2,0,587)
w(262,1,0,587)
r(262,1,8,589)
r(263,0,8,589)
r(262,1,8,589)
w(263,1,8,589)
r(262,1,8,589)
r(259,2,8,589)
w(262,2,8,589)
w(262,3,3,591)
w(261,3,3,591)
w(259,3,3,591)
r(262,3,3,591)
r(262,3,3,591)
w(263,2,3,591)
r(265,0,3,591)
w(263,3,3,591)
w(264,1,6,593)
w(265,1,6,593)
w(265,2,6,593)
r(266,0,6,593)
r(263,3,6,593)
r(265,2,6,593)
r(265,2,6,593)
w(265,3,6,593)
r(265,3,12,595)
r(261,3,12,595)
r(261,3,12,595)
r(267,0,12,595)
w(267,1,12,595)
r(267,1,3,597)
w(267,2,3,597)
w(267,3,3,597)
w(269,1,3,597)
r(264,1,3,597)
w(269,2,3,597)
w(268,1,4,599)
w(269,3,4,599)
r(268,1,4,599)
r(269,3,4,599)
w(268,2,4,599)
w(268,3,4,599)
r(270,0,4,599)
r(269,3,6,601)
r(271,0,6,601)
w(270,1,6,601)
w(271,1,6,601)
r(271,1,6,601)
w(270,2,15,603)
r(272,0,15,603)
w(271,2,15,603)
w(270,3,15,603)
r(271,2,15,603)
w(273,1,15,603)
w(271,3,15,603)
r(271,3,17,605)
r(271,3,17,605)
r(274,0,17,605)
w(272,1,17,605)
w(274,1,17,605)
r(274,1,17,605)
r(273,1,17,605)
w(264,2,17,605)
w(274,2,18,607)
r(273,1,18,607)
r(264,2,18,607)
r(274,2,18,607)
w(264,3,18,607)
w(274,3,18,607)
r(274,3,18,607)
r(274,3,10,609)
w(273,2,10,609)
w(273,3,10,609)
r(275,0,10,609)
r(275,0,13,611)
r(275,0,13,611)
w(275,1,13,611)
w(275,2,13,611)
w(275,3,13,611)
r(273,3,14,613)
r(277,0,14,613)
w(277,1,14,613)
w(272,2,14,613)
r(277,1,14,613)
r(272,2,14,613)
r(277,1,14,613)
w(276,1,14,615)
w(277,2,14,615)
r(277,2,14,615)
r(272,2,14,615)
w(272,3,14,615)
r(277,2,14,615)
w(277,3,14,615)
w(278,1,16,617)
w(278,2,16,617)
r(278,2,16,617)
r(279,0,16,617)
r(278,2,16,617)
w(266,1,7,619)
r(279,0,7,619)
r(278,2,7,619)
r(279,0,7,619)
w(279,1,13,621)
r(279,1,13,621)
r(279,1,13,621)
w(278,3,13,621)
r(278,3,13,621)
r(279,1,13,621)
r(281,0,13,621)
w(281,1,13,621)
w(281,2,9,623)
r(281,2,9,623)
r(281,2,9,623)
r(281,2,9,623)
r(281,2,9,623)
r(280,0,9,623)
w(281,3,4,626)
r(282,0,4,626)
w(282,1,4,626)
r(282,1,4,626)
r(282,1,4,626)
r(280,0,4,626)
w(280,1,4,626)
r(282,1,4,626)
r(276,1,0,629)
r(282,1,0,629)
w(280,2,0,629)
w(276,2,0,629)
r(279,1,0,629)
w(279,2,0,629)
r(280,2,11,631)
w(279,3,11,631)
w(283,1,11,631)
w(283,2,11,631)
w(280,3,11,631)
w(283,3,11,631)
r(276,2,15,633)
r(280,3,15,633)
w(285,1,15,633)
w(285,2,15,633)
w(285,3,10,635)
w(284,1,10,635)
r(285,3,10,635)
r(285,3,10,635)
r(284,1,10,635)
w(287,1,10,635)
r(287,1,10,635)
w(284,2,10,635)
r(284,2,4,637)
w(287,2,4,637)
w(286,1,4,637)
w(284,3,4,637)
r(284,3,4,637)
w(286,2,15,639)
r(287,2,15,639)
w(287,3,15,639)
r(287,3,15,639)
r(288,0,9,641)
w(288,1,9,641)
w(288,2,9,641)
r(286,2,9,641)
r(288,2,9,641)
r(276,2,9,641)
r(284,3,9,641)
r(288,2,0,643)
r(288,2,0,643)
r(288,2,0,643)
w(289,1,0,643)
r(276,2,0,643)
r(288,2,0,643)
r(288,2,0,643)
w(276,3,0,643)
w(288,3,17,645)
r(286,2,17,645)
r(289,1,17,645)
r(290,0,17,645)
r(290,0,17,645)
w(290,1,17,645)
r(289,1,5,648)
w(289,2,5,648)
w(266,2,5,648)
w(290,2,5,648)
w(290,3,5,648)
r(289,2,5,648)
r(289,1,16,649)
r(266,1,16,649)
w(286,3,16,649)
r(290,1,16,649)
r(290,1,16,649)
r(290,1,16,649)
r(292,0,16,649)
r(289,1,16,649)
r(292,0,5,651)
r(292,0,5,651)
w(292,1,5,651)
w(292,2,5,651)
w(291,1,5,651)
w(289,3,8,653)
r(291,1,8,653)
w(291,2,8,653)
r(292,2,8,653)
w(292,3,12,655)
r(291,2,12,655)
r(292,3,12,655)
r(292,3,12,655)
w(293,1,12,655)
r(294,0,4,657)
w(294,1,4,657)
w(294,2,4,657)
r(294,2,4,657)
r(276,3,4,657)
r(294,2,7,659)
w(291,3,7,659)
w(295,1,7,659)
r(294,2,7,659)
w(293,2,8,661)
w(294,3,8,661)
r(296,0,8,661)
r(293,2,8,661)
r(293,2,8,661)
w(296,1,8,661)
w(296,2,4,663)
w(266,3,4,663)
w(296,3,4,663)
r(298,0,4,663)
r(298,0,4,665)
w(298,1,4,665)
r(298,1,4,665)
r(297,0,4,665)
w(298,2,3,667)
w(293,3,3,667)
r(298,2,3,667)
r(293,3,3,667)
w(298,3,3,667)
r(298,3,3,667)
w(299,1,3,669)
r(300,0,3,669)
r(299,1,3,669)
r(299,1,3,669)
r(299,1,3,669)
w(300,1,3,669)
r(300,1,3,669)
w(300,2,2,671)
w(300,3,2,671)
w(299,2,2,671)
r(295,1,2,671)
r(302,0,16,673)
w(295,2,16,673)
r(299,2,16,673)
r(302,0,16,673)
r(302,0,3,675)
w(295,3,3,675)
r(297,0,3,675)
w(302,1,3,675)
w(297,1,3,675)
w(302,2,11,677)
w(303,1,11,677)
w(299,3,11,677)
r(303,1,11,677)
w(302,3,11,677)
r(302,3,11,677)
r(304,0,11,677)
r(304,0,8,679)
r(305,0,8,679)
w(305,1,8,679)
r(304,0,8,679)
r(305,1,8,679)
r(305,1,8,679)
r(305,1,8,679)
w(303,2,8,681)
r(305,1,8,681)
r(305,1,8,681)
w(304,1,8,681)
w(305,2,11,683)
r(305,2,11,683)
w(305,3,11,683)
w(297,2,11,683)
r(304,1,11,683)
r(305,3,11,683)
r(305,3,11,683)
w(304,2,10,685)
r(306,0,10,685)
r(306,0,10,685)
w(304,3,10,685)
w(303,3,10,685)
r(303,3,5,687)
r(306,0,5,687)
r(304,3,5,687)
r(303,3,5,687)
w(307,1,5,687)
r(306,0,14,689)
r(307,1,14,689)
w(306,1,14,689)
r(307,1,14,689)
r(306,1,14,689)
r(307,1,14,689)
r(297,2,10,691)
r(306,1,10,691)
r(306,1,10,691)
w(301,1,10,691)
r(306,1,10,691)
w(297,3,10,691)
r(306,1,6,693)
w(306,2,6,693)
r(306,2,6,693)
w(306,3,6,693)
r(307,1,6,693)
w(307,2,6,693)
w(307,3,6,693)
r(308,0,6,693)
w(309,1,3,695)
w(309,2,3,695)
r(307,3,3,695)
w(309,3,3,695)
w(308,1,3,695)
r(309,3,9,697)
w(308,2,9,697)
w(308,3,9,697)
r(307,3,9,697)
r(309,3,9,697)
r(312,0,9,697)
r(311,0,9,697)
r(312,0,9,697)
w(301,2,12,699)
r(312,0,12,699)
w(312,1,12,699)
w(312,2,12,699)
w(312,3,12,699)
w(311,1,2,701)
w(311,2,2,701)
w(313,1,2,701)
r(313,1,2,701)
r(311,2,2,701)
r(313,1,2,701)
w(313,2,10,703)
r(311,2,10,703)
w(311,3,10,703)
w(310,1,10,703)
r(313,2,10,703)
r(310,1,10,703)
w(313,3,4,705)
r(313,3,4,705)
r(314,0,4,705)
r(314,0,4,705)
r(314,0,4,705)
r(314,0,4,705)
r(314,0,4,705)
w(315,1,4,705)
r(314,0,4,707)
r(314,0,4,707)
r(315,1,4,707)
r(314,0,4,707)
r(314,0,4,707)
r(308,3,17,710)
w(315,2,17,710)
w(315,3,17,710)
r(308,3,17,710)
r(314,0,17,710)
r(314,0,17,710)
w(314,1,1,711)
w(314,2,1,711)
r(314,2,1,711)
w(314,3,1,711)
w(316,1,14,713)
w(316,2,14,713)
w(301,3,14,713)
w(316,3,14,713)
w(317,1,14,713)
r(317,1,14,713)
w(318,1,14,713)
w(317,2,16,715)
r(317,2,16,715)
r(317,2,16,715)
w(318,2,16,715)
w(318,3,16,715)
r(317,2,16,715)
r(318,3,16,715)
w(317,3,16,715)
r(310,1,2,717)
w(319,1,2,717)
w(319,2,2,717)
r(319,2,2,717)
r(319,2,2,717)
w(319,3,2,717)
r(319,3,2,717)
w(321,1,2,717)
w(321,2,10,719)
w(320,1,10,719)
w(321,3,10,719)
r(320,1,10,719)
w(320,2,10,719)
r(310,1,10,719)
w(320,3,8,721)
r(322,0,8,721)
w(322,1,8,721)
r(323,0,8,721)
r(322,1,8,721)
r(308,3,8,721)
w(323,1,15,723)
r(322,1,15,723)
r(322,1,15,723)
w(323,2,15,723)
w(322,2,15,723)
r(322,2,15,723)
r(301,3,15,723)
w(323,3,17,725)
r(310,1,17,725)
r(324,0,17,725)
r(322,2,17,725)
r(324,0,17,725)
r(324,0,17,725)
w(322,3,5,727)
r(322,3,5,727)
r(301,3,5,727)
w(325,1,5,727)
r(322,3,5,727)
w(310,2,5,727)
r(325,1,5,727)
w(325,2,5,727)
w(324,1,3,729)
w(326,1,3,729)
w(310,3,3,729)
r(324,1,3,729)
r(326,1,3,729)
w(324,2,3,729)
r(326,1,3,729)
r(324,2,3,729)
r(326,1,5,731)
w(324,3,5,731)
r(326,1,5,731)
w(326,2,5,731)
w(328,1,5,731)
w(328,2,1,733)
w(328,3,1,733)
w(327,1,1,733)
r(326,2,1,733)
r(326,2,1,733)
r(326,2,2,735)
r(329,0,2,735)
w(325,3,2,735)
r(327,1,2,735)
w(329,1,2,735)
r(325,3,4,737)
r(329,1,4,737)
w(326,3,4,737)
r(327,1,4,737)
r(325,3,11,739)
r(329,1,11,739)
r(330,0,11,739)
w(330,1,11,739)
w(330,2,11,739)
w(330,3,11,739)
w(331,1,11,739)
r(331,1,11,739)
r(331,1,2,741)
w(327,2,2,741)
w(331,2,2,741)
w(331,3,2,741)
r(329,1,11,743)
r(331,3,11,743)
w(329,2,11,743)
r(329,2,11,743)
r(332,0,11,743)
w(332,1,11,743)
r(333,0,11,743)
w(332,2,11,743)
w(332,3,1,745)
r(329,2,1,745)
r(301,3,1,745)
w(329,3,1,745)
w(334,1,1,745)
r(329,3,1,745)
w(333,1,1,745)
w(334,2,17,747)
w(333,2,17,747)
w(334,3,17,747)
w(336,1,17,747)
r(335,0,17,747)
r(336,1,17,747)
w(336,2,17,747)
r(336,2,17,747)
r(336,2,10,749)
w(336,3,10,749)
r(337,0,10,749)
r(337,0,10,749)
w(337,1,10,749)
r(337,1,10,749)
w(337,2,14,751)
r(337,2,14,751)
w(337,3,14,751)
r(335,0,14,751)
r(327,2,14,751)
w(338,1,2,753)
r(333,2,2,753)
w(338,2,2,753)
w(338,3,2,753)
r(338,3,2,753)
r(335,0,2,753)
w(335,1,18,755)
r(333,2,18,755)
r(338,3,18,755)
r(327,2,18,755)
w(335,2,18,757)
r(335,2,18,757)
r(335,2,18,757)
w(339,1,18,757)
w(335,3,13,759)
r(339,1,13,759)
w(339,2,13,759)
r(339,2,13,759)
r(339,2,13,759)
w(339,3,13,759)
w(341,1,13,759)
w(340,1,13,759)
r(333,2,12,761)
r(341,1,12,761)
r(340,1,12,761)
r(327,2,12,761)
w(341,2,12,761)
w(333,3,12,761)
r(333,3,12,761)
w(341,3,2,763)
r(341,3,2,763)
r(341,3,2,763)
r(340,1,2,763)
r(333,3,2,763)
r(333,3,10,765)
w(327,3,10,765)
r(340,1,10,765)
w(342,1,10,765)
r(301,3,10,765)
r(342,1,10,765)
r(333,3,7,767)
w(342,2,7,767)
r(342,2,7,767)
r(333,3,7,767)
r(340,1,7,767)
r(342,2,7,767)
r(342,2,7,767)
r(340,1,7,767)
r(342,2,16,769)
r(342,2,16,769)
r(342,2,16,769)
r(340,1,16,769)
w(342,3,16,769)
r(342,3,2,773)
r(340,1,2,773)
w(344,1,2,773)
r(340,1,2,773)
w(344,2,2,773)
r(340,1,13,775)
w(345,2,13,775)
r(346,0,13,775)
r(346,0,13,775)
r(346,0,13,775)
w(340,3,13,775)
r(346,0,10,777)
r(346,0,10,777)
w(346,1,10,777)
w(346,2,10,777)
w(343,1,19,781)
w(346,3,19,781)
r(345,2,19,781)
r(340,3,19,781)
w(347,1,19,781)
w(347,2,19,781)
w(345,3,19,781)
r(349,0,12,783)
w(349,3,12,783)
w(348,1,12,783)
r(348,1,12,783)
r(343,1,12,783)
r(348,1,12,783)
w(350,1,13,785)
w(343,2,13,785)
r(348,1,13,785)
r(348,1,13,785)
w(350,2,13,785)
w(350,3,13,785)
w(351,1,13,785)
r(348,1,18,787)
r(350,3,18,787)
r(353,0,18,787)
r(353,0,18,787)
w(353,1,9,789)
w(353,2,9,789)
r(353,2,9,789)
r(348,1,9,789)
r(353,2,1,792)
w(351,2,1,792)
r(353,2,1,792)
r(352,0,1,792)
r(353,2,1,792)
w(348,2,1,792)
r(348,2,1,792)
w(353,3,7,793)
r(353,3,7,793)
r(353,3,7,793)
r(348,1,7,793)
r(354,0,12,795)
w(352,1,12,795)
w(348,3,12,795)
w(354,1,12,795)
w(351,3,12,795)
w(354,2,12,795)
r(355,0,19,797)
r(354,2,19,797)
r(355,0,19,797)
r(343,2,19,797)
w(354,3,19,797)
r(343,2,19,797)
w(343,3,12,799)
w(355,1,12,799)
r(343,3,12,799)
w(355,2,12,799)
r(355,2,0,802)
w(355,3,0,802)
r(354,3,0,802)
r(355,3,0,802)
w(357,1,0,802)
r(357,1,0,802)
w(357,3,5,805)
r(357,3,5,805)
r(357,3,5,805)
r(356,0,5,805)
r(359,0,5,805)
w(359,1,5,805)
w(359,2,5,805)
r(359,2,2,807)
w(359,3,2,807)
r(360,0,2,807)
r(360,0,2,807)
w(358,2,12,809)
w(360,1,12,809)
r(360,1,12,809)
r(360,1,12,809)
r(358,2,12,809)
r(352,1,12,809)
w(360,2,12,809)
w(358,3,12,809)
w(356,2,16,811)
r(360,2,16,811)
w(352,2,16,811)
w(360,3,16,811)
r(360,3,16,811)
r(360,3,16,811)
w(362,1,16,811)
w(362,2,16,811)
w(363,1,4,813)
r(356,2,4,813)
r(356,2,4,813)
w(356,3,4,813)
r(363,1,4,813)
r(356,3,4,813)
w(363,2,18,815)
r(363,2,18,815)
r(363,2,18,815)
r(356,3,18,815)
w(363,3,18,815)
r(352,2,18,815)
w(365,1,3,818)
w(364,1,3,818)
w(364,2,3,818)
w(362,3,3,818)
r(362,3,3,818)
r(362,3,3,818)
w(365,2,3,818)
w(364,3,3,818)
r(366,0,16,819)
w(366,1,16,819)
r(367,0,16,819)
w(367,1,16,819)
w(366,2,16,819)
w(366,3,14,821)
r(367,1,14,821)
w(365,3,14,821)
w(368,1,14,821)
w(368,2,1,823)
w(368,3,1,823)
w(367,2,1,823)
r(367,2,1,823)
w(367,3,1,823)
r(370,0,1,823)
r(371,0,1,823)
r(371,0,0,825)
r(370,0,0,825)
w(370,1,0,825)
w(369,1,0,825)
r(371,0,0,825)
w(371,1,0,825)
r(371,1,16,827)
w(352,3,16,827)
r(371,1,16,827)
w(370,2,16,827)
r(361,0,16,827)
w(369,2,16,827)
r(370,2,16,827)
w(371,2,10,829)
r(369,2,10,829)
w(371,3,10,829)
r(370,2,10,829)
w(370,3,10,829)
r(371,3,14,831)
r(370,3,14,831)
r(372,0,14,831)
r(372,0,14,831)
r(372,0,14,831)
r(361,0,14,831)
r(373,0,14,831)
w(374,1,11,833)
r(374,1,11,833)
r(374,1,11,833)
r(369,2,11,833)
r(372,0,11,833)
w(374,2,11,833)
r(372,0,11,833)
r(372,0,11,833)
w(374,3,12,835)
r(372,0,12,835)
w(372,1,12,835)
w(372,2,12,835)
w(372,3,12,835)
w(373,1,12,835)
r(372,3,12,835)
r(374,3,14,837)
r(372,3,14,837)
r(372,3,14,837)
r(374,3,14,837)
r(375,0,4,839)
w(375,1,4,839)
w(375,2,4,839)
w(375,3,4,839)
r(369,2,4,839)
r(361,0,4,839)
r(377,0,4,839)
w(377,1,17,841)
r(377,1,17,841)
r(377,1,17,841)
r(361,0,17,841)
r(377,1,17,841)
w(376,1,17,841)
r(376,1,5,843)
w(377,2,5,843)
r(377,2,5,843)
r(373,1,5,843)
r(377,2,5,843)
w(377,3,5,843)
r(376,1,5,843)
r(378,0,5,843)
w(378,1,4,845)
w(378,2,4,845)
r(369,2,4,845)
r(378,2,4,845)
r(378,2,4,845)
r(378,2,4,845)
w(378,3,2,847)
w(376,2,2,847)
w(361,1,2,847)
w(376,3,2,847)
w(369,3,19,849)
w(379,1,19,849)
r(361,1,19,849)
w(379,2,19,849)
w(380,1,19,849)
w(379,3,19,849)
r(379,3,19,849)
r(379,3,19,849)
r(369,3,1,851)
w(373,2,1,851)
r(369,3,1,851)
w(381,1,1,851)
r(381,1,1,851)
r(361,1,1,851)
r(380,1,1,851)
w(381,2,1,851)
r(381,2,15,853)
r(380,1,15,853)
r(369,3,15,853)
r(381,2,15,853)
w(361,2,15,853)
r(382,0,8,855)
r(381,2,8,855)
w(380,2,8,855)
r(382,0,8,855)
w(381,3,3,857)
r(380,2,3,857)
r(381,3,3,857)
r(381,3,3,857)
r(382,0,3,857)
r(382,0,3,857)
r(361,2,3,857)
r(382,0,3,857)
w(380,3,7,859)
r(381,3,7,859)
r(361,2,7,859)
r(381,3,7,859)
r(380,3,0,861)
r(380,3,0,861)
w(361,3,0,861)
r(383,0,0,861)
w(383,1,13,863)
r(383,1,13,863)
w(383,2,13,863)
w(383,3,13,863)
w(385,1,13,863)
w(385,2,13,863)
w(385,3,13,863)
r(385,3,13,863)
r(385,3,7,865)
r(361,3,7,865)
r(384,0,7,865)
r(386,0,7,865)
r(386,0,9,867)
w(386,1,9,867)
r(386,1,9,867)
r(382,0,9,867)
r(384,0,9,867)
w(382,1,9,867)
w(386,2,13,869)
w(384,1,13,869)
r(382,1,13,869)
r(384,1,13,869)
w(386,3,13,869)
w(384,2,13,869)
w(384,3,13,869)
w(387,1,7,871)
r(386,3,7,871)
w(387,2,7,871)
w(387,3,7,871)
r(386,3,3,873)
r(387,3,3,873)
r(388,0,3,873)
r(386,3,3,873)
w(382,2,3,873)
r(388,0,18,875)
r(388,0,18,875)
w(388,1,18,875)
r(389,0,18,875)
w(388,2,18,875)
r(388,2,18,875)
r(389,0,18,875)
r(389,0,18,875)
w(382,3,19,877)
r(389,0,19,877)
r(382,3,19,877)
r(389,0,19,877)
r(389,0,19,877)
r(388,2,19,877)
r(389,0,7,879)
r(388,2,7,879)
w(389,1,7,879)
r(389,1,7,879)
w(388,3,7,879)
r(389,1,7,879)
w(389,2,1,881)
r(390,0,1,881)
w(391,1,1,881)
w(390,1,1,881)
w(389,3,13,883)
r(392,0,13,883)
r(393,0,13,883)
r(393,0,13,883)
w(392,1,13,883)
r(393,0,13,883)
r(393,0,13,883)
w(393,1,13,883)
r(390,1,11,885)
r(390,1,11,885)
r(393,1,11,885)
w(393,2,11,885)
r(393,2,17,887)
r(390,1,17,887)
w(393,3,17,887)
r(393,3,17,887)
r(391,1,17,887)
r(390,1,0,889)
r(390,1,0,889)
w(392,2,0,889)
r(390,1,0,889)
r(394,0,0,889)
r(390,1,0,889)
w(392,3,15,891)
w(394,1,15,891)
r(390,1,15,891)
w(394,2,15,891)
w(394,3,15,891)
w(390,2,15,891)
r(395,0,10,893)
w(390,3,10,893)
r(395,0,10,893)
r(390,3,10,893)
r(395,0,10,893)
w(395,1,10,893)
r(390,3,10,893)
w(373,3,10,893)
r(395,1,6,895)
r(395,1,6,895)
w(395,2,6,895)
r(395,2,6,895)
w(395,3,6,895)
r(395,3,6,897)
r(397,0,6,897)
w(397,1,6,897)
r(398,0,6,897)
w(396,1,6,897)
r(397,1,6,897)
w(398,1,6,897)
w(398,2,6,897)
w(398,3,15,899)
r(391,1,15,899)
w(399,1,15,899)
r(396,1,15,899)
r(399,1,11,901)
r(399,1,11,901)
r(396,1,11,901)
w(396,2,11,901)
r(399,1,11,901)
w(397,2,11,901)
w(397,3,11,901)
r(400,0,9,903)
r(399,1,9,903)
w(399,2,9,903)
w(399,3,9,903)
w(391,2,9,903)
r(400,0,17,905)
w(396,3,17,905)
w(400,1,17,905)
r(400,1,17,905)
r(399,3,15,907)
w(400,2,15,907)
r(401,0,15,907)
r(400,2,15,907)
w(401,1,15,907)
w(400,3,3,909)
r(402,0,3,909)
w(401,2,3,909)
r(396,3,3,909)
w(401,3,3,909)
w(403,1,3,909)
r(391,2,3,909)
w(403,2,3,909)
w(391,3,16,911)
r(401,3,16,911)
w(402,1,16,911)
r(401,3,16,911)
w(402,2,16,911)
r(402,2,15,913)
w(404,1,15,913)
r(404,1,15,913)
w(402,3,15,913)
r(404,1,13,915)
r(373,3,13,915)
w(406,1,13,915)
w(403,3,13,915)
r(373,3,13,915)
r(404,1,12,917)
w(404,2,12,917)
r(406,1,12,917)
r(406,1,12,917)
r(404,2,12,917)
r(404,2,12,917)
w(405,1,14,920)
r(406,1,14,920)
r(406,1,14,920)
w(406,2,14,920)
r(404,2,14,920)
w(404,3,14,920)
r(403,3,14,920)
r(408,0,15,923)
r(408,0,15,923)
r(408,0,15,923)
r(403,3,15,923)
r(403,3,15,923)
w(411,1,15,923)
w(411,2,15,923)
r(411,2,15,923)
w(411,3,4,925)
w(412,1,4,925)
r(412,1,4,925)
r(410,0,4,925)
r(405,1,4,925)
r(409,0,12,927)
w(409,1,12,927)
w(409,2,12,927)
w(410,1,12,927)
r(409,2,12,927)
w(412,2,12,929)
w(412,3,12,929)
r(412,3,12,929)
w(409,3,12,929)
r(412,3,12,929)
r(410,1,13,931)
r(405,1,13,931)
r(412,3,13,931)
r(413,0,13,931)
w(414,1,13,931)
r(414,1,7,934)
w(410,2,7,934)
r(414,1,7,934)
w(414,2,7,934)
w(414,3,7,934)
r(410,2,7,934)
r(414,3,7,934)
r(413,0,7,934)
r(413,0,15,935)
w(413,1,15,935)
r(414,1,15,935)
r(410,1,15,935)
r(415,0,15,935)
w(413,2,15,935)
w(413,3,15,935)
w(415,1,15,935)
w(415,2,10,937)
r(415,2,10,937)
r(405,1,10,937)
w(415,3,10,937)
r(417,0,5,940)
w(416,3,5,940)
r(416,3,5,940)
r(416,3,5,940)
r(416,3,0,943)
r(417,0,0,943)
r(416,3,0,943)
r(417,0,0,943)
w(417,1,0,945)
w(417,2,0,945)
r(418,0,0,945)
r(405,1,0,945)
r(417,2,0,945)
r(417,2,0,945)
r(410,2,0,945)
w(410,3,0,945)
w(418,1,4,947)
w(418,2,4,947)
w(418,3,4,947)
r(418,3,4,947)
r(407,0,4,947)
r(418,3,4,947)
r(418,3,4,947)
r(417,2,4,947)
r(419,0,0,949)
r(405,1,0,949)
w(419,1,0,949)
r(419,1,0,949)
r(417,2,12,951)
w(419,2,12,951)
w(420,1,12,951)
w(419,3,12,951)
r(420,1,12,951)
w(417,3,12,951)
r(405,1,12,951)
r(420,1,11,953)
r(421,0,11,953)
w(420,2,11,953)
r(419,3,11,953)
r(422,0,11,953)
r(422,0,11,953)
r(420,2,11,953)
r(421,0,11,953)
r(420,2,11,957)
w(421,2,11,957)
r(423,0,11,957)
r(423,0,11,957)
w(421,3,11,957)
w(423,1,7,959)
w(424,1,7,959)
w(423,2,7,959)
w(425,1,7,959)
w(423,3,7,959)
w(425,2,7,961)
r(423,3,7,961)
r(423,3,7,961)
r(424,1,7,961)
r(426,0,7,961)
r(425,2,7,961)
w(424,2,15,963)
w(426,1,15,963)
r(426,1,15,963)
r(425,2,15,963)
r(405,1,15,963)
r(424,2,15,963)
r(426,1,15,963)
r(426,1,15,963)
w(424,3,3,965)
w(426,2,3,965)
w(425,3,3,965)
r(426,2,3,965)
w(405,3,3,965)
r(405,3,3,965)
r(426,2,3,965)
r(426,2,3,965)
w(426,3,12,967)
r(424,3,12,967)
r(424,3,12,967)
w(427,1,12,967)
r(425,3,12,967)
r(407,0,12,967)
r(405,3,12,967)
r(427,1,5,969)
r(425,3,5,969)
r(428,0,5,969)
w(428,1,5,969)
r(427,1,5,969)
r(427,1,5,969)
w(427,2,5,969)
r(427,2,5,969)
r(427,2,9,971)
w(427,3,9,971)
w(429,1,9,971)
r(429,1,9,971)
w(429,2,9,971)
r(427,3,9,971)
r(429,2,9,971)
r(430,0,9,971)
w(431,1,1,973)
r(429,2,1,973)
w(429,3,1,973)
r(431,1,1,973)
r(430,0,1,973)
r(431,1,1,973)
w(431,2,1,973)
w(431,3,1,973)
r(430,0,16,975)
r(433,0,16,975)
r(433,0,16,975)
r(433,0,16,975)
w(433,1,9,977)
r(432,0,9,977)
w(430,1,9,977)
r(433,1,9,977)
w(407,2,9,977)
r(433,1,13,979)
w(433,2,13,979)
w(433,3,13,979)
w(407,3,13,979)
r(432,0,13,979)
r(433,3,12,981)
w(432,1,12,981)
r(433,3,12,981)
w(430,2,12,981)
w(428,2,12,981)
w(434,1,12,981)
w(434,2,12,981)
w(434,3,12,981)
r(434,3,12,983)
r(435,0,12,983)
r(432,1,12,983)
w(432,2,12,983)
w(435,1,12,983)
w(428,3,12,983)
r(432,2,12,983)
r(435,1,12,983)
r(435,1,6,985)
r(435,1,6,985)
w(432,3,6,985)
r(435,1,6,985)
w(435,2,17,987)
r(435,2,17,987)
r(432,3,17,987)
w(435,3,17,987)
r(435,3,4,989)
r(435,3,4,989)
r(435,3,4,989)
r(435,3,4,989)
r(436,0,16,991)
w(436,1,16,991)
w(436,2,16,991)
r(437,0,16,991)
w(436,3,16,991)
w(437,1,16,991)
w(437,2,16,991)
w(438,1,16,991)
r(437,2,8,993)
w(437,3,8,993)
r(440,0,8,993)
r(438,1,8,993)
r(440,0,8,993)
r(439,0,8,993)
w(439,1,8,993)
r(440,0,8,995)
r(440,0,8,995)
r(440,0,8,995)
r(440,0,8,995)
w(439,2,8,995)
r(438,1,8,995)
w(430,3,8,995)
w(439,3,17,997)
r(440,0,17,997)
w(438,2,17,997)
w(438,3,17,997)
r(440,0,15,999)
r(438,3,15,999)
r(440,0,15,999)
r(440,0,15,999)
w(440,1,0,1001)
r(440,1,0,1001)
r(440,1,0,1001)
r(440,1,0,1001)
r(440,1,0,1001)
w(441,1,9,1003)
r(439,3,9,1003)
r(440,1,9,1003)
w(440,2,9,1003)
r(440,2,9,1003)
w(440,3,9,1003)
r(407,3,10,1005)
w(442,1,10,1005)
r(438,3,10,1005)
r(442,1,10,1005)
w(442,2,10,1005)
w(442,3,10,1005)
r(438,3,10,1005)
w(443,1,1,1007)
r(441,1,1,1007)
r(443,1,1,1007)
r(407,3,1,1007)
w(443,2,1,1007)
r(443,2,13,1009)
w(443,3,13,1009)
r(443,3,13,1009)
r(445,0,13,1009)
r(446,0,11,1011)
w(444,1,11,1011)
w(445,1,11,1011)
w(444,2,11,1011)
r(446,0,16,1013)
w(441,2,16,1013)
r(446,0,16,1013)
r(446,0,16,1013)
w(446,1,14,1015)
r(444,2,14,1015)
r(446,1,14,1015)
r(446,1,14,1015)
w(446,2,14,1015)
w(446,3,14,1015)
r(444,2,14,1015)
w(448,1,6,1017)
w(445,2,6,1017)
r(441,2,6,1017)
w(447,1,6,1017)
r(444,2,6,1017)
w(447,2,4,1019)
w(441,3,4,1019)
r(448,1,4,1019)
w(448,2,4,1019)
r(444,2,4,1019)
r(444,2,4,1019)
r(445,2,11,1021)
r(448,2,11,1021)
r(448,2,11,1021)
w(448,3,11,1021)
r(449,0,11,1021)
r(449,0,11,1021)
w(444,3,11,1021)
r(449,0,18,1023)
w(449,1,18,1023)
r(449,1,18,1023)
w(449,2,18,1023)
r(445,2,18,1023)
r(449,2,18,1023)
r(444,3,19,1025)
r(449,2,19,1025)
r(441,3,19,1025)
w(449,3,19,1025)
w(450,1,19,1025)
r(450,1,19,1025)
w(450,2,19,1025)
r(451,0,19,1027)
w(450,3,19,1027)
r(451,0,19,1027)
r(451,0,19,1027)
w(452,1,19,1027)
w(451,1,19,1027)
w(451,2,19,1027)
r(451,2,17,1029)
r(452,1,17,1029)
w(452,2,17,1029)
r(452,2,17,1029)
r(451,2,17,1029)
w(451,3,6,1031)
w(453,1,6,1031)
r(441,3,6,1031)
w(453,2,6,1031)
r(452,2,6,1031)
w(453,3,6,1031)
w(445,3,2,1033)
w(454,1,2,1033)
r(445,3,2,1033)
w(454,2,2,1033)
r(454,2,2,1033)
r(454,2,2,1033)
r(454,2,8,1035)
w(447,3,8,1035)
w(452,3,8,1035)
r(454,2,8,1035)
r(454,2,8,1035)
w(454,3,8,1035)
r(454,3,8,1035)
r(452,3,8,1035)
w(455,1,4,1037)
w(456,1,4,1037)
w(456,2,4,1037)
r(456,2,4,1037)
w(457,1,4,1037)
w(456,3,4,1037)
w(457,2,4,1037)
w(455,2,4,1037)
w(455,3,5,1039)
r(458,0,5,1039)
w(459,1,5,1039)
r(459,1,5,1039)
r(445,3,5,1039)
w(457,3,5,1039)
r(457,3,5,1039)
r(459,1,5,1039)
w(459,2,6,1041)
r(457,3,6,1041)
w(459,3,6,1041)
r(457,3,6,1041)
w(460,1,6,1041)
w(460,2,6,1041)
w(460,3,6,1041)
r(445,3,3,1043)
r(460,3,3,1043)
w(462,1,3,1043)
r(462,1,3,1043)
w(463,1,3,1043)
r(445,3,3,1043)
r(458,0,7,1045)
r(461,0,7,1045)
r(462,1,7,1045)
w(461,1,7,1045)
r(461,1,7,1045)
w(462,2,7,1045)
w(462,3,7,1045)
r(445,3,7,1045)
r(463,1,7,1047)
r(462,3,7,1047)
w(461,2,7,1047)
w(461,3,7,1047)
r(461,3,7,1047)
w(464,1,7,1047)
r(464,1,7,1047)
w(464,2,0,1049)
r(463,1,0,1049)
r(464,2,0,1049)
r(463,1,0,1049)
w(464,3,4,1051)
w(458,1,4,1051)
r(445,3,4,1051)
r(465,0,4,1051)
r(461,3,4,1051)
r(465,0,16,1053)
w(465,1,16,1053)
r(465,1,16,1053)
r(465,1,16,1053)
r(465,1,16,1053)
r(465,1,16,1053)
w(465,2,11,1055)
r(463,1,11,1055)
r(465,2,11,1055)
r(461,3,11,1055)
r(463,1,11,1055)
r(465,2,11,1055)
r(465,2,11,1055)
w(465,3,5,1057)
r(466,0,5,1057)
r(445,3,5,1057)
w(463,2,5,1057)
w(463,3,5,1057)
r(463,3,13,1059)
w(467,1,13,1059)
r(467,1,13,1059)
w(468,1,13,1059)
r(468,1,2,1061)
w(466,1,2,1061)
w(458,2,2,1061)
w(466,2,2,1061)
w(468,2,7,1063)
r(467,1,7,1063)
r(466,2,7,1063)
w(466,3,7,1063)
r(466,3,7,1063)
r(466,3,7,1063)
r(466,3,7,1063)
r(466,3,7,1063)
w(467,2,16,1065)
w(469,1,16,1065)
r(467,2,16,1065)
w(469,2,16,1065)
w(467,3,16,1065)
w(469,3,16,1065)
w(470,1,16,1065)
r(469,3,16,1065)
r(469,3,18,1068)
r(470,1,18,1068)
w(458,3,18,1068)
w(471,1,18,1068)
w(470,2,18,1068)
r(471,1,19,1071)
r(470,2,19,1071)
r(472,0,19,1071)
r(445,3,19,1071)
w(472,1,19,1071)
r(472,1,19,1071)
w(472,2,6,1073)
r(472,2,6,1073)
r(472,2,6,1073)
w(472,3,6,1073)
w(473,1,6,1073)
w(470,3,6,1073)
r(473,1,6,1073)
w(473,2,6,1073)
r(445,3,1,1075)
r(473,2,1,1075)
w(468,3,1,1075)
w(473,3,1,1075)
r(473,3,1,1075)
r(473,3,1,1075)
r(474,0,1,1075)
r(468,3,1,1075)
w(474,1,15,1077)
w(475,1,15,1077)
r(475,1,15,1077)
w(475,2,15,1077)
r(475,2,15,1077)
w(475,3,15,1077)
r(475,3,15,1077)
w(476,1,15,1077)
r(477,0,7,1079)
r(477,0,7,1079)
r(474,1,7,1079)
w(477,1,7,1079)
r(477,1,7,1079)
w(476,2,18,1081)
r(477,1,18,1081)
r(477,1,18,1081)
r(477,1,18,1081)
w(477,2,18,1081)
w(478,1,18,1081)
r(476,2,18,1081)
w(477,3,18,1081)
w(478,2,3,1083)
r(474,1,3,1083)
r(477,3,3,1083)
r(479,0,3,1083)
w(479,1,3,1083)
w(479,2,3,1083)
w(479,3,16,1085)
r(480,0,16,1085)
r(476,2,16,1085)
r(480,0,16,1085)
r(480,0,16,1085)
w(478,3,16,1085)
w(480,1,16,1085)
w(480,2,0,1087)
r(480,2,0,1087)
r(480,2,0,1087)
r(480,2,0,1087)
r(480,2,0,1087)
w(474,2,0,1087)
r(480,2,0,1087)
w(474,3,0,1087)
w(480,3,13,1090)
r(481,0,13,1090)
r(474,3,13,1090)
w(481,1,13,1090)
r(481,1,13,1090)
r(481,1,13,1090)
r(481,1,14,1091)
w(481,2,14,1091)
w(481,3,14,1091)
r(481,3,14,1091)
r(476,2,14,1091)
r(483,0,14,1091)
w(483,1,14,1091)
w(483,2,16,1093)
w(476,3,16,1093)
r(483,2,16,1093)
r(483,2,16,1093)
r(483,2,16,1093)
w(483,3,16,1093)
r(483,3,16,1093)
r(476,3,16,1095)
w(484,1,16,1095)
w(484,2,16,1095)
w(482,1,16,1095)
r(482,1,14,1097)
w(485,1,14,1097)
r(482,1,14,1097)
w(484,3,14,1097)
r(486,0,14,1097)
w(485,2,14,1097)
r(487,0,14,1097)
r(482,1,14,1097)
w(487,1,18,1099)
w(487,2,18,1099)
r(487,2,18,1099)
w(487,3,18,1099)
r(487,3,18,1099)
r(487,3,18,1099)
r(482,1,9,1102)
w(488,1,9,1102)
r(488,1,9,1102)
r(482,1,9,1102)
w(488,2,9,1102)
w(482,3,18,1105)
r(478,3,18,1105)
r(482,3,18,1105)
w(489,1,18,1105)
r(489,1,18,1105)
r(489,1,1,1107)
w(489,2,1,1107)
w(489,3,1,1107)
r(489,3,1,1107)
w(490,1,1,1107)
w(485,3,1,1107)
r(478,3,1,1107)
r(489,3,1,1107)
w(490,2,1,1109)
w(486,1,1,1109)
r(490,2,1,1109)
w(490,3,1,1109)
r(478,3,1,1109)
r(490,3,1,1109)
r(491,0,1,1109)
w(491,1,2,1111)
r(485,3,2,1111)
r(486,1,2,1111)
w(491,2,2,1111)
r(492,0,2,1111)
r(491,2,2,1111)
r(491,2,2,1111)
w(492,1,17,1113)
r(491,2,17,1113)
w(492,2,17,1113)
r(492,2,17,1113)
r(492,2,11,1115)
w(491,3,11,1115)
r(492,2,11,1115)
r(492,2,11,1115)
r(491,3,11,1115)
r(491,3,11,1115)
w(492,3,11,1115)
r(492,3,11,1115)
r(491,3,8,1117)
w(486,2,8,1117)
r(491,3,8,1117)
r(491,3,8,1117)
r(491,3,8,1117)
w(495,1,8,1117)
r(495,1,16,1119)
r(494,0,16,1119)
r(494,0,16,1119)
w(495,2,16,1119)
w(495,3,16,1119)
w(486,3,16,1119)
w(496,1,16,1119)
w(497,1,15,1121)
w(494,1,15,1121)
w(494,2,15,1121)
w(497,2,15,1121)
w(497,3,15,1121)
r(497,3,15,1121)
r(498,0,15,1121)
r(494,2,15,1121)
w(499,1,5,1123)
w(499,2,5,1123)
w(499,3,5,1123)
r(499,3,5,1123)
r(500,0,5,1123)
w(500,1,5,1123)
w(500,2,5,1123)
r(500,2,15,1125)
w(493,1,15,1125)
r(494,2,15,1125)
w(494,3,15,1125)
w(500,3,15,1125)
r(500,3,14,1127)
r(500,3,14,1127)
w(501,1,14,1127)
r(500,3,14,1127)
r(500,3,14,1127)
w(498,1,14,1127)
w(501,2,17,1129)
w(501,3,17,1129)
w(502,1,17,1129)
r(496,1,17,1129)
r(503,0,17,1129)
w(502,2,17,1129)
w(502,3,3,1131)
w(493,2,3,1131)
r(498,1,3,1131)
r(496,1,3,1131)
r(502,3,3,1131)
r(502,3,6,1133)
r(502,3,6,1133)
r(493,2,6,1133)
w(498,2,6,1133)
w(503,1,6,1133)
w(493,3,6,1133)
r(504,0,9,1135)
r(504,0,9,1135)
w(503,2,9,1135)
r(504,0,9,1135)
w(504,1,9,1135)
w(504,2,0,1137)
r(504,2,0,1137)
r(503,2,0,1137)
w(503,3,0,1137)
r(504,2,10,1139)
w(505,1,10,1139)
w(496,2,10,1139)
w(504,3,10,1139)
r(505,1,10,1139)
r(505,1,10,1139)
r(504,3,4,1141)
r(496,2,4,1141)
r(504,3,4,1141)
w(506,1,4,1141)
r(496,2,4,1141)
r(505,1,3,1143)
w(506,2,3,1143)
w(506,3,3,1143)
r(498,2,3,1143)
r(506,3,3,1143)
r(507,0,3,1143)
r(505,1,7,1145)
r(507,0,7,1145)
w(507,1,7,1145)
r(505,1,7,1145)
w(507,2,7,1145)
w(507,3,0,1148)
r(505,1,0,1148)
w(505,2,0,1148)
w(505,3,0,1148)
w(508,1,17,1149)
r(509,0,17,1149)
w(508,2,17,1149)
w(508,3,17,1149)
r(510,0,17,1149)
w(496,3,17,1149)
r(498,2,17,1149)
w(510,1,13,1151)
w(510,2,13,1151)
r(510,2,13,1151)
r(510,2,13,1151)
r(493,3,13,1151)
w(509,1,19,1153)
w(510,3,19,1153)
w(509,2,19,1153)
r(498,2,19,1153)
r(509,2,19,1153)
r(498,2,19,1153)
w(509,3,19,1153)
w(511,1,13,1155)
r(509,3,13,1155)
r(511,1,13,1155)
r(512,0,13,1155)
r(511,1,13,1155)
r(511,1,13,1155)
r(498,2,13,1155)
w(511,2,4,1157)
w(511,3,4,1157)
r(513,0,4,1157)
r(513,0,4,1157)
r(513,0,4,1157)
r(513,0,4,1157)
r(512,0,4,1157)
w(513,1,4,1157)
r(513,1,7,1159)
r(513,1,7,1159)
r(513,1,7,1159)
w(513,2,7,1159)
r(513,2,7,1159)
w(514,1,9,1161)
w(512,1,9,1161)
w(514,2,9,1161)
r(513,2,9,1161)
w(513,3,9,1161)
r(498,2,9,1161)
r(512,1,11,1163)
r(513,3,11,1163)
r(515,0,11,1163)
r(514,2,11,1163)
w(515,1,11,1163)
r(515,1,11,1163)
r(514,2,11,1163)
r(515,1,9,1165)
r(515,1,9,1165)
r(515,1,9,1165)
r(514,2,9,1165)
w(514,3,9,1165)
r(515,1,9,1165)
r(515,1,9,1165)
w(515,2,9,1165)
r(515,2,17,1167)
w(515,3,17,1167)
w(516,1,17,1167)
w(516,2,17,1167)
w(516,3,17,1167)
w(517,1,17,1167)
r(512,1,17,1167)
r(517,1,17,1167)
w(517,2,6,1169)
r(498,2,6,1169)
w(517,3,6,1169)
r(517,3,6,1169)
w(512,2,6,1169)
w(512,3,6,1169)
r(498,2,9,1171)
w(498,3,9,1171)
r(514,3,9,1171)
w(518,1,9,1171)
r(520,0,10,1173)
w(520,1,10,1173)
r(520,1,10,1173)
w(518,2,10,1173)
w(518,3,10,1173)
r(518,3,10,1173)
w(521,1,10,1173)
w(521,2,14,1175)
r(521,2,14,1175)
w(519,1,14,1175)
r(521,2,14,1175)
r(521,2,14,1175)
r(521,2,9,1177)
r(521,2,9,1177)
w(520,2,9,1177)
w(521,3,9,1177)
w(519,2,9,1177)
w(520,3,9,1177)
r(523,0,9,1177)
r(523,0,3,1179)
w(523,1,3,1179)
r(520,3,3,1179)
w(523,2,3,1179)
r(520,3,3,1179)
r(523,2,3,1179)
r(524,0,3,1179)
r(493,3,3,1179)
r(523,2,4,1181)
w(522,1,4,1181)
w(524,1,4,1181)
w(524,2,4,1181)
r(524,2,4,1181)
w(523,3,4,1181)
r(523,3,4,1181)
r(522,1,4,1181)
w(524,3,14,1183)
w(522,2,14,1183)
r(524,3,14,1183)
w(519,3,14,1183)
r(524,3,14,1183)
r(525,0,15,1186)
r(522,2,15,1186)
w(525,1,15,1186)
r(519,3,15,1186)
r(524,3,15,1186)
r(519,3,15,1186)
r(525,1,15,1186)
r(525,1,15,1186)
r(525,1,12,1189)
w(525,3,12,1189)
r(525,3,12,1189)
r(525,3,12,1189)
r(526,0,10,1191)
w(528,1,10,1191)
r(526,0,10,1191)
w(528,2,10,1191)
r(524,3,10,1191)
r(526,0,12,1193)
r(528,2,12,1193)
r(528,2,12,1193)
r(524,3,12,1193)
r(524,3,12,1193)
w(528,3,12,1193)
w(522,3,12,1193)
r(524,3,1,1195)
r(522,3,1,1195)
r(522,3,1,1195)
w(530,1,1,1195)
w(530,2,1,1195)
r(530,2,14,1197)
r(530,2,14,1197)
w(530,3,14,1197)
w(529,1,14,1197)
w(526,1,1,1199)
r(529,1,1,1199)
w(532,1,1,1199)
r(532,1,1,1199)
r(529,1,1,1199)
w(532,2,1,1199)
w(531,1,9,1201)
w(532,3,9,1201)
w(527,1,9,1201)
r(532,3,9,1201)
w(526,2,9,1201)
w(533,1,9,1201)
w(533,2,9,1201)
w(529,2,9,1201)
r(533,2,3,1203)
r(529,2,3,1203)
r(533,2,3,1203)
r(526,2,3,1203)
r(526,2,3,1203)
r(529,2,18,1205)
w(529,3,18,1205)
r(529,3,18,1205)
r(533,2,18,1205)
r(534,0,18,1205)
w(533,3,18,1205)
r(534,0,18,1205)
r(526,2,18,1205)
r(526,2,18,1207)
w(535,1,18,1207)
w(535,2,18,1207)
w(535,3,18,1207)
r(534,0,18,1209)
w(534,1,18,1209)
r(535,3,18,1209)
r(535,3,18,1209)
r(535,3,3,1211)
w(526,3,3,1211)
w(536,1,3,1211)
w(534,2,3,1211)
w(536,2,3,1211)
w(534,3,3,1211)
r(531,1,11,1213)
r(536,2,11,1213)
w(537,1,11,1213)
w(536,3,11,1213)
w(538,1,11,1213)
r(538,1,11,1213)
w(539,1,17,1215)
w(539,2,17,1215)
w(537,2,17,1215)
r(539,2,17,1215)
r(539,2,17,1215)
w(538,2,17,1215)
r(539,2,17,1215)
r(538,2,17,1215)
w(539,3,15,1217)
w(538,3,15,1217)
r(539,3,15,1217)
w(540,1,15,1217)
r(537,2,15,1217)
w(540,2,0,1219)
w(540,3,0,1219)
r(531,1,0,1219)
r(531,1,0,1219)
r(540,3,0,1219)
r(537,2,0,1219)
r(537,2,7,1221)
r(541,0,7,1221)
r(537,2,7,1221)
w(541,1,7,1221)
r(537,2,7,1221)
r(542,0,15,1223)
r(542,0,15,1223)
r(541,1,15,1223)
r(531,1,15,1223)
r(542,0,15,1223)
r(542,0,15,1223)
w(542,1,15,1223)
w(541,2,13,1225)
w(537,3,13,1225)
w(541,3,13,1225)
r(542,1,13,1225)
r(542,1,13,1225)
r(542,1,13,1225)
w(543,1,10,1227)
w(543,2,10,1227)
r(543,2,10,1227)
r(543,2,10,1227)
w(543,3,10,1227)
w(542,2,10,1227)
w(545,1,10,1227)
w(544,1,8,1229)
r(542,2,8,1229)
w(542,3,8,1229)
r(542,3,8,1229)
r(542,3,8,1229)
r(545,1,3,1231)
r(545,1,3,1231)
r(542,3,3,1231)
w(545,2,3,1231)
w(544,2,7,1233)
r(531,1,7,1233)
w(545,3,7,1233)
r(545,3,7,1233)
r(546,0,7,1233)
r(546,0,7,1233)
w(546,1,7,1233)
r(546,1,7,1233)
r(544,2,3,1235)
w(547,1,3,1235)
r(546,1,3,1235)
w(544,3,3,1235)
w(531,2,3,1235)
r(531,2,9,1237)
r(546,1,9,1237)
w(546,2,9,1237)
r(546,2,9,1237)
r(546,2,9,1237)
w(547,2,2,1239)
r(547,2,2,1239)
w(546,3,2,1239)
r(547,2,2,1239)
r(544,3,2,1239)
r(546,3,0,1242)
r(546,3,0,1242)
r(546,3,0,1242)
r(549,0,0,1242)
w(549,1,0,1242)
w(547,3,0,1242)
r(549,1,0,1242)
w(549,2,19,1243)
w(550,1,19,1243)
r(549,2,19,1243)
w(549,3,19,1243)
w(550,2,19,1243)
r(549,3,19,1243)
r(527,1,19,1243)
w(551,1,19,1243)
r(550,2,5,1245)
w(550,3,5,1245)
w(551,2,5,1245)
w(531,3,5,1245)
r(548,0,5,1245)
r(551,2,5,1245)
w(548,1,5,1245)
r(550,3,13,1247)
r(551,2,13,1247)
w(551,3,13,1247)
w(552,1,13,1247)
w(552,2,13,1247)
r(550,3,13,1249)
r(553,0,13,1249)
r(550,3,13,1249)
w(553,1,13,1249)
w(553,2,13,1249)
r(554,0,13,1249)
r(527,1,7,1251)
r(552,2,7,1251)
r(552,2,7,1251)
r(552,2,7,1251)
r(554,0,7,1253)
w(552,3,7,1253)
w(548,2,7,1253)
r(554,0,7,1253)
w(555,1,7,1253)
r(555,1,7,1253)
w(554,1,7,1253)
w(555,2,7,1253)
w(555,3,11,1255)
r(554,1,11,1255)
r(555,3,11,1255)
r(554,1,11,1255)
w(527,2,11,1255)
w(548,3,11,1255)
r(555,3,11,1255)
r(555,3,11,1255)
r(555,3,0,1257)
r(555,3,0,1257)
w(556,1,0,1257)
r(555,3,0,1257)
r(555,3,0,1257)
w(554,2,0,1257)
r(554,2,5,1260)
r(558,0,5,1260)
r(558,0,5,1260)
r(556,1,5,1260)
w(558,1,5,1260)
w(558,2,5,1260)
r(556,1,5,1260)
w(553,3,1,1261)
w(556,2,1,1261)
r(557,0,1,1261)
w(556,3,1,1261)
w(557,1,1,1261)
w(557,2,1,1261)
w(557,3,1,1261)
r(558,0,1,1261)
w(558,3,9,1263)
r(558,3,9,1263)
w(559,1,9,1263)
w(527,3,9,1263)
r(554,2,9,1263)
r(559,1,9,1263)
r(554,2,9,1263)
w(554,3,12,1265)
r(554,3,12,1265)
w(559,2,12,1265)
w(559,3,12,1265)
w(560,1,12,1265)
r(561,0,12,1265)
w(561,1,12,1265)
w(561,2,12,1265)
r(561,2,1,1267)
w(561,3,1,1267)
w(560,2,1,1267)
r(527,3,1,1267)
w(564,1,1,1267)
w(562,1,1,1267)
r(562,1,1,1267)
w(563,1,19,1269)
w(562,2,19,1269)
w(562,3,19,1269)
w(564,2,19,1269)
w(564,3,19,1269)
r(565,0,19,1269)
r(565,0,19,1269)
r(565,0,12,1271)
r(565,0,12,1271)
w(565,1,12,1271)
r(565,1,12,1271)
w(565,2,12,1271)
r(562,3,12,1271)
r(562,3,12,1271)
r(566,0,5,1273)
r(566,0,5,1273)
w(565,3,5,1273)
r(566,0,5,1273)
r(567,0,5,1273)
w(567,1,5,1273)
w(566,1,5,1273)
r(567,1,5,1273)
w(566,2,8,1275)
w(560,3,8,1275)
w(567,2,8,1275)
r(560,3,8,1275)
w(567,3,8,1275)
w(566,3,8,1275)
r(568,0,8,1275)
r(566,3,19,1277)
r(566,3,19,1277)
w(568,1,19,1277)
r(563,1,19,1277)
w(568,2,19,1277)
r(568,2,19,1277)
w(569,1,19,1277)
w(568,3,19,1277)
r(560,3,8,1280)
w(569,2,8,1280)
r(570,0,8,1280)
r(569,2,8,1280)
w(570,1,8,1280)
w(569,3,8,1280)
r(570,1,14,1283)
w(572,1,14,1283)
r(570,1,14,1283)
r(572,1,14,1283)
r(572,1,14,1283)
r(570,1,14,1283)
r(572,1,14,1283)
r(570,1,19,1285)
r(572,1,19,1285)
w(572,2,19,1285)
w(572,3,19,1285)
r(570,1,19,1285)
w(571,3,19,1285)
w(563,2,19,1285)
r(570,1,19,1285)
r(570,1,9,1287)
r(571,3,9,1287)
r(570,1,9,1287)
r(571,3,9,1287)
r(570,1,9,1287)
r(570,1,2,1289)
r(570,1,2,1289)
r(570,1,2,1289)
w(574,1,2,1289)
r(570,1,2,1289)
w(570,3,2,1289)
r(570,3,2,1289)
w(574,2,2,1289)
r(570,3,17,1291)
r(570,3,17,1291)
w(563,3,17,1291)
w(574,3,17,1291)
r(570,3,17,1291)
r(563,3,17,1291)
r(575,0,17,1291)
r(576,0,1,1293)
w(575,1,1,1293)
w(576,1,1,1293)
w(576,2,1,1293)
w(576,3,1,1293)
r(576,3,1,1293)
r(575,1,1,1293)
w(578,1,16,1295)
r(575,1,16,1295)
r(578,1,16,1295)
w(579,1,16,1295)
r(579,1,16,1295)
r(578,1,16,1295)
r(575,1,16,1295)
w(579,2,12,1297)
r(579,2,12,1297)
r(573,0,12,1297)
w(578,2,12,1297)
w(579,3,12,1297)
w(578,3,1,1299)
w(577,1,1,1299)
r(578,3,1,1299)
r(577,1,1,1299)
r(578,3,1,1299)
w(575,2,1,1299)
r(575,2,1,1299)
w(580,1,1,1299)
w(581,1,4,1301)
r(580,1,4,1301)
r(581,1,4,1301)
w(580,2,4,1301)
w(580,3,4,1301)
r(580,3,4,1301)
w(582,1,4,1301)
r(582,1,4,1301)
w(581,2,8,1303)
w(575,3,8,1303)
w(582,2,8,1303)
w(582,3,8,1303)
r(584,0,8,1303)
w(584,1,8,1303)
w(581,3,8,1303)
w(583,1,8,1303)
r(584,1,11,1305)
w(584,2,11,1305)
r(583,1,11,1305)
w(584,3,11,1305)
r(585,0,11,1305)
r(583,1,11,1305)
w(586,1,11,1305)
w(586,2,11,1305)
w(585,1,4,1307)
r(585,1,4,1307)
w(586,3,4,1307)
w(587,1,4,1307)
w(577,2,4,1307)
w(587,2,18,1309)
r(587,2,18,1309)
w(577,3,18,1309)
r(583,1,18,1309)
w(587,3,18,1309)
r(587,3,18,1309)
w(583,2,18,1309)
w(583,3,0,1311)
r(585,1,0,1311)
w(573,1,0,1311)
r(585,1,0,1311)
r(588,0,0,1311)
w(588,1,0,1311)
w(585,2,0,1311)
r(589,0,0,1311)
r(573,1,7,1313)
w(588,2,7,1313)
r(590,0,7,1313)
w(589,1,7,1313)
r(585,2,4,1315)
w(589,2,4,1315)
w(585,3,4,1315)
r(585,3,4,1315)
r(589,2,4,1315)
r(585,3,4,1315)
r(585,3,4,1315)
r(589,2,4,1315)
w(589,3,14,1317)
w(591,1,14,1317)
r(585,3,14,1317)
w(588,3,14,1317)
r(588,3,12,1319)
w(590,1,12,1319)
r(585,3,12,1319)
r(591,1,12,1319)
r(588,3,12,1319)
w(591,2,12,1319)
w(591,3,14,1321)
r(591,3,14,1321)
r(585,3,14,1321)
r(585,3,14,1321)
r(592,0,16,1323)
r(592,0,16,1323)
r(592,0,16,1323)
r(590,1,16,1323)
r(592,0,8,1325)
w(592,1,8,1325)
w(592,2,8,1325)
r(592,2,8,1325)
r(592,2,8,1325)
w(592,3,0,1327)
r(585,3,0,1327)
w(595,1,0,1327)
w(594,1,0,1327)
w(594,2,18,1329)
w(593,1,18,1329)
r(595,1,18,1329)
w(595,2,18,1329)
r(594,2,18,1329)
w(594,3,18,1329)
w(596,1,0,1331)
w(573,2,0,1331)
r(595,2,0,1331)
r(596,1,0,1331)
w(596,2,0,1331)
w(593,2,4,1333)
r(595,2,4,1333)
w(595,3,4,1333)
w(596,3,4,1333)
r(597,0,14,1337)
w(598,2,14,1337)
w(598,3,14,1337)
w(599,1,14,1337)
r(599,1,14,1337)
w(600,1,14,1337)
r(600,1,14,1337)
r(600,1,1,1339)
r(593,2,1,1339)
w(599,2,1,1339)
w(590,2,1,1339)
r(599,2,1,1339)
w(600,2,1,1339)
w(593,3,9,1341)
r(600,2,9,1341)
r(573,2,9,1341)
r(590,2,9,1341)
w(600,3,9,1341)
r(599,2,0,1343)
w(599,3,0,1343)
r(600,3,0,1343)
w(601,1,0,1343)
w(601,2,6,1345)
r(601,2,6,1345)
w(601,3,6,1345)
r(593,3,6,1345)
r(602,0,6,1345)
w(602,1,6,1345)
w(603,1,6,1345)
w(602,2,6,1345)
r(593,3,8,1348)
w(602,3,8,1348)
r(602,3,8,1348)
w(603,2,8,1348)
r(603,2,8,1348)
w(603,3,8,1348)
w(606,1,10,1349)
w(604,1,10,1349)
r(605,0,10,1349)
r(606,1,10,1349)
r(606,1,10,1349)
w(606,2,10,1349)
r(604,1,2,1351)
r(606,2,2,1351)
r(573,2,2,1351)
r(606,2,2,1351)
r(606,2,7,1353)
w(604,2,7,1353)
r(604,2,7,1353)
r(590,2,7,1353)
r(604,2,7,1353)
w(606,3,7,1353)
w(590,3,7,1353)
r(604,2,9,1355)
w(605,1,9,1355)
r(606,3,9,1355)
w(604,3,9,1355)
r(604,3,1,1357)
r(604,3,1,1357)
r(604,3,1,1357)
r(606,3,1,1357)
r(604,3,1,1357)
r(605,1,1,1357)
r(607,0,1,1357)
w(607,1,2,1359)
r(607,1,2,1359)
r(607,1,2,1359)
r(606,3,2,1359)
r(607,1,1,1361)
r(606,3,1,1361)
w(607,2,1,1361)
w(608,1,1,1361)
r(608,1,1,1361)
w(605,2,1,1361)
w(605,3,1,1361)
w(607,3,9,1363)
r(607,3,9,1363)
r(607,3,9,1363)
r(608,1,9,1363)
r(607,3,9,1363)
r(607,3,9,1363)
w(608,2,9,1363)
w(573,3,7,1365)
w(609,1,7,1365)
w(608,3,7,1365)
r(610,0,7,1365)
w(610,1,7,1365)
r(573,3,7,1365)
w(609,2,7,1365)
r(609,2,7,1365)
r(608,3,7,1367)
r(610,1,7,1367)
r(609,2,7,1367)
r(611,0,7,1367)
r(608,3,7,1367)
w(610,2,7,1367)
r(608,3,7,1367)
w(611,1,7,1367)
r(612,0,15,1369)
w(610,3,15,1369)
w(609,3,15,1369)
r(612,0,15,1369)
r(611,1,11,1371)
r(610,3,11,1371)
w(612,1,11,1371)
r(610,3,11,1371)
r(573,3,11,1371)
w(612,2,11,1371)
w(612,3,11,1371)
r(609,3,11,1371)
r(613,0,7,1373)
r(612,3,7,1373)
w(613,1,7,1373)
r(612,3,7,1373)
w(613,2,7,1373)
w(613,3,7,1373)
r(613,3,7,1373)
r(613,3,7,1373)
r(614,0,15,1375)
w(614,1,15,1375)
r(612,3,15,1375)
r(609,3,15,1375)
w(614,2,6,1377)
r(614,2,6,1377)
r(612,3,6,1377)
w(614,3,6,1377)
r(615,0,6,1377)
w(617,1,18,1379)
r(616,0,18,1379)
r(615,0,18,1379)
w(617,2,18,1379)
r(617,2,18,1379)
w(617,3,2,1382)
r(617,3,2,1382)
r(616,0,2,1382)
r(617,3,2,1382)
w(616,1,2,1382)
w(618,1,3,1383)
r(618,1,3,1383)
r(618,1,3,1383)
w(618,2,3,1383)
r(609,3,3,1383)
r(615,0,17,1385)
r(611,1,17,1385)
r(618,2,17,1385)
r(618,2,17,1385)
r(611,1,17,1385)
w(616,2,18,1388)
w(616,3,18,1388)
r(618,2,18,1388)
r(616,3,18,1388)
r(616,3,18,1388)
r(618,2,18,1388)
w(618,3,2,1389)
r(618,3,2,1389)
w(615,1,2,1389)
r(616,3,2,1389)
w(619,1,2,1389)
r(609,3,2,1389)
r(619,1,2,1389)
r(619,1,2,1389)
w(620,1,7,1391)
w(619,2,7,1391)
r(619,2,7,1391)
w(620,2,7,1391)
w(620,3,7,1391)
r(620,3,0,1393)
r(619,2,0,1393)
w(619,3,0,1393)
r(621,0,0,1393)
w(611,2,0,1393)
r(621,0,0,1393)
w(622,1,0,1393)
w(621,1,4,1395)
w(621,2,4,1395)
r(622,1,4,1395)
w(622,2,4,1395)
w(622,3,4,1395)
r(621,2,4,1395)
r(611,2,4,1395)
w(621,3,4,1395)
r(621,3,2,1397)
w(623,1,2,1397)
r(621,3,2,1397)
r(621,3,2,1397)
w(624,1,2,1397)
r(624,1,2,1397)
r(624,1,2,1397)
r(623,1,2,1397)
w(611,3,10,1399)
w(624,2,10,1399)
r(624,2,10,1399)
w(624,3,10,1399)
r(624,3,10,1399)
w(623,2,10,1399)
w(626,1,10,1399)
w(626,2,10,1399)
w(623,3,2,1401)
r(625,0,2,1401)
r(623,3,2,1401)
r(623,3,2,1401)
r(626,2,2,1401)
w(626,3,2,1401)
r(626,3,2,1403)
r(626,3,2,1403)
w(615,2,2,1403)
r(626,3,2,1403)
w(627,1,7,1405)
w(628,1,7,1405)
w(627,2,7,1405)
r(628,1,7,1405)
w(627,3,7,1405)
r(625,0,7,1405)
r(628,1,7,1405)
r(628,1,17,1407)
r(627,3,17,1407)
w(628,2,17,1407)
r(628,2,17,1407)
r(625,0,17,1407)
r(630,0,17,1407)
r(630,0,17,1407)
w(630,1,3,1409)
w(615,3,3,1409)
r(629,0,3,1409)
w(630,2,3,1409)
w(629,1,3,1409)
w(628,3,3,1409)
r(629,1,3,1409)
r(628,3,18,1411)
r(630,2,18,1411)
r(628,3,18,1411)
r(628,3,18,1411)
r(628,3,18,1411)
w(630,3,18,1411)
r(631,0,18,1411)
r(631,0,16,1413)
r(631,0,16,1413)
r(630,3,16,1413)
r(630,3,16,1413)
w(631,1,16,1413)
w(629,2,10,1415)
r(631,1,10,1415)
w(631,2,10,1415)
r(632,0,10,1415)
r(631,2,6,1417)
w(625,1,6,1417)
r(632,0,6,1417)
w(632,1,6,1417)
r(631,2,6,1417)
r(625,1,7,1419)
r(631,2,7,1419)
w(631,3,7,1419)
w(632,2,7,1419)
r(625,1,13,1421)
w(625,2,13,1421)
w(629,3,13,1421)
r(625,2,13,1421)
r(633,0,12,1423)
w(633,1,12,1423)
r(633,1,12,1423)
r(633,1,12,1423)
r(625,2,12,1423)
r(632,2,12,1423)
r(633,1,12,1423)
r(633,1,12,1423)
r(632,2,5,1425)
w(633,2,5,1425)
r(633,2,5,1425)
r(633,2,5,1425)
r(634,0,5,1425)
r(634,0,5,1425)
r(634,0,5,1425)
r(634,0,10,1427)
w(625,3,10,1427)
w(632,3,10,1427)
w(633,3,10,1427)
w(636,1,10,1427)
w(636,2,11,1429)
r(636,2,11,1429)
w(637,1,11,1429)
w(636,3,11,1429)
r(634,0,11,1429)
r(637,1,8,1431)
r(637,1,8,1431)
w(635,1,8,1431)
r(637,1,8,1431)
r(635,1,8,1431)
w(637,2,9,1433)
r(636,3,9,1433)
w(638,1,9,1433)
w(634,1,9,1433)
r(638,1,9,1433)
r(637,2,9,1433)
w(635,2,9,1433)
r(638,1,9,1433)
w(637,3,4,1435)
r(637,3,4,1435)
w(635,3,4,1435)
r(639,0,4,1435)
r(634,1,4,1435)
r(639,0,4,1435)
r(639,0,3,1437)
r(639,0,3,1437)
r(635,3,3,1437)
r(639,0,3,1437)
r(638,1,3,1437)
r(639,0,1,1439)
r(639,0,1,1439)
r(638,1,1,1439)
r(638,1,1,1439)
w(639,1,1,1439)
w(638,2,9,1441)
w(639,2,9,1441)
r(639,2,9,1441)
r(638,2,9,1441)
r(639,2,9,1441)
r(639,2,9,1441)
r(640,0,9,1441)
w(640,1,9,1441)
w(640,2,4,1443)
r(639,2,4,1443)
w(639,3,4,1443)
w(638,3,4,1443)
r(640,2,1,1445)
w(634,2,1,1445)
w(641,1,1,1445)
w(641,2,1,1445)
r(641,2,1,1445)
r(641,2,1,1445)
r(640,2,1,1445)
r(638,3,1,1445)
r(638,3,13,1447)
w(641,3,13,1447)
r(641,3,13,1447)
r(641,3,13,1447)
r(634,2,13,1447)
r(643,0,13,1447)
r(644,0,17,1449)
w(643,1,17,1449)
r(643,1,17,1449)
r(644,0,17,1449)
w(644,1,17,1449)
w(644,2,17,1449)
r(644,2,17,1449)
r(644,2,6,1451)
w(643,2,6,1451)
r(643,2,6,1451)
r(644,2,6,1451)
w(644,3,0,1453)
r(644,3,0,1453)
r(643,2,0,1453)
w(643,3,0,1453)
w(645,1,0,1453)
w(640,3,0,1453)
r(645,1,0,1453)
w(646,1,0,1453)
r(645,1,17,1455)
r(645,1,17,1455)
w(646,2,17,1455)
r(647,0,17,1455)
r(645,1,17,1455)
r(646,2,3,1457)
r(645,1,3,1457)
r(645,1,3,1457)
w(645,2,3,1457)
r(634,2,3,1457)
r(645,2,3,1457)
w(645,3,13,1459)
r(646,2,13,1459)
w(648,1,13,1459)
r(648,1,13,1459)
w(647,1,13,1459)
r(648,1,12,1461)
w(646,3,12,1461)
w(649,1,12,1461)
w(648,2,12,1461)
r(649,1,18,1463)
r(649,1,18,1463)
w(649,2,18,1463)
w(649,3,18,1463)
w(650,1,18,1463)
w(650,2,18,1463)
r(650,2,18,1463)
r(642,0,18,1463)
w(648,3,11,1465)
r(648,3,11,1465)
w(634,3,11,1465)
w(647,2,11,1465)
r(650,2,11,1465)
w(651,1,11,1465)
w(651,2,9,1467)
w(651,3,9,1467)
w(647,3,9,1467)
w(652,1,9,1467)
r(650,2,9,1467)
r(652,1,9,1467)
r(642,0,9,1467)
r(650,2,4,1469)
r(652,1,4,1469)
r(650,2,4,1469)
r(652,1,4,1469)
w(652,2,1,1471)
w(652,3,1,1471)
w(650,3,1,1471)
w(653,1,1,1471)
r(653,1,17,1473)
r(650,3,17,1473)
w(655,1,17,1473)
w(655,2,17,1473)
r(653,1,17,1473)
r(654,0,17,1473)
r(655,2,17,1473)
w(655,3,17,1473)
r(650,3,7,1475)
w(642,1,7,1475)
r(656,0,7,1475)
w(656,1,7,1475)
r(650,3,7,1475)
w(656,2,7,1477)
w(657,1,7,1477)
w(656,3,7,1477)
r(656,3,7,1477)
r(657,1,7,1477)
r(658,0,10,1479)
r(658,0,10,1479)
r(653,1,10,1479)
w(658,1,10,1479)
w(658,2,10,1479)
w(658,3,12,1481)
w(657,2,12,1481)
w(657,3,12,1481)
w(659,1,12,1481)
r(653,1,12,1481)
w(659,2,5,1483)
r(659,2,5,1483)
w(659,3,5,1483)
r(654,0,5,1483)
r(659,3,5,1483)
w(654,1,10,1485)
r(660,0,10,1485)
r(661,0,10,1485)
w(642,2,10,1485)
r(661,0,10,1485)
r(660,0,16,1487)
w(653,2,16,1487)
w(661,1,16,1487)
w(661,2,16,1487)
w(661,3,16,1487)
r(653,2,16,1487)
r(653,2,10,1489)
w(660,1,10,1489)
r(660,1,10,1489)
w(653,3,10,1489)
w(662,1,10,1489)
w(660,2,13,1491)
w(660,3,13,1491)
w(662,2,13,1491)
w(662,3,13,1491)
r(660,3,13,1491)
r(660,3,13,1491)
r(662,3,13,1491)
r(662,3,15,1493)
w(664,1,15,1493)
r(664,1,15,1493)
w(664,2,15,1493)
w(664,3,19,1495)
r(642,2,19,1495)
w(663,1,19,1495)
r(654,1,19,1495)
r(642,2,19,1495)
r(663,1,19,1497)
r(665,0,19,1497)
w(666,1,19,1497)
r(666,1,19,1497)
w(666,2,19,1497)
w(666,3,19,1497)
w(665,1,19,1497)
r(665,1,19,1497)
r(666,3,12,1499)
r(666,3,12,1499)
r(666,3,12,1499)
r(654,1,12,1499)
w(665,2,12,1499)
r(663,1,12,1499)
r(666,3,12,1499)
r(666,3,17,1501)
r(667,0,17,1501)
w(667,1,17,1501)
w(663,2,17,1501)
w(654,2,17,1501)
w(667,2,17,1501)
w(663,3,17,1501)
w(667,3,17,1501)
r(667,3,8,1503)
w(668,1,8,1503)
w(669,1,8,1503)
w(669,2,8,1503)
w(669,3,8,1503)
w(668,2,8,1503)
w(642,3,8,1503)
r(665,2,8,1503)
r(668,2,16,1505)
w(665,3,16,1505)
r(665,3,16,1505)
r(670,0,16,1505)
w(670,1,16,1505)
r(670,1,16,1505)
w(670,2,16,1505)
w(668,3,13,1507)
r(670,2,13,1507)
w(672,1,13,1507)
w(670,3,13,1507)
w(672,2,11,1509)
r(670,3,11,1509)
r(671,0,11,1509)
r(654,2,11,1509)
r(673,0,11,1509)
w(673,1,11,1509)
r(673,1,11,1509)
r(673,1,16,1511)
r(654,2,16,1511)
r(642,3,16,1511)
r(673,1,16,1511)
w(673,2,16,1511)
w(673,3,16,1511)
r(672,2,1,1514)
r(671,0,1,1514)
r(675,0,1,1514)
r(672,2,1,1514)
w(672,3,5,1515)
w(674,1,5,1515)
w(671,1,5,1515)
r(642,3,5,1515)
w(674,2,5,1515)
w(674,3,5,1515)
r(671,1,5,1515)
w(675,1,5,1515)
w(671,2,12,1517)
w(675,2,12,1517)
r(672,3,12,1517)
r(675,2,12,1517)
w(675,3,12,1517)
r(675,3,12,1517)
r(642,3,12,1517)
r(676,0,10,1519)
r(672,3,10,1519)
w(676,1,10,1519)
r(676,1,10,1519)
w(676,2,10,1519)
r(676,2,10,1519)
r(671,2,10,1519)
r(676,2,10,1519)
r(676,2,9,1521)
w(676,3,9,1521)
r(676,3,9,1521)
r(677,0,9,1521)
r(677,0,9,1521)
w(677,1,1,1523)
r(678,0,1,1523)
w(671,3,1,1523)
r(671,3,1,1523)
w(677,2,1,1523)
r(677,2,1,1523)
r(671,3,1,1523)
w(677,3,1,1523)
r(677,3,4,1526)
r(671,3,4,1526)
r(678,0,4,1526)
w(679,1,4,1526)
w(679,3,18,1529)
r(680,0,18,1529)
w(678,2,18,1529)
r(681,0,18,1529)
r(680,0,4,1531)
w(680,1,4,1531)
r(681,0,4,1531)
w(681,1,4,1531)
r(681,1,4,1531)
w(681,2,4,1531)
r(681,2,4,1531)
w(680,2,4,1531)
w(681,3,17,1533)
w(680,3,17,1533)
r(678,2,17,1533)
r(682,0,17,1533)
r(682,0,17,1533)
r(684,0,17,1533)
w(684,1,17,1533)
w(684,2,13,1535)
r(684,2,13,1535)
r(684,2,13,1535)
r(678,2,13,1535)
w(684,3,13,1535)
w(685,1,16,1538)
w(682,1,16,1538)
w(682,2,16,1538)
w(682,3,16,1538)
r(682,3,16,1538)
r(682,3,15,1541)
r(682,3,15,1541)
w(685,3,15,1541)
r(678,2,15,1541)
w(686,1,15,1541)
r(686,1,15,1541)
w(687,1,15,1541)
r(686,1,2,1543)
w(686,2,2,1543)
r(687,1,2,1543)
w(686,3,2,1543)
r(687,1,2,1543)
w(687,2,2,1543)
r(687,2,4,1545)
w(687,3,4,1545)
r(687,3,4,1545)
w(689,1,4,1545)
r(690,0,2,1547)
w(689,2,2,1547)
r(689,2,2,1547)
r(688,0,2,1547)
w(688,1,2,1547)
r(683,0,2,1547)
w(690,1,3,1549)
w(689,3,3,1549)
r(688,1,3,1549)
w(688,2,3,1549)
r(690,1,17,1551)
w(688,3,17,1551)
r(688,3,17,1551)
r(688,3,17,1551)
r(688,3,17,1551)
r(688,3,17,1551)
w(691,1,15,1553)
r(689,3,15,1553)
w(683,2,15,1553)
r(683,2,15,1553)
r(691,1,15,1553)
r(690,1,15,1553)
r(689,3,3,1555)
r(683,2,3,1555)
w(691,2,3,1555)
w(691,3,3,1555)
r(690,1,0,1557)
r(692,0,0,1557)
r(690,1,0,1557)
w(692,1,0,1557)
r(689,3,0,1557)
w(692,2,9,1559)
r(689,3,9,1559)
w(692,3,9,1559)
r(692,3,9,1559)
r(689,3,9,1559)
w(690,2,9,1559)
r(693,0,9,1559)
r(689,3,17,1561)
w(694,1,17,1561)
w(694,2,17,1561)
r(694,2,17,1561)
r(694,2,15,1563)
w(694,3,15,1563)
r(689,3,15,1563)
r(690,2,15,1563)
w(693,1,15,1563)
r(695,0,15,1563)
w(695,1,15,1563)
r(695,1,8,1565)
r(695,1,8,1565)
r(690,2,8,1565)
w(695,2,8,1565)
w(695,3,8,1565)
w(697,1,8,1565)
w(697,2,8,1565)
r(690,2,14,1567)
r(697,2,14,1567)
r(696,0,14,1567)
r(696,0,14,1567)
r(693,1,14,1567)
r(696,0,14,1567)
w(697,3,14,1567)
w(696,1,14,1567)
r(696,1,8,1569)
w(696,2,8,1569)
w(696,3,8,1569)
r(699,0,8,1569)
r(699,0,0,1571)
w(699,1,0,1571)
r(699,1,0,1571)
r(699,1,0,1571)
r(699,1,0,1571)
r(698,0,5,1573)
w(698,1,5,1573)
w(699,2,5,1573)
r(698,1,5,1573)
w(699,3,5,1573)
r(699,3,5,1573)
r(698,1,13,1575)
r(690,2,13,1575)
r(699,3,13,1575)
r(699,3,13,1575)
r(699,3,13,1575)
w(698,2,12,1577)
r(698,2,12,1577)
w(698,3,12,1577)
w(693,2,12,1577)
r(700,0,12,1577)
w(701,1,12,1577)
w(701,2,12,1577)
w(700,1,2,1579)
r(690,2,2,1579)
r(701,2,2,1579)
w(701,3,2,1579)
r(700,1,2,1579)
w(700,2,1,1581)
w(690,3,1,1581)
r(702,0,1,1581)
r(690,3,1,1581)
w(702,1,1,1581)
w(702,2,1,1581)
w(683,3,1,1581)
w(700,3,6,1583)
w(702,3,6,1583)
r(683,3,6,1583)
r(703,0,6,1583)
r(703,0,6,1583)
w(703,1,16,1585)
w(703,2,16,1585)
r(703,2,16,1585)
r(690,3,16,1585)
r(703,2,18,1587)
r(704,0,18,1587)
w(703,3,18,1587)
r(703,3,18,1587)
r(705,0,18,1587)
r(705,0,16,1589)
r(704,0,16,1589)
w(705,1,16,1589)
r(705,1,16,1589)
r(705,1,16,1589)
r(690,3,16,1589)
r(705,1,16,1589)
w(705,2,16,1589)
r(705,2,5,1591)
r(705,2,5,1591)
r(705,2,5,1591)
w(705,3,5,1591)
r(708,0,16,1593)
w(708,1,16,1593)
w(708,2,16,1593)
w(706,1,16,1593)
r(708,2,16,1593)
r(708,2,16,1593)
r(707,0,9,1597)
w(706,2,9,1597)
r(708,2,9,1597)
w(704,1,9,1597)
r(704,1,9,1597)
w(704,2,9,1597)
r(709,0,9,1599)
w(709,1,9,1599)
w(709,2,9,1599)
w(709,3,9,1599)
r(704,2,9,1599)
w(707,1,15,1601)
w(710,1,15,1601)
r(710,1,15,1601)
r(710,1,15,1601)
w(706,3,15,1601)
w(710,2,15,1601)
w(710,3,15,1601)
r(710,3,15,1601)
r(710,3,9,1603)
r(711,0,9,1603)
w(707,2,9,1603)
w(711,1,9,1603)
w(711,2,1,1605)
w(711,3,1,1605)
r(704,2,1,1605)
r(712,0,1,1605)
w(712,1,1,1605)
r(707,2,1,1605)
w(712,2,1,1605)
w(712,3,1,1605)
r(707,2,7,1608)
w(714,1,7,1608)
r(715,0,7,1608)
w(693,3,7,1608)
r(706,3,15,1609)
r(712,3,15,1609)
r(713,0,15,1609)
w(713,1,15,1609)
w(713,2,15,1609)
w(713,3,15,1609)
w(707,3,15,1609)
w(714,2,4,1611)
w(715,1,4,1611)
w(714,3,4,1611)
w(715,2,4,1611)
r(714,3,4,1611)
r(717,0,4,1611)
r(714,3,4,1611)
r(714,3,4,1611)
r(715,2,19,1613)
r(715,2,19,1613)
w(715,3,19,1613)
r(716,0,19,1613)
r(716,0,4,1615)
r(714,3,4,1615)
r(718,0,4,1615)
w(718,1,4,1615)
w(718,2,4,1615)
r(718,2,4,1615)
r(716,0,16,1617)
w(717,1,16,1617)
r(715,3,16,1617)
r(715,3,16,1617)
w(718,3,16,1617)
r(718,3,5,1619)
r(693,3,5,1619)
w(719,1,5,1619)
r(719,1,5,1619)
w(719,2,5,1619)
w(719,3,5,1619)
r(719,3,5,1619)
w(720,1,3,1621)
r(721,0,3,1621)
w(716,1,3,1621)
r(716,1,3,1621)
w(720,2,3,1621)
r(721,0,3,1621)
w(721,1,15,1623)
w(721,2,15,1623)
w(717,2,15,1623)
r(721,2,15,1623)
w(721,3,15,1623)
w(720,3,19,1625)
w(722,1,19,1625)
r(722,1,19,1625)
w(723,1,19,1625)
w(717,3,7,1627)
w(722,2,7,1627)
r(722,2,7,1627)
w(722,3,7,1627)
r(716,1,2,1630)
w(725,2,2,1630)
r(725,2,2,1630)
r(717,3,2,1630)
r(725,2,2,1630)
r(725,2,17,1633)
r(725,2,17,1633)
w(725,3,17,1633)
r(725,3,17,1633)
r(723,1,13,1635)
r(725,3,13,1635)
r(726,0,13,1635)
r(693,3,13,1635)
w(727,1,13,1635)
r(727,1,6,1637)
r(727,1,6,1637)
w(723,2,6,1637)
r(716,1,6,1637)
r(726,0,6,1637)
w(723,3,6,1637)
r(727,1,6,1637)
r(727,1,6,1637)
r(728,0,17,1639)
w(727,2,17,1639)
w(728,1,17,1639)
r(693,3,17,1639)
r(728,1,17,1639)
r(726,0,17,1639)
w(727,3,17,1639)
w(728,2,17,1639)
w(729,1,11,1641)
w(729,2,11,1641)
w(729,3,11,1641)
r(726,0,11,1641)
w(728,3,11,1641)
r(730,0,11,1641)
r(730,0,11,1641)
w(726,1,5,1643)
w(730,1,5,1643)
r(730,1,5,1643)
r(730,1,5,1643)
w(726,2,5,1643)
w(730,2,16,1645)
w(730,3,16,1645)
r(731,0,16,1645)
w(731,1,16,1645)
r(726,2,16,1645)
r(731,1,16,1645)
w(732,1,16,1645)
r(731,1,10,1647)
w(731,2,10,1647)
r(731,2,10,1647)
r(716,1,10,1647)
r(731,2,10,1647)
w(731,3,10,1647)
r(731,3,10,1649)
r(726,2,10,1649)
w(732,2,10,1649)
r(732,2,10,1649)
w(732,3,10,1649)
r(733,0,14,1651)
w(734,1,14,1651)
w(734,2,14,1651)
w(734,3,14,1651)
w(716,3,2,1653)
w(735,1,2,1653)
r(732,3,2,1653)
r(735,1,2,1653)
w(726,3,2,1653)
r(735,1,2,1653)
w(735,2,7,1655)
r(726,3,7,1655)
r(735,2,7,1655)
r(737,0,7,1655)
w(735,3,7,1655)
w(737,1,3,1657)
r(733,0,3,1657)
r(736,0,3,1657)
r(737,1,3,1657)
r(738,0,3,1657)
r(737,1,3,1657)
r(737,1,15,1659)
w(738,1,15,1659)
r(738,1,15,1659)
w(738,2,15,1659)
r(738,2,15,1659)
r(738,2,15,1659)
r(738,2,10,1661)
r(738,2,10,1661)
r(737,1,10,1661)
r(738,2,10,1661)
w(737,2,10,1661)
r(737,2,2,1663)
w(737,3,2,1663)
r(726,3,2,1663)
r(726,3,2,1663)
r(733,0,2,1663)
r(726,3,2,1663)
w(733,1,2,1663)
w(738,3,4,1665)
r(738,3,4,1665)
w(739,1,4,1665)
w(740,1,4,1665)
r(740,1,4,1665)
w(740,2,4,1665)
r(738,3,4,1665)
w(740,3,4,1665)
r(738,3,5,1668)
w(739,2,5,1668)
r(741,0,5,1668)
r(736,0,5,1668)
r(741,0,5,1668)
r(741,0,5,1668)
w(741,1,12,1669)
r(740,3,12,1669)
w(741,2,12,1669)
r(741,2,12,1669)
r(740,3,12,1669)
r(741,2,12,1669)
w(741,3,12,1669)
r(740,3,12,1671)
r(740,3,12,1671)
r(740,3,12,1671)
r(736,0,12,1671)
w(742,1,12,1671)
r(740,3,12,1671)
w(739,3,12,1671)
r(742,1,5,1673)
w(736,1,5,1673)
r(740,3,5,1673)
r(742,1,5,1673)
w(743,1,5,1673)
w(736,2,12,1675)
r(742,1,12,1675)
r(742,1,12,1675)
w(742,2,12,1675)
r(743,1,16,1677)
w(742,3,16,1677)
r(744,0,16,1677)
r(744,0,16,1677)
w(744,1,12,1679)
r(744,1,12,1679)
r(743,1,12,1679)
r(744,1,12,1679)
r(744,1,12,1679)
r(744,1,6,1682)
r(743,1,6,1682)
r(743,1,6,1682)
w(744,2,6,1682)
w(736,3,6,1682)
r(744,2,5,1685)
w(746,1,5,1685)
w(743,2,5,1685)
r(745,0,5,1685)
w(743,3,5,1685)
w(746,2,5,1685)
w(746,3,5,1685)
r(747,0,5,1685)
w(748,1,8,1687)
r(747,0,8,1687)
r(747,0,8,1687)
r(747,0,8,1687)
w(748,2,19,1689)
w(745,1,19,1689)
w(745,2,19,1689)
r(747,0,19,1689)
r(747,0,19,1689)
w(748,3,19,1689)
r(748,3,5,1691)
r(747,0,5,1691)
r(747,0,5,1691)
r(748,3,5,1691)
w(747,1,5,1691)
w(747,2,6,1693)
r(747,2,6,1693)
w(747,3,6,1693)
w(749,1,6,1693)
r(748,3,8,1695)
w(750,1,8,1695)
r(748,3,8,1695)
w(749,2,8,1695)
r(745,2,5,1697)
w(749,3,5,1697)
r(748,3,5,1697)
r(749,3,5,1697)
r(745,2,5,1697)
w(745,3,5,1697)
r(745,3,5,1697)
r(748,3,9,1699)
r(751,0,9,1699)
r(751,0,9,1699)
r(748,3,9,1699)
w(751,1,9,1701)
r(751,1,9,1701)
w(733,2,9,1701)
r(748,3,9,1701)
w(752,1,9,1701)
r(751,1,9,1701)
r(752,1,3,1703)
w(751,2,3,1703)
w(752,2,3,1703)
r(751,2,3,1703)
w(752,3,3,1703)
r(754,0,14,1705)
w(751,3,14,1705)
r(751,3,14,1705)
w(754,1,14,1705)
r(753,0,14,1705)
w(750,2,13,1707)
r(750,2,13,1707)
r(751,3,13,1707)
w(754,2,13,1707)
r(751,3,13,1707)
r(751,3,5,1709)
r(751,3,5,1709)
w(754,3,5,1709)
r(750,2,5,1709)
r(753,0,5,1709)
r(751,3,5,1709)
r(751,3,5,1709)
r(751,3,5,1709)
r(751,3,14,1711)
w(755,1,14,1711)
r(756,0,14,1711)
w(756,1,14,1711)
r(756,1,14,1711)
r(756,1,14,1711)
r(753,0,14,1711)
r(753,0,14,1711)
w(733,3,2,1713)
w(756,2,2,1713)
w(756,3,2,1713)
r(756,3,2,1713)
r(756,3,18,1715)
r(756,3,18,1715)
r(756,3,18,1715)
w(755,2,18,1715)
r(756,3,18,1715)
r(756,3,18,1715)
r(750,2,18,1715)
w(755,3,2,1717)
r(755,3,2,1717)
r(753,0,2,1717)
r(755,3,2,1717)
r(757,0,2,1717)
w(757,1,2,1717)
r(757,1,2,1717)
w(757,2,3,1719)
w(753,1,3,1719)
r(757,2,3,1719)
w(753,2,3,1719)
r(757,2,12,1721)
w(757,3,12,1721)
r(757,3,12,1721)
w(758,1,12,1721)
r(759,0,12,1721)
r(759,0,12,1721)
r(758,1,14,1723)
w(759,1,14,1723)
w(759,2,14,1723)
w(758,2,14,1723)
r(758,2,14,1723)
w(753,3,14,1723)
w(750,3,17,1725)
r(759,2,17,1725)
w(759,3,17,1725)
r(760,0,17,1725)
r(759,3,17,1725)
w(761,1,17,1725)
w(758,3,10,1727)
w(761,2,10,1727)
r(761,2,10,1727)
r(759,3,10,1727)
r(760,0,10,1727)
w(760,1,10,1727)
w(762,1,10,1727)
r(759,3,2,1730)
r(759,3,2,1730)
r(759,3,2,1730)
r(762,1,2,1730)
r(763,0,2,1730)
w(763,1,2,1730)
w(761,3,2,1730)
r(763,1,2,1730)
w(764,1,3,1733)
r(762,1,3,1733)
w(764,2,3,1733)
w(765,1,3,1733)
r(765,1,3,1733)
r(766,0,3,1733)
w(765,2,3,1733)
r(765,2,13,1735)
r(765,2,13,1735)
w(762,3,13,1735)
w(765,3,13,1735)
r(764,2,13,1735)
w(760,2,6,1738)
r(767,0,6,1738)
r(767,0,6,1738)
w(768,1,6,1738)
w(768,2,6,1738)
w(760,3,6,1738)
w(768,3,6,1738)
r(768,3,6,1738)
r(767,0,7,1739)
w(767,1,7,1739)
r(768,3,7,1739)
r(767,1,7,1739)
w(767,2,13,1741)
w(770,1,13,1741)
r(770,1,13,1741)
w(767,3,13,1741)
r(769,0,13,1741)
w(766,1,13,1741)
r(770,1,13,1741)
w(764,3,13,1741)
r(771,0,5,1743)
w(769,1,5,1743)
r(771,0,5,1743)
w(771,1,5,1743)
r(770,1,5,1743)
r(771,1,5,1743)
w(770,2,5,1743)
r(770,2,5,1743)
w(770,3,9,1745)
r(770,3,9,1745)
r(766,1,9,1745)
r(770,3,9,1745)
r(770,3,5,1747)
r(770,3,5,1747)
r(770,3,5,1747)
r(771,1,5,1747)
r(770,3,5,1747)
r(773,0,5,1747)
r(769,1,5,1747)
w(772,1,5,1747)
r(773,0,10,1749)
r(773,0,10,1749)
r(773,0,10,1749)
w(773,1,10,1749)
w(771,2,10,1749)
w(773,2,6,1751)
r(773,2,6,1751)
w(771,3,6,1751)
w(769,2,6,1751)
w(769,3,6,1751)
r(773,2,6,1751)
r(769,3,6,1751)
r(769,3,6,1751)
w(773,3,17,1753)
r(773,3,17,1753)
r(775,0,17,1753)
w(775,1,17,1753)
r(775,1,17,1753)
r(774,0,17,1753)
w(774,1,12,1755)
r(772,1,12,1755)
r(775,1,12,1755)
r(774,1,12,1755)
w(775,2,12,1755)
r(774,1,12,1755)
w(774,2,10,1757)
r(774,2,10,1757)
w(774,3,10,1757)
w(776,1,10,1757)
w(776,2,10,1757)
r(776,2,17,1759)
w(775,3,17,1759)
r(775,3,17,1759)
w(776,3,17,1759)
w(777,1,18,1761)
w(777,2,18,1761)
r(778,0,18,1761)
w(777,3,18,1761)
r(778,0,18,1761)
r(780,0,18,1761)
r(780,0,2,1763)
r(780,0,2,1763)
r(780,0,2,1763)
w(778,1,2,1763)
w(780,1,2,1765)
w(780,2,2,1765)
r(780,2,2,1765)
w(779,1,2,1765)
w(778,2,2,1765)
w(780,3,2,1765)
r(780,3,2,1765)
r(778,2,2,1765)
w(766,2,18,1767)
w(779,2,18,1767)
r(778,2,18,1767)
w(778,3,18,1767)
r(778,3,18,1767)
r(778,3,18,1767)
r(780,3,18,1769)
r(778,3,18,1769)
r(778,3,18,1769)
r(781,0,18,1769)
r(781,0,18,1769)
r(779,2,18,1769)
r(781,0,7,1774)
r(782,0,7,1774)
r(783,0,7,1774)
r(784,0,7,1774)
r(784,0,7,1774)
w(784,1,7,1774)
r(778,3,14,1775)
w(781,1,14,1775)
r(781,1,14,1775)
r(782,0,14,1775)
w(782,1,14,1775)
r(782,1,14,1775)
w(772,2,14,1775)
w(772,3,5,1777)
r(783,0,5,1777)
r(784,1,5,1777)
r(784,1,5,1777)
r(772,3,5,1777)
r(784,1,6,1779)
w(784,2,6,1779)
w(784,3,6,1779)
r(781,1,6,1779)
r(785,0,6,1779)
r(784,3,19,1781)
r(784,3,19,1781)
r(787,0,19,1781)
r(787,0,19,1781)
r(787,0,19,1783)
r(785,0,19,1783)
r(766,2,19,1783)
r(787,0,19,1783)
r(787,0,19,1783)
r(783,0,19,1783)
w(786,1,19,1783)
w(787,1,8,1785)
r(787,1,8,1785)
w(787,2,8,1785)
w(785,1,8,1785)
r(787,2,8,1785)
w(787,3,8,1785)
r(787,3,8,1785)
w(785,2,0,1787)
r(787,3,0,1787)
r(787,3,0,1787)
w(783,1,0,1787)
r(787,3,0,1787)
r(787,3,0,1787)
w(788,1,0,1787)
r(788,1,0,1787)
r(788,1,16,1789)
r(785,2,16,1789)
w(788,2,16,1789)
r(788,2,16,1789)
r(788,2,16,1789)
r(788,2,16,1789)
w(788,3,7,1791)
w(785,3,7,1791)
r(783,1,7,1791)
r(788,3,7,1791)
r(788,3,7,1791)
r(789,0,11,1793)
w(783,2,11,1793)
w(766,3,11,1793)
r(789,0,11,1793)
w(789,1,11,1793)
r(789,1,11,1793)
w(789,2,18,1795)
r(786,1,18,1795)
r(789,2,18,1795)
w(789,3,18,1795)
w(791,1,18,1795)
r(786,1,18,1795)
w(791,2,18,1795)
r(791,2,12,1797)
r(791,2,12,1797)
w(791,3,12,1797)
r(790,0,12,1797)
r(792,0,12,1797)
w(792,1,1,1799)
r(793,0,1,1799)
w(793,1,1,1799)
r(793,1,1,1799)
w(783,3,1,1799)
w(786,2,3,1801)
r(790,0,3,1801)
r(783,3,3,1801)
r(793,1,3,1801)
r(793,1,19,1803)
r(793,1,19,1803)
w(793,2,19,1803)
w(792,2,19,1803)
w(793,3,19,1803)
w(792,3,10,1805)
r(793,3,10,1805)
r(794,0,10,1805)
r(786,2,10,1805)
r(794,0,10,1805)
r(794,0,19,1807)
w(794,1,19,1807)
r(796,0,19,1807)
r(795,0,19,1807)
w(794,2,19,1807)
w(796,1,19,1807)
r(796,1,7,1809)
w(796,2,7,1809)
w(795,1,7,1809)
r(796,2,7,1809)
w(795,2,7,1809)
r(795,2,7,1809)
r(794,2,7,1809)
w(796,3,8,1811)
w(794,3,8,1811)
r(794,3,8,1811)
r(794,3,8,1811)
r(794,3,8,1811)
r(797,0,8,1814)
w(795,3,8,1814)
r(797,0,8,1814)
r(795,3,8,1814)
r(786,2,8,1814)
w(797,1,8,1814)
r(790,0,8,1814)
w(799,1,14,1817)
r(799,1,14,1817)
r(797,1,14,1817)
w(798,2,14,1817)
r(798,2,14,1817)
r(797,1,14,1817)
w(798,3,14,1817)
w(797,3,5,1819)
r(800,0,5,1819)
w(799,2,5,1819)
r(801,0,5,1819)
w(800,1,5,1819)
w(799,3,13,1821)
r(799,3,13,1821)
r(800,1,13,1821)
r(801,0,13,1821)
r(801,0,13,1821)
w(800,2,13,1821)
r(800,2,13,1823)
r(800,2,13,1823)
r(801,0,13,1823)
w(801,1,13,1823)
w(801,2,13,1823)
r(801,2,4,1825)
r(800,2,4,1825)
r(799,3,4,1825)
r(801,2,4,1825)
r(801,2,17,1827)
r(801,2,17,1827)
w(786,3,17,1827)
r(801,2,17,1827)
r(801,2,17,1827)
r(801,2,4,1829)
r(790,0,4,1829)
r(801,2,4,1829)
w(800,3,4,1829)
r(800,3,4,1829)
r(802,0,4,1829)
r(801,2,4,1829)
r(786,3,4,1829)
r(802,0,0,1831)
r(803,0,0,1831)
w(801,3,0,1831)
r(801,3,0,1831)
r(801,3,0,1831)
w(804,1,0,1831)
r(804,1,0,1831)
r(804,1,8,1834)
w(804,2,8,1834)
r(804,2,8,1834)
r(802,0,8,1834)
r(804,2,8,1834)
w(804,3,8,1834)
w(803,1,8,1834)
r(804,3,8,1834)
w(805,1,12,1835)
r(805,1,12,1835)
r(805,1,12,1835)
r(802,0,12,1835)
w(790,1,12,1835)
w(803,2,8,1837)
w(803,3,8,1837)
r(805,1,8,1837)
w(790,2,8,1837)
w(802,1,8,1837)
w(806,2,1,1840)
r(786,3,1,1840)
r(786,3,1,1840)
w(806,3,1,1840)
r(802,1,4,1843)
w(805,2,4,1843)
r(802,1,4,1843)
r(805,2,4,1843)
r(790,2,4,1843)
r(805,2,5,1845)
w(805,3,5,1845)
r(807,0,5,1845)
r(810,0,5,1845)
r(808,0,9,1848)
w(810,1,9,1848)
r(810,1,9,1848)
r(810,1,9,1848)
r(809,0,9,1848)
r(811,0,14,1851)
w(811,1,14,1851)
r(811,1,14,1851)
r(808,0,14,1851)
r(809,0,14,1851)
w(811,2,14,1851)
w(809,1,2,1853)
w(809,2,2,1853)
r(811,2,2,1853)
w(811,3,2,1853)
w(808,2,2,1853)
w(808,3,2,1853)
w(809,3,2,1853)
r(811,3,7,1855)
r(811,3,7,1855)
r(811,3,7,1855)
r(811,3,7,1855)
r(812,0,7,1855)
w(813,1,7,1855)
w(814,1,7,1855)
r(813,1,7,1855)
r(814,1,19,1857)
r(813,1,19,1857)
r(813,1,19,1857)
w(813,2,19,1857)
w(813,3,13,1859)
w(790,3,13,1859)
w(814,2,13,1859)
w(812,1,13,1859)
r(815,0,13,1859)
r(807,0,13,1859)
w(815,1,5,1861)
r(815,1,5,1861)
w(815,2,5,1861)
r(814,2,5,1861)
r(807,0,5,1861)
w(814,3,5,1861)
r(807,0,5,1861)
w(812,2,5,1861)
w(815,3,5,1863)
r(816,0,5,1863)
w(812,3,5,1863)
r(816,0,5,1863)
r(807,0,5,1863)
w(817,1,5,1863)
r(818,0,5,1863)
w(817,2,5,1863)
w(817,3,0,1865)
w(816,1,0,1865)
r(818,0,0,1865)
r(817,3,0,1865)
w(819,1,0,1865)
r(819,1,0,1865)
r(819,1,0,1865)
w(816,2,0,1865)
r(819,1,10,1867)
r(807,0,10,1867)
r(819,1,10,1867)
w(819,2,10,1867)
w(816,3,10,1867)
r(819,2,10,1867)
r(820,0,10,1867)
r(807,0,10,1867)
w(819,3,4,1869)
r(807,0,4,1869)
r(819,3,4,1869)
r(820,0,4,1869)
w(821,1,4,1869)
r(821,1,4,1869)
w(821,2,13,1871)
r(807,0,13,1871)
w(820,1,13,1871)
w(821,3,13,1871)
r(820,1,13,1871)
r(807,0,13,1871)
r(823,0,13,1871)
w(823,1,13,1871)
r(823,1,16,1874)
w(823,2,16,1874)
w(823,3,16,1874)
r(823,3,16,1874)
r(820,1,16,1874)
r(823,3,16,1874)
r(820,1,16,1874)
r(818,0,4,1875)
w(820,2,4,1875)
r(820,2,4,1875)
w(820,3,4,1875)
w(824,1,4,1875)
w(807,1,4,1875)
w(818,1,4,1875)
w(822,1,0,1877)
w(807,2,0,1877)
r(824,1,0,1877)
r(823,3,0,1877)
r(823,3,0,1877)
w(825,1,0,1877)
w(824,2,4,1879)
w(825,2,4,1879)
r(825,2,4,1879)
w(825,3,4,1879)
r(825,3,4,1879)
w(818,2,12,1881)
r(818,2,12,1881)
r(826,0,12,1881)
r(818,2,12,1881)
w(824,3,12,1881)
w(826,1,14,1883)
r(826,1,14,1883)
r(826,1,14,1883)
w(826,2,14,1883)
r(807,2,14,1883)
w(826,3,12,1885)
r(824,3,12,1885)
r(824,3,12,1885)
r(818,2,12,1885)
r(807,2,12,1885)
r(824,3,12,1885)
r(827,0,12,1885)
r(827,0,12,1885)
r(824,3,13,1887)
r(827,0,13,1887)
r(818,2,13,1887)
r(824,3,13,1887)
r(818,2,13,1887)
r(827,0,13,1887)
r(818,2,13,1887)
r(824,3,13,1887)
r(827,0,19,1889)
r(827,0,19,1889)
r(807,2,19,1889)
w(807,3,19,1889)
r(824,3,19,1889)
r(818,2,18,1891)
w(818,3,18,1891)
w(828,1,18,1891)
r(827,0,18,1891)
w(828,2,18,1891)
r(818,3,18,1891)
w(827,1,7,1893)
r(818,3,7,1893)
r(827,1,7,1893)
w(828,3,7,1893)
r(828,3,7,1893)
r(830,0,7,1893)
w(827,2,7,1893)
w(827,3,7,1893)
w(829,1,2,1895)
r(827,3,2,1895)
w(829,2,2,1895)
w(830,1,2,1895)
r(831,0,2,1895)
r(830,1,2,1895)
r(831,0,2,1895)
w(831,1,2,1895)
w(830,2,5,1897)
r(832,0,5,1897)
r(831,1,5,1897)
r(832,0,5,1897)
w(830,3,5,1897)
w(831,2,5,1897)
r(831,2,5,1897)
w(831,3,5,1897)
w(833,1,11,1899)
r(833,1,11,1899)
w(833,2,11,1899)
r(832,0,11,1899)
w(833,3,3,1901)
r(834,0,3,1901)
r(834,0,3,1901)
r(832,0,3,1901)
r(830,3,9,1903)
r(834,0,9,1903)
r(829,2,9,1903)
w(832,1,9,1903)
w(834,1,9,1903)
r(830,3,9,1903)
r(830,3,9,1903)
r(834,1,10,1905)
r(834,1,10,1905)
r(832,1,10,1905)
w(834,2,10,1905)
w(834,3,10,1905)
w(832,2,8,1907)
r(836,0,8,1907)
w(832,3,8,1907)
w(835,1,8,1907)
r(836,0,8,1907)
r(835,1,8,1907)
w(836,1,2,1909)
r(832,3,2,1909)
r(822,1,2,1909)
r(836,1,2,1909)
r(829,2,2,1909)
w(835,2,2,1909)
r(836,1,2,1909)
w(836,2,2,1909)
w(836,3,11,1911)
r(835,2,11,1911)
r(835,2,11,1911)
r(837,0,11,1911)
r(837,0,11,1911)
r(837,0,11,1911)
w(837,1,18,1913)
w(837,2,18,1913)
w(835,3,18,1913)
r(837,2,18,1913)
r(829,2,18,1913)
w(837,3,18,1913)
w(838,1,18,1913)
r(838,1,18,1913)
w(838,2,10,1915)
w(840,1,10,1915)
r(840,1,10,1915)
r(838,2,10,1915)
w(840,2,10,1915)
w(839,1,10,1915)
w(840,3,19,1917)
w(841,1,19,1917)
w(841,2,19,1917)
r(841,2,19,1917)
r(839,1,19,1917)
w(839,2,19,1917)
w(841,3,19,1917)
w(842,1,12,1919)
r(842,1,12,1919)
w(839,3,12,1919)
r(842,1,12,1919)
r(839,3,10,1921)
r(839,3,10,1921)
w(842,2,10,1921)
w(842,3,10,1921)
r(842,3,10,1921)
r(839,3,10,1921)
r(842,3,9,1924)
r(842,3,9,1924)
w(829,3,9,1924)
r(839,3,9,1924)
r(839,3,9,1924)
r(839,3,19,1925)
r(842,3,19,1925)
w(838,3,19,1925)
r(843,0,19,1925)
r(844,0,19,1925)
r(844,0,19,1925)
w(846,1,19,1925)
r(844,0,19,1925)
w(844,1,8,1928)
r(843,0,8,1928)
w(844,2,8,1928)
r(843,0,8,1928)
r(843,0,8,1928)
w(843,1,8,1928)
r(844,2,8,1928)
w(843,2,8,1928)
w(844,3,19,1929)
r(846,1,19,1929)
w(843,3,19,1929)
r(844,3,19,1929)
r(844,3,19,1929)
r(844,3,19,1929)
r(846,1,19,1929)
w(845,1,9,1931)
w(847,1,9,1931)
r(843,3,9,1931)
r(822,1,9,1931)
w(846,2,9,1931)
w(847,2,17,1933)
w(847,3,17,1933)
w(848,1,17,1933)
r(845,1,17,1933)
w(848,2,9,1935)
r(849,0,9,1935)
r(845,1,9,1935)
r(849,0,9,1935)
w(846,3,9,1937)
r(848,2,9,1937)
w(849,1,9,1937)
w(848,3,9,1937)
r(849,1,9,1937)
r(849,1,9,1937)
w(849,2,9,1937)
r(848,3,12,1939)
r(850,0,12,1939)
r(849,2,12,1939)
w(845,2,12,1939)
r(850,0,12,1939)
r(849,2,12,1939)
w(845,3,12,1939)
r(849,2,11,1941)
w(849,3,11,1941)
r(851,0,11,1941)
r(850,0,11,1941)
r(851,0,11,1941)
r(851,0,4,1944)
w(851,1,4,1944)
w(851,2,4,1944)
r(846,3,4,1944)
r(851,2,4,1944)
r(850,0,4,1944)
w(851,3,4,1944)
r(852,0,12,1945)
w(822,2,12,1945)
w(854,1,12,1945)
r(850,0,12,1945)
w(850,1,12,1945)
w(852,1,12,1945)
w(852,2,12,1945)
w(850,2,4,1947)
r(854,1,4,1947)
r(854,1,4,1947)
r(852,2,4,1947)
w(854,2,12,1949)
w(854,3,12,1949)
r(852,2,12,1949)
r(854,3,12,1949)
r(855,0,12,1949)
r(855,0,12,1949)
r(850,2,12,1949)
r(855,0,12,1949)
w(850,3,13,1951)
r(855,0,13,1951)
r(856,0,13,1951)
w(855,1,13,1951)
r(855,1,13,1953)
w(855,2,13,1953)
r(852,2,13,1953)
w(855,3,13,1953)
r(856,0,13,1953)
r(856,0,13,1953)
w(857,1,13,1953)
r(857,1,9,1955)
r(856,0,9,1955)
r(857,1,9,1955)
w(857,2,9,1955)
r(822,2,9,1955)
w(852,3,9,1955)
w(857,3,17,1957)
r(857,3,17,1957)
r(857,3,17,1957)
w(822,3,17,1957)
r(858,0,17,1957)
w(858,1,17,1957)
r(858,1,17,1957)
r(856,0,19,1959)
w(858,2,19,1959)
r(856,0,19,1959)
w(856,1,19,1959)
r(858,2,19,1959)
r(856,1,18,1961)
w(858,3,18,1961)
w(860,1,18,1961)
r(859,0,18,1961)
w(860,2,18,1961)
r(860,2,18,1961)
r(860,2,18,1961)
w(859,1,2,1963)
r(860,2,2,1963)
r(856,1,2,1963)
w(853,1,2,1963)
r(860,2,2,1963)
w(860,3,2,1963)
r(856,1,2,1963)
r(856,1,6,1965)
r(856,1,6,1965)
r(853,1,6,1965)
w(859,2,6,1965)
r(822,3,6,1965)
w(861,1,6,1965)
w(861,2,18,1967)
r(856,1,18,1967)
r(861,2,18,1967)
w(861,3,18,1967)
r(856,1,18,1967)
r(856,1,17,1969)
r(859,2,17,1969)
w(862,1,17,1969)
w(853,2,17,1969)
w(862,2,10,1971)
r(856,1,10,1971)
r(862,2,10,1971)
r(856,1,10,1971)
r(859,2,10,1971)
r(862,2,13,1973)
w(862,3,13,1973)
w(856,2,13,1973)
w(856,3,13,1973)
r(862,3,13,1973)
r(859,2,0,1975)
w(859,3,0,1975)
r(862,3,0,1975)
r(863,0,0,1975)
w(864,1,12,1977)
w(863,1,12,1977)
r(864,1,12,1977)
r(864,1,12,1977)
r(864,1,12,1977)
r(863,1,12,1977)
w(864,2,18,1979)
w(863,2,18,1979)
w(864,3,18,1979)
r(864,3,18,1979)
w(863,3,5,1981)
r(865,0,5,1981)
r(859,3,5,1981)
r(859,3,5,1981)
r(866,0,5,1981)
r(863,3,16,1983)
w(866,1,16,1983)
r(867,0,16,1983)
r(867,0,16,1983)
r(866,1,16,1983)
w(866,2,16,1983)
r(867,0,16,1983)
r(868,0,16,1983)
r(867,0,16,1985)
r(866,2,16,1985)
w(867,1,16,1985)
w(868,1,16,1985)
r(868,1,14,1987)
w(865,1,14,1987)
w(868,2,14,1987)
w(867,2,14,1987)
r(867,2,14,1987)
w(866,3,14,1987)
r(868,2,14,1987)
w(867,3,19,1989)
r(869,0,19,1989)
w(869,1,19,1989)
r(853,2,19,1989)
r(868,2,19,1989)
w(868,3,9,1991)
r(869,1,9,1991)
r(867,3,9,1991)
r(869,1,9,1991)
r(867,3,9,1991)
r(867,3,11,1993)
r(869,1,11,1993)
r(869,1,11,1993)
w(870,1,11,1993)
r(869,1,11,1993)
r(870,1,11,1993)
w(871,1,11,1993)
w(870,2,11,1993)
w(869,2,9,1995)
w(871,2,9,1995)
w(869,3,9,1995)
w(871,3,9,1995)
