w(4,1,15,1)
r(2,0,15,1)
r(4,1,15,1)
w(4,2,15,1)
r(2,0,15,1)
r(3,0,15,1)
r(3,0,15,1)
r(4,2,15,1)
w(3,1,5,3)
r(3,1,5,3)
r(2,0,5,3)
r(3,1,5,3)
w(4,3,5,3)
r(4,3,5,3)
w(1,1,5,3)
r(5,0,5,3)
r(5,0,18,5)
w(5,1,18,5)
r(0,0,18,5)
w(2,1,18,5)
w(5,2,18,5)
r(5,2,9,7)
r(5,2,9,7)
r(3,1,9,7)
w(3,2,9,7)
r(2,1,12,9)
r(5,2,12,9)
w(3,3,12,9)
r(2,1,12,9)
w(0,1,12,9)
r(3,3,9,11)
r(3,3,9,11)
w(5,3,9,11)
r(2,1,9,11)
w(6,1,9,11)
r(3,3,19,13)
r(3,3,19,13)
r(0,1,19,13)
r(0,1,19,13)
w(6,2,19,13)
w(6,3,19,13)
r(6,3,4,15)
r(7,0,4,15)
w(0,2,4,15)
r(8,0,4,15)
w(8,1,4,17)
r(8,1,4,17)
w(8,2,4,17)
r(2,1,4,17)
w(7,1,19,19)
w(7,2,19,19)
w(7,3,19,19)
w(8,3,19,19)
r(8,3,19,19)
r(1,1,19,19)
w(0,3,19,19)
r(7,3,19,19)
r(7,3,18,21)
r(7,3,18,21)
w(9,1,18,21)
w(9,2,18,21)
r(9,2,18,21)
r(9,2,6,23)
r(9,2,6,23)
w(9,3,6,23)
r(2,1,6,23)
r(9,3,6,23)
w(2,2,6,23)
w(10,1,6,23)
r(7,3,6,23)
w(10,2,6,25)
r(10,2,6,25)
r(7,3,6,25)
r(1,1,6,25)
r(10,2,15,27)
w(10,3,15,27)
r(1,1,15,27)
r(12,0,15,27)
r(2,2,15,27)
w(12,1,15,27)
w(2,3,15,27)
w(12,2,15,27)
w(12,3,19,29)
w(1,2,19,29)
w(14,1,19,29)
r(11,0,19,29)
w(11,1,19,29)
w(14,2,19,29)
w(1,3,10,31)
w(14,3,10,31)
r(13,0,10,31)
r(0,3,10,31)
r(14,3,10,31)
r(11,1,10,31)
w(15,1,10,31)
w(15,2,10,33)
w(15,3,10,33)
w(11,2,10,33)
r(16,0,10,33)
r(15,3,10,35)
r(11,2,10,35)
r(11,2,10,35)
w(16,1,10,35)
r(17,0,10,35)
r(11,2,10,35)
r(17,0,19,37)
w(11,3,19,37)
w(16,2,19,37)
w(18,1,19,37)
r(13,0,19,37)
w(18,2,19,37)
r(13,0,3,39)
r(16,2,3,39)
w(18,3,3,39)
r(17,0,3,39)
r(19,0,3,39)
w(19,1,3,39)
w(17,1,3,39)
r(19,1,9,41)
w(17,2,9,41)
r(19,1,9,41)
w(19,2,9,41)
w(17,3,9,41)
w(19,3,9,41)
r(13,0,9,41)
r(19,3,1,43)
w(20,1,1,43)
r(20,1,1,43)
r(13,0,1,43)
w(20,2,1,43)
r(20,2,1,43)
r(21,0,1,43)
r(20,2,6,45)
w(13,1,6,45)
r(20,2,6,45)
r(20,2,6,45)
w(20,3,6,45)
r(21,0,6,45)
w(22,1,6,45)
r(22,1,2,47)
w(21,1,2,47)
w(22,2,2,47)
w(21,2,2,47)
r(13,1,18,49)
w(22,3,18,49)
w(21,3,18,49)
r(24,0,18,49)
w(23,1,18,49)
r(23,1,6,51)
w(23,2,6,51)
r(23,2,6,51)
r(23,2,6,51)
w(23,3,6,51)
r(23,3,6,51)
w(13,2,6,51)
w(25,1,14,53)
r(25,1,14,53)
w(13,3,14,53)
r(24,0,14,53)
w(25,2,14,53)
r(13,3,7,55)
r(24,0,7,55)
r(24,0,7,55)
r(25,2,7,55)
r(25,2,7,55)
w(24,1,7,55)
r(25,2,9,57)
r(13,3,9,57)
w(24,2,9,57)
w(24,3,9,57)
r(16,2,9,57)
r(25,2,9,57)
r(24,3,9,57)
r(25,2,0,59)
r(25,2,0,59)
r(25,2,0,59)
r(16,2,0,59)
r(25,2,0,59)
r(26,0,0,59)
w(25,3,0,59)
r(25,3,0,59)
r(26,0,17,61)
r(25,3,17,61)
w(26,1,17,61)
w(16,3,17,61)
w(26,2,17,61)
w(27,1,6,63)
r(26,2,6,63)
w(27,2,6,63)
w(27,3,6,63)
r(27,3,6,63)
r(26,2,6,63)
r(26,2,6,63)
r(13,3,2,65)
w(26,3,2,65)
r(16,3,2,65)
r(13,3,2,65)
r(28,0,2,65)
r(28,0,9,67)
r(26,3,9,67)
w(28,1,9,67)
r(28,1,9,67)
r(26,3,9,67)
r(28,1,0,69)
w(28,2,0,69)
r(28,2,0,69)
r(26,3,0,69)
w(28,3,0,69)
w(29,1,0,69)
r(28,3,0,69)
r(29,1,0,69)
r(28,3,9,71)
r(28,3,9,71)
r(29,1,9,71)
r(29,1,9,71)
w(29,2,6,73)
r(28,3,6,73)
r(13,3,6,73)
r(30,0,6,73)
w(30,1,6,73)
r(0,3,6,73)
r(29,2,6,73)
r(13,3,6,73)
r(30,1,15,75)
r(29,2,15,75)
w(30,2,15,75)
w(29,3,15,75)
r(29,3,7,77)
r(16,3,7,77)
r(30,2,7,77)
w(30,3,7,77)
r(30,3,7,77)
r(13,3,7,77)
r(32,0,3,79)
r(13,3,3,79)
w(32,1,3,79)
r(32,1,3,79)
w(32,2,3,79)
w(32,3,3,79)
r(32,3,3,79)
w(31,1,16,81)
r(13,3,16,81)
r(33,0,16,81)
w(33,1,16,81)
w(33,2,16,81)
r(31,1,16,81)
w(31,2,17,83)
r(33,2,17,83)
r(33,2,17,83)
r(0,3,17,83)
r(33,2,17,83)
w(33,3,17,83)
w(31,3,14,85)
w(34,1,14,85)
r(16,3,14,85)
r(31,3,14,85)
r(35,0,14,85)
r(35,0,14,85)
w(35,1,14,85)
w(35,2,14,85)
r(38,0,4,88)
r(36,0,4,88)
r(38,0,4,88)
r(35,2,4,88)
w(35,3,4,88)
r(39,0,4,88)
w(38,1,18,89)
w(39,1,18,89)
w(39,2,18,89)
w(37,1,18,89)
w(39,3,18,89)
r(39,3,18,89)
w(40,1,11,91)
r(40,1,11,91)
r(40,1,11,91)
r(40,1,11,91)
r(40,1,11,91)
w(40,2,11,91)
w(40,3,11,91)
w(38,2,11,91)
r(38,2,11,93)
r(41,0,11,93)
r(38,2,11,93)
w(38,3,11,93)
r(41,0,11,93)
r(38,3,11,93)
r(41,0,17,95)
r(41,0,17,95)
r(42,0,17,95)
w(41,1,17,95)
w(41,2,17,95)
w(41,3,17,95)
r(34,1,17,95)
r(42,0,14,97)
r(41,3,14,97)
r(43,0,14,97)
w(42,1,14,97)
w(43,1,13,99)
w(43,2,13,99)
r(43,2,13,99)
w(43,3,13,99)
r(44,0,13,99)
w(42,2,13,99)
r(34,1,13,101)
r(34,1,13,101)
r(42,2,13,101)
r(42,2,13,101)
r(34,1,13,101)
r(44,0,13,101)
r(36,0,13,101)
r(44,0,13,101)
r(37,1,9,103)
r(34,1,9,103)
r(36,0,9,103)
w(42,3,9,103)
w(34,2,9,103)
r(42,3,9,103)
r(44,0,7,105)
w(44,1,7,105)
w(44,2,7,105)
r(37,1,7,105)
r(45,0,7,105)
w(44,3,1,107)
r(44,3,1,107)
w(45,1,1,107)
r(45,1,1,107)
r(34,2,1,107)
r(45,1,1,107)
r(45,1,18,109)
w(46,1,18,109)
w(34,3,18,109)
r(46,1,18,109)
r(47,0,18,109)
w(46,2,18,109)
w(45,2,7,111)
w(46,3,7,111)
r(45,2,7,111)
r(46,3,7,111)
w(45,3,14,113)
r(36,0,14,113)
r(46,3,14,113)
w(48,1,14,113)
w(48,2,14,113)
r(48,2,11,115)
w(48,3,11,115)
r(36,0,11,115)
w(49,1,11,115)
w(47,1,11,115)
r(49,1,11,115)
r(49,1,11,117)
r(49,1,11,117)
r(47,1,11,117)
r(49,1,11,117)
r(36,0,11,117)
r(36,0,18,119)
r(49,1,18,119)
r(49,1,18,119)
r(49,1,18,119)
w(47,2,18,119)
w(49,2,18,119)
w(49,3,18,119)
r(36,0,18,119)
r(51,0,16,121)
r(51,0,16,121)
r(36,0,16,121)
w(50,1,16,121)
r(47,2,16,121)
w(51,1,16,121)
r(51,1,9,123)
w(47,3,9,123)
w(51,2,9,123)
w(50,2,9,123)
r(50,2,9,123)
r(50,2,9,123)
r(47,3,9,123)
w(51,3,11,125)
w(52,1,11,125)
r(37,1,11,125)
r(50,2,11,125)
w(52,2,11,125)
r(52,2,10,127)
r(52,2,10,127)
w(52,3,10,127)
r(52,3,10,127)
r(52,3,3,129)
w(50,3,3,129)
r(53,0,3,129)
w(53,1,3,129)
r(52,3,3,129)
w(36,1,9,131)
r(54,0,9,131)
r(36,1,9,131)
w(53,2,9,131)
r(54,0,7,133)
w(54,1,7,133)
w(55,1,7,133)
r(54,1,7,133)
r(55,1,7,133)
r(53,2,8,135)
r(36,1,8,135)
r(55,1,8,135)
w(55,2,8,135)
r(53,2,8,135)
r(53,2,8,135)
r(55,2,8,135)
w(53,3,8,135)
w(54,2,14,137)
w(55,3,14,137)
r(53,3,14,137)
r(56,0,14,137)
r(56,0,14,137)
r(53,3,14,137)
w(36,2,14,137)
w(56,1,7,139)
w(56,2,7,139)
w(57,1,7,139)
r(36,2,7,139)
r(56,2,7,139)
r(56,2,7,139)
r(36,2,18,142)
r(56,2,18,142)
w(56,3,18,142)
w(54,3,18,142)
r(57,1,18,142)
r(56,3,18,142)
r(56,3,18,142)
w(57,2,18,142)
r(56,3,2,145)
w(58,1,2,145)
r(36,2,2,145)
r(54,3,2,145)
w(59,1,2,145)
w(59,2,2,145)
r(59,2,4,147)
r(60,0,4,147)
w(58,2,4,147)
r(59,2,4,147)
r(58,2,4,147)
w(59,3,4,147)
w(36,3,12,149)
r(59,3,12,149)
r(61,0,12,149)
r(61,0,12,149)
w(61,1,12,149)
r(61,1,13,151)
r(61,1,13,151)
r(58,2,13,151)
r(61,1,13,151)
r(61,1,13,151)
r(36,3,13,151)
r(60,0,12,153)
w(58,3,12,153)
w(61,2,12,153)
w(61,3,12,153)
r(36,3,2,155)
r(36,3,2,155)
r(58,3,2,155)
r(58,3,2,155)
r(36,3,2,155)
w(60,1,0,157)
r(61,3,0,157)
w(60,2,0,157)
r(37,1,0,157)
r(62,0,0,157)
r(62,0,8,159)
w(62,1,8,159)
r(60,2,8,159)
r(62,1,8,159)
r(58,3,8,159)
r(62,1,8,159)
r(58,3,8,159)
w(62,2,8,159)
w(60,3,8,161)
r(58,3,8,161)
r(58,3,8,161)
r(62,2,8,161)
r(62,2,8,161)
r(62,2,8,161)
r(63,0,8,161)
r(60,3,3,163)
r(60,3,3,163)
w(62,3,3,163)
w(37,2,3,163)
w(64,1,3,163)
r(58,3,3,163)
r(37,2,3,163)
r(64,1,3,163)
w(64,2,3,165)
r(64,2,3,165)
r(58,3,3,165)
w(66,1,3,165)
r(65,0,2,167)
r(64,2,2,167)
w(64,3,2,167)
r(66,1,2,167)
r(67,0,2,167)
r(65,0,2,167)
w(67,1,2,167)
r(67,1,18,169)
w(67,2,18,169)
r(63,0,18,169)
r(66,1,18,169)
w(63,1,18,169)
w(65,1,18,169)
r(67,2,18,169)
r(67,2,3,171)
r(66,1,3,171)
w(67,3,3,171)
w(65,2,3,171)
r(67,3,3,171)
w(66,2,3,171)
w(66,3,3,171)
w(68,1,11,173)
r(68,1,11,173)
w(68,2,11,173)
r(68,2,11,173)
w(63,2,5,175)
r(68,2,5,175)
w(68,3,5,175)
r(68,3,5,175)
w(65,3,5,175)
r(70,0,5,175)
w(70,1,5,175)
r(65,3,5,175)
r(71,0,3,177)
r(70,1,3,177)
w(70,2,3,177)
w(70,3,3,177)
r(69,0,3,177)
r(70,3,3,177)
r(71,0,1,179)
r(63,2,1,179)
r(72,0,1,179)
r(71,0,1,179)
r(71,0,0,181)
r(72,0,0,181)
w(69,1,0,181)
r(72,0,0,181)
r(71,0,0,181)
w(72,1,0,181)
r(72,1,18,183)
r(72,1,18,183)
r(63,2,18,183)
w(37,3,18,183)
r(72,1,18,183)
w(71,1,18,183)
r(69,1,18,183)
w(72,2,18,183)
w(69,2,0,185)
r(72,2,0,185)
w(72,3,0,185)
w(71,2,0,185)
r(37,3,2,187)
r(72,3,2,187)
r(72,3,2,187)
w(71,3,2,187)
r(73,0,16,189)
r(73,0,16,189)
r(71,3,16,189)
w(75,1,16,189)
w(75,2,16,189)
r(73,0,18,191)
r(73,0,18,191)
r(73,0,18,191)
w(75,3,18,191)
w(63,3,17,193)
r(73,0,17,193)
r(75,3,17,193)
w(73,1,17,193)
r(73,1,17,193)
r(73,1,17,193)
w(69,3,17,193)
w(73,2,18,195)
r(69,3,18,195)
r(73,2,18,195)
r(75,3,18,195)
w(73,3,18,195)
w(76,1,18,195)
r(76,1,18,195)
r(76,1,18,195)
w(77,1,6,197)
w(77,2,6,197)
w(76,2,6,197)
w(78,1,6,197)
w(77,3,6,197)
w(76,3,0,199)
w(80,1,0,199)
r(80,1,0,199)
r(76,3,0,199)
r(80,1,18,201)
w(80,2,18,201)
r(80,2,18,201)
r(80,2,18,201)
w(80,3,18,201)
r(76,3,13,203)
w(78,2,13,203)
r(79,0,13,203)
w(81,1,13,203)
w(81,2,13,203)
r(82,0,13,203)
r(81,2,13,203)
w(79,1,3,205)
r(82,0,3,205)
r(79,1,3,205)
r(79,1,3,205)
r(78,2,3,205)
w(81,3,1,207)
r(81,3,1,207)
r(82,0,1,207)
r(81,3,1,207)
r(82,0,1,207)
w(82,1,11,209)
w(78,3,11,209)
r(82,1,11,209)
r(81,3,11,209)
w(79,2,11,209)
r(84,0,11,209)
w(82,2,2,211)
r(84,0,2,211)
w(84,1,2,211)
r(84,1,2,211)
w(79,3,2,211)
r(84,1,2,213)
r(83,0,2,213)
w(82,3,2,213)
r(82,3,2,213)
w(84,2,2,213)
w(83,1,2,213)
r(84,2,2,213)
w(84,3,2,213)
r(84,3,4,215)
r(84,3,4,215)
r(82,3,4,215)
r(84,3,4,215)
w(83,2,4,215)
r(86,0,4,215)
w(86,1,4,215)
w(86,2,14,217)
w(86,3,14,217)
r(88,0,14,217)
w(87,1,14,217)
r(87,1,14,217)
r(83,2,13,219)
w(88,1,13,219)
w(87,2,13,219)
r(88,1,13,219)
w(87,3,16,221)
w(74,1,16,221)
r(87,3,16,221)
r(87,3,16,221)
w(89,1,14,223)
r(83,2,14,223)
r(74,1,14,223)
r(74,1,14,223)
r(89,1,14,227)
r(88,1,14,227)
r(88,1,14,227)
r(89,1,14,227)
w(88,2,14,227)
w(89,2,14,227)
r(88,2,14,227)
w(90,1,10,229)
r(89,2,10,229)
r(89,2,10,229)
r(89,2,10,229)
r(83,2,0,231)
w(74,2,0,231)
r(89,2,0,231)
w(90,2,0,231)
r(89,2,0,231)
r(89,2,12,233)
r(89,2,12,233)
r(89,2,12,233)
w(91,1,12,233)
w(90,3,12,233)
r(91,1,12,233)
w(83,3,18,235)
r(91,1,18,235)
r(91,1,18,235)
r(90,3,18,235)
w(91,2,18,235)
r(90,3,18,235)
r(90,3,8,237)
r(74,2,8,237)
r(92,0,8,237)
w(92,1,8,237)
r(92,1,8,237)
w(92,2,8,237)
r(91,2,8,237)
r(90,3,8,237)
w(74,3,0,239)
r(91,2,0,239)
r(91,2,0,239)
r(90,3,0,239)
w(91,3,16,241)
r(92,2,16,241)
w(93,1,16,241)
r(93,1,16,241)
r(85,0,16,241)
w(93,2,16,241)
w(93,3,16,241)
r(94,0,1,243)
r(92,2,1,243)
r(92,2,1,243)
r(92,2,1,243)
r(95,0,1,243)
w(95,1,1,243)
w(95,2,1,243)
w(94,1,9,245)
r(95,2,9,245)
w(85,1,9,245)
w(95,3,9,245)
r(95,3,4,247)
w(94,2,4,247)
r(96,0,4,247)
w(94,3,4,247)
r(96,0,4,247)
r(74,3,13,249)
w(97,1,13,249)
w(96,1,13,249)
w(96,2,13,249)
r(92,2,13,249)
r(96,2,13,249)
r(96,2,8,251)
w(96,3,8,251)
w(98,1,8,251)
r(98,1,8,251)
w(97,2,8,251)
w(92,3,1,253)
w(97,3,1,253)
r(98,1,1,253)
w(98,2,1,253)
w(98,3,1,253)
r(98,3,16,255)
w(85,2,16,255)
w(100,1,16,255)
r(92,3,16,255)
w(99,1,16,255)
r(99,1,17,257)
r(100,1,17,257)
r(100,1,17,257)
r(92,3,17,257)
w(100,2,17,257)
r(99,1,17,257)
r(92,3,7,259)
r(99,1,7,259)
w(101,1,7,259)
w(99,2,7,259)
w(100,3,7,259)
r(100,3,7,259)
w(103,1,15,261)
w(102,1,15,261)
r(103,1,15,261)
r(99,2,15,261)
r(85,2,15,261)
r(103,1,15,261)
w(99,3,1,263)
r(85,2,1,263)
w(85,3,1,263)
r(103,1,1,263)
r(99,3,1,263)
r(99,3,1,263)
w(104,1,1,265)
r(104,1,1,265)
r(104,1,1,265)
r(85,3,1,265)
w(103,2,1,265)
r(103,2,1,265)
r(104,1,14,267)
r(103,2,14,267)
w(103,3,14,267)
r(101,1,14,267)
w(104,2,14,267)
r(105,0,14,267)
w(102,2,14,267)
r(104,2,14,267)
w(102,3,10,269)
r(104,2,10,269)
r(105,0,10,269)
r(105,0,10,269)
w(105,1,10,269)
r(105,1,10,269)
r(105,1,16,271)
r(105,1,16,271)
r(101,1,16,271)
w(105,2,16,271)
w(104,3,11,273)
r(104,3,11,273)
w(105,3,11,273)
r(105,3,11,273)
r(107,0,11,273)
w(106,1,11,273)
r(109,0,11,273)
w(109,1,6,275)
w(106,2,6,275)
r(107,0,6,275)
w(107,1,6,275)
w(108,1,6,275)
w(108,2,6,275)
r(109,1,6,275)
w(108,3,15,277)
r(109,1,15,277)
w(107,2,15,277)
w(106,3,15,277)
w(109,2,15,277)
w(109,3,3,279)
r(111,0,3,279)
r(108,3,3,279)
r(111,0,3,279)
w(111,1,3,279)
r(111,1,3,279)
r(111,1,3,279)
w(111,2,3,279)
r(112,0,11,282)
r(101,1,11,282)
r(111,2,11,282)
r(111,2,11,282)
r(110,0,15,283)
w(112,1,15,283)
r(111,2,15,283)
w(112,2,15,283)
w(111,3,15,283)
r(111,3,15,283)
r(112,2,15,283)
r(111,3,0,285)
r(112,2,0,285)
w(113,1,0,285)
w(113,2,0,285)
w(112,3,0,285)
w(113,3,0,285)
w(110,1,0,287)
r(112,3,0,287)
r(112,3,0,287)
r(114,0,0,287)
r(114,0,12,289)
w(114,1,12,289)
r(114,1,12,289)
w(110,2,12,289)
r(115,0,12,289)
w(110,3,12,289)
w(114,2,12,289)
w(115,1,12,289)
r(110,3,19,291)
r(107,2,19,291)
r(107,2,19,291)
w(115,2,19,291)
w(114,3,19,291)
r(115,2,14,293)
w(115,3,14,293)
r(117,0,14,293)
r(117,0,14,293)
w(118,1,17,295)
w(118,2,17,295)
r(117,0,17,295)
r(118,2,17,295)
w(117,1,17,295)
r(107,2,17,295)
w(117,2,17,295)
r(117,2,1,297)
w(116,1,1,297)
w(117,3,1,297)
w(119,1,1,297)
r(118,2,1,297)
r(119,1,13,299)
w(118,3,13,299)
w(119,2,13,299)
r(107,2,13,299)
r(118,3,13,299)
r(119,2,13,299)
w(119,3,13,299)
r(118,3,13,299)
w(120,1,6,301)
w(120,2,6,301)
r(107,2,6,301)
w(120,3,6,301)
r(120,3,6,301)
w(116,2,6,301)
r(122,0,8,303)
r(121,0,8,303)
w(122,1,8,303)
r(116,2,8,303)
w(121,1,8,303)
r(122,1,8,303)
r(101,1,8,303)
r(121,1,8,303)
r(121,1,8,305)
r(121,1,8,305)
r(121,1,8,305)
r(122,1,8,305)
r(122,1,8,305)
r(122,1,14,307)
w(121,2,14,307)
r(121,2,14,307)
r(122,1,14,307)
w(122,2,14,307)
w(122,3,13,309)
r(121,2,13,309)
r(107,2,13,309)
r(116,2,13,309)
w(116,3,13,309)
w(123,3,16,313)
r(123,3,16,313)
r(124,0,16,313)
w(124,1,16,313)
w(121,3,16,313)
r(121,3,15,315)
r(126,0,15,315)
w(126,1,15,315)
w(126,2,15,315)
w(126,3,15,315)
r(127,0,15,317)
r(125,0,15,317)
w(124,2,15,317)
r(124,2,15,317)
w(127,1,15,317)
w(124,3,15,317)
r(127,1,15,317)
r(127,1,14,319)
w(128,1,14,319)
r(124,3,14,319)
w(127,2,14,319)
r(124,3,14,319)
r(128,1,16,321)
r(127,2,16,321)
r(124,3,16,321)
r(124,3,16,321)
w(127,3,16,321)
r(128,1,16,321)
w(128,2,16,321)
r(129,0,1,323)
w(129,1,1,323)
r(129,1,1,323)
r(129,1,1,323)
w(129,2,1,323)
r(129,2,1,323)
r(129,2,1,323)
r(129,2,7,325)
r(129,2,7,325)
r(125,0,7,325)
r(129,2,7,325)
r(129,2,7,325)
w(129,3,7,325)
r(130,0,17,327)
w(125,1,17,327)
w(128,3,17,327)
r(128,3,17,327)
r(125,1,17,327)
r(130,0,17,327)
r(125,1,17,327)
r(132,0,10,329)
r(130,0,10,329)
w(132,1,10,329)
w(131,1,10,329)
r(132,1,10,329)
w(132,2,2,331)
r(132,2,2,331)
r(132,2,2,331)
w(132,3,2,331)
r(132,3,2,331)
w(131,2,2,331)
w(131,3,2,331)
r(132,3,2,331)
r(133,0,11,333)
w(125,2,11,333)
r(101,1,11,333)
r(125,2,11,333)
r(134,0,11,333)
r(133,0,17,335)
w(133,1,17,335)
w(133,2,17,335)
w(125,3,17,335)
w(133,3,17,335)
r(135,0,17,335)
w(135,1,17,335)
w(135,2,17,335)
w(135,3,1,337)
r(134,0,1,337)
r(101,1,1,337)
r(135,3,1,337)
r(130,0,1,337)
r(130,0,1,337)
r(136,0,1,337)
w(130,1,1,337)
w(136,1,9,339)
w(136,2,9,339)
w(136,3,9,339)
r(136,3,9,339)
w(134,1,9,339)
r(136,3,9,339)
r(137,0,9,339)
w(137,1,2,341)
r(134,1,2,341)
r(137,1,2,341)
w(137,2,2,341)
w(130,2,16,343)
w(134,2,16,343)
r(134,2,16,343)
w(134,3,16,343)
w(137,3,16,343)
r(130,2,16,343)
r(101,1,16,343)
r(137,3,7,345)
r(137,3,7,345)
w(130,3,7,345)
r(137,3,7,345)
r(137,3,7,345)
r(139,0,7,345)
w(139,1,7,345)
w(139,2,4,347)
r(139,2,4,347)
w(139,3,4,347)
r(139,3,4,347)
r(139,3,4,347)
w(101,2,9,349)
w(140,1,9,349)
w(140,2,9,349)
r(139,3,9,349)
w(101,3,9,349)
r(140,2,9,349)
w(141,1,9,349)
w(141,2,9,349)
r(140,2,17,351)
w(141,3,17,351)
r(141,3,17,351)
w(138,1,17,351)
r(138,1,17,351)
r(101,3,17,351)
w(140,3,17,351)
r(141,3,4,353)
r(142,0,4,353)
r(142,0,4,353)
w(142,1,4,353)
r(142,1,4,353)
r(140,3,4,353)
w(143,1,4,353)
r(142,1,18,355)
r(143,1,18,355)
w(143,2,18,355)
w(142,2,18,355)
r(142,2,18,355)
r(142,2,18,355)
r(138,1,18,355)
w(142,3,18,355)
r(143,2,12,357)
w(143,3,12,357)
r(142,3,12,357)
r(144,0,12,357)
r(145,0,12,357)
w(145,1,12,357)
