r(4,0,9,1)
r(0,0,9,1)
w(2,1,9,1)
r(2,1,9,1)
r(4,0,16,3)
w(0,1,16,3)
w(4,1,16,3)
r(3,0,16,3)
r(4,1,16,3)
r(3,0,16,3)
r(1,0,16,3)
w(3,1,16,3)
r(4,1,0,5)
w(3,2,0,5)
r(1,0,0,5)
r(3,2,0,5)
r(4,1,0,5)
w(4,2,13,7)
r(3,2,13,7)
w(3,3,13,7)
r(2,1,13,7)
w(2,2,13,7)
r(5,0,13,7)
r(5,0,19,9)
w(2,3,19,9)
r(4,2,19,9)
r(5,0,19,9)
w(1,1,19,9)
w(4,3,19,9)
w(5,1,19,9)
w(1,2,11,11)
w(7,1,11,11)
r(7,1,11,11)
r(5,1,11,11)
w(7,2,18,13)
w(7,3,18,13)
r(6,0,18,13)
r(7,3,18,13)
w(6,1,2,15)
w(5,2,2,15)
w(6,2,2,15)
w(6,3,2,15)
r(6,3,4,17)
w(8,1,4,17)
w(5,3,4,17)
w(8,2,4,17)
w(10,2,7,21)
r(9,0,7,21)
r(11,0,7,21)
r(0,1,7,21)
r(10,2,7,21)
r(10,2,7,21)
w(10,3,6,23)
r(11,0,6,23)
r(1,2,6,23)
r(10,3,6,23)
r(10,3,11,25)
r(10,3,11,25)
w(11,1,11,25)
w(12,1,11,25)
w(11,2,11,25)
w(12,2,11,25)
r(11,2,9,27)
r(12,2,9,27)
w(12,3,9,27)
r(12,3,9,27)
w(11,3,9,27)
w(1,3,9,27)
w(0,2,9,27)
w(13,1,9,27)
r(13,1,19,29)
r(13,1,19,29)
w(13,2,19,29)
r(12,3,19,29)
r(12,3,19,29)
w(14,1,19,29)
w(14,2,8,31)
r(14,2,8,31)
w(13,3,8,31)
r(15,0,8,31)
w(9,1,8,31)
r(9,1,8,31)
r(14,2,9,33)
r(14,2,9,33)
r(14,2,9,33)
w(15,1,9,33)
w(15,2,9,33)
w(14,3,9,33)
w(9,2,9,33)
r(16,0,8,35)
r(0,2,8,35)
r(16,0,8,35)
w(16,1,8,35)
w(16,2,8,35)
r(16,2,9,37)
w(16,3,9,37)
r(1,3,9,37)
w(15,3,9,37)
r(16,3,9,37)
w(17,1,17,39)
w(17,2,17,39)
r(17,2,17,39)
r(18,0,17,39)
r(9,2,17,39)
r(18,0,0,44)
w(18,2,0,44)
r(19,0,0,44)
w(19,2,0,44)
r(9,2,0,44)
r(9,2,0,44)
r(20,0,4,47)
r(9,2,4,47)
w(0,3,4,47)
r(19,2,4,47)
r(19,2,13,49)
r(20,0,13,49)
r(20,0,13,49)
w(20,1,13,49)
w(20,2,13,49)
w(20,3,11,51)
r(20,3,11,51)
r(20,3,11,51)
w(19,3,11,51)
r(19,3,11,51)
w(21,1,1,53)
r(19,3,1,53)
w(22,1,1,53)
r(21,1,1,53)
r(21,1,0,55)
r(22,1,0,55)
r(23,0,0,55)
w(22,2,0,55)
r(23,0,0,55)
r(0,3,0,55)
r(17,2,0,55)
w(22,3,1,57)
r(17,2,1,57)
r(23,0,1,57)
r(0,3,1,57)
r(21,1,1,57)
w(23,1,1,57)
r(21,1,1,57)
w(21,2,1,57)
r(21,2,4,59)
w(21,3,4,59)
r(21,3,4,59)
r(24,0,4,59)
w(25,1,4,59)
r(24,0,9,61)
r(25,1,9,61)
w(25,2,9,61)
r(25,2,9,61)
w(23,2,9,61)
r(25,2,9,61)
w(23,3,9,61)
r(23,3,2,63)
r(25,2,2,63)
r(24,0,2,63)
w(24,1,2,63)
r(24,1,2,63)
w(26,1,2,63)
r(25,2,15,65)
r(24,1,15,65)
r(24,1,15,65)
w(25,3,15,65)
r(17,2,15,65)
r(25,3,15,65)
r(24,1,15,65)
r(25,3,6,67)
r(27,0,6,67)
w(27,1,6,67)
r(26,1,6,67)
r(24,1,6,67)
r(26,1,6,67)
r(17,2,6,67)
r(27,1,6,67)
r(27,1,14,70)
r(24,1,14,70)
w(26,2,14,70)
w(27,2,14,70)
w(27,3,14,70)
r(26,2,13,73)
r(26,2,13,73)
w(24,3,13,73)
r(26,2,13,73)
w(29,1,13,73)
r(28,0,5,77)
w(28,1,5,77)
r(30,0,5,77)
w(28,2,5,77)
r(31,0,5,77)
r(28,2,5,77)
w(30,1,5,77)
w(31,1,5,77)
r(17,2,19,79)
r(32,0,19,79)
r(32,0,19,79)
r(30,1,19,79)
w(31,2,19,79)
w(32,2,19,79)
r(17,2,19,79)
r(31,2,1,81)
r(30,1,1,81)
w(31,3,1,81)
w(32,3,1,81)
w(30,3,1,81)
r(32,3,15,83)
w(34,1,15,83)
r(33,0,15,83)
w(34,2,15,83)
r(34,2,15,83)
r(17,2,15,83)
w(34,3,15,83)
w(33,1,15,83)
r(34,3,6,85)
w(35,1,6,85)
r(33,1,6,85)
r(34,3,6,85)
w(35,2,6,85)
w(35,3,6,85)
r(34,3,15,87)
r(17,2,15,87)
r(35,3,15,87)
r(36,0,15,87)
w(36,1,15,87)
r(33,1,15,87)
r(33,1,15,87)
w(36,2,15,89)
r(36,2,15,89)
w(36,3,15,89)
w(33,2,15,89)
r(37,0,15,89)
r(37,0,15,89)
w(37,1,6,91)
w(37,2,6,91)
r(17,2,6,91)
w(33,3,6,91)
r(33,3,6,91)
r(37,2,6,91)
r(37,2,6,91)
r(37,2,6,91)
w(37,3,2,94)
r(35,3,2,94)
r(38,0,2,94)
r(37,3,2,94)
r(35,3,2,94)
w(40,1,10,95)
w(39,1,10,95)
w(39,2,10,95)
r(38,0,10,95)
w(39,3,10,95)
r(41,0,10,97)
w(40,2,10,97)
r(29,1,10,97)
r(41,0,10,97)
w(41,1,10,97)
w(40,3,10,97)
w(41,2,10,97)
r(41,2,10,97)
w(41,3,15,99)
r(41,3,15,99)
r(41,3,15,99)
r(41,3,15,99)
r(41,3,5,101)
r(41,3,5,101)
r(43,0,5,101)
r(42,0,5,101)
r(17,2,5,101)
r(43,0,5,101)
r(38,0,5,101)
r(43,0,1,105)
w(29,2,1,105)
w(43,1,1,105)
r(43,1,1,105)
w(42,1,1,105)
w(43,3,12,107)
r(38,0,12,107)
r(29,2,12,107)
w(38,1,12,107)
w(42,2,18,109)
r(44,0,18,109)
w(44,1,18,109)
r(44,1,18,109)
w(44,2,18,109)
w(42,3,10,111)
w(38,2,10,111)
w(38,3,10,111)
w(44,3,10,111)
w(45,1,10,111)
r(45,1,10,111)
r(45,1,5,113)
r(45,1,5,113)
r(45,1,5,113)
r(45,1,5,113)
w(45,2,5,113)
w(47,1,5,113)
r(29,2,19,115)
w(45,3,19,115)
r(42,3,19,115)
r(45,3,19,115)
w(47,2,19,115)
r(45,3,19,115)
r(45,3,19,115)
r(47,2,19,115)
w(47,3,2,118)
r(47,3,2,118)
r(48,0,2,118)
r(48,0,2,118)
r(47,3,2,118)
r(48,0,2,118)
w(48,1,2,118)
w(49,1,2,118)
w(46,1,13,121)
r(49,1,13,121)
w(50,2,13,121)
r(49,1,13,121)
w(50,3,13,121)
r(51,0,13,121)
w(46,2,13,121)
w(51,1,13,121)
w(51,2,12,123)
r(51,2,12,123)
r(51,2,12,123)
r(29,2,12,123)
r(51,2,12,123)
w(49,2,15,125)
r(49,2,15,125)
w(46,3,15,125)
r(51,2,15,125)
r(52,0,10,129)
w(52,2,10,129)
r(49,2,10,129)
w(52,3,10,129)
w(53,1,10,129)
w(53,2,17,132)
r(49,2,17,132)
r(49,2,17,132)
w(54,1,17,132)
r(46,3,17,132)
w(53,3,17,132)
r(53,3,17,132)
w(55,1,5,133)
w(55,2,5,133)
r(55,2,5,133)
r(55,2,5,133)
w(55,3,19,135)
w(54,2,19,135)
r(56,0,19,135)
r(55,3,19,135)
r(49,2,19,135)
w(49,3,19,135)
r(56,0,15,137)
w(57,1,15,137)
w(57,2,15,137)
r(56,0,15,137)
r(54,2,7,139)
w(57,3,7,139)
r(58,0,7,139)
w(58,1,7,139)
w(58,2,7,139)
r(58,2,8,141)
w(54,3,8,141)
r(58,2,8,141)
r(58,2,8,141)
w(58,3,8,141)
w(59,1,4,143)
w(59,2,4,143)
w(59,3,4,143)
r(60,0,4,143)
r(29,2,4,143)
r(61,0,4,143)
w(61,1,4,145)
r(61,1,4,145)
r(61,1,4,145)
w(62,1,4,145)
w(61,2,4,145)
w(62,2,4,145)
r(62,2,3,147)
r(61,2,3,147)
w(61,3,3,147)
r(60,0,3,147)
r(61,3,3,147)
r(61,3,3,147)
r(61,3,3,147)
r(62,2,7,149)
r(60,0,7,149)
r(63,0,7,149)
w(60,1,7,149)
r(63,0,7,149)
r(63,0,7,149)
r(62,2,18,151)
r(56,0,18,151)
r(62,2,18,151)
r(62,2,18,151)
w(60,2,18,151)
w(63,1,0,154)
w(63,2,0,154)
w(60,3,0,154)
r(63,2,0,154)
r(62,2,0,154)
w(62,3,0,154)
w(64,2,17,157)
r(63,2,17,157)
r(65,0,17,157)
r(65,0,17,157)
w(65,1,17,157)
r(66,0,17,157)
w(65,2,3,159)
w(66,1,3,159)
w(66,2,3,159)
r(65,2,3,159)
r(65,2,3,159)
r(64,2,3,159)
r(65,2,3,159)
w(66,3,3,159)
w(65,3,7,161)
r(65,3,7,161)
r(29,2,7,161)
r(67,0,7,161)
r(65,3,7,161)
r(67,0,10,163)
r(67,0,10,163)
r(68,0,10,163)
r(68,0,10,163)
r(68,0,10,163)
w(68,1,10,163)
r(56,0,10,163)
w(68,2,10,163)
w(64,3,10,165)
r(68,2,10,165)
r(56,0,10,165)
r(67,0,10,165)
r(64,3,10,165)
r(68,2,10,165)
r(68,2,10,165)
w(68,3,14,167)
r(67,0,14,167)
w(70,1,14,167)
w(70,2,14,167)
w(70,3,14,167)
r(70,3,14,167)
w(67,1,14,167)
w(67,2,0,169)
w(69,1,0,169)
r(70,3,0,169)
r(70,3,0,169)
r(67,2,0,169)
r(69,1,16,171)
w(69,2,16,171)
w(71,1,16,171)
w(71,2,16,171)
w(29,3,16,171)
r(71,2,16,171)
w(71,3,16,171)
w(67,3,15,173)
w(73,1,15,173)
w(73,2,15,173)
r(72,0,15,173)
w(72,1,15,175)
r(72,1,15,175)
r(56,0,15,175)
r(72,1,15,175)
w(72,2,15,175)
w(56,1,15,175)
w(69,3,17,177)
w(73,3,17,177)
r(72,2,17,177)
r(72,2,17,177)
r(72,2,17,177)
r(56,1,17,177)
r(56,1,16,179)
w(74,1,16,179)
r(74,1,16,179)
r(74,1,16,179)
w(72,3,16,179)
r(75,0,11,181)
w(56,2,11,181)
r(75,0,11,181)
r(76,0,11,181)
r(74,1,9,184)
w(76,1,9,184)
r(76,1,9,184)
r(76,1,9,184)
w(76,2,9,184)
w(74,3,14,188)
r(77,0,14,188)
w(77,1,14,188)
w(78,1,14,188)
r(29,3,12,191)
r(78,1,12,191)
r(78,1,12,191)
r(56,2,12,191)
w(75,1,12,191)
w(77,2,12,191)
r(78,1,10,193)
w(77,3,10,193)
r(77,3,10,193)
r(77,3,10,193)
r(78,1,10,193)
r(78,1,17,195)
w(80,1,17,195)
r(80,1,17,195)
r(79,0,17,195)
r(79,0,8,197)
w(75,2,8,197)
w(56,3,8,197)
w(80,2,8,197)
w(79,1,8,197)
r(79,1,8,197)
w(80,3,8,197)
r(79,1,8,197)
r(80,3,5,199)
r(75,2,5,199)
r(81,0,5,199)
w(79,2,5,199)
r(82,0,5,199)
r(79,2,5,199)
r(75,2,19,201)
r(82,0,19,201)
w(82,1,19,201)
w(82,2,19,201)
r(79,2,19,201)
w(75,3,19,201)
r(82,2,6,204)
r(82,2,6,204)
w(82,3,6,204)
r(79,2,6,204)
r(79,2,6,204)
w(83,1,6,204)
r(84,0,6,204)
r(81,0,6,204)
r(84,0,2,207)
w(84,1,2,207)
r(85,0,2,207)
r(85,0,2,207)
r(85,0,2,207)
r(85,0,2,207)
w(83,3,16,209)
r(84,1,16,209)
w(85,1,16,209)
w(85,2,16,209)
w(86,2,16,209)
r(86,2,16,209)
w(86,3,16,209)
w(85,3,16,209)
r(88,0,16,211)
r(88,0,16,211)
r(88,0,16,211)
w(89,1,16,211)
w(88,1,16,211)
w(88,2,16,211)
w(84,2,16,211)
r(88,2,17,213)
w(88,3,17,213)
w(89,2,17,213)
w(89,3,17,213)
r(89,3,17,213)
r(90,0,17,213)
r(90,0,17,213)
r(90,0,17,213)
w(90,1,18,215)
w(84,3,18,215)
r(91,0,18,215)
r(87,0,18,215)
r(90,1,18,215)
r(90,1,18,215)
w(90,2,18,215)
r(91,0,5,218)
w(93,2,5,218)
w(93,3,5,218)
r(91,0,5,218)
w(92,1,16,221)
w(94,1,16,221)
r(94,1,16,221)
r(94,1,16,221)
w(92,2,16,221)
r(94,1,16,221)
r(95,0,16,221)
w(92,3,16,221)
r(95,0,3,223)
w(96,1,3,223)
w(94,2,3,223)
r(94,2,3,223)
w(94,3,3,223)
r(94,3,4,225)
w(95,1,4,225)
w(81,1,4,225)
w(96,2,4,225)
r(95,1,4,225)
r(94,3,4,225)
r(95,1,4,225)
r(96,2,4,225)
w(96,3,13,229)
r(97,0,13,229)
w(95,2,13,229)
w(97,1,13,229)
r(87,0,2,231)
r(81,1,2,231)
r(98,0,2,231)
r(98,0,2,231)
r(98,0,2,231)
w(99,1,2,231)
r(99,1,2,231)
r(96,3,2,231)
w(98,1,8,233)
w(87,1,8,233)
w(98,2,8,233)
w(98,3,8,233)
r(87,1,8,233)
w(100,1,8,233)
w(99,2,9,235)
w(100,2,9,235)
w(99,3,9,235)
w(100,3,9,235)
w(101,1,1,237)
r(101,1,1,237)
w(101,2,1,237)
w(101,3,1,237)
r(101,3,1,237)
w(87,2,1,237)
r(98,3,1,237)
w(102,1,1,237)
r(103,0,8,239)
w(104,1,8,239)
w(104,2,8,239)
w(104,3,8,239)
w(103,1,14,241)
w(105,1,14,241)
w(105,2,14,241)
w(105,3,14,241)
r(105,3,9,243)
r(105,3,9,243)
r(105,3,9,243)
r(102,1,9,243)
w(106,1,9,243)
w(106,2,9,243)
w(103,2,6,245)
w(106,3,6,245)
r(107,0,6,245)
w(107,1,6,245)
r(103,2,6,245)
w(107,2,6,245)
r(87,2,3,247)
w(107,3,3,247)
w(103,3,3,247)
r(107,3,3,247)
r(87,2,3,247)
r(108,0,17,249)
r(108,0,17,249)
w(109,1,17,249)
w(109,2,17,249)
r(109,2,17,249)
w(109,3,17,249)
r(108,0,17,249)
w(108,1,17,249)
r(109,3,15,251)
w(108,2,15,251)
r(108,2,15,251)
r(109,3,15,251)
r(108,2,15,251)
r(108,2,15,251)
r(108,2,15,251)
r(108,2,15,251)
w(108,3,8,253)
r(109,3,8,253)
r(108,3,8,253)
w(87,3,8,253)
r(102,1,8,253)
w(110,1,8,253)
w(110,2,8,253)
w(110,3,8,253)
r(110,3,7,255)
r(109,3,7,255)
r(111,0,7,255)
r(102,1,7,255)
r(111,0,18,257)
r(111,0,18,257)
w(112,1,18,257)
r(87,3,18,257)
r(111,0,18,257)
r(111,0,18,257)
w(102,2,18,257)
w(111,1,5,259)
r(111,1,5,259)
r(111,1,5,259)
r(111,1,5,259)
r(111,1,5,259)
w(112,2,11,261)
w(111,2,11,261)
w(111,3,11,261)
r(102,2,11,261)
r(111,3,11,261)
r(111,3,11,261)
r(87,3,6,263)
r(113,0,6,263)
w(113,1,6,263)
r(113,1,6,263)
r(112,2,6,263)
r(113,1,10,265)
w(113,2,10,265)
r(102,2,10,265)
r(112,2,10,265)
w(113,3,3,267)
r(113,3,3,267)
r(112,2,3,267)
r(112,2,3,267)
w(112,3,3,267)
r(114,0,12,271)
r(114,0,12,271)
r(87,3,12,271)
w(114,1,12,271)
r(114,1,12,271)
w(114,2,12,271)
r(114,2,12,271)
r(114,2,12,271)
r(114,2,18,273)
r(114,2,18,273)
r(114,2,18,273)
r(115,0,18,273)
r(102,2,18,273)
r(114,2,18,273)
w(115,2,18,273)
w(115,3,3,275)
w(116,1,3,275)
r(117,0,3,275)
w(118,1,3,275)
w(118,2,3,275)
r(87,3,12,277)
w(117,1,12,277)
w(116,2,12,277)
r(117,1,12,277)
r(118,2,12,277)
r(117,1,12,277)
w(116,3,12,277)
r(87,3,0,279)
r(118,2,0,279)
w(117,2,0,279)
w(117,3,0,279)
r(117,3,0,279)
r(117,3,0,279)
r(117,3,0,279)
r(118,2,0,279)
w(121,1,10,281)
r(81,1,10,281)
w(121,2,10,281)
r(119,0,10,281)
r(121,2,10,281)
w(121,3,10,281)
r(118,2,16,283)
w(122,1,16,283)
w(122,2,16,283)
r(118,2,16,283)
w(118,3,16,283)
r(118,3,16,283)
w(120,1,6,285)
r(122,2,6,285)
r(122,2,6,285)
r(81,1,6,285)
w(122,3,6,285)
w(81,2,6,285)
w(119,1,6,285)
w(124,1,6,285)
r(123,0,15,287)
r(124,1,15,287)
r(123,0,15,287)
w(123,1,15,287)
w(124,2,15,287)
w(123,2,12,289)
r(123,2,12,289)
w(123,3,12,289)
w(125,1,12,289)
w(125,2,12,289)
w(120,2,5,291)
w(125,3,5,291)
w(124,3,5,291)
w(126,1,5,291)
r(124,3,5,291)
r(126,1,5,293)
r(124,3,5,293)
r(124,3,5,293)
r(81,2,5,293)
w(126,2,5,293)
r(126,2,5,293)
w(126,3,5,293)
w(127,1,5,293)
r(127,1,6,295)
w(127,2,6,295)
w(127,3,6,295)
w(128,1,6,295)
r(128,1,6,295)
r(128,1,6,295)
w(120,3,6,295)
w(81,3,6,295)
w(119,2,12,297)
w(128,2,12,297)
r(127,3,12,297)
w(129,1,12,297)
r(127,3,12,297)
r(127,3,12,297)
w(128,3,12,297)
w(129,2,18,299)
w(131,1,18,299)
r(131,1,18,299)
r(131,1,18,299)
w(129,3,18,299)
w(131,2,18,299)
w(131,3,10,301)
w(130,1,10,301)
r(131,3,10,301)
w(130,2,10,301)
r(131,3,10,301)
r(130,2,4,303)
r(119,2,4,303)
r(131,3,4,303)
r(133,0,4,303)
r(130,2,4,303)
r(133,0,4,303)
r(130,2,4,303)
r(133,0,0,305)
w(133,1,0,305)
r(133,1,0,305)
w(130,3,0,305)
r(133,1,0,305)
w(133,2,0,305)
w(133,3,0,305)
r(130,3,0,305)
r(130,3,16,307)
r(129,3,16,307)
r(134,0,16,307)
w(132,1,16,307)
w(134,1,16,307)
r(134,1,9,309)
w(135,1,9,309)
w(134,2,9,309)
r(134,2,9,309)
w(132,2,3,311)
w(134,3,3,311)
r(134,3,3,311)
r(129,3,3,311)
w(135,2,3,311)
w(135,3,2,313)
r(135,3,2,313)
r(135,3,2,313)
w(136,1,2,313)
r(137,0,2,313)
w(137,1,2,313)
r(136,1,2,313)
w(137,2,2,313)
w(136,2,15,315)
r(129,3,15,315)
w(136,3,15,315)
r(136,3,15,315)
r(136,3,15,315)
r(136,3,15,315)
r(138,0,15,315)
w(137,3,1,317)
r(137,3,1,317)
w(138,1,1,317)
r(138,1,1,317)
r(138,1,1,317)
r(137,3,1,317)
w(139,1,0,320)
w(140,1,0,320)
r(138,1,0,320)
w(138,2,0,320)
r(138,2,0,320)
r(138,2,0,320)
w(139,2,0,320)
r(140,1,0,320)
w(140,2,3,323)
r(141,0,3,323)
r(141,0,3,323)
w(141,1,3,323)
w(141,2,3,323)
w(141,3,10,325)
w(139,3,10,325)
w(142,1,10,325)
w(142,2,10,325)
w(142,3,10,325)
w(143,1,10,325)
w(143,2,10,325)
w(140,3,10,325)
w(132,3,18,327)
r(140,3,18,327)
r(119,2,18,327)
r(144,0,18,327)
w(144,1,18,327)
r(145,0,1,329)
w(143,3,1,329)
r(145,0,1,329)
r(143,3,1,329)
r(145,0,0,331)
w(144,2,0,331)
r(145,0,0,331)
w(146,1,0,331)
w(145,2,11,335)
w(147,1,11,335)
r(145,2,11,335)
w(145,3,11,335)
w(148,2,11,335)
r(148,2,5,337)
w(148,3,5,337)
r(148,3,5,337)
r(148,3,5,337)
w(147,2,5,339)
w(144,3,5,339)
r(148,3,5,339)
r(148,3,5,339)
w(150,1,4,341)
w(149,1,4,341)
r(150,1,4,341)
w(149,2,4,341)
r(150,1,1,343)
w(150,2,1,343)
w(149,3,1,343)
w(150,3,1,343)
w(152,1,1,343)
r(152,1,10,345)
r(152,1,10,345)
w(151,1,10,345)
w(151,2,10,345)
r(151,2,10,345)
r(151,2,10,345)
w(152,2,10,345)
r(151,2,10,347)
w(152,3,10,347)
r(144,3,10,347)
r(152,3,10,347)
r(152,3,10,347)
w(153,1,14,349)
w(154,1,14,349)
r(151,2,14,349)
w(154,2,14,349)
w(151,3,14,349)
w(153,2,14,349)
w(153,3,14,349)
r(154,2,14,349)
r(153,3,1,351)
r(151,3,1,351)
r(155,0,1,351)
r(119,2,1,351)
r(155,0,1,351)
w(147,3,1,351)
r(147,3,1,351)
w(155,1,6,353)
r(155,1,6,353)
w(156,1,6,353)
w(154,3,6,353)
r(155,1,6,353)
w(156,2,6,353)
r(156,2,6,353)
r(119,2,6,353)
w(156,3,1,355)
r(159,0,1,355)
w(159,1,1,355)
w(159,2,1,355)
r(154,3,1,355)
r(154,3,6,357)
r(154,3,6,357)
r(159,2,6,357)
r(154,3,6,357)
r(159,2,6,357)
r(159,2,6,357)
r(159,2,18,359)
r(159,2,18,359)
w(159,3,18,359)
r(159,3,18,359)
w(155,2,18,359)
r(160,0,18,359)
w(161,1,18,359)
w(161,2,2,361)
r(161,2,2,361)
r(160,0,2,361)
w(160,1,2,361)
r(160,1,2,361)
r(157,0,2,361)
w(155,3,2,361)
w(160,2,2,361)
w(161,3,7,363)
r(158,0,7,363)
w(162,1,7,363)
w(160,3,7,363)
r(162,1,9,365)
w(163,1,9,365)
w(162,2,9,365)
w(163,2,9,365)
w(162,3,11,368)
w(163,3,11,368)
w(164,1,11,368)
w(164,2,11,368)
r(164,2,11,368)
w(166,1,11,368)
w(164,3,11,368)
r(164,3,11,368)
w(167,2,8,371)
r(165,0,8,371)
r(165,0,8,371)
w(167,3,8,371)
w(165,3,8,371)
w(168,1,8,371)
r(168,1,8,371)
r(165,3,8,371)
r(165,3,7,373)
w(168,2,7,373)
w(168,3,7,373)
r(168,3,7,373)
w(158,1,7,373)
w(158,2,7,373)
r(168,3,7,373)
r(165,3,15,375)
r(165,3,15,375)
r(169,0,15,375)
r(165,3,15,375)
w(169,1,15,375)
r(169,1,15,375)
r(170,0,15,375)
w(166,3,15,375)
r(170,0,17,377)
w(170,1,17,377)
r(169,1,17,377)
w(169,2,17,377)
w(169,3,17,377)
r(169,3,17,377)
r(166,3,4,379)
w(171,1,4,379)
w(171,2,4,379)
r(170,1,4,379)
w(170,2,4,379)
r(171,2,4,379)
w(170,3,4,379)
r(171,2,4,379)
r(158,2,3,381)
w(157,1,3,381)
r(171,2,3,381)
r(171,2,3,381)
w(171,3,3,381)
r(171,3,3,381)
r(173,0,1,383)
w(158,3,1,383)
w(174,1,1,383)
r(172,0,1,383)
r(174,1,1,383)
r(174,1,1,383)
r(174,1,1,383)
w(174,2,9,385)
r(172,0,9,385)
r(173,0,9,385)
w(173,1,9,385)
w(174,3,9,385)
r(173,1,9,385)
r(174,3,16,387)
r(174,3,16,387)
r(172,0,16,387)
w(172,1,16,387)
r(174,3,16,387)
r(175,0,16,387)
r(172,1,16,387)
r(175,0,18,389)
w(173,2,18,389)
r(172,1,18,389)
r(172,1,18,389)
r(175,0,18,389)
w(172,2,18,389)
r(175,0,18,389)
w(175,1,0,391)
r(173,2,0,391)
r(173,2,0,391)
w(172,3,0,391)
r(175,1,0,391)
r(175,1,0,391)
r(173,2,17,393)
w(176,1,17,393)
r(175,1,17,393)
r(177,0,17,393)
w(175,2,17,393)
w(177,1,17,393)
w(175,3,17,393)
r(177,1,17,393)
w(177,2,7,395)
r(177,2,7,395)
r(178,0,7,395)
w(178,1,7,395)
w(178,2,7,395)
w(177,3,7,395)
r(176,1,7,395)
w(179,1,11,397)
w(173,3,11,397)
r(179,1,11,397)
r(176,1,11,397)
w(176,2,11,397)
r(178,2,16,399)
r(178,2,16,399)
r(180,0,16,399)
r(176,2,16,399)
w(178,3,7,401)
r(178,3,7,401)
w(180,1,7,401)
r(179,1,7,401)
r(157,1,7,401)
w(181,1,7,403)
r(180,1,7,403)
r(179,1,7,403)
w(181,2,7,403)
w(179,2,7,403)
w(181,3,19,405)
r(179,2,19,405)
r(182,0,19,405)
r(182,0,19,405)
r(182,0,19,405)
w(182,1,19,405)
r(180,1,12,407)
w(179,3,12,407)
w(182,2,12,407)
r(182,2,12,407)
w(183,1,12,407)
r(182,2,12,407)
r(182,2,9,409)
r(183,1,9,409)
r(183,1,9,409)
w(180,2,9,409)
w(180,3,9,409)
r(182,2,9,409)
w(182,3,14,411)
r(183,1,14,411)
r(184,0,14,411)
r(184,0,14,411)
r(183,1,14,411)
w(184,1,8,413)
w(183,2,8,413)
r(184,1,8,413)
w(184,2,8,413)
r(183,2,8,413)
w(183,3,8,413)
w(184,3,8,413)
r(184,3,14,415)
w(185,1,14,415)
w(186,1,14,415)
r(187,0,14,415)
r(185,1,14,415)
r(186,1,14,415)
w(187,1,14,415)
r(185,1,14,415)
w(187,2,10,417)
r(185,1,10,417)
r(186,1,10,417)
w(186,2,10,417)
w(176,3,3,419)
r(186,2,3,419)
w(187,3,3,419)
r(187,3,3,419)
w(188,1,14,421)
w(188,2,14,421)
w(157,2,14,421)
w(186,3,14,421)
r(188,2,14,421)
r(176,3,14,421)
r(185,1,6,423)
r(185,1,6,423)
r(157,2,6,423)
r(185,1,6,423)
w(190,1,6,423)
r(190,1,6,425)
r(188,2,6,425)
w(185,2,6,425)
w(157,3,6,425)
w(190,2,6,425)
w(188,3,6,425)
w(185,3,14,427)
r(188,3,14,427)
w(190,3,14,427)
r(190,3,14,427)
w(189,1,14,427)
w(189,2,14,427)
w(189,3,14,427)
w(192,1,14,427)
w(192,2,16,429)
r(192,2,16,429)
r(192,2,16,429)
r(192,2,16,429)
w(192,3,16,429)
r(192,3,16,429)
r(192,3,15,431)
w(191,1,15,431)
r(191,1,15,431)
r(192,3,15,431)
w(194,1,6,433)
r(194,1,6,433)
w(194,2,6,433)
r(194,2,6,433)
w(194,3,19,435)
r(194,3,19,435)
w(191,2,19,435)
r(194,3,19,435)
r(191,2,16,437)
r(196,0,16,437)
w(196,1,16,437)
w(196,2,16,437)
w(196,3,16,437)
r(191,2,16,437)
w(197,1,16,437)
w(197,2,15,439)
r(191,2,15,439)
r(197,2,15,439)
r(197,2,15,439)
w(197,3,17,441)
r(197,3,17,441)
r(199,0,17,441)
r(191,2,17,441)
r(199,0,17,441)
w(199,1,9,443)
r(199,1,9,443)
r(199,1,9,443)
w(199,2,9,443)
r(199,2,5,445)
w(198,1,5,445)
w(199,3,5,445)
r(199,3,5,445)
r(199,3,5,445)
w(200,1,5,445)
r(198,1,5,445)
w(200,2,5,445)
r(198,1,7,447)
r(195,0,7,447)
r(200,2,7,447)
r(191,2,7,447)
r(200,2,19,449)
r(191,2,19,449)
r(200,2,19,449)
w(200,3,19,449)
w(193,1,19,449)
r(200,3,5,451)
r(201,0,5,451)
w(198,2,5,451)
r(201,0,5,451)
w(198,3,5,451)
r(198,3,6,453)
w(191,3,6,453)
w(201,1,6,453)
r(198,3,6,453)
w(201,2,0,455)
r(195,0,0,455)
w(201,3,0,455)
r(198,3,0,455)
r(198,3,0,455)
r(202,0,8,457)
r(202,0,8,457)
r(198,3,8,457)
w(202,1,8,457)
r(198,3,8,457)
w(202,2,18,459)
w(202,3,18,459)
r(203,0,18,459)
r(198,3,18,459)
r(198,3,18,459)
r(203,0,18,459)
w(203,1,18,459)
r(198,3,5,461)
w(203,2,5,461)
w(203,3,5,461)
w(206,1,5,461)
w(205,1,15,463)
w(205,2,15,463)
w(206,2,15,463)
w(195,1,15,463)
r(206,2,15,463)
r(205,2,15,463)
r(206,2,15,463)
r(206,2,15,463)
w(206,3,4,465)
w(204,1,4,465)
r(206,3,4,465)
w(205,3,4,465)
r(206,3,13,467)
r(195,1,13,467)
r(206,3,13,467)
w(195,2,13,467)
w(207,1,13,467)
r(206,3,3,469)
r(208,0,3,469)
r(207,1,3,469)
r(207,1,3,469)
r(208,0,3,469)
w(195,3,3,469)
w(207,2,3,469)
r(207,2,3,469)
r(207,2,18,471)
r(208,0,18,471)
w(193,2,18,471)
r(208,0,18,471)
r(207,2,18,471)
w(208,1,18,471)
r(208,1,18,471)
r(208,1,18,471)
w(208,2,8,473)
r(208,2,8,473)
r(208,2,8,473)
r(207,2,8,473)
r(207,2,8,473)
r(204,1,5,475)
w(208,3,5,475)
r(209,0,5,475)
r(207,2,5,475)
w(209,1,5,475)
w(209,2,5,475)
r(204,1,5,475)
w(207,3,5,475)
w(209,3,9,477)
r(204,1,9,477)
r(207,3,9,477)
r(210,0,9,477)
r(210,0,9,477)
r(210,0,9,477)
r(204,1,7,479)
r(207,3,7,479)
w(210,1,7,479)
w(212,1,7,479)
w(212,2,7,479)
w(210,2,7,479)
r(210,2,7,479)
w(204,2,5,481)
w(210,3,5,481)
w(212,3,5,481)
w(204,3,5,481)
r(212,3,5,481)
r(204,3,5,483)
w(213,1,5,483)
w(213,2,5,483)
r(204,3,5,483)
w(193,3,5,483)
w(214,1,5,483)
w(214,2,5,483)
r(214,2,13,485)
r(193,3,13,485)
r(214,2,13,485)
r(213,2,13,485)
r(213,2,14,487)
w(213,3,14,487)
r(215,0,14,487)
r(213,3,14,487)
w(214,3,14,487)
r(215,0,14,487)
w(216,1,2,489)
r(217,0,2,489)
r(215,0,2,489)
w(217,1,2,489)
w(215,1,2,489)
r(216,1,2,489)
w(216,2,19,491)
r(217,1,19,491)
r(217,1,19,491)
w(216,3,19,491)
r(193,3,19,491)
w(217,2,19,491)
r(217,2,6,494)
w(217,3,6,494)
w(215,2,6,494)
r(218,0,6,494)
w(218,1,6,494)
w(218,2,6,494)
w(211,1,6,494)
r(220,0,11,497)
r(220,0,11,497)
r(220,0,11,497)
r(219,0,11,497)
r(220,0,14,499)
w(211,2,14,499)
w(219,3,14,499)
r(219,3,14,499)
w(211,3,6,501)
r(219,3,6,501)
r(219,3,6,501)
w(220,1,6,501)
r(219,3,6,501)
w(221,1,6,501)
r(220,1,6,501)
w(221,2,19,503)
w(220,2,19,503)
r(220,2,19,503)
r(221,2,19,503)
r(220,2,10,505)
r(221,2,10,505)
r(220,2,10,505)
r(220,2,10,505)
r(222,0,5,507)
w(220,3,5,507)
r(220,3,5,507)
r(220,3,5,507)
w(222,1,5,507)
r(223,0,5,507)
r(223,0,5,507)
w(221,3,5,507)
r(223,0,14,509)
r(225,0,14,509)
r(225,0,14,509)
r(225,0,14,509)
r(225,0,12,511)
r(225,0,12,511)
r(225,0,12,511)
r(224,0,12,511)
w(225,1,9,513)
r(223,0,9,513)
w(224,1,9,513)
w(225,2,9,513)
r(224,1,9,513)
w(225,3,9,513)
r(226,0,9,513)
r(211,3,11,515)
r(226,0,11,515)
r(223,0,11,515)
w(226,1,11,515)
w(222,2,11,515)
w(226,2,11,515)
w(222,3,3,517)
w(226,3,3,517)
w(224,2,3,517)
r(223,0,3,517)
w(224,3,3,517)
w(227,1,3,517)
w(227,2,3,517)
w(229,1,3,517)
w(227,3,5,519)
w(230,1,5,519)
w(229,2,5,519)
r(223,0,5,519)
r(229,2,5,519)
w(230,2,5,519)
w(230,3,11,521)
r(229,2,11,521)
r(230,3,11,521)
r(229,2,11,521)
w(231,1,6,524)
r(223,0,6,524)
w(229,3,6,524)
w(223,1,6,524)
r(231,1,3,525)
w(231,2,3,525)
w(231,3,3,525)
w(223,2,3,525)
r(232,0,3,525)
r(223,2,3,525)
r(232,0,1,527)
r(229,3,1,527)
w(232,1,1,527)
r(232,1,1,527)
w(232,2,1,527)
w(232,3,1,527)
r(228,0,1,527)
r(229,3,3,529)
r(229,3,3,529)
r(233,0,3,529)
w(233,1,3,529)
w(233,2,3,529)
r(233,2,3,529)
w(233,3,3,529)
r(234,0,3,529)
w(228,1,12,531)
r(234,0,12,531)
r(234,0,12,531)
w(234,1,12,531)
r(223,2,12,531)
w(228,2,12,531)
w(234,2,12,531)
w(223,3,14,533)
r(223,3,14,533)
r(223,3,14,533)
r(223,3,14,533)
w(234,3,14,533)
w(239,1,8,536)
w(235,2,8,536)
w(239,2,8,536)
r(238,0,8,536)
r(239,2,8,536)
w(239,3,4,539)
r(240,0,4,539)
r(240,0,4,539)
w(238,1,4,539)
r(240,0,4,539)
r(240,0,19,541)
w(228,3,19,541)
r(235,2,19,541)
w(235,3,19,541)
w(238,2,19,541)
r(235,3,8,543)
r(236,0,8,543)
r(240,0,8,543)
r(240,0,8,543)
w(240,1,8,543)
w(240,2,8,543)
r(240,2,8,543)
r(240,2,8,543)
r(235,3,10,545)
r(240,2,10,545)
w(238,3,10,545)
r(235,3,10,545)
r(240,2,10,545)
w(240,3,10,545)
r(238,3,10,545)
r(240,3,0,547)
r(240,3,0,547)
r(235,3,0,547)
r(241,0,0,547)
r(242,0,0,547)
w(242,1,0,547)
w(242,2,0,547)
r(242,2,0,547)
r(242,2,6,549)
w(242,3,6,549)
w(244,1,6,549)
w(245,1,6,549)
r(243,0,6,549)
w(245,2,6,549)
w(244,2,6,549)
r(245,2,17,551)
w(243,1,17,551)
w(245,3,17,551)
r(245,3,17,551)
r(245,3,17,551)
r(244,2,17,551)
r(244,2,17,551)
w(246,1,4,553)
r(246,1,4,553)
r(243,1,4,553)
r(246,1,4,553)
w(241,1,16,555)
w(236,1,16,555)
w(246,2,16,555)
r(246,2,16,555)
r(246,2,16,555)
w(246,3,16,555)
r(236,1,16,555)
r(244,2,16,555)
w(236,2,8,557)
r(247,0,8,557)
r(241,1,8,557)
w(244,3,8,557)
r(247,0,8,557)
w(247,1,9,559)
r(244,3,9,559)
r(243,1,9,559)
w(247,2,9,559)
r(243,1,9,559)
w(243,2,9,559)
r(247,2,9,559)
r(247,2,9,559)
r(247,2,1,561)
r(247,2,1,561)
w(248,1,1,561)
r(241,1,1,561)
r(248,1,1,561)
r(247,2,1,561)
r(248,1,1,561)
w(248,2,3,563)
w(247,3,3,563)
r(248,2,3,563)
r(241,1,3,563)
r(247,3,3,563)
r(249,0,3,563)
r(241,1,3,563)
w(249,1,2,565)
w(249,2,2,565)
r(248,2,2,565)
r(248,2,2,565)
r(243,2,8,567)
w(249,3,8,567)
r(249,3,8,567)
r(243,2,8,567)
w(236,3,19,570)
w(248,3,19,570)
r(250,0,19,570)
r(248,3,19,570)
r(248,3,19,570)
r(250,0,19,570)
r(248,3,19,570)
w(250,1,19,570)
w(251,1,17,573)
w(250,3,17,573)
r(241,1,17,573)
r(250,3,17,573)
r(236,3,17,573)
r(250,3,17,573)
r(250,3,17,573)
r(241,1,17,573)
r(241,1,0,575)
r(252,0,0,575)
r(252,0,0,575)
r(252,0,0,575)
r(252,0,17,577)
r(251,1,17,577)
r(252,0,17,577)
r(243,2,17,577)
r(252,0,17,577)
r(252,0,17,577)
w(252,1,17,577)
w(251,2,17,577)
w(241,2,0,579)
w(252,2,0,579)
r(251,2,0,579)
w(252,3,0,579)
r(253,0,0,579)
r(251,2,0,579)
w(251,3,0,579)
r(251,3,0,579)
r(243,2,16,582)
w(253,1,16,582)
r(253,1,16,582)
w(253,2,16,582)
w(243,3,16,582)
w(253,3,16,582)
r(254,0,0,583)
w(254,1,0,583)
r(253,3,0,583)
r(253,3,0,583)
r(254,1,0,583)
r(254,1,2,585)
r(253,3,2,585)
r(254,1,2,585)
r(253,3,2,585)
r(254,1,2,585)
r(253,3,18,587)
w(255,1,18,587)
r(255,1,18,587)
r(255,1,18,587)
r(241,2,10,589)
w(255,2,10,589)
r(255,2,10,589)
r(243,3,10,589)
r(243,3,10,589)
w(255,3,17,592)
r(243,3,17,592)
r(255,3,17,592)
r(255,3,17,592)
w(254,2,17,592)
r(257,0,19,595)
r(258,0,19,595)
w(257,3,19,595)
w(258,1,19,595)
r(257,3,19,595)
r(259,0,19,595)
w(260,1,6,597)
w(260,2,6,597)
r(260,2,6,597)
r(258,1,6,597)
w(260,3,6,597)
w(259,1,6,597)
r(259,1,1,599)
w(259,2,1,599)
w(259,3,1,599)
w(261,1,1,599)
r(262,0,1,599)
r(261,1,1,599)
w(258,2,1,599)
r(258,2,4,601)
r(256,0,4,601)
r(261,1,4,601)
w(258,3,4,601)
w(256,1,4,601)
r(261,1,4,601)
w(261,2,4,601)
w(261,3,4,601)
r(261,3,10,603)
r(258,3,10,603)
w(264,1,10,603)
w(264,2,10,603)
r(264,2,10,603)
r(241,2,15,605)
w(264,3,15,605)
r(263,0,15,605)
r(263,0,15,605)
w(263,1,15,605)
r(265,0,15,605)
w(265,1,15,605)
r(265,1,7,607)
r(265,1,7,607)
w(265,2,7,607)
r(263,1,7,607)
w(265,3,7,607)
r(265,3,7,607)
w(262,1,7,607)
r(265,3,7,607)
