w(3,3,2,5)
r(3,3,2,5)
w(2,1,2,5)
r(6,0,2,5)
w(1,2,2,5)
r(6,0,1,7)
r(6,0,1,7)
r(2,1,1,7)
w(1,3,1,7)
w(2,2,15,9)
w(2,3,15,9)
r(6,0,15,9)
r(1,3,15,9)
w(6,1,15,9)
r(7,0,15,9)
r(6,1,5,11)
r(6,1,5,11)
r(6,1,5,11)
r(6,1,5,11)
r(6,1,2,13)
w(7,1,2,13)
r(6,1,2,13)
r(6,1,2,13)
w(6,2,16,15)
r(6,2,16,15)
w(6,3,16,15)
w(0,1,16,15)
r(1,3,16,15)
r(7,1,4,17)
r(9,0,4,17)
r(7,1,4,17)
w(9,1,4,17)
r(7,1,4,17)
r(9,1,4,17)
w(8,1,4,17)
w(9,2,9,19)
r(9,2,9,19)
w(9,3,9,19)
r(9,3,9,19)
w(7,2,9,19)
r(9,3,11,21)
r(8,1,11,21)
r(7,2,11,21)
r(9,3,11,21)
r(7,2,3,23)
r(10,0,3,23)
r(10,0,3,23)
w(7,3,3,23)
w(10,1,8,25)
r(8,1,8,25)
w(10,2,8,25)
w(8,2,8,25)
w(10,3,13,27)
r(10,3,13,27)
r(10,3,13,27)
w(8,3,13,27)
r(11,0,13,27)
r(12,0,13,27)
r(10,3,13,27)
w(12,1,13,27)
w(12,2,19,29)
r(13,0,19,29)
r(12,2,19,29)
r(13,0,19,29)
w(13,1,19,29)
w(13,2,19,29)
r(12,2,19,29)
w(12,3,19,29)
w(13,3,17,31)
r(13,3,17,31)
r(13,3,17,31)
r(12,3,17,31)
w(15,1,6,33)
r(15,1,6,33)
w(14,1,6,33)
w(15,2,6,33)
w(15,3,6,33)
r(12,3,6,35)
w(16,1,6,35)
w(16,2,6,35)
w(0,2,6,35)
r(12,3,6,35)
r(16,2,6,35)
r(16,2,6,35)
w(16,3,6,35)
r(11,0,17,37)
r(17,0,17,37)
w(14,2,17,37)
r(11,0,17,37)
w(17,1,17,37)
w(17,2,1,39)
r(17,2,1,39)
w(14,3,1,39)
r(17,2,1,39)
r(17,2,1,39)
w(17,3,12,41)
r(17,3,12,41)
w(0,3,12,41)
w(18,1,12,41)
r(18,1,11,43)
r(14,3,11,43)
r(17,3,11,43)
r(17,3,11,43)
r(18,1,11,43)
r(19,0,11,43)
r(18,1,7,45)
w(18,2,7,45)
w(19,1,7,45)
w(11,1,7,45)
w(19,2,7,45)
r(19,2,14,47)
r(20,0,14,47)
r(18,2,14,47)
w(20,1,14,47)
w(19,3,14,47)
w(20,2,7,49)
r(18,2,7,49)
r(19,3,7,49)
w(18,3,7,49)
r(20,2,0,51)
r(20,2,0,51)
r(20,2,0,51)
r(20,2,0,51)
w(20,3,0,51)
w(21,1,0,51)
r(21,1,0,51)
r(21,1,0,51)
w(21,2,3,53)
w(21,3,3,53)
r(23,0,3,53)
w(22,1,3,53)
r(23,0,3,53)
w(23,1,3,53)
r(23,1,3,53)
w(23,2,3,53)
w(11,2,14,55)
r(23,2,14,55)
w(22,2,14,55)
r(11,2,14,55)
w(23,3,14,55)
w(22,3,14,55)
r(25,0,14,55)
r(25,0,14,55)
r(24,0,10,58)
r(11,2,10,58)
w(24,1,10,58)
w(11,3,10,58)
r(22,3,17,59)
r(26,0,17,59)
r(11,2,17,59)
w(25,1,17,59)
w(26,1,17,59)
r(25,1,10,61)
r(26,1,10,61)
r(26,1,10,61)
w(27,1,10,61)
r(26,1,10,61)
w(26,2,16,63)
r(26,2,16,63)
r(0,3,16,63)
w(26,3,16,63)
r(28,0,16,63)
r(28,0,16,63)
r(25,1,2,65)
w(25,2,2,65)
w(28,1,2,65)
w(28,2,2,65)
r(24,1,2,65)
w(28,3,0,67)
w(24,2,0,67)
r(29,0,0,67)
w(29,1,0,67)
r(25,2,4,69)
w(25,3,4,69)
r(25,3,4,69)
r(29,1,4,69)
w(30,1,4,69)
r(24,2,4,69)
w(30,2,15,71)
w(29,2,15,71)
w(30,3,15,71)
r(29,2,15,71)
r(31,0,16,74)
w(31,1,16,74)
w(29,3,16,74)
r(31,1,16,74)
w(31,2,16,74)
r(31,2,16,74)
w(32,3,14,77)
r(32,3,14,77)
w(33,2,14,77)
w(34,1,14,77)
w(34,2,14,77)
w(33,3,14,77)
r(27,1,2,79)
w(35,1,2,79)
r(34,2,2,79)
w(34,3,2,79)
r(35,1,2,79)
w(35,2,2,79)
r(34,3,2,79)
w(24,3,4,81)
r(34,3,4,81)
r(34,3,4,81)
w(35,3,4,81)
r(34,3,4,81)
r(27,1,9,83)
r(34,3,9,83)
w(36,1,9,83)
r(34,3,9,83)
w(27,2,9,83)
r(34,3,9,83)
r(36,1,9,83)
r(37,0,4,85)
w(37,1,4,85)
r(36,1,4,85)
w(37,2,4,85)
r(35,3,4,85)
w(37,3,4,85)
r(38,0,10,87)
w(38,1,10,87)
w(38,2,10,87)
r(36,1,10,87)
r(36,1,12,89)
w(36,2,12,89)
r(27,2,12,89)
w(38,3,12,89)
r(38,3,12,89)
r(38,3,12,89)
w(39,1,19,92)
w(36,3,19,92)
r(39,1,19,92)
w(39,2,19,92)
w(27,3,19,92)
r(0,3,19,92)
w(41,1,17,93)
r(41,1,17,93)
w(41,2,17,93)
r(39,2,17,93)
r(40,0,14,95)
r(40,0,14,95)
w(41,3,14,95)
r(39,2,14,95)
r(43,0,14,95)
r(40,0,14,95)
w(43,1,14,95)
w(40,1,14,95)
w(43,2,6,97)
r(43,2,6,97)
r(27,3,6,97)
w(43,3,6,97)
r(43,3,6,97)
w(39,3,6,97)
r(43,3,6,97)
r(39,3,6,97)
r(44,0,10,99)
r(45,0,10,99)
r(40,1,10,99)
w(44,1,10,99)
w(45,1,10,99)
r(45,1,10,99)
w(40,2,9,101)
w(45,2,9,101)
w(44,2,9,101)
r(45,2,9,101)
r(42,0,9,101)
w(44,3,9,101)
r(42,0,9,101)
w(40,3,17,103)
r(45,2,17,103)
r(45,2,17,103)
w(47,1,17,103)
r(47,1,17,103)
r(47,1,17,103)
r(45,2,7,105)
w(45,3,7,105)
r(47,1,7,105)
r(45,3,7,105)
r(47,1,7,105)
r(48,0,7,105)
r(47,1,3,107)
r(45,3,3,107)
w(47,2,3,107)
r(47,2,3,107)
r(46,0,11,109)
r(48,0,11,109)
w(47,3,11,109)
r(47,3,11,109)
r(42,0,11,109)
r(47,3,6,111)
w(48,1,6,111)
w(48,2,6,111)
r(49,0,6,111)
w(48,3,6,111)
r(48,3,6,111)
r(49,0,15,113)
r(50,0,15,113)
w(50,1,15,113)
w(50,2,15,113)
w(50,3,15,113)
r(51,0,15,113)
w(51,1,0,115)
r(52,0,0,115)
r(51,1,0,115)
w(49,1,0,115)
w(51,2,0,115)
r(51,2,0,115)
r(51,2,0,117)
w(51,3,0,117)
w(49,2,0,117)
w(53,1,0,117)
w(53,2,0,117)
w(53,3,19,120)
r(46,0,19,120)
w(54,1,19,120)
w(49,3,19,120)
w(54,2,19,120)
r(54,2,19,120)
w(54,3,19,120)
r(55,0,4,121)
w(55,1,4,121)
w(55,2,4,121)
r(55,2,4,121)
r(56,0,4,121)
r(52,0,4,121)
w(55,3,4,121)
r(52,0,9,123)
r(55,3,9,123)
r(42,0,9,123)
r(55,3,9,123)
r(55,3,9,123)
r(46,0,9,123)
r(56,0,2,125)
r(55,3,2,125)
r(55,3,2,125)
w(52,1,2,125)
r(42,0,2,125)
r(55,3,2,125)
r(46,0,2,125)
w(52,2,2,125)
w(57,1,0,127)
r(57,1,0,127)
r(56,0,0,127)
w(56,1,0,127)
r(42,0,0,127)
w(42,1,0,127)
w(56,2,0,127)
r(46,0,3,130)
r(52,2,3,130)
r(57,1,3,130)
r(57,1,3,130)
w(52,3,3,130)
r(57,1,3,130)
r(56,2,0,131)
r(57,1,0,131)
w(56,3,0,131)
r(58,0,0,131)
r(57,1,0,133)
w(58,1,0,133)
r(58,1,0,133)
r(58,1,0,133)
w(57,2,5,135)
w(57,3,5,135)
w(58,2,5,135)
w(59,1,5,135)
w(59,2,5,135)
w(59,3,5,135)
w(58,3,5,135)
r(59,3,14,137)
r(59,3,14,137)
w(61,1,14,137)
r(62,0,14,137)
r(61,1,14,137)
r(60,0,14,137)
w(62,2,2,140)
r(62,2,2,140)
w(62,3,2,140)
r(46,0,2,140)
r(62,3,2,140)
r(61,1,13,143)
r(60,0,13,143)
r(60,0,13,143)
w(63,1,13,143)
r(60,0,13,143)
r(61,1,13,143)
w(61,3,8,145)
w(63,2,8,145)
r(63,2,8,145)
r(46,0,8,145)
r(60,0,8,145)
w(64,1,8,145)
w(63,3,2,147)
w(64,2,2,147)
r(64,2,2,147)
r(60,0,2,147)
r(64,2,2,147)
r(65,0,2,147)
w(67,2,15,151)
w(46,2,15,151)
r(67,2,15,151)
r(60,0,15,151)
w(60,2,15,151)
w(67,3,15,151)
r(46,2,15,151)
r(67,3,15,151)
r(46,2,7,153)
r(67,3,7,153)
w(60,3,7,153)
w(42,2,7,153)
r(42,2,7,153)
w(69,1,7,153)
w(66,1,7,153)
w(68,1,15,155)
r(68,1,15,155)
r(68,1,15,155)
r(68,1,15,155)
r(68,1,15,155)
w(42,3,15,155)
r(68,1,15,155)
r(69,1,15,155)
w(66,2,19,157)
r(66,2,19,157)
r(42,3,19,157)
w(68,2,19,157)
w(68,3,19,157)
r(69,1,19,157)
w(70,1,19,157)
r(46,2,19,157)
w(46,3,16,159)
w(70,2,16,159)
r(70,2,16,159)
r(70,2,16,159)
r(66,2,0,161)
w(70,3,0,161)
r(66,2,0,161)
r(71,0,0,161)
r(71,0,0,161)
w(71,1,0,161)
r(71,1,0,161)
r(71,1,12,163)
w(71,2,12,163)
r(71,2,12,163)
w(71,3,12,163)
r(46,3,12,163)
r(46,3,2,165)
r(71,3,2,165)
r(71,3,2,165)
w(72,1,2,165)
w(72,2,2,165)
r(72,2,2,165)
w(72,3,2,165)
w(69,2,12,167)
r(66,2,12,167)
r(66,2,12,167)
r(42,3,12,167)
w(66,3,12,167)
r(66,3,12,167)
w(74,1,12,167)
r(74,1,12,167)
r(74,1,18,169)
r(74,1,18,169)
r(73,0,18,169)
r(46,3,18,169)
r(73,0,18,169)
r(73,0,18,169)
w(69,3,18,169)
r(73,0,8,171)
w(73,1,8,171)
r(73,1,8,171)
r(73,1,8,171)
w(73,2,8,171)
r(73,2,8,171)
r(69,3,19,173)
w(73,3,19,173)
r(73,3,19,173)
w(74,2,19,173)
r(74,2,19,173)
w(77,1,19,173)
w(78,1,19,173)
r(77,1,3,175)
r(77,1,3,175)
w(77,2,3,175)
r(74,2,3,175)
w(74,3,3,175)
r(77,2,12,177)
w(76,1,12,177)
r(77,2,12,177)
r(77,2,12,177)
w(77,3,12,177)
r(75,0,12,177)
r(76,1,12,177)
w(79,1,11,179)
r(79,1,11,179)
w(75,1,11,179)
r(79,1,11,179)
r(79,1,11,179)
w(80,1,9,183)
w(79,2,9,183)
r(78,1,9,183)
r(76,1,9,183)
r(80,1,9,183)
w(80,2,9,183)
w(80,3,9,183)
r(79,2,9,183)
w(81,3,18,185)
r(81,3,18,185)
r(81,3,18,185)
w(82,1,18,185)
r(81,3,0,187)
r(81,3,0,187)
r(83,0,0,187)
r(82,1,0,187)
w(83,1,0,187)
w(75,2,0,187)
w(82,2,0,187)
w(83,2,3,189)
w(75,3,3,189)
w(83,3,3,189)
w(78,2,3,189)
w(76,2,3,189)
r(83,3,3,189)
r(82,2,3,189)
w(78,3,4,191)
w(84,1,4,191)
r(82,2,4,191)
r(82,2,4,191)
r(84,1,4,191)
w(84,2,4,191)
r(82,2,4,191)
r(84,2,4,191)
w(76,3,7,193)
r(82,2,7,193)
r(84,2,7,193)
r(84,2,7,193)
w(82,3,16,195)
r(84,2,16,195)
r(85,0,16,195)
r(84,2,16,195)
r(84,2,16,195)
w(84,3,16,195)
r(84,3,16,195)
w(85,1,16,195)
w(88,1,3,197)
r(88,1,3,197)
r(88,1,3,197)
r(88,1,3,197)
r(88,1,3,197)
r(88,1,3,197)
w(88,2,19,199)
r(88,2,19,199)
r(88,2,19,199)
w(88,3,19,199)
w(87,1,19,199)
r(85,1,19,199)
r(90,0,19,199)
r(90,0,4,201)
w(90,1,4,201)
w(90,2,4,201)
r(85,1,4,201)
r(85,1,4,201)
r(90,2,4,201)
r(85,1,4,201)
w(90,3,4,201)
r(90,3,6,203)
w(91,1,6,203)
w(91,2,6,203)
w(91,3,6,203)
r(92,0,6,205)
w(92,1,6,205)
w(92,2,6,205)
w(92,3,6,205)
r(92,3,6,205)
w(85,2,6,205)
r(92,3,6,205)
w(86,1,8,207)
r(92,3,8,207)
r(85,2,8,207)
r(85,2,8,207)
w(85,3,8,207)
r(93,0,8,207)
r(93,0,8,207)
r(87,1,8,207)
r(85,3,19,209)
r(93,0,19,209)
w(87,2,19,209)
r(93,0,19,209)
r(93,0,19,209)
w(86,2,19,209)
r(93,0,19,209)
r(87,2,19,209)
w(93,1,8,211)
r(93,1,8,211)
w(93,2,8,211)
r(93,2,8,211)
r(93,2,19,213)
w(94,1,19,213)
r(87,2,19,213)
r(93,2,19,213)
w(93,3,19,213)
r(94,1,19,213)
r(93,3,19,213)
w(94,2,15,215)
r(95,0,15,215)
w(94,3,15,215)
r(95,0,15,215)
w(89,1,15,215)
w(95,1,15,215)
r(86,2,19,217)
r(87,2,19,217)
w(87,3,19,217)
r(95,1,19,217)
w(95,2,19,217)
r(95,2,19,217)
r(94,3,19,217)
r(89,1,19,217)
w(95,3,2,219)
w(96,1,2,219)
w(97,1,2,219)
w(97,2,2,219)
w(96,2,2,219)
r(97,2,2,219)
w(97,3,2,219)
w(96,3,17,221)
w(98,1,17,221)
r(96,3,17,221)
r(99,0,17,221)
w(98,2,17,221)
r(98,2,17,221)
r(98,2,17,221)
r(100,0,11,223)
r(98,2,11,223)
w(100,1,11,223)
r(100,1,11,223)
w(100,2,11,223)
r(89,1,11,223)
r(89,1,6,225)
w(98,3,6,225)
r(100,2,6,225)
r(86,2,6,225)
r(100,2,5,227)
w(101,1,5,227)
r(100,2,5,227)
r(100,2,5,227)
r(100,2,5,227)
w(100,3,5,227)
r(100,3,19,229)
r(100,3,19,229)
w(99,1,19,229)
w(89,2,19,229)
r(99,1,19,229)
r(99,1,19,229)
r(101,1,13,231)
r(100,3,13,231)
r(100,3,13,231)
w(99,2,13,231)
w(86,3,16,233)
r(100,3,16,233)
r(100,3,16,233)
r(100,3,16,233)
r(100,3,16,233)
r(99,2,16,233)
r(100,3,16,235)
r(102,0,16,235)
r(86,3,16,235)
w(102,1,16,235)
r(101,1,16,235)
r(102,1,16,235)
r(99,2,16,235)
r(99,2,16,235)
r(99,2,3,237)
r(99,2,3,237)
r(89,2,3,237)
r(102,1,3,237)
r(89,2,3,237)
r(102,1,2,239)
r(99,2,2,239)
r(99,2,2,239)
r(99,2,2,239)
w(89,3,2,239)
w(102,2,2,239)
w(99,3,2,239)
r(99,3,6,241)
w(102,3,6,241)
r(102,3,6,241)
r(103,0,6,241)
r(103,0,4,243)
r(101,1,4,243)
r(103,0,4,243)
w(103,1,4,243)
w(103,2,7,245)
w(101,2,7,245)
w(103,3,7,245)
r(101,2,7,245)
r(103,3,3,247)
r(104,0,3,247)
w(104,1,3,247)
w(104,2,3,247)
r(105,0,3,247)
r(101,2,3,247)
w(105,1,3,247)
w(101,3,3,247)
r(86,3,10,249)
w(105,2,10,249)
r(105,2,10,249)
w(104,3,10,249)
w(105,3,10,249)
r(104,3,10,249)
r(101,3,10,249)
r(86,3,6,251)
r(107,0,6,251)
w(107,1,6,251)
w(107,2,6,251)
r(107,2,6,251)
w(107,3,6,251)
r(107,3,6,251)
r(107,3,6,251)
r(86,3,7,253)
r(86,3,7,253)
w(108,1,7,253)
r(107,3,7,253)
r(106,0,7,253)
r(106,0,13,255)
w(108,2,13,255)
w(109,1,13,255)
r(108,2,13,255)
w(109,2,13,255)
w(109,3,13,255)
r(108,2,13,255)
r(108,2,13,255)
r(108,2,4,257)
w(106,1,4,257)
r(110,0,4,257)
w(108,3,4,257)
r(106,1,4,257)
w(106,2,4,257)
w(106,3,4,257)
r(110,0,4,257)
r(110,0,4,259)
r(86,3,4,259)
r(110,0,4,259)
w(110,1,4,259)
w(110,2,4,259)
r(112,0,4,259)
w(112,1,10,261)
r(108,3,10,261)
r(113,0,10,261)
r(110,2,10,261)
r(112,1,3,263)
w(110,3,3,263)
w(112,2,3,263)
r(112,2,3,263)
r(113,0,3,263)
r(111,0,3,263)
r(114,0,3,263)
r(114,0,3,263)
w(114,1,18,265)
r(112,2,18,265)
w(114,2,18,265)
r(86,3,18,265)
r(114,2,18,265)
r(113,0,18,265)
r(113,0,18,265)
r(114,2,18,265)
r(112,2,9,267)
w(112,3,9,267)
w(114,3,9,267)
r(114,3,9,267)
r(114,3,9,267)
w(111,1,9,267)
r(114,3,2,269)
r(112,3,2,269)
r(113,0,2,269)
r(115,0,2,269)
w(116,1,2,269)
w(115,1,2,269)
w(116,2,7,271)
r(113,0,7,271)
r(115,1,7,271)
w(115,2,7,271)
r(115,2,7,271)
r(113,0,7,271)
w(116,3,7,271)
r(115,2,16,273)
w(115,3,16,273)
r(113,0,16,273)
r(117,0,16,273)
w(117,1,16,273)
r(116,3,16,273)
w(118,1,0,275)
w(118,2,0,275)
r(111,1,0,275)
w(117,2,0,275)
r(113,0,0,275)
w(117,3,3,277)
w(119,1,3,277)
r(119,1,3,277)
r(118,2,3,277)
r(113,0,3,279)
r(119,1,3,279)
r(111,1,3,279)
r(119,1,3,279)
r(118,2,11,281)
r(118,2,11,281)
r(118,2,11,281)
w(119,2,11,281)
r(113,0,11,281)
w(119,3,11,281)
r(113,0,11,281)
r(113,0,14,283)
r(113,0,14,283)
r(118,2,14,283)
w(118,3,14,283)
r(111,1,14,283)
w(120,1,10,285)
r(113,0,10,285)
w(122,1,10,285)
r(111,1,10,285)
r(120,1,10,285)
r(122,1,10,285)
r(122,1,10,285)
r(120,1,10,285)
w(120,2,10,287)
w(120,3,10,287)
r(120,3,10,287)
r(122,1,10,287)
r(122,1,17,289)
w(123,1,17,289)
r(122,1,17,289)
r(113,0,17,289)
w(123,2,11,291)
w(123,3,11,291)
w(113,1,11,291)
w(124,1,11,291)
w(124,2,11,291)
w(113,2,11,291)
w(124,3,0,293)
r(124,3,0,293)
r(111,1,0,293)
r(124,3,0,293)
w(125,1,0,293)
r(125,1,0,293)
w(125,2,0,293)
r(113,2,2,295)
r(125,2,2,295)
r(113,2,2,295)
w(113,3,2,295)
r(125,2,2,295)
w(125,3,2,295)
r(121,0,2,295)
w(111,2,8,297)
r(121,0,8,297)
r(126,0,8,297)
r(126,0,8,297)
r(122,1,13,299)
r(122,1,13,299)
r(113,3,13,299)
r(122,1,13,299)
r(122,1,3,301)
w(126,1,3,301)
r(122,1,3,301)
r(122,1,3,301)
r(126,1,3,301)
w(126,2,3,301)
r(126,2,3,301)
w(126,3,3,301)
w(122,2,2,303)
r(127,0,2,303)
r(127,0,2,303)
r(111,2,2,303)
r(127,0,2,303)
w(127,1,2,303)
w(122,3,2,303)
w(127,2,11,305)
r(122,3,11,305)
r(127,2,11,305)
r(121,0,11,305)
w(111,3,11,305)
r(127,2,11,305)
r(113,3,9,307)
r(122,3,9,307)
r(127,2,9,307)
r(127,2,9,307)
r(129,0,9,307)
r(127,2,9,307)
w(129,1,9,307)
w(127,3,18,309)
r(129,1,18,309)
r(129,1,18,309)
r(130,0,18,309)
r(130,0,18,309)
w(130,1,18,309)
w(131,1,18,309)
r(130,1,16,311)
w(130,2,16,311)
w(130,3,16,311)
r(130,3,16,311)
w(131,2,16,311)
r(132,0,16,311)
w(129,2,9,313)
w(129,3,9,313)
w(132,1,9,313)
w(132,2,9,313)
w(132,3,9,313)
r(134,0,9,313)
w(133,1,9,313)
r(134,0,9,313)
w(133,2,15,315)
w(134,1,15,315)
r(134,1,15,315)
w(134,2,15,315)
r(128,0,15,315)
r(133,2,15,315)
r(133,2,15,315)
r(134,2,2,317)
r(134,2,2,317)
r(133,2,2,317)
r(133,2,2,317)
w(134,3,2,317)
w(133,3,17,319)
w(135,1,17,319)
w(135,2,17,319)
r(131,2,17,319)
w(136,1,17,319)
r(135,2,17,319)
r(135,2,17,319)
w(135,3,3,321)
w(136,2,3,321)
w(121,1,3,321)
w(131,3,3,321)
r(135,3,3,321)
r(135,3,3,321)
w(137,1,3,321)
r(135,3,7,323)
w(136,3,7,323)
r(121,1,7,323)
w(137,2,7,323)
w(139,1,7,323)
w(137,3,7,323)
r(137,3,7,323)
r(138,0,7,323)
r(138,0,7,325)
r(138,0,7,325)
r(139,1,7,325)
r(139,1,7,325)
w(139,2,7,325)
r(137,3,7,325)
r(128,0,16,327)
w(139,3,16,327)
r(140,0,16,327)
r(140,0,16,327)
w(140,1,16,327)
r(140,1,18,329)
w(140,2,18,329)
w(138,1,18,329)
r(137,3,18,329)
w(140,3,18,329)
w(128,1,18,329)
r(140,3,7,331)
w(138,2,7,331)
r(138,2,7,331)
r(138,2,7,331)
w(141,1,7,331)
r(141,1,2,333)
r(128,1,2,333)
w(141,2,2,333)
w(141,3,2,333)
w(143,1,2,333)
r(142,0,3,335)
w(143,2,3,335)
w(143,3,3,335)
w(138,3,3,335)
r(142,0,3,335)
r(142,0,3,335)
w(144,1,3,335)
r(144,1,3,335)
w(144,2,4,337)
w(144,3,4,337)
w(145,1,4,337)
w(142,1,4,337)
r(145,1,3,339)
r(145,1,3,339)
r(138,3,3,339)
r(138,3,3,339)
w(145,2,5,341)
w(145,3,5,341)
r(145,3,5,341)
r(142,1,5,341)
r(147,0,10,343)
w(146,1,10,343)
r(147,0,10,343)
w(147,1,10,343)
r(128,1,10,343)
r(128,1,10,343)
w(147,2,18,345)
r(146,1,18,345)
r(147,2,18,345)
w(147,3,18,345)
r(128,1,18,345)
w(146,2,18,345)
w(148,1,18,345)
r(146,2,5,347)
r(148,1,5,347)
r(146,2,5,347)
r(128,1,5,347)
r(142,1,5,347)
w(148,2,17,349)
w(128,2,17,349)
w(142,2,17,349)
w(146,3,17,349)
r(128,2,17,349)
w(128,3,17,349)
w(148,3,4,351)
r(146,3,4,351)
r(142,2,4,351)
w(149,1,4,351)
r(142,2,4,351)
r(150,0,6,353)
w(150,1,6,353)
w(149,2,6,353)
r(142,2,6,353)
r(142,2,6,353)
r(128,3,6,353)
w(149,3,6,353)
w(142,3,10,355)
r(150,1,10,355)
r(150,1,10,355)
r(142,3,10,355)
r(151,0,10,355)
w(151,1,10,355)
w(150,2,15,357)
w(151,2,15,357)
r(151,2,15,357)
r(121,1,15,357)
r(150,2,15,357)
r(152,0,13,359)
r(151,2,13,359)
w(150,3,13,359)
w(151,3,13,359)
r(151,3,0,361)
w(153,1,0,361)
r(154,0,0,361)
r(152,0,0,361)
r(154,0,0,361)
r(153,1,0,361)
w(153,2,0,361)
w(153,3,0,361)
r(154,0,15,363)
w(154,1,15,363)
r(152,0,15,363)
r(128,3,15,363)
r(155,0,18,365)
w(154,2,18,365)
r(155,0,18,365)
w(155,1,18,365)
w(152,1,18,365)
w(155,2,18,365)
w(155,3,18,365)
r(155,3,18,365)
w(154,3,18,367)
r(152,1,18,367)
r(155,3,18,367)
r(157,0,18,367)
r(157,0,18,367)
r(157,0,18,367)
r(154,3,18,367)
r(157,0,18,367)
r(156,0,17,369)
w(157,1,17,369)
w(156,1,17,369)
r(157,1,17,369)
r(154,3,17,369)
r(154,3,17,369)
r(157,1,6,371)
w(157,2,6,371)
r(157,2,6,371)
w(157,3,6,371)
r(158,0,6,371)
w(158,1,6,371)
w(158,2,6,371)
w(159,1,4,373)
r(156,1,4,373)
r(158,2,4,373)
w(159,2,4,373)
r(158,2,12,375)
w(158,3,12,375)
r(158,3,12,375)
w(152,2,12,375)
r(160,0,12,375)
w(121,2,12,375)
w(156,2,12,375)
w(160,1,12,375)
r(159,2,8,377)
r(159,2,8,377)
w(152,3,8,377)
r(160,1,8,377)
w(162,2,7,381)
r(156,2,7,381)
r(159,2,7,381)
r(162,2,7,381)
w(159,3,7,381)
r(162,2,7,381)
w(162,3,9,383)
w(161,1,9,383)
w(163,1,9,383)
r(162,3,9,383)
w(121,3,9,383)
w(164,1,9,383)
r(164,1,12,385)
w(164,2,12,385)
w(164,3,12,385)
w(156,3,12,385)
w(161,2,12,385)
r(164,3,10,387)
r(164,3,10,387)
r(164,3,10,387)
r(163,1,10,387)
w(161,3,10,387)
r(156,3,17,389)
r(165,0,17,389)
w(165,1,17,389)
w(163,2,17,389)
w(163,3,17,389)
w(165,2,15,391)
r(163,3,15,391)
r(161,3,15,391)
w(165,3,15,391)
w(166,1,15,391)
w(166,2,0,393)
w(166,3,0,393)
r(163,3,0,393)
r(166,3,0,393)
r(166,3,0,393)
r(167,0,0,393)
r(169,0,0,393)
r(163,3,16,396)
r(169,0,16,396)
r(169,0,16,396)
r(169,0,16,396)
r(171,0,16,396)
r(171,0,16,396)
r(163,3,6,397)
r(169,0,6,397)
w(169,1,6,397)
r(169,1,6,397)
w(167,1,6,397)
w(169,2,6,397)
r(171,0,14,399)
r(169,2,14,399)
w(169,3,14,399)
r(171,0,14,399)
r(171,0,14,399)
r(169,3,14,399)
r(171,0,14,399)
w(171,1,13,401)
w(167,2,13,401)
w(171,2,13,401)
w(172,1,13,401)
w(172,2,13,401)
r(172,2,19,403)
w(167,3,19,403)
r(171,2,19,403)
r(172,2,19,403)
r(171,2,19,403)
w(172,3,19,403)
w(171,3,19,403)
w(173,1,13,405)
w(173,2,13,405)
r(168,0,13,405)
r(167,3,13,405)
r(167,3,16,407)
r(168,0,16,407)
r(173,2,16,407)
w(173,3,16,407)
r(174,0,16,407)
w(174,1,16,407)
w(174,2,16,407)
r(174,2,16,407)
w(176,1,12,409)
w(176,2,12,409)
r(176,2,12,409)
r(168,0,12,409)
w(176,3,1,411)
r(176,3,1,411)
w(174,3,1,411)
w(177,1,1,411)
r(175,0,1,411)
r(177,1,1,411)
w(177,2,1,411)
r(177,2,1,411)
r(178,0,0,413)
r(177,2,0,413)
r(177,2,0,413)
w(175,1,0,413)
r(177,2,0,415)
w(175,2,0,415)
r(175,2,0,415)
r(177,2,0,415)
r(177,2,0,415)
w(177,3,0,415)
w(175,3,5,417)
r(178,0,5,417)
r(179,0,5,417)
w(178,1,5,417)
r(179,0,5,417)
w(179,1,8,419)
w(179,2,8,419)
r(179,2,8,419)
r(179,2,8,419)
r(180,0,8,419)
r(179,2,8,419)
w(179,3,8,419)
w(181,1,11,421)
r(181,1,11,421)
w(181,2,11,421)
w(180,1,11,421)
w(181,3,11,421)
r(181,3,11,421)
r(181,3,9,423)
r(180,1,9,423)
r(181,3,9,423)
r(181,3,9,423)
w(178,2,9,423)
w(180,2,9,423)
w(168,1,9,423)
r(181,3,9,423)
r(170,0,17,425)
w(180,3,17,425)
r(181,3,17,425)
w(182,1,17,425)
r(182,1,17,425)
w(182,2,17,425)
w(183,1,19,427)
w(183,2,19,427)
w(168,2,19,427)
r(182,2,19,427)
r(183,2,19,427)
w(178,3,19,427)
r(168,2,19,427)
r(178,3,15,429)
r(168,2,15,429)
w(183,3,15,429)
r(178,3,15,429)
r(178,3,15,429)
r(182,2,12,431)
r(182,2,12,431)
w(185,1,12,431)
w(185,2,12,431)
w(182,3,12,431)
r(182,3,12,431)
r(185,2,12,431)
w(185,3,16,433)
w(186,1,16,433)
w(184,1,16,433)
r(186,1,16,433)
w(186,2,4,435)
r(186,2,4,435)
w(186,3,4,435)
w(184,2,4,435)
w(188,1,4,435)
r(187,0,4,435)
w(187,1,4,435)
w(187,2,4,435)
w(187,3,3,437)
r(188,1,3,437)
w(188,2,3,437)
r(188,2,3,437)
r(188,2,3,437)
r(187,3,3,437)
r(188,2,3,437)
r(188,2,3,437)
r(188,2,13,439)
w(184,3,13,439)
r(184,3,13,439)
w(188,3,13,439)
w(168,3,12,441)
r(190,0,12,441)
r(190,0,12,441)
r(170,0,12,441)
w(189,1,12,441)
r(190,0,12,441)
r(189,1,13,443)
r(190,0,13,443)
w(191,1,13,443)
w(190,1,13,443)
w(189,2,13,443)
w(190,2,13,443)
r(189,2,13,443)
r(190,2,13,443)
r(184,3,19,445)
r(184,3,19,445)
r(189,2,19,445)
r(189,2,19,445)
r(191,1,19,445)
r(190,2,19,445)
r(189,2,19,445)
w(189,3,12,447)
r(189,3,12,447)
r(192,0,12,447)
w(190,3,12,447)
r(192,0,12,447)
w(191,2,12,447)
r(192,0,12,447)
r(192,0,12,447)
r(192,0,2,449)
r(190,3,2,449)
r(192,0,2,449)
r(193,0,2,449)
w(193,1,2,451)
r(193,1,2,451)
w(193,2,2,451)
w(192,1,2,451)
w(192,2,2,451)
r(184,3,2,451)
r(193,2,2,451)
w(192,3,2,451)
r(192,3,14,453)
r(192,3,14,453)
w(194,1,14,453)
w(193,3,14,453)
r(193,3,14,453)
r(193,3,14,453)
r(184,3,14,453)
w(194,2,16,455)
w(196,1,16,455)
w(170,1,16,455)
w(196,2,16,455)
r(195,0,16,455)
r(194,2,16,455)
r(194,2,16,455)
w(196,3,13,457)
w(191,3,13,457)
r(191,3,13,457)
r(191,3,13,457)
r(195,0,13,457)
r(196,3,13,457)
r(194,2,13,457)
w(195,1,13,459)
r(194,2,13,459)
r(194,2,13,459)
w(194,3,13,459)
r(197,0,13,459)
w(197,1,13,459)
r(198,0,13,459)
w(198,1,3,461)
w(198,2,3,461)
r(195,1,3,461)
r(198,2,3,461)
r(198,2,3,461)
r(198,2,3,461)
w(197,2,3,461)
w(195,2,7,463)
r(195,2,7,463)
w(195,3,7,463)
r(195,3,7,463)
w(198,3,7,463)
r(200,0,7,463)
w(200,1,7,463)
w(197,3,2,465)
r(201,0,2,465)
w(200,2,2,465)
w(200,3,2,465)
r(201,0,2,465)
r(200,3,2,465)
r(195,3,2,465)
r(200,3,15,468)
r(200,3,15,468)
r(200,3,15,468)
w(199,1,15,468)
r(199,1,15,468)
w(202,1,15,468)
r(201,0,9,469)
r(195,3,9,469)
r(202,1,9,469)
w(202,2,9,469)
r(202,2,9,469)
r(202,2,9,471)
w(201,1,9,471)
w(201,2,9,471)
r(202,2,9,471)
r(202,2,9,471)
w(202,3,9,471)
r(202,3,9,471)
w(201,3,9,471)
r(203,0,10,473)
w(204,1,10,473)
w(204,2,10,473)
r(204,2,10,473)
r(203,0,10,473)
w(199,2,10,473)
w(204,3,10,473)
r(204,3,10,473)
r(195,3,5,475)
w(203,1,5,475)
r(203,1,5,475)
r(199,2,5,475)
w(199,3,2,477)
r(195,3,2,477)
w(205,1,2,477)
r(203,1,2,477)
r(203,1,2,477)
w(205,2,2,477)
w(205,3,2,477)
w(206,1,14,479)
w(203,2,14,479)
r(203,2,14,479)
r(203,2,14,479)
r(170,1,14,479)
r(207,0,12,482)
w(206,2,12,482)
r(203,2,12,482)
w(206,3,12,482)
w(203,3,1,483)
r(207,0,1,483)
w(208,1,1,483)
w(207,1,1,483)
w(207,2,1,483)
r(208,1,1,483)
r(206,3,18,485)
w(208,2,18,485)
r(207,2,18,485)
r(199,3,18,485)
w(207,3,18,485)
r(208,2,18,485)
r(170,1,14,487)
w(209,1,14,487)
r(209,1,14,487)
r(208,2,14,487)
w(208,3,14,487)
r(208,3,14,487)
r(208,3,12,489)
w(210,1,12,489)
r(210,1,12,489)
w(210,2,12,489)
r(209,1,12,489)
r(210,2,12,489)
r(210,2,12,489)
w(209,2,6,491)
r(210,2,6,491)
r(210,2,6,491)
r(209,2,6,491)
r(210,2,6,491)
r(210,2,6,491)
r(206,3,6,491)
r(210,2,7,493)
w(209,3,7,493)
r(170,1,7,493)
r(210,2,7,493)
r(211,0,5,495)
r(210,2,5,495)
r(212,0,5,495)
r(210,2,5,495)
w(210,3,5,495)
r(212,0,5,495)
r(214,0,5,495)
r(213,0,5,495)
w(212,1,7,497)
r(214,0,7,497)
w(214,1,7,497)
w(214,2,7,497)
r(214,2,7,497)
w(213,1,15,500)
w(212,2,15,500)
r(214,2,15,500)
r(214,2,15,500)
w(214,3,6,501)
r(214,3,6,501)
r(214,3,6,501)
r(211,0,6,501)
w(212,3,6,501)
w(215,1,18,503)
w(215,2,18,503)
r(215,2,18,503)
r(212,3,18,503)
r(215,2,6,505)
w(213,2,6,505)
w(213,3,6,505)
w(215,3,6,505)
r(170,1,14,507)
r(216,0,14,507)
r(216,0,14,507)
w(217,1,14,507)
r(217,1,14,507)
r(216,0,14,507)
r(216,0,15,509)
w(216,1,15,509)
w(216,2,15,509)
w(216,3,15,509)
w(217,2,15,509)
w(217,3,15,509)
r(211,0,2,511)
r(217,3,2,511)
r(219,0,2,511)
w(219,1,2,511)
r(219,1,4,513)
r(219,1,4,513)
w(218,1,4,513)
r(219,1,4,513)
w(219,2,4,513)
w(219,3,4,513)
r(217,3,4,513)
r(217,3,4,513)
w(220,1,12,515)
r(220,1,12,515)
r(170,1,12,515)
r(220,1,12,515)
r(220,1,12,515)
r(220,1,12,515)
r(220,1,14,517)
r(217,3,14,517)
w(220,2,14,517)
w(211,1,14,517)
w(218,2,14,520)
w(221,1,14,520)
r(221,1,14,520)
w(220,3,14,520)
r(218,2,14,520)
r(221,1,14,520)
r(220,3,14,520)
w(222,1,14,520)
w(221,2,2,523)
r(221,2,2,523)
w(223,1,2,523)
w(221,3,2,523)
r(221,3,6,525)
w(223,2,6,525)
r(223,2,6,525)
r(224,0,6,525)
w(223,3,6,525)
w(218,3,6,525)
r(224,0,15,527)
r(224,0,15,527)
r(225,0,15,527)
r(225,0,15,527)
w(224,1,0,529)
w(225,1,0,529)
w(225,2,0,529)
w(225,3,0,529)
w(224,2,0,529)
w(224,3,12,531)
w(227,1,12,531)
w(227,2,12,531)
w(227,3,12,531)
w(228,1,12,531)
r(228,1,12,531)
w(228,2,12,531)
r(227,3,12,531)
r(227,3,18,533)
r(227,3,18,533)
w(226,1,18,533)
w(170,2,18,533)
w(228,3,18,533)
r(211,1,18,533)
w(226,2,18,533)
w(226,3,2,535)
r(211,1,2,535)
r(229,0,2,535)
r(228,3,2,535)
r(226,3,2,535)
r(228,3,2,535)
r(226,3,2,535)
r(229,0,10,537)
r(229,0,10,537)
r(211,1,10,537)
w(229,1,10,537)
w(229,2,10,537)
w(229,3,10,537)
r(230,0,10,537)
w(230,1,10,537)
w(231,1,15,539)
r(231,1,15,539)
r(230,1,15,539)
w(230,2,15,539)
r(230,2,11,541)
r(231,1,11,541)
w(231,2,11,541)
w(231,3,11,541)
w(230,3,11,541)
r(230,3,11,541)
r(211,1,11,541)
r(232,0,9,544)
w(232,2,9,544)
w(232,3,9,544)
r(234,0,9,544)
r(233,0,9,544)
w(170,3,9,544)
r(233,0,17,547)
r(233,0,17,547)
r(233,0,17,547)
r(232,3,17,547)
r(235,0,17,547)
w(211,2,17,547)
r(234,0,17,547)
r(234,0,17,547)
r(234,0,1,549)
r(233,0,1,549)
r(233,0,1,549)
w(233,2,1,549)
r(234,0,1,549)
w(233,3,1,549)
r(233,3,1,549)
r(236,0,0,551)
w(236,1,0,551)
r(236,1,0,551)
r(234,0,0,551)
r(211,2,0,551)
w(234,2,16,553)
w(234,3,16,553)
r(234,3,16,553)
r(234,3,16,553)
r(234,3,0,555)
w(236,2,0,555)
w(211,3,0,555)
w(236,3,0,555)
w(237,1,0,555)
r(237,1,0,555)
w(238,1,10,557)
w(237,2,10,557)
w(237,3,10,557)
w(239,1,10,557)
r(239,1,10,557)
r(239,1,10,557)
w(238,2,10,559)
w(239,2,10,559)
w(240,1,10,559)
r(238,2,10,559)
w(240,2,10,561)
w(239,3,10,561)
r(240,2,10,561)
w(238,3,10,561)
w(240,3,9,563)
w(241,1,9,563)
r(240,3,9,563)
r(240,3,9,563)
w(241,2,9,563)
r(242,0,9,563)
w(241,3,9,563)
r(242,0,7,565)
r(243,0,7,565)
r(243,0,7,565)
r(242,0,7,565)
w(243,1,7,565)
r(243,1,7,565)
r(243,1,4,568)
w(242,2,4,568)
w(242,3,4,568)
r(244,0,4,568)
w(243,3,4,568)
r(246,0,12,571)
r(246,0,12,571)
w(244,1,12,571)
r(247,0,12,571)
w(246,1,12,571)
r(246,1,12,571)
r(247,0,10,573)
r(247,0,10,573)
r(245,0,10,573)
r(244,1,10,573)
r(246,1,10,573)
r(246,1,10,573)
r(247,0,10,573)
r(247,0,10,573)
r(247,0,14,575)
w(246,2,14,575)
w(246,3,14,575)
r(248,0,14,575)
r(248,0,14,575)
w(248,1,14,575)
r(248,1,3,577)
r(248,1,3,577)
r(247,0,3,577)
r(248,1,3,577)
w(248,2,3,577)
w(247,1,3,577)
w(245,1,3,577)
r(248,2,3,577)
w(244,2,15,579)
w(247,2,15,579)
w(248,3,15,579)
w(247,3,15,579)
w(249,1,2,581)
r(235,0,2,581)
r(235,0,2,581)
r(249,1,2,581)
w(249,2,2,581)
w(245,2,15,583)
r(249,2,15,583)
r(250,0,15,583)
r(249,2,15,583)
w(250,1,15,583)
w(249,3,10,585)
r(244,2,10,585)
r(244,2,10,585)
r(251,0,10,585)
r(251,0,10,585)
r(245,2,10,585)
w(235,1,12,587)
r(251,0,12,587)
r(244,2,12,587)
w(251,1,12,587)
r(251,1,12,587)
r(251,1,12,587)
r(250,1,12,587)
r(251,1,12,587)
w(251,2,18,589)
r(250,1,18,589)
r(251,2,18,589)
r(251,2,18,589)
w(250,2,18,589)
r(250,2,18,589)
w(250,3,18,589)
r(250,3,7,591)
r(251,2,7,591)
r(251,2,7,591)
w(235,2,7,591)
r(252,0,7,591)
w(251,3,7,591)
w(245,3,1,593)
w(252,1,1,593)
r(244,2,1,593)
w(253,1,1,593)
w(252,2,1,593)
r(252,2,1,593)
w(244,3,1,593)
w(253,2,1,593)
w(253,3,4,595)
w(252,3,4,595)
w(254,1,4,595)
w(254,2,4,595)
w(254,3,4,595)
r(255,0,4,595)
r(255,0,4,595)
r(255,0,7,597)
w(255,1,7,597)
w(256,1,7,597)
w(235,3,7,597)
r(256,1,7,597)
w(256,2,7,597)
w(256,3,7,597)
r(245,3,7,597)
r(257,0,17,599)
r(257,0,17,599)
r(255,1,17,599)
r(255,1,17,599)
w(257,1,5,601)
r(257,1,5,601)
w(257,2,5,601)
r(257,2,5,601)
r(257,2,5,601)
w(257,3,5,601)
w(259,1,5,601)
w(259,2,5,601)
r(255,1,18,603)
w(259,3,18,603)
r(255,1,18,603)
r(255,1,18,603)
r(260,0,9,605)
w(255,2,9,605)
r(245,3,9,605)
w(260,1,9,605)
r(255,2,0,607)
r(260,1,0,607)
r(255,2,0,607)
w(260,2,0,607)
w(260,3,0,607)
r(258,0,0,607)
r(258,0,0,607)
r(255,2,0,607)
r(235,3,7,609)
w(261,1,7,609)
w(261,2,7,609)
r(261,2,7,609)
r(261,2,7,609)
r(255,2,17,611)
r(261,2,17,611)
r(261,2,17,611)
r(261,2,17,611)
r(261,2,17,611)
r(255,2,17,611)
r(255,2,17,611)
w(261,3,8,613)
w(255,3,8,613)
r(262,0,8,613)
w(258,1,8,613)
r(263,0,8,613)
r(258,1,15,615)
w(262,1,15,615)
w(262,2,15,615)
r(258,1,15,615)
w(262,3,15,615)
r(235,3,19,617)
r(263,0,19,617)
r(235,3,19,617)
w(258,2,19,617)
r(264,0,19,617)
r(263,0,19,617)
r(263,0,19,617)
r(263,0,9,619)
r(264,0,9,619)
r(264,0,9,619)
w(264,1,9,619)
w(264,2,9,619)
r(264,2,9,619)
w(264,3,9,619)
r(263,0,5,621)
w(258,3,5,621)
w(265,1,5,621)
r(265,1,5,621)
w(263,1,5,621)
w(265,2,5,621)
w(263,2,0,623)
w(265,3,0,623)
r(265,3,0,623)
r(265,3,0,623)
w(266,1,0,623)
r(258,3,0,623)
w(263,3,0,623)
r(266,1,1,625)
r(263,3,1,625)
r(235,3,1,625)
r(258,3,1,625)
w(266,2,1,625)
w(267,1,14,627)
r(258,3,14,627)
w(266,3,14,627)
r(266,3,14,627)
w(268,1,14,627)
r(268,1,14,627)
w(267,2,14,627)
r(267,2,14,627)
r(267,2,3,629)
w(267,3,3,629)
w(268,2,3,629)
r(268,2,3,629)
r(270,0,3,629)
w(270,1,3,629)
r(269,0,3,629)
w(268,3,3,629)
w(270,2,5,631)
r(268,3,5,631)
r(269,0,5,631)
r(272,0,5,631)
r(272,0,5,631)
w(270,3,5,631)
r(273,0,19,634)
r(271,0,19,634)
r(272,0,19,634)
r(274,0,19,634)
r(274,0,19,634)
r(273,0,19,634)
r(275,0,19,634)
w(272,1,13,635)
r(272,1,13,635)
w(272,2,13,635)
w(272,3,13,635)
r(272,3,13,635)
r(273,0,13,635)
r(272,3,13,635)
r(273,0,13,635)
r(273,0,19,637)
w(274,1,19,637)
w(275,1,19,637)
r(275,1,19,637)
w(275,2,19,637)
w(273,1,19,637)
r(275,2,19,637)
r(275,2,2,639)
w(275,3,2,639)
r(274,1,2,639)
r(276,0,2,639)
w(274,2,8,641)
r(274,2,8,641)
w(276,1,8,641)
r(276,1,8,641)
r(276,1,8,641)
w(273,2,8,641)
w(276,2,8,641)
w(276,3,11,643)
r(273,2,11,643)
w(271,1,11,643)
r(271,1,11,643)
r(273,2,11,643)
r(276,3,11,643)
r(276,3,11,643)
w(271,2,18,645)
w(269,1,18,645)
r(277,0,18,645)
r(271,2,18,645)
w(273,3,18,645)
r(277,0,7,647)
w(269,2,7,647)
w(277,1,7,647)
r(273,3,7,647)
r(277,1,7,647)
r(274,2,7,647)
w(274,3,7,647)
r(274,3,1,649)
r(277,1,1,649)
w(277,2,1,649)
r(273,3,1,649)
w(277,3,1,649)
r(277,3,1,649)
r(277,3,1,649)
r(271,2,17,651)
w(278,1,17,651)
w(280,1,17,651)
r(280,1,17,651)
r(280,1,17,651)
r(279,0,17,651)
w(280,2,17,651)
w(280,3,13,653)
r(280,3,13,653)
w(278,2,13,653)
w(279,1,13,653)
r(280,3,13,653)
w(279,2,13,653)
w(279,3,13,653)
r(281,0,13,653)
w(269,3,10,655)
w(278,3,10,655)
r(278,3,10,655)
r(281,0,10,655)
w(281,1,10,655)
w(281,2,10,655)
r(282,0,18,657)
r(281,2,18,657)
r(281,2,18,657)
w(281,3,18,657)
w(282,1,18,659)
r(281,3,18,659)
w(282,2,18,659)
w(283,1,18,659)
r(281,3,18,659)
r(282,2,18,659)
r(269,3,18,659)
r(282,2,10,662)
r(284,0,10,662)
r(284,0,10,662)
r(284,0,10,662)
r(284,0,10,662)
w(282,3,10,662)
r(284,0,1,663)
r(286,0,1,663)
r(284,0,1,663)
r(286,0,1,663)
w(284,1,1,663)
r(286,0,1,663)
w(284,2,18,665)
r(284,2,18,665)
w(286,1,18,665)
r(283,1,18,665)
r(286,1,18,665)
r(286,1,18,665)
w(286,2,16,667)
r(284,2,16,667)
w(284,3,16,667)
r(285,0,16,667)
r(283,1,10,669)
w(286,3,10,669)
w(283,2,10,669)
r(287,0,10,669)
r(287,0,10,669)
w(288,1,10,669)
w(288,2,10,669)
r(288,2,19,671)
w(288,3,19,671)
r(271,2,19,671)
r(283,2,19,671)
w(287,1,19,671)
r(271,2,19,671)
r(287,1,3,673)
r(287,1,3,673)
w(287,2,3,673)
w(287,3,3,673)
w(271,3,3,673)
w(285,1,15,675)
r(283,2,15,675)
r(287,3,15,675)
w(289,1,15,675)
r(287,3,15,675)
r(271,3,15,675)
r(289,1,4,677)
r(287,3,4,677)
r(289,1,4,677)
r(271,3,4,677)
r(287,3,4,677)
r(289,1,18,679)
r(289,1,18,679)
w(289,2,18,679)
r(287,3,18,679)
r(287,3,18,679)
r(289,2,18,679)
w(289,3,18,679)
r(290,0,2,681)
r(291,0,2,681)
w(291,1,2,681)
r(291,1,2,681)
w(291,2,2,681)
r(289,3,11,683)
r(291,2,11,683)
r(291,2,11,683)
r(291,2,11,683)
w(291,3,11,683)
r(289,3,11,683)
w(283,3,11,683)
w(290,1,12,685)
w(290,2,12,685)
r(292,0,12,685)
w(292,1,12,685)
w(292,2,12,685)
r(292,2,6,687)
w(292,3,6,687)
r(290,2,6,687)
r(294,0,6,687)
r(290,2,0,689)
r(283,3,0,689)
r(294,0,0,689)
w(294,1,0,689)
w(294,2,0,689)
r(283,3,3,691)
r(283,3,3,691)
r(283,3,3,691)
r(293,0,3,691)
r(294,2,3,691)
r(294,2,12,693)
w(294,3,12,693)
r(294,3,12,693)
r(294,3,12,693)
w(295,1,12,693)
r(294,3,12,693)
w(293,1,12,693)
r(294,3,12,693)
r(293,1,1,695)
r(296,0,1,695)
r(296,0,1,695)
w(295,2,1,695)
w(296,1,1,695)
w(293,2,2,697)
r(293,2,2,697)
w(293,3,2,697)
r(295,2,2,697)
w(296,2,2,697)
w(296,3,2,697)
r(296,3,11,700)
r(295,2,11,700)
w(297,1,11,700)
r(296,3,11,700)
r(297,1,11,700)
r(297,1,11,700)
w(298,1,17,703)
r(297,1,17,703)
w(299,1,17,703)
w(298,2,17,703)
w(298,3,17,703)
r(299,1,17,703)
w(299,2,17,703)
w(299,3,7,705)
w(297,3,7,705)
r(297,3,7,705)
w(300,1,7,705)
w(300,2,7,705)
w(300,3,7,705)
r(300,3,7,705)
r(297,3,7,705)
r(297,3,17,707)
w(301,1,17,707)
r(301,1,17,707)
w(301,2,17,707)
w(301,3,17,707)
r(295,2,17,707)
r(303,0,10,709)
r(303,0,10,709)
w(303,1,10,709)
w(303,2,10,709)
w(303,3,10,709)
w(302,1,10,709)
w(305,1,10,709)
r(305,1,5,711)
w(302,2,5,711)
r(305,1,5,711)
r(304,0,5,711)
w(305,2,5,711)
r(302,2,5,711)
r(305,2,5,711)
r(305,2,0,713)
r(305,2,0,713)
w(305,3,0,713)
r(302,2,0,713)
w(306,1,4,715)
r(304,0,4,715)
w(302,3,4,715)
w(306,2,4,715)
r(302,3,4,715)
r(304,0,4,715)
r(302,3,4,715)
w(304,1,4,715)
w(306,3,8,717)
w(285,2,8,717)
r(306,3,8,717)
w(309,1,8,717)
w(308,1,8,717)
r(308,1,8,717)
r(309,1,8,717)
w(309,2,8,717)
r(309,2,10,719)
r(308,1,10,719)
w(309,3,10,719)
r(309,3,10,719)
w(308,2,10,719)
r(307,0,2,721)
r(309,3,2,721)
w(310,1,2,721)
w(307,1,2,721)
w(310,2,2,721)
r(310,2,2,721)
r(285,2,2,721)
w(310,3,16,723)
w(311,1,16,723)
r(311,1,16,723)
r(308,2,16,723)
r(308,2,16,723)
w(311,2,5,725)
w(307,2,5,725)
w(304,2,5,725)
r(304,2,5,725)
r(311,2,5,725)
r(308,2,5,725)
r(311,2,5,725)
r(311,2,5,725)
r(308,2,4,728)
r(311,2,4,728)
r(313,0,4,728)
r(312,0,4,728)
w(308,3,7,729)
w(311,3,7,729)
r(307,2,7,729)
r(311,3,7,729)
r(307,2,7,729)
w(304,3,7,729)
w(313,1,10,731)
w(314,1,10,731)
w(312,1,10,731)
w(314,2,10,731)
w(314,3,10,731)
r(312,1,10,731)
w(313,2,15,733)
w(307,3,15,733)
r(313,2,15,733)
w(313,3,15,733)
r(316,0,15,733)
r(316,0,15,733)
r(316,0,12,735)
w(316,1,12,735)
w(316,2,12,735)
r(285,2,12,735)
r(316,2,12,735)
r(315,0,12,735)
r(316,2,12,735)
r(316,2,12,737)
w(316,3,12,737)
r(316,3,12,737)
r(312,1,12,737)
r(316,3,12,737)
r(315,0,12,737)
r(316,3,12,737)
w(312,2,2,739)
w(315,1,2,739)
w(318,1,2,739)
r(318,1,2,739)
r(318,1,2,739)
w(318,2,2,739)
r(315,1,2,739)
r(285,2,2,739)
w(318,3,9,741)
w(315,2,9,741)
w(315,3,9,741)
r(312,2,9,741)
r(318,3,18,743)
w(320,1,18,743)
w(320,2,18,743)
r(285,2,18,743)
w(320,3,18,743)
r(320,3,16,745)
r(321,0,16,745)
w(317,1,16,745)
r(312,2,16,745)
r(319,0,17,747)
w(321,1,17,747)
r(321,1,17,747)
r(321,1,17,747)
w(312,3,1,749)
r(321,1,1,749)
r(321,1,1,749)
w(321,2,1,749)
r(319,0,1,749)
w(317,2,1,749)
w(319,1,1,749)
w(319,2,1,749)
r(321,2,0,751)
r(317,2,0,751)
r(321,2,0,751)
w(321,3,0,751)
w(319,3,0,751)
r(321,3,0,751)
r(321,3,0,751)
w(323,1,3,753)
w(322,1,3,753)
r(323,1,3,753)
w(323,2,3,753)
w(323,3,3,753)
r(323,3,3,753)
r(322,1,3,753)
w(324,1,2,755)
r(322,1,2,755)
w(325,1,2,755)
w(325,2,2,755)
w(322,2,2,755)
w(324,2,2,755)
r(325,2,19,757)
w(325,3,19,757)
r(322,2,19,757)
w(317,3,19,757)
r(325,3,6,759)
r(324,2,6,759)
r(327,0,6,759)
w(327,1,6,759)
r(327,1,15,761)
w(322,3,15,761)
r(327,1,15,761)
w(324,3,15,761)
w(327,2,15,761)
r(328,0,15,761)
w(285,3,12,763)
w(328,1,12,763)
r(327,2,12,763)
r(327,2,12,763)
r(329,0,12,763)
r(327,2,12,763)
r(327,2,12,763)
w(327,3,12,763)
r(328,1,13,765)
r(329,0,13,765)
r(327,3,13,765)
r(327,3,13,765)
w(329,1,13,765)
r(327,3,13,765)
w(329,2,6,767)
r(327,3,6,767)
r(327,3,6,767)
r(328,1,6,767)
r(328,1,6,767)
r(328,1,6,767)
r(326,0,6,767)
r(328,1,9,769)
r(330,0,9,769)
r(330,0,9,769)
r(326,0,9,769)
r(329,2,4,772)
r(328,1,4,772)
w(328,3,4,772)
r(326,0,4,772)
r(329,2,4,772)
r(330,0,9,775)
r(331,0,9,775)
w(326,2,9,775)
w(330,2,9,775)
w(331,1,3,777)
w(331,2,3,777)
w(330,3,3,777)
r(326,2,3,777)
w(332,1,3,777)
w(332,2,3,777)
w(332,3,3,777)
w(329,3,3,777)
w(334,1,18,779)
w(334,2,18,779)
r(334,2,18,779)
w(331,3,18,779)
w(334,3,18,779)
r(334,3,18,779)
r(331,3,18,779)
r(336,0,9,781)
r(336,0,9,781)
r(335,0,9,781)
w(336,1,9,781)
r(337,0,9,781)
w(336,2,9,781)
w(336,3,9,781)
r(337,0,9,781)
r(338,0,19,783)
r(338,0,19,783)
r(338,0,19,783)
r(338,0,19,783)
r(335,0,19,783)
w(338,1,19,783)
r(338,1,3,785)
w(335,1,3,785)
w(335,2,3,785)
w(337,1,3,785)
r(338,1,3,785)
r(335,2,3,785)
r(337,1,18,788)
w(337,2,18,788)
r(337,2,18,788)
w(338,2,18,788)
r(338,2,18,788)
r(337,2,18,788)
w(337,3,18,791)
r(339,0,18,791)
w(339,2,18,791)
w(326,3,18,791)
w(339,3,18,791)
r(326,3,18,791)
w(340,1,18,791)
w(340,2,18,791)
r(341,0,2,793)
r(337,3,2,793)
r(340,2,2,793)
r(341,0,2,793)
w(340,3,7,795)
r(340,3,7,795)
w(335,3,7,795)
r(342,0,7,795)
w(342,1,7,795)
r(343,0,7,795)
r(343,0,13,797)
w(341,1,13,797)
r(343,0,13,797)
w(343,1,13,797)
w(343,2,13,797)
r(335,3,15,799)
r(343,2,15,799)
r(343,2,15,799)
r(342,1,15,799)
w(343,3,15,801)
r(335,3,15,801)
r(343,3,15,801)
r(342,1,15,801)
r(341,1,15,801)
r(342,1,15,801)
w(345,1,4,803)
w(345,2,4,803)
r(344,0,4,803)
w(345,3,4,803)
w(344,1,4,803)
r(345,3,4,803)
r(346,0,4,803)
r(346,0,9,805)
w(346,1,9,805)
w(341,2,9,805)
r(333,0,9,805)
w(346,2,9,805)
w(346,3,9,805)
r(346,3,11,807)
r(344,1,11,807)
r(342,1,11,807)
r(347,0,11,807)
r(347,0,11,807)
w(344,2,11,807)
w(347,1,11,807)
