w(3,1,7,2)
r(3,1,7,2)
w(3,2,7,2)
r(4,0,7,2)
r(4,0,7,2)
r(4,0,7,2)
w(2,1,7,2)
r(4,0,6,3)
r(4,0,6,3)
w(2,2,6,3)
w(4,1,6,3)
r(4,1,10,5)
w(3,3,10,5)
w(4,2,10,5)
r(4,2,10,5)
r(3,3,10,5)
w(4,3,10,5)
w(6,1,10,5)
r(5,0,10,5)
r(5,0,7,8)
w(5,3,7,8)
r(0,0,7,8)
r(7,0,7,8)
w(7,1,7,8)
r(2,2,7,8)
r(7,1,7,8)
r(8,0,7,8)
r(7,1,13,11)
w(8,1,13,11)
r(0,0,13,11)
w(8,2,13,11)
w(7,2,13,11)
r(2,2,13,11)
w(7,3,13,11)
r(7,3,6,13)
w(8,3,6,13)
r(7,3,6,13)
r(7,3,6,13)
r(9,0,6,13)
w(10,1,6,13)
w(9,1,6,13)
r(9,1,9,15)
w(9,2,9,15)
w(10,2,9,15)
r(10,2,9,15)
w(9,3,9,15)
r(9,3,9,15)
r(2,2,9,15)
r(10,2,13,17)
r(10,2,13,17)
r(10,2,13,17)
w(10,3,13,17)
w(12,1,2,19)
w(12,2,2,19)
w(11,1,2,19)
r(12,2,2,19)
w(12,3,2,19)
r(0,0,2,19)
r(12,3,2,19)
r(11,1,3,21)
r(11,1,3,21)
r(2,2,3,21)
r(13,0,3,21)
r(13,0,3,21)
r(13,0,9,23)
r(11,1,9,23)
r(11,1,9,23)
w(11,2,9,23)
r(1,0,9,23)
w(0,1,9,23)
r(13,0,7,25)
w(1,1,7,25)
w(13,1,7,25)
w(1,2,7,25)
w(2,3,7,25)
w(13,2,7,25)
r(1,2,18,27)
r(13,2,18,27)
w(11,3,18,27)
r(13,2,18,27)
r(2,3,10,29)
w(13,3,10,29)
r(11,3,10,29)
r(13,3,10,29)
r(13,3,10,29)
r(2,3,10,29)
r(13,3,10,29)
r(11,3,10,31)
r(13,3,10,31)
w(1,3,10,31)
r(2,3,10,31)
r(15,0,10,31)
w(15,1,10,31)
w(15,2,10,31)
r(2,3,12,33)
r(15,2,12,33)
w(15,3,12,33)
r(15,3,12,33)
r(15,3,12,33)
r(2,3,0,35)
r(2,3,0,35)
r(16,0,0,35)
r(11,3,0,35)
w(16,1,3,37)
w(16,2,3,37)
r(16,2,3,37)
w(0,2,3,37)
w(17,1,14,39)
r(17,1,14,39)
r(2,3,14,39)
r(17,1,14,39)
r(2,3,14,39)
r(16,2,14,39)
w(16,3,14,39)
r(2,3,12,41)
r(17,1,12,41)
r(14,0,12,41)
w(14,1,12,41)
r(18,0,15,43)
r(18,0,15,43)
w(18,1,15,43)
w(18,2,15,43)
r(2,3,15,43)
w(17,2,7,45)
w(18,3,7,45)
r(17,2,7,45)
r(20,0,7,45)
r(20,0,7,45)
w(14,2,18,47)
r(20,0,18,47)
r(17,2,18,47)
r(17,2,18,47)
w(19,1,18,47)
r(17,2,18,47)
w(20,1,18,47)
w(20,2,18,47)
r(17,2,17,49)
w(20,3,17,49)
r(20,3,17,49)
r(21,0,17,49)
w(21,1,17,49)
w(17,3,17,49)
r(21,1,17,49)
r(19,1,17,49)
w(21,2,16,51)
w(21,3,16,51)
r(22,0,16,51)
w(23,1,16,51)
r(23,1,16,51)
w(23,2,16,51)
w(22,1,4,53)
w(23,3,4,53)
r(23,3,4,53)
w(24,1,4,53)
w(24,2,4,53)
r(22,1,4,53)
w(14,3,10,55)
w(22,2,10,55)
r(24,2,10,55)
w(24,3,10,55)
w(19,2,15,57)
w(26,1,15,57)
r(19,2,15,57)
w(26,2,15,57)
r(26,2,15,57)
w(19,3,15,57)
w(22,3,10,60)
r(0,2,10,60)
w(26,3,10,60)
r(26,3,10,60)
w(28,1,10,60)
w(28,2,10,60)
r(29,0,10,60)
w(29,1,2,61)
w(28,3,2,61)
w(29,2,2,61)
r(29,2,2,61)
r(28,3,2,61)
r(28,3,0,63)
r(25,0,0,63)
w(27,1,0,63)
r(27,1,0,63)
r(25,0,0,63)
r(25,0,0,63)
r(29,2,8,65)
w(29,3,8,65)
r(28,3,8,65)
w(30,1,8,65)
r(28,3,8,65)
w(27,2,8,65)
r(28,3,3,67)
r(28,3,3,67)
r(30,1,3,67)
r(30,1,3,67)
r(30,1,19,70)
w(30,2,19,70)
w(31,1,19,70)
r(27,2,19,70)
w(0,3,19,70)
r(31,1,19,70)
w(31,2,0,71)
w(30,3,0,71)
r(31,2,0,71)
r(27,2,0,71)
w(25,1,0,71)
w(31,3,0,71)
r(32,0,0,71)
w(27,3,0,73)
r(32,0,0,73)
r(32,0,0,73)
r(27,3,0,73)
r(32,0,0,73)
r(0,3,0,73)
r(33,0,15,75)
r(32,0,15,75)
r(32,0,15,75)
r(32,0,15,75)
w(32,1,15,75)
w(32,2,15,75)
w(32,3,15,75)
w(34,1,7,77)
r(27,3,7,77)
r(33,0,7,77)
w(34,2,7,77)
r(0,3,7,77)
r(33,0,7,77)
r(27,3,7,77)
r(25,1,5,79)
r(34,2,5,79)
w(33,1,5,79)
r(34,2,5,79)
w(34,3,5,79)
w(33,2,5,79)
r(33,2,5,81)
w(36,1,5,81)
r(25,1,5,81)
w(25,2,5,81)
r(36,1,5,81)
w(25,3,11,83)
r(37,0,11,83)
w(33,3,11,83)
r(37,0,11,83)
r(37,0,11,83)
r(36,1,11,83)
r(33,3,11,83)
w(36,2,2,85)
r(38,0,2,85)
r(37,0,2,85)
w(37,1,2,85)
w(38,1,2,85)
r(37,1,2,85)
w(37,2,2,85)
r(36,2,11,87)
w(37,3,11,87)
r(38,1,11,87)
w(38,2,11,87)
w(38,3,11,87)
w(39,1,11,87)
r(38,3,11,87)
w(39,2,10,89)
r(39,2,10,89)
w(39,3,10,89)
r(38,3,10,89)
r(38,3,11,91)
r(36,2,11,91)
r(40,0,11,91)
r(40,0,11,91)
r(36,2,11,91)
w(36,3,11,91)
r(39,3,17,93)
r(39,3,17,93)
r(40,0,17,93)
w(40,1,17,93)
r(40,1,17,93)
r(25,3,17,93)
w(42,1,17,93)
r(40,1,17,93)
r(41,0,9,96)
r(40,1,9,96)
r(42,1,9,96)
w(40,2,9,96)
w(42,2,9,96)
r(42,2,9,96)
w(40,3,8,99)
r(41,0,8,99)
r(41,0,8,99)
r(43,0,8,99)
w(43,1,8,99)
r(45,0,7,101)
w(41,2,7,101)
w(41,3,7,101)
w(43,2,7,101)
r(43,2,7,101)
r(43,2,7,101)
w(43,3,17,103)
r(43,3,17,103)
r(44,0,17,103)
w(47,1,17,103)
w(47,2,9,105)
r(44,0,9,105)
r(47,2,9,105)
w(44,1,9,105)
r(45,0,19,107)
w(44,2,19,107)
r(44,2,19,107)
w(44,3,19,107)
r(44,3,4,109)
w(47,3,4,109)
w(48,1,4,109)
w(48,2,4,109)
r(47,3,4,109)
w(48,3,4,109)
r(47,3,4,109)
w(49,1,4,109)
r(49,1,17,111)
r(49,1,17,111)
r(49,1,17,111)
r(46,0,17,111)
w(49,2,17,111)
w(49,3,15,113)
r(46,0,15,113)
r(50,0,15,113)
r(35,0,15,113)
r(49,3,15,113)
r(50,0,15,113)
r(49,3,15,113)
w(46,1,15,113)
r(46,1,16,115)
w(35,1,16,115)
r(46,1,16,115)
w(51,1,16,115)
w(51,2,16,115)
r(51,2,1,117)
r(46,1,1,117)
w(51,3,1,117)
r(51,3,1,117)
r(51,3,1,117)
r(51,3,6,119)
r(51,3,6,119)
w(46,2,6,119)
r(50,0,6,119)
r(50,0,6,119)
r(46,2,14,121)
r(52,0,14,121)
r(45,0,14,121)
r(52,0,14,121)
r(50,0,14,121)
w(52,1,5,123)
r(50,0,5,123)
r(50,0,5,123)
w(50,1,5,123)
r(46,2,5,123)
w(52,2,5,123)
r(52,2,18,125)
w(52,3,18,125)
r(50,1,18,125)
r(53,0,18,125)
r(53,0,18,125)
w(46,3,18,125)
w(50,2,6,127)
r(53,0,6,127)
r(45,0,6,127)
r(35,1,6,127)
w(50,3,6,127)
w(53,1,13,129)
r(46,3,13,129)
r(53,1,13,129)
r(46,3,13,129)
r(46,3,14,131)
r(53,1,14,131)
w(45,1,14,131)
w(53,2,14,131)
r(55,0,14,131)
w(54,1,14,131)
r(53,2,10,133)
r(55,0,10,133)
w(54,2,10,133)
w(53,3,10,133)
r(56,0,2,135)
r(56,0,2,135)
w(45,2,2,135)
r(56,0,2,135)
w(45,3,11,137)
w(56,1,11,137)
w(35,2,11,137)
w(56,2,11,137)
r(56,2,11,137)
w(54,3,11,137)
w(56,3,11,137)
r(56,3,11,137)
r(56,3,17,139)
r(54,3,17,139)
r(54,3,17,139)
r(57,0,17,139)
w(57,1,17,139)
r(45,3,17,139)
w(57,2,16,141)
r(57,2,16,141)
r(45,3,16,141)
w(55,1,16,141)
w(57,3,5,143)
r(55,1,5,143)
w(55,2,5,143)
r(58,0,5,143)
r(58,0,5,143)
r(58,0,5,143)
r(58,0,12,145)
w(55,3,12,145)
w(59,1,12,145)
r(59,1,12,145)
w(59,2,12,145)
w(59,3,12,145)
r(45,3,12,145)
w(58,1,12,145)
r(58,1,2,148)
r(61,0,2,148)
w(61,1,2,148)
r(58,1,2,148)
r(62,0,2,148)
r(61,1,2,148)
r(61,1,2,148)
r(61,1,2,148)
w(58,2,6,149)
r(61,1,6,149)
w(58,3,6,149)
r(61,1,6,149)
r(58,3,6,149)
r(61,1,6,149)
r(60,0,6,149)
r(58,3,6,149)
w(60,1,9,151)
w(61,2,9,151)
w(61,3,9,151)
w(60,2,9,151)
w(63,1,12,153)
r(60,2,12,153)
r(63,1,12,153)
w(60,3,12,153)
r(63,1,12,153)
r(58,3,12,153)
w(63,2,19,155)
r(63,2,19,155)
r(58,3,19,155)
w(63,3,19,155)
r(63,3,19,155)
r(63,3,19,155)
r(64,0,19,155)
w(65,1,19,155)
r(66,0,3,157)
r(64,0,3,157)
r(65,1,3,157)
w(64,1,3,157)
w(64,2,3,157)
w(65,2,3,157)
w(64,3,0,159)
r(65,2,0,159)
r(65,2,0,159)
r(65,2,0,159)
r(64,3,19,161)
w(66,1,19,161)
r(64,3,19,161)
w(66,2,19,161)
r(65,2,9,163)
w(65,3,9,163)
r(66,2,9,163)
w(66,3,9,163)
r(68,0,9,163)
r(68,0,9,163)
r(62,0,9,163)
r(68,0,18,165)
w(62,1,18,165)
r(67,0,18,165)
r(68,0,18,165)
w(68,1,18,165)
w(68,2,18,165)
r(68,2,18,165)
w(68,3,18,165)
r(68,3,19,167)
r(69,0,19,167)
r(67,0,19,167)
w(69,1,19,167)
w(67,1,19,167)
r(69,1,19,167)
w(67,2,19,167)
r(69,1,19,167)
w(67,3,5,169)
w(69,2,5,169)
r(71,0,5,169)
r(69,2,5,169)
r(69,2,5,169)
w(62,2,15,171)
r(71,0,15,171)
r(71,0,15,171)
w(69,3,15,171)
r(69,3,15,171)
w(71,1,15,171)
r(62,2,5,173)
w(62,3,5,173)
w(70,1,5,173)
r(69,3,5,173)
r(69,3,16,175)
r(69,3,16,175)
r(70,1,16,175)
w(71,2,16,175)
w(72,1,16,175)
r(70,1,16,175)
w(71,3,16,175)
r(72,1,3,177)
w(72,2,3,177)
w(72,3,3,177)
r(72,3,3,177)
r(72,3,3,177)
r(72,3,3,177)
r(72,3,3,177)
r(72,3,3,177)
w(70,2,14,179)
w(70,3,14,179)
r(74,0,14,179)
r(75,0,14,179)
w(75,1,6,181)
w(75,2,6,181)
w(74,1,6,181)
r(76,0,6,181)
w(74,2,6,181)
r(75,2,6,181)
w(73,1,6,181)
r(74,2,6,181)
r(75,2,16,183)
r(74,2,16,183)
r(74,2,16,183)
r(74,2,16,183)
w(75,3,16,183)
w(73,2,12,185)
w(74,3,12,185)
r(35,2,12,185)
r(76,0,12,185)
w(77,1,12,185)
w(77,2,12,185)
r(75,3,12,185)
r(78,0,12,185)
w(78,1,16,187)
w(78,2,16,187)
r(78,2,16,187)
r(76,0,16,187)
w(78,3,16,187)
w(77,3,7,189)
w(73,3,7,189)
r(78,3,7,189)
r(77,3,7,189)
r(78,3,10,191)
r(78,3,10,191)
r(73,3,10,191)
w(79,1,10,191)
r(79,1,10,191)
w(79,2,5,193)
w(79,3,5,193)
r(79,3,5,193)
r(80,0,5,193)
w(80,1,5,193)
w(80,2,5,193)
r(81,0,5,193)
w(81,1,5,193)
w(80,3,1,195)
r(82,0,1,195)
r(82,0,1,195)
w(82,1,1,195)
r(82,1,1,195)
r(81,1,1,195)
w(82,2,6,197)
r(81,1,6,197)
r(82,2,6,197)
w(82,3,6,197)
r(76,0,6,197)
r(83,0,6,197)
r(84,0,3,199)
w(81,2,3,199)
w(83,1,3,199)
w(84,1,3,199)
w(81,3,14,201)
w(83,2,14,201)
r(83,2,14,201)
r(83,2,14,201)
w(84,2,14,201)
w(84,3,18,203)
r(84,3,18,203)
w(85,1,18,203)
w(85,2,18,203)
r(86,0,9,205)
r(86,0,9,205)
r(85,2,9,205)
r(76,0,9,205)
w(83,3,9,205)
w(86,1,9,205)
r(86,1,13,207)
r(86,1,13,207)
r(86,1,13,207)
w(86,2,13,207)
r(86,2,12,209)
w(86,3,12,209)
w(87,1,12,209)
w(85,3,12,209)
w(87,2,13,211)
r(87,2,13,211)
w(88,1,13,211)
r(35,2,13,211)
w(87,3,13,211)
w(88,2,13,211)
r(87,3,13,211)
r(87,3,13,211)
w(88,3,4,213)
r(87,3,4,213)
r(89,0,4,213)
w(89,1,4,213)
r(35,2,3,215)
r(89,1,3,215)
w(89,2,3,215)
r(89,2,3,215)
r(89,2,3,215)
r(90,0,3,215)
w(89,3,3,215)
r(89,3,17,217)
r(76,0,17,217)
w(90,1,17,217)
r(90,1,17,217)
r(91,0,17,217)
w(91,1,17,217)
w(35,3,17,217)
w(90,2,17,217)
r(91,1,13,219)
w(76,1,13,219)
w(91,2,13,219)
w(91,3,13,219)
r(90,2,13,219)
r(92,0,13,219)
r(91,3,0,221)
r(91,3,0,221)
r(90,2,0,221)
r(76,1,0,221)
r(35,3,8,223)
r(90,2,8,223)
w(76,2,8,223)
w(93,1,8,223)
r(93,1,8,223)
r(35,3,8,223)
w(90,3,8,223)
r(90,3,6,225)
w(93,2,6,225)
w(93,3,6,225)
r(93,3,6,225)
r(93,3,14,227)
r(92,0,14,227)
r(93,3,14,227)
r(90,3,14,227)
r(93,3,14,227)
w(92,1,14,227)
r(92,1,14,227)
w(94,1,4,229)
w(94,2,4,229)
w(95,1,4,229)
w(95,2,4,229)
r(95,2,4,229)
r(95,2,4,229)
w(95,3,4,229)
r(96,0,4,229)
r(96,0,15,231)
r(92,1,15,231)
w(76,3,15,231)
w(94,3,15,231)
w(96,1,15,231)
r(94,3,15,231)
r(96,1,14,233)
w(96,2,14,233)
r(94,3,14,233)
w(98,1,14,233)
w(96,3,14,233)
w(97,1,4,235)
w(98,2,4,235)
r(99,0,4,235)
r(92,1,4,235)
w(99,1,4,235)
w(98,3,4,235)
r(99,1,10,237)
w(99,2,10,237)
r(35,3,10,237)
w(97,2,10,237)
w(99,3,10,237)
w(100,1,10,237)
r(100,1,1,239)
r(100,1,1,239)
w(92,2,1,239)
r(92,2,1,239)
r(92,2,1,239)
w(100,2,1,241)
w(97,3,1,241)
r(100,2,1,241)
w(100,3,1,241)
r(101,0,1,241)
w(101,1,1,241)
r(100,3,1,241)
r(100,3,17,243)
w(92,3,17,243)
w(101,2,17,243)
r(100,3,17,243)
r(100,3,17,243)
r(100,3,17,243)
r(100,3,17,243)
r(92,3,5,245)
w(101,3,5,245)
r(101,3,5,245)
r(103,0,5,245)
r(102,0,5,245)
r(103,0,2,247)
r(102,0,2,247)
w(102,1,2,247)
w(102,2,2,247)
r(103,0,2,247)
w(103,1,2,247)
r(102,2,8,249)
w(102,3,8,249)
r(102,3,8,249)
w(103,2,8,249)
w(103,3,7,251)
r(102,3,7,251)
r(102,3,7,251)
r(102,3,7,251)
r(103,3,8,253)
r(102,3,8,253)
w(104,1,8,253)
r(102,3,8,253)
r(105,0,8,253)
r(104,1,8,253)
w(104,2,8,253)
w(105,1,8,253)
r(106,0,17,255)
w(106,1,17,255)
r(105,1,17,255)
w(105,2,17,255)
w(106,2,17,255)
w(105,3,17,255)
w(106,3,17,255)
r(104,2,17,255)
r(106,3,7,257)
r(106,3,7,257)
r(108,0,7,257)
w(108,1,7,257)
r(106,3,7,257)
w(104,3,7,257)
r(108,1,7,257)
r(107,0,7,257)
w(108,2,12,259)
r(106,3,12,259)
r(106,3,12,259)
r(108,2,12,259)
r(104,3,12,259)
w(108,3,5,261)
r(109,0,5,261)
w(109,1,5,261)
r(109,1,5,261)
w(109,2,5,261)
r(109,2,13,263)
r(110,0,13,263)
r(109,2,13,263)
w(109,3,13,263)
r(107,0,13,263)
w(110,1,4,265)
r(104,3,4,265)
w(110,2,4,265)
r(111,0,4,265)
r(110,2,4,265)
r(104,3,4,265)
w(111,1,4,265)
w(111,2,6,267)
w(110,3,6,267)
w(111,3,6,267)
r(35,3,6,267)
w(112,1,6,267)
w(112,2,6,267)
r(104,3,6,267)
r(112,2,6,267)
r(112,2,12,269)
w(112,3,12,269)
r(113,0,12,269)
w(113,1,12,269)
r(113,1,12,269)
w(114,1,12,269)
r(113,1,12,269)
r(113,1,15,271)
w(113,2,15,271)
w(114,2,15,271)
r(113,2,15,271)
r(104,3,15,271)
w(113,3,15,271)
w(115,1,6,273)
r(115,1,6,273)
w(114,3,6,273)
r(104,3,6,273)
r(115,1,6,273)
w(115,2,6,273)
w(115,3,11,275)
r(116,0,11,275)
w(107,1,11,275)
r(118,0,11,275)
r(116,0,19,277)
w(118,1,19,277)
r(118,1,19,277)
r(118,1,19,277)
r(104,3,19,277)
r(118,1,19,277)
w(118,2,19,277)
w(119,1,9,279)
r(116,0,9,279)
r(118,2,9,279)
w(107,2,9,279)
w(118,3,9,279)
r(116,0,9,279)
r(119,1,9,279)
r(116,0,9,279)
w(120,1,9,281)
w(116,1,9,281)
w(120,2,9,281)
w(120,3,9,281)
r(120,3,9,281)
w(119,2,9,281)
r(119,2,13,283)
w(116,2,13,283)
r(121,0,13,283)
w(121,1,13,283)
w(121,2,13,283)
w(117,1,16,286)
r(117,1,16,286)
w(121,3,16,286)
w(107,3,16,286)
w(122,1,16,286)
r(122,1,16,286)
r(122,1,16,286)
w(124,1,12,289)
w(124,2,12,289)
w(123,1,12,289)
w(124,3,12,289)
r(125,0,12,289)
r(124,3,12,289)
r(119,2,11,291)
w(125,1,11,291)
w(126,1,11,291)
r(125,1,11,291)
w(125,2,11,291)
r(119,2,11,291)
r(119,2,11,291)
r(125,2,1,293)
w(126,2,1,293)
r(125,2,1,293)
w(125,3,1,293)
r(127,0,1,293)
r(119,2,13,295)
r(127,0,13,295)
r(126,2,13,295)
w(126,3,13,295)
r(127,0,13,295)
w(117,2,13,295)
w(128,1,13,295)
r(128,1,13,295)
r(128,1,18,297)
r(128,1,18,297)
w(127,1,18,297)
r(127,1,18,297)
r(127,1,18,297)
r(127,1,18,297)
r(127,1,18,297)
w(127,2,8,299)
w(128,2,8,299)
r(127,2,8,299)
w(129,1,8,299)
w(127,3,8,299)
r(127,3,8,299)
r(129,1,8,299)
r(127,3,8,299)
r(127,3,7,301)
w(130,1,7,301)
r(130,1,7,301)
w(130,2,7,301)
r(128,2,7,301)
r(130,2,7,301)
r(130,2,7,301)
r(128,2,13,303)
r(130,2,13,303)
w(128,3,13,303)
r(130,2,13,303)
r(128,3,15,305)
w(130,3,15,305)
r(130,3,15,305)
r(130,3,15,305)
w(131,1,18,307)
r(128,3,18,307)
w(131,2,18,307)
r(123,1,18,307)
r(117,2,18,307)
r(132,0,18,307)
r(131,2,18,307)
r(131,2,18,307)
r(129,1,2,309)
w(132,1,2,309)
w(131,3,2,309)
r(132,1,2,309)
r(123,1,2,309)
r(132,1,2,309)
r(132,1,2,309)
r(129,1,2,309)
r(132,1,10,311)
r(132,1,10,311)
w(123,2,10,311)
w(132,2,10,311)
r(132,2,15,313)
r(131,3,15,313)
r(129,1,15,313)
w(132,3,15,313)
w(117,3,17,316)
r(129,1,17,316)
w(129,2,17,316)
r(131,3,17,316)
r(123,2,17,316)
r(131,3,17,316)
w(123,3,16,317)
r(132,3,16,317)
r(131,3,16,317)
r(133,0,16,317)
r(133,0,16,317)
r(123,3,16,317)
r(133,0,16,317)
w(133,1,1,319)
w(133,2,1,319)
w(133,3,1,319)
w(134,1,1,319)
r(133,3,1,319)
r(133,3,1,319)
w(134,2,14,321)
w(134,3,14,321)
r(136,0,14,321)
r(137,0,14,321)
w(137,1,14,321)
r(136,0,10,323)
r(129,2,10,323)
r(137,1,10,323)
r(137,1,10,323)
w(136,1,10,323)
w(129,3,10,323)
w(136,2,10,323)
r(137,1,10,323)
r(137,1,8,326)
w(135,1,8,326)
r(135,1,8,326)
w(136,3,8,326)
r(137,1,8,326)
r(136,2,15,327)
r(137,1,15,327)
w(138,1,15,327)
r(138,1,15,327)
r(136,2,15,327)
w(137,2,15,327)
w(137,3,15,327)
r(137,3,1,329)
r(139,0,1,329)
r(139,0,1,329)
r(135,1,1,329)
w(141,1,1,329)
w(141,2,1,329)
r(139,0,1,329)
r(141,2,1,329)
r(139,0,6,331)
w(138,2,6,331)
w(138,3,6,331)
r(139,0,6,331)
r(141,2,6,331)
w(139,1,12,333)
w(139,2,12,333)
w(139,3,12,333)
r(141,2,12,333)
r(138,3,12,333)
w(140,1,12,333)
r(139,3,12,333)
r(141,2,12,333)
w(142,1,5,335)
r(142,1,5,335)
r(142,1,5,335)
r(142,1,5,335)
r(142,1,9,339)
w(141,3,9,339)
w(142,2,9,339)
w(143,1,9,339)
r(141,3,9,339)
r(142,2,9,339)
r(142,2,9,339)
w(142,3,9,339)
r(145,0,18,343)
r(145,0,18,343)
w(145,2,18,343)
r(146,0,18,343)
w(145,3,18,343)
w(135,2,18,343)
r(145,3,0,345)
r(143,1,0,345)
r(146,0,0,345)
r(146,0,0,345)
r(145,3,0,345)
r(146,0,0,345)
r(146,0,0,345)
r(146,0,0,345)
w(135,3,4,347)
w(146,1,4,347)
r(146,1,4,347)
w(146,2,4,347)
w(146,3,4,347)
r(145,3,4,347)
r(143,1,4,347)
w(147,1,16,349)
r(147,1,16,349)
r(147,1,16,349)
r(147,1,16,349)
r(147,1,16,349)
r(143,1,16,349)
r(143,1,16,349)
w(147,2,16,349)
w(147,3,16,351)
r(148,0,16,351)
w(148,1,16,351)
w(148,2,16,351)
r(148,2,14,353)
w(148,3,14,353)
r(145,3,14,353)
r(143,1,14,353)
r(149,0,14,353)
w(149,1,14,353)
r(149,1,14,353)
w(149,2,15,355)
r(149,2,15,355)
w(149,3,15,355)
r(149,3,15,355)
w(152,1,15,355)
w(153,1,0,357)
r(153,1,0,357)
w(151,1,0,357)
r(151,1,0,357)
r(153,1,0,357)
w(153,2,0,357)
w(152,2,0,357)
r(152,2,2,359)
r(153,2,2,359)
w(153,3,2,359)
r(154,0,2,359)
w(154,1,2,359)
r(154,1,2,359)
r(151,1,2,359)
w(154,2,2,359)
r(154,2,3,361)
r(154,2,3,361)
r(154,2,3,361)
w(151,2,3,361)
r(150,0,3,361)
r(154,2,3,361)
r(154,2,3,361)
r(151,2,4,363)
w(152,3,4,363)
w(154,3,4,363)
w(156,1,4,363)
w(156,2,4,363)
r(155,0,4,363)
r(156,2,4,363)
r(156,2,6,365)
r(156,2,6,365)
r(151,2,6,365)
w(156,3,6,365)
w(157,1,6,365)
r(155,0,6,365)
w(150,1,6,365)
r(157,1,6,365)
r(157,1,5,367)
w(155,1,5,367)
r(155,1,5,367)
w(151,3,5,367)
w(140,3,5,367)
r(157,1,16,369)
r(140,3,16,369)
r(150,1,16,369)
w(155,2,16,369)
r(151,3,16,369)
r(155,2,8,371)
w(150,2,8,371)
r(157,1,8,371)
w(157,2,8,371)
w(158,1,8,371)
r(157,2,8,371)
w(157,3,3,373)
r(150,2,3,373)
r(159,0,3,373)
r(159,0,3,373)
w(159,1,3,373)
w(155,3,3,373)
r(159,1,3,373)
w(159,2,3,373)
r(155,3,18,375)
w(159,3,18,375)
r(155,3,18,375)
r(159,3,18,375)
r(150,2,18,375)
r(150,2,6,377)
w(161,1,6,377)
r(162,0,6,377)
w(150,3,6,377)
w(162,1,6,379)
r(162,1,6,379)
w(162,2,6,379)
w(162,3,6,379)
r(158,1,6,379)
r(163,0,5,381)
r(163,0,5,381)
r(163,0,5,381)
w(161,2,5,381)
r(161,2,15,383)
w(160,1,15,383)
r(161,2,15,383)
r(163,0,15,383)
w(160,2,15,383)
w(163,1,13,385)
w(158,2,13,385)
r(161,2,13,385)
w(163,2,13,385)
w(161,3,13,385)
w(163,3,13,385)
w(164,1,8,387)
r(165,0,8,387)
r(165,0,8,387)
w(164,2,8,387)
w(165,1,0,389)
w(165,2,0,389)
r(165,2,0,389)
r(160,2,0,389)
w(165,3,0,391)
r(167,0,0,391)
r(164,2,0,391)
r(164,2,0,391)
w(167,1,0,391)
r(167,1,0,391)
r(167,1,0,391)
r(167,1,0,391)
w(167,2,18,393)
w(167,3,18,393)
r(167,3,18,393)
r(164,2,18,393)
w(168,1,18,393)
r(168,1,18,393)
r(168,1,15,395)
w(166,1,15,395)
w(168,2,15,395)
r(168,2,15,395)
w(164,3,15,395)
w(168,3,15,397)
r(169,0,15,397)
r(168,3,15,397)
r(166,1,15,397)
r(168,3,9,399)
r(168,3,9,399)
w(169,1,9,399)
r(169,1,9,399)
r(168,3,9,399)
r(168,3,9,399)
r(169,1,9,399)
r(158,2,11,401)
r(158,2,11,401)
r(169,1,11,401)
r(160,2,11,401)
r(169,1,11,401)
r(170,0,5,403)
r(169,1,5,403)
w(169,2,5,403)
r(158,2,5,403)
r(170,0,5,403)
w(170,1,5,403)
w(170,2,5,403)
w(170,3,16,405)
r(169,2,16,405)
w(169,3,16,405)
w(158,3,16,405)
r(170,3,16,405)
r(169,3,16,405)
r(171,0,16,405)
r(169,3,16,405)
r(171,0,16,407)
r(171,0,16,407)
r(171,0,16,407)
r(171,0,16,407)
w(173,1,16,407)
w(171,1,16,407)
w(171,2,8,409)
w(171,3,8,409)
r(173,1,8,409)
w(172,1,8,409)
r(173,1,8,409)
w(174,1,8,409)
w(173,2,8,409)
w(174,2,8,409)
r(166,1,5,411)
r(174,2,5,411)
r(172,1,5,411)
w(173,3,5,411)
r(174,2,5,411)
w(174,3,5,411)
w(175,1,5,411)
r(174,3,5,411)
r(174,3,14,413)
r(174,3,14,413)
r(160,2,14,413)
r(174,3,14,413)
w(175,2,14,413)
r(176,0,14,413)
w(172,2,14,413)
r(176,0,14,413)
w(176,1,14,415)
r(176,1,14,415)
r(172,2,14,415)
r(176,1,14,415)
r(176,1,16,417)
r(176,1,16,417)
r(176,1,16,417)
r(176,1,16,417)
r(176,1,16,417)
r(175,2,16,417)
r(166,1,16,417)
w(176,2,16,417)
w(176,3,9,419)
w(160,3,9,419)
r(175,2,9,419)
w(172,3,9,419)
r(175,2,9,419)
r(172,3,9,419)
r(177,0,5,421)
r(175,2,5,421)
r(166,1,5,421)
w(175,3,5,421)
r(175,3,5,421)
r(175,3,5,421)
r(177,0,5,421)
w(177,1,12,423)
w(178,1,12,423)
r(166,1,12,423)
r(160,3,12,423)
r(177,1,12,423)
w(179,1,12,423)
w(177,2,12,423)
w(177,3,12,423)
r(179,1,11,425)
r(178,1,11,425)
r(177,3,11,425)
w(179,2,11,425)
r(166,1,1,427)
r(180,0,1,427)
w(179,3,1,427)
w(180,1,1,427)
r(180,1,17,429)
r(178,1,17,429)
w(180,2,17,429)
r(180,2,17,429)
w(180,3,17,429)
r(181,0,17,429)
w(181,1,17,429)
r(182,0,17,429)
r(178,1,10,431)
r(181,1,10,431)
r(182,0,10,431)
r(178,1,10,431)
r(182,0,10,431)
w(182,1,8,433)
r(182,1,8,433)
r(181,1,8,433)
w(182,2,8,433)
w(182,3,8,433)
r(160,3,19,435)
w(166,2,19,435)
r(183,0,19,435)
r(183,0,19,435)
w(183,1,15,437)
r(178,1,15,437)
w(183,2,15,437)
w(183,3,15,437)
r(183,3,15,439)
r(183,3,15,439)
r(183,3,15,439)
w(184,1,15,439)
r(184,1,15,439)
r(178,1,12,441)
r(184,1,12,441)
r(184,1,12,441)
r(181,1,12,441)
r(184,1,12,441)
r(184,1,12,441)
w(184,2,8,443)
w(181,2,8,443)
w(178,2,8,443)
r(181,2,8,443)
r(184,2,8,443)
r(166,2,8,443)
w(181,3,8,443)
r(184,2,14,445)
r(184,2,14,445)
w(184,3,14,445)
r(184,3,14,445)
r(185,0,14,445)
r(185,0,14,445)
w(185,1,14,445)
w(185,2,7,447)
r(186,0,7,447)
r(186,0,7,447)
w(186,1,7,447)
r(160,3,7,447)
w(186,2,7,447)
w(185,3,7,447)
r(186,2,3,449)
r(186,2,3,449)
r(185,3,3,449)
r(160,3,3,449)
w(186,3,3,451)
r(187,0,3,451)
r(166,2,3,451)
w(188,1,3,451)
r(188,1,3,451)
w(187,1,3,451)
w(178,3,3,451)
r(188,1,4,453)
w(187,2,4,453)
w(187,3,4,453)
w(188,2,4,453)
r(178,3,4,453)
r(187,3,10,455)
w(190,1,10,455)
w(188,3,10,455)
r(190,1,10,455)
r(190,1,10,455)
w(190,2,8,457)
w(190,3,8,457)
w(189,1,8,457)
w(191,1,8,457)
w(191,2,8,457)
r(191,2,8,457)
r(192,0,8,457)
w(192,1,8,457)
w(166,3,13,459)
w(191,3,13,459)
r(192,1,13,459)
r(192,1,13,459)
r(192,1,13,459)
w(192,2,2,461)
r(191,3,2,461)
r(193,0,2,461)
w(193,1,2,461)
r(193,1,2,461)
w(192,3,2,461)
w(193,2,2,461)
r(194,0,2,461)
w(194,1,14,463)
r(193,2,14,463)
w(194,2,14,463)
r(194,2,14,463)
r(193,2,14,463)
w(194,3,0,465)
r(194,3,0,465)
w(189,2,0,465)
w(193,3,0,465)
r(196,0,0,465)
w(195,1,0,465)
w(196,1,0,465)
w(196,2,14,467)
w(195,2,14,467)
w(196,3,14,467)
r(196,3,14,467)
r(189,2,14,467)
r(198,0,14,467)
w(198,1,14,467)
r(198,1,18,469)
r(197,0,18,469)
r(198,1,18,469)
r(195,2,18,469)
r(198,1,18,469)
r(198,1,18,469)
w(197,1,7,471)
w(198,2,7,471)
w(198,3,7,471)
w(197,2,7,471)
r(199,0,7,471)
r(199,0,7,471)
r(197,2,2,473)
r(199,0,2,473)
r(197,2,2,473)
w(189,3,2,473)
w(199,1,2,473)
r(197,2,2,473)
w(199,2,2,473)
w(199,3,2,473)
r(189,3,5,475)
r(197,2,5,475)
r(200,0,5,475)
w(197,3,5,475)
r(201,0,5,475)
r(200,0,10,478)
w(195,3,10,478)
r(200,0,10,478)
r(200,0,10,478)
r(200,0,10,478)
r(197,3,10,478)
w(200,1,10,478)
r(200,1,4,479)
r(202,0,4,479)
r(200,1,4,479)
r(200,1,4,479)
r(200,1,4,479)
r(201,0,4,479)
r(202,0,3,481)
w(200,2,3,481)
w(202,1,3,481)
w(200,3,3,481)
w(202,2,12,483)
r(200,3,12,483)
w(204,1,12,483)
r(203,0,12,483)
r(204,1,12,483)
w(204,2,12,483)
w(204,3,12,483)
w(202,3,12,483)
r(204,3,5,485)
r(204,3,5,485)
r(204,3,5,485)
w(205,1,5,485)
w(205,2,5,485)
w(205,3,5,485)
r(204,3,18,488)
w(206,1,18,488)
r(207,0,18,488)
w(206,2,18,488)
r(206,2,18,488)
r(201,0,18,488)
r(160,3,18,488)
r(206,0,17,489)
r(206,0,17,489)
r(203,0,17,489)
w(203,1,17,489)
r(201,0,17,489)
w(201,1,17,489)
w(207,1,8,491)
w(206,3,8,491)
w(208,1,8,491)
r(208,1,8,491)
w(207,2,8,491)
r(207,2,8,491)
r(201,1,8,491)
w(207,3,8,491)
w(208,2,11,493)
r(208,2,11,493)
w(208,3,11,493)
r(207,3,11,493)
r(208,3,15,495)
r(208,3,15,495)
w(209,1,15,495)
w(201,2,15,495)
w(201,3,15,495)
r(207,3,15,495)
w(209,2,15,495)
r(203,1,15,495)
r(210,0,19,497)
r(209,2,19,497)
r(209,2,19,497)
w(209,3,19,497)
r(209,3,19,497)
r(203,1,19,497)
w(203,2,19,497)
r(201,3,19,497)
w(211,1,17,499)
r(211,1,17,499)
r(210,0,17,499)
w(211,2,17,499)
w(211,3,17,499)
r(212,0,17,499)
w(212,1,17,499)
r(212,1,5,501)
r(212,1,5,501)
r(210,0,5,501)
r(212,1,5,501)
w(210,1,5,501)
r(210,1,16,503)
w(212,2,16,503)
r(203,2,16,503)
r(212,2,16,503)
r(212,2,16,503)
r(213,0,16,503)
w(214,1,16,503)
w(203,3,16,503)
r(210,1,1,505)
r(203,3,1,505)
w(212,3,1,505)
r(210,1,1,505)
r(210,1,1,505)
r(212,3,1,505)
w(213,1,1,505)
r(212,3,1,505)
r(212,3,1,507)
r(210,1,1,507)
r(213,1,1,507)
r(210,1,1,507)
r(212,3,1,507)
r(213,1,11,509)
r(212,3,11,509)
r(212,3,11,509)
r(212,3,11,509)
r(210,1,11,509)
r(212,3,11,509)
w(215,1,10,511)
w(210,2,10,511)
w(215,2,10,511)
w(213,2,10,511)
w(210,3,7,515)
w(215,3,7,515)
r(210,3,7,515)
w(216,1,7,515)
w(217,1,7,515)
r(216,1,7,515)
r(216,1,6,518)
r(216,1,6,518)
r(213,2,6,518)
r(216,1,6,518)
w(216,3,6,518)
w(213,3,16,519)
r(216,1,16,519)
w(217,2,16,519)
r(218,0,16,519)
w(217,3,16,519)
r(218,0,16,519)
w(218,1,16,519)
r(214,1,13,521)
w(218,2,13,521)
r(217,3,13,521)
r(218,2,13,521)
w(218,3,13,521)
r(220,0,13,521)
r(220,0,13,521)
w(219,1,13,521)
w(220,1,5,523)
w(219,2,5,523)
w(219,3,5,523)
w(220,2,5,523)
r(220,2,0,525)
r(217,3,0,525)
r(220,2,0,525)
r(217,3,0,525)
w(220,3,0,525)
r(217,3,16,527)
r(220,3,16,527)
r(219,3,16,527)
r(220,3,16,527)
r(217,3,16,527)
r(221,0,16,527)
w(222,1,16,527)
r(221,0,0,529)
w(222,2,0,529)
r(222,2,0,529)
r(222,2,0,529)
r(222,2,0,529)
w(222,3,0,529)
w(221,1,15,531)
r(222,3,15,531)
w(223,1,15,531)
r(203,3,15,531)
w(224,1,11,533)
w(224,2,11,533)
w(223,2,11,533)
w(224,3,11,533)
r(224,3,11,533)
r(224,3,11,533)
r(221,1,17,535)
r(203,3,17,535)
r(221,1,17,535)
r(214,1,17,535)
r(224,3,17,535)
w(221,2,10,537)
r(221,2,10,537)
r(214,1,10,537)
r(225,0,10,537)
w(225,1,10,537)
r(221,2,19,539)
r(223,2,19,539)
w(225,2,19,539)
w(225,3,19,539)
w(221,3,19,539)
r(225,3,19,539)
r(225,3,19,539)
w(223,3,6,541)
r(226,0,6,541)
w(226,1,6,541)
r(226,1,6,541)
w(226,2,6,541)
r(214,1,6,541)
r(226,2,6,541)
r(226,2,14,543)
r(226,2,14,543)
w(226,3,14,543)
w(214,2,14,543)
w(227,1,14,543)
w(227,2,14,543)
r(228,0,14,543)
r(214,2,3,545)
w(227,3,3,545)
w(228,1,3,545)
r(227,3,3,545)
r(227,3,2,548)
w(228,2,2,548)
r(228,2,2,548)
r(227,3,2,548)
r(227,3,2,548)
w(231,1,3,551)
r(230,0,3,551)
r(230,0,3,551)
r(230,0,3,551)
r(229,0,3,551)
r(230,0,3,551)
r(229,0,3,551)
r(231,1,3,551)
r(231,1,8,553)
w(231,2,8,553)
r(230,0,8,553)
w(230,2,8,553)
r(232,0,8,553)
w(230,3,13,555)
w(231,3,13,555)
r(231,3,13,555)
r(230,3,13,555)
r(230,3,13,555)
w(229,2,16,557)
w(233,1,16,557)
w(232,1,16,557)
r(232,1,16,557)
r(233,1,0,559)
w(234,1,0,559)
w(229,3,0,559)
r(229,3,0,559)
w(234,2,0,561)
w(233,2,0,561)
r(233,2,0,561)
r(229,3,0,561)
r(233,2,0,561)
r(233,2,0,561)
w(232,2,0,561)
w(233,3,0,561)
w(236,1,14,563)
w(234,3,14,563)
r(235,0,14,563)
r(235,0,14,563)
w(236,2,14,563)
w(236,3,13,565)
w(232,3,13,565)
r(238,0,13,565)
r(238,0,13,565)
w(238,1,15,567)
r(238,1,15,567)
r(238,1,15,567)
w(237,1,15,567)
r(238,1,15,567)
r(237,1,15,567)
r(238,1,15,567)
w(238,2,15,567)
w(238,3,5,569)
r(235,0,5,569)
w(239,1,5,569)
r(235,0,5,569)
r(235,0,5,569)
w(239,2,5,569)
r(235,0,5,569)
w(235,1,6,571)
w(235,2,6,571)
r(235,2,6,571)
r(235,2,6,571)
r(235,2,14,573)
w(235,3,14,573)
w(239,3,14,573)
r(235,3,14,573)
r(214,2,14,573)
r(235,3,14,573)
w(241,1,14,575)
r(241,1,14,575)
w(241,2,14,575)
r(235,3,14,575)
r(235,3,11,577)
w(241,3,11,577)
r(241,3,11,577)
r(237,1,11,577)
r(235,3,11,577)
r(242,0,11,577)
r(242,0,19,579)
r(214,2,19,579)
w(242,1,19,579)
r(242,1,19,579)
w(237,2,2,581)
w(242,2,2,581)
r(242,2,2,581)
r(243,0,2,581)
w(242,3,2,581)
r(243,0,11,583)
w(244,1,11,583)
w(237,3,11,583)
r(240,0,11,583)
w(243,1,11,585)
w(244,2,11,585)
r(244,2,11,585)
w(244,3,11,585)
r(244,3,18,587)
w(243,2,18,587)
r(244,3,18,587)
r(243,2,18,587)
r(244,3,18,587)
r(243,2,18,587)
r(245,0,5,589)
r(240,0,5,589)
r(243,2,5,589)
r(245,0,5,589)
w(245,1,7,591)
r(243,2,7,591)
w(246,1,7,591)
r(245,1,7,591)
w(245,2,7,591)
w(240,1,3,593)
w(243,3,3,593)
r(245,2,3,593)
r(245,2,3,593)
r(247,0,17,596)
r(240,1,17,596)
w(245,3,17,596)
r(245,3,17,596)
r(247,0,12,597)
w(247,1,12,597)
w(247,2,12,597)
w(247,3,12,597)
r(214,2,12,597)
r(248,0,12,597)
r(248,0,12,597)
r(248,0,8,599)
r(247,3,8,599)
w(246,2,8,599)
r(247,3,8,599)
r(248,0,6,601)
w(248,1,6,601)
r(249,0,6,601)
r(248,1,6,601)
r(248,1,10,603)
w(248,2,10,603)
w(246,3,10,603)
r(248,2,10,603)
w(248,3,10,603)
w(249,1,10,603)
r(250,0,13,605)
w(250,1,13,605)
r(249,1,13,605)
w(250,2,13,605)
r(249,1,13,605)
w(250,3,13,605)
r(249,1,13,605)
r(249,1,13,605)
r(250,3,11,607)
r(252,0,11,607)
w(251,1,11,607)
r(252,0,11,607)
r(249,1,11,607)
w(249,2,11,607)
w(252,1,11,607)
r(252,1,5,609)
r(249,2,5,609)
w(251,2,5,609)
r(252,1,5,609)
w(252,2,5,609)
r(249,2,5,609)
w(252,3,5,609)
r(252,3,5,609)
r(252,3,15,611)
w(240,2,15,611)
r(240,2,15,611)
r(249,2,15,611)
w(253,1,15,611)
r(253,1,15,611)
w(253,2,15,611)
r(253,2,11,613)
r(251,2,11,613)
r(253,2,11,613)
r(251,2,11,613)
r(253,2,11,613)
w(240,3,11,613)
r(249,2,18,615)
w(251,3,18,615)
w(253,3,18,615)
r(214,2,18,615)
w(249,3,18,615)
r(240,3,6,617)
r(253,3,6,617)
r(249,3,6,617)
w(254,1,6,617)
r(254,1,6,619)
r(249,3,6,619)
r(254,1,6,619)
w(254,2,6,619)
r(249,3,18,621)
r(256,0,18,621)
w(254,3,18,621)
w(257,1,18,621)
r(254,3,18,621)
r(255,0,18,621)
w(255,1,18,621)
w(258,1,9,623)
w(258,2,9,623)
r(258,2,9,623)
w(257,2,9,623)
w(258,3,9,623)
r(258,3,9,623)
r(255,1,10,625)
r(258,3,10,625)
r(258,3,10,625)
w(257,3,10,625)
r(259,0,10,625)
w(256,1,9,627)
r(255,1,9,627)
r(260,0,9,627)
r(260,0,9,627)
r(259,0,9,627)
r(260,0,10,630)
r(260,0,10,630)
r(259,0,10,630)
r(256,1,10,630)
w(214,3,10,630)
r(260,0,12,631)
w(260,1,12,631)
r(259,0,12,631)
r(259,0,12,631)
w(260,2,12,631)
w(260,3,12,631)
r(259,0,12,631)
r(261,0,12,631)
w(259,1,4,633)
w(261,1,4,633)
w(259,2,4,633)
w(259,3,4,633)
r(261,1,5,635)
w(261,2,5,635)
w(255,2,5,635)
r(261,2,5,635)
w(261,3,5,635)
r(261,3,5,635)
w(255,3,7,637)
w(263,1,7,637)
w(263,2,7,637)
w(263,3,7,637)
r(264,0,7,637)
r(265,0,7,637)
w(265,1,7,637)
w(265,2,10,639)
w(264,1,10,639)
w(264,2,10,639)
w(264,3,10,639)
r(265,2,10,639)
w(256,2,10,639)
w(265,3,15,641)
r(265,3,15,641)
r(266,0,15,641)
w(267,1,15,641)
r(266,0,15,641)
r(267,1,15,641)
w(266,1,15,641)
r(267,1,15,641)
w(266,2,3,643)
r(256,2,3,643)
r(267,1,3,643)
w(266,3,3,643)
w(267,2,17,645)
r(266,3,17,645)
r(267,2,17,645)
w(268,1,17,645)
r(266,3,13,647)
w(267,3,13,647)
r(269,0,13,647)
r(270,0,13,647)
r(268,1,13,647)
w(270,1,13,647)
w(269,1,13,647)
w(269,2,9,649)
r(269,2,9,649)
r(269,2,9,649)
w(269,3,9,649)
r(270,1,9,649)
w(271,1,9,649)
w(270,2,9,649)
w(271,2,3,651)
w(271,3,3,651)
r(268,1,3,651)
w(268,2,3,651)
r(270,2,3,651)
r(268,2,3,651)
w(268,3,3,651)
w(262,1,3,651)
w(272,1,12,653)
r(270,2,12,653)
r(262,1,12,653)
w(272,2,12,653)
r(272,2,12,653)
w(256,3,10,655)
r(272,2,10,655)
w(272,3,10,655)
r(270,2,10,655)
r(272,3,10,655)
r(270,2,10,655)
r(272,3,10,655)
w(270,3,10,655)
r(273,0,18,657)
r(274,0,18,657)
r(270,3,18,657)
r(274,0,18,657)
r(270,3,18,657)
w(274,1,18,657)
r(273,0,18,657)
w(274,2,11,659)
w(274,3,11,659)
r(268,3,11,659)
r(274,3,11,659)
r(270,3,11,659)
r(270,3,11,659)
r(270,3,11,659)
w(276,1,12,661)
w(275,1,12,661)
w(276,2,12,661)
w(275,2,12,661)
w(275,3,12,661)
r(275,3,8,663)
w(276,3,8,663)
r(275,3,8,663)
w(277,1,8,663)
r(268,3,8,663)
r(277,1,8,663)
w(277,2,14,665)
w(278,1,14,665)
w(278,2,14,665)
r(278,2,14,665)
r(278,2,14,665)
w(277,3,14,665)
r(278,2,14,665)
r(278,2,14,665)
r(278,2,5,667)
w(278,3,5,667)
w(280,1,5,667)
r(273,0,5,667)
r(280,1,5,667)
w(280,2,5,667)
r(280,2,3,669)
w(262,2,3,669)
r(277,3,3,669)
w(280,3,3,669)
w(281,1,3,669)
r(280,3,3,669)
r(281,1,3,669)
r(282,0,3,669)
r(282,0,14,671)
w(282,1,14,671)
w(281,2,14,671)
r(282,1,14,671)
r(279,0,14,671)
r(281,2,14,671)
w(282,2,14,671)
w(281,3,13,673)
w(282,3,13,673)
r(279,0,13,673)
w(283,1,13,673)
w(262,3,13,673)
r(279,0,13,673)
w(283,2,13,673)
w(283,3,13,673)
r(283,3,13,675)
r(284,0,13,675)
r(279,0,13,675)
w(284,1,13,675)
w(284,2,13,675)
r(285,0,13,675)
w(279,1,18,677)
r(284,2,18,677)
w(285,1,18,677)
w(284,3,18,677)
r(279,1,18,677)
w(286,1,9,680)
r(286,1,9,680)
w(286,2,9,680)
r(286,2,9,680)
r(285,1,9,680)
w(285,2,9,680)
r(286,2,0,681)
r(285,2,0,681)
w(286,3,0,681)
r(286,3,0,681)
w(285,3,0,681)
r(288,0,0,681)
w(288,1,4,683)
r(289,0,4,683)
w(289,1,4,683)
r(289,1,4,683)
r(288,1,14,685)
w(289,2,14,685)
r(289,2,14,685)
r(288,1,14,685)
r(288,1,14,685)
r(288,1,14,685)
r(289,2,11,687)
w(288,2,11,687)
r(289,2,11,687)
r(289,2,11,687)
r(288,2,11,687)
w(273,1,11,687)
w(279,2,11,687)
r(289,2,11,687)
w(289,3,18,689)
r(288,2,18,689)
r(288,2,18,689)
r(288,2,18,689)
w(287,1,18,689)
r(288,2,18,689)
r(290,0,18,689)
w(290,1,4,691)
r(290,1,4,691)
r(288,2,4,691)
w(288,3,4,691)
r(290,1,4,691)
r(290,1,4,691)
w(279,3,4,691)
w(290,2,19,693)
r(290,2,19,693)
w(290,3,19,693)
r(292,0,19,693)
w(292,1,19,693)
r(291,0,19,693)
w(292,2,13,695)
w(292,3,13,695)
w(291,1,13,695)
r(292,3,13,695)
r(294,0,13,695)
r(291,1,12,697)
r(294,0,12,697)
r(294,0,12,697)
r(287,1,12,697)
w(293,1,12,697)
w(291,2,12,697)
w(294,1,12,697)
r(294,1,12,697)
r(291,2,4,699)
w(294,2,4,699)
r(294,2,4,699)
r(294,2,4,699)
r(294,2,4,699)
r(294,2,5,701)
r(293,1,5,701)
r(291,2,5,701)
r(291,2,5,701)
w(294,3,5,701)
r(295,0,5,701)
r(291,2,5,701)
w(295,1,3,703)
r(295,1,3,703)
r(295,1,3,703)
r(295,1,3,703)
r(291,2,3,703)
r(291,2,3,703)
r(293,1,17,705)
r(291,2,17,705)
r(291,2,17,705)
w(273,2,17,705)
r(295,1,17,705)
w(291,3,3,707)
w(295,2,3,707)
w(295,3,3,707)
r(293,1,3,707)
r(291,3,3,707)
r(296,0,17,709)
w(296,1,17,709)
r(296,1,17,709)
w(296,2,17,709)
w(296,3,17,709)
w(293,2,17,709)
r(297,0,17,709)
w(297,1,17,709)
w(297,2,13,711)
w(297,3,13,711)
r(296,3,13,711)
r(298,0,13,711)
w(273,3,10,713)
w(298,1,10,713)
r(298,1,10,713)
w(298,2,10,713)
r(298,2,10,713)
r(298,2,10,713)
w(293,3,10,713)
r(298,2,3,715)
w(298,3,3,715)
r(293,3,3,715)
r(297,3,3,715)
r(293,3,3,715)
r(298,3,3,715)
r(298,3,3,715)
r(300,0,3,715)
r(299,0,0,717)
w(299,1,0,717)
w(300,1,0,717)
w(299,2,0,717)
w(300,2,13,719)
w(299,3,13,719)
w(300,3,13,719)
r(299,3,13,719)
w(302,1,13,719)
w(302,2,13,719)
r(299,3,13,719)
w(302,3,13,719)
r(302,3,6,721)
r(299,3,6,721)
r(302,3,6,721)
w(301,1,6,721)
r(299,3,6,721)
r(299,3,6,721)
w(304,1,6,721)
r(304,1,6,723)
w(304,2,6,723)
r(299,3,6,723)
r(304,2,6,723)
w(301,2,6,723)
r(301,2,6,723)
r(301,2,10,725)
r(301,2,10,725)
r(301,2,10,725)
r(303,0,10,725)
w(304,3,10,725)
r(301,2,10,725)
r(305,0,10,727)
r(305,0,10,727)
r(304,3,10,727)
r(304,3,10,727)
r(303,0,10,727)
w(306,1,10,727)
r(305,0,10,727)
r(306,1,10,727)
w(306,2,1,729)
w(306,3,1,729)
w(301,3,1,729)
r(305,0,1,729)
w(305,1,11,731)
w(305,2,11,731)
r(305,2,11,731)
w(307,1,11,731)
r(307,1,11,731)
r(307,1,11,731)
r(307,1,11,731)
r(307,1,6,733)
r(303,0,6,733)
w(307,2,6,733)
w(307,3,6,733)
w(305,3,9,735)
r(309,0,9,735)
w(309,1,9,735)
r(309,1,9,735)
r(309,1,16,737)
r(309,1,16,737)
w(309,2,16,737)
r(309,2,16,737)
r(309,2,16,737)
r(309,2,14,739)
r(310,0,14,739)
r(287,1,14,739)
r(310,0,14,739)
r(309,2,14,739)
r(308,0,14,739)
w(310,1,14,739)
w(309,3,14,739)
r(309,3,8,741)
r(309,3,8,741)
r(309,3,8,741)
r(311,0,8,741)
w(310,2,8,741)
w(311,1,8,741)
r(303,0,8,743)
w(310,3,8,743)
w(311,2,8,743)
w(311,3,8,743)
w(308,1,8,743)
r(311,3,8,743)
r(311,3,12,745)
r(312,0,12,745)
r(310,3,12,745)
r(308,1,12,745)
r(312,0,12,745)
r(313,0,12,745)
r(312,0,16,747)
w(313,1,16,747)
w(312,1,16,747)
r(312,1,16,747)
r(312,1,16,747)
r(312,1,1,749)
w(313,2,1,749)
r(308,1,1,749)
r(312,1,1,749)
w(312,2,1,749)
r(312,2,1,749)
r(308,1,1,749)
w(308,2,11,751)
r(308,2,11,751)
w(312,3,11,751)
r(313,2,11,751)
w(308,3,11,751)
w(314,1,11,751)
w(287,2,4,753)
w(313,3,4,753)
r(313,3,4,753)
r(313,3,4,753)
r(314,1,4,753)
r(303,0,4,753)
r(308,3,4,753)
r(313,3,4,753)
r(314,1,16,755)
r(314,1,16,755)
r(314,1,16,755)
r(314,1,16,755)
r(314,1,4,757)
r(313,3,4,757)
w(314,2,4,757)
r(313,3,4,757)
r(314,2,4,757)
w(315,1,11,759)
w(314,3,11,759)
r(314,3,11,759)
r(303,0,11,759)
r(317,0,11,759)
r(317,0,11,759)
w(316,1,11,759)
w(316,2,11,761)
r(303,0,11,761)
r(316,2,11,761)
w(317,1,11,761)
w(317,2,11,761)
w(316,3,11,761)
r(317,2,11,761)
w(318,1,0,763)
w(318,2,0,763)
r(317,2,0,763)
w(317,3,0,763)
r(318,2,2,765)
r(318,2,2,765)
r(318,2,2,765)
w(319,1,2,765)
w(318,3,2,765)
r(320,0,2,765)
w(319,2,2,765)
r(319,2,17,767)
w(319,3,17,767)
r(320,0,17,767)
r(320,0,17,767)
r(319,3,17,767)
w(320,1,17,767)
r(320,1,17,767)
r(319,3,16,769)
w(320,2,16,769)
r(315,1,16,769)
w(320,3,16,769)
r(321,0,16,769)
r(321,0,16,769)
r(321,0,16,769)
r(321,0,15,771)
w(287,3,15,771)
r(321,0,15,771)
w(322,1,15,771)
r(321,0,15,771)
r(322,1,15,771)
r(321,0,13,773)
r(322,1,13,773)
w(321,1,13,773)
w(321,2,13,773)
r(303,0,13,773)
r(322,1,13,773)
w(321,3,1,775)
w(315,2,1,775)
r(303,0,1,775)
w(323,1,1,775)
r(323,1,1,775)
r(303,0,12,777)
w(323,2,12,777)
w(322,2,12,777)
r(323,2,12,777)
r(322,2,12,777)
w(303,1,12,777)
w(323,3,12,777)
r(323,3,12,777)
w(324,1,19,779)
r(322,2,19,779)
r(324,1,19,779)
w(322,3,19,779)
r(315,2,19,779)
w(324,2,2,782)
w(324,3,2,782)
w(325,1,2,782)
w(315,3,2,782)
w(325,2,2,782)
r(326,0,2,782)
r(326,0,2,782)
r(326,0,2,782)
w(326,1,7,785)
r(327,0,7,785)
r(327,0,7,785)
r(327,0,7,785)
w(326,2,7,785)
w(327,2,7,785)
w(326,3,7,785)
w(327,3,11,787)
w(328,1,11,787)
r(287,3,11,787)
w(329,1,11,787)
r(329,1,9,789)
r(329,1,9,789)
w(329,2,9,789)
w(328,2,9,789)
w(329,3,9,789)
r(329,3,9,789)
r(303,1,9,789)
r(329,3,9,789)
r(331,0,7,791)
r(331,0,7,791)
w(330,1,7,791)
w(331,1,7,791)
w(331,2,7,791)
r(328,2,7,791)
r(328,2,15,793)
w(331,3,15,793)
r(331,3,15,793)
r(331,3,15,793)
r(331,3,15,793)
w(328,3,15,793)
r(331,3,15,793)
r(330,1,15,793)
w(333,1,19,795)
w(333,2,19,795)
r(303,1,19,795)
r(332,0,19,795)
w(330,2,14,797)
r(332,0,14,797)
r(333,2,14,797)
w(333,3,14,797)
r(332,0,14,797)
w(332,1,14,797)
w(330,3,14,797)
r(332,1,14,797)
w(303,3,10,799)
w(334,1,10,799)
r(334,1,10,799)
w(334,2,10,799)
w(332,2,19,801)
w(334,3,19,801)
r(332,2,19,801)
r(332,2,19,801)
r(330,3,19,801)
r(332,2,19,801)
r(334,3,19,801)
r(334,3,12,803)
r(334,3,12,803)
r(334,3,12,803)
w(335,1,12,803)
r(332,2,7,805)
w(332,3,7,805)
r(332,3,7,805)
r(332,3,7,805)
w(335,2,0,807)
r(335,2,0,807)
w(336,1,0,807)
w(336,2,0,807)
w(335,3,0,807)
r(335,3,6,809)
r(332,3,6,809)
r(336,2,6,809)
w(336,3,6,809)
r(337,0,6,809)
r(337,0,1,811)
r(337,0,1,811)
r(338,0,1,811)
r(338,0,1,811)
w(338,1,1,811)
w(339,1,1,811)
r(337,0,15,814)
r(339,1,15,814)
w(337,2,15,814)
r(337,2,15,814)
r(338,1,7,817)
w(337,3,7,817)
r(338,1,7,817)
w(338,2,7,817)
r(338,2,7,817)
w(338,3,7,817)
w(339,2,7,817)
r(338,3,7,817)
r(337,3,13,819)
r(339,2,13,819)
r(338,3,13,819)
r(338,3,13,819)
r(338,3,16,821)
w(342,1,16,821)
r(337,3,16,821)
r(337,3,16,821)
r(342,1,16,821)
r(342,1,16,821)
w(342,2,16,821)
w(339,3,16,821)
r(342,2,4,823)
r(342,2,4,823)
r(340,0,4,823)
r(340,0,4,823)
r(344,0,4,823)
r(343,0,4,823)
w(342,3,4,823)
r(344,0,1,825)
r(344,0,1,825)
w(344,1,1,825)
r(342,3,1,825)
r(342,3,1,825)
r(345,0,14,827)
w(344,2,14,827)
r(343,0,14,827)
w(345,1,14,827)
r(343,0,14,827)
w(345,2,14,827)
w(343,1,14,827)
w(343,2,14,827)
w(343,3,8,829)
r(345,2,8,829)
w(345,3,8,829)
w(346,1,8,829)
r(345,3,10,831)
r(345,3,10,831)
r(345,3,10,831)
r(344,2,10,831)
r(346,1,10,831)
w(346,2,10,831)
r(346,2,9,833)
w(347,1,9,833)
w(347,2,9,833)
w(344,3,9,833)
r(347,2,9,833)
w(347,3,9,833)
r(341,0,9,833)
r(340,0,11,835)
r(340,0,11,835)
w(346,3,11,835)
w(340,2,11,835)
r(344,3,11,835)
r(348,0,11,835)
r(348,0,19,837)
r(348,0,19,837)
w(349,1,19,837)
r(349,1,19,837)
r(348,0,19,837)
w(348,1,19,837)
w(348,2,19,837)
r(348,2,19,837)
w(348,3,1,839)
w(350,1,1,839)
w(350,2,1,839)
r(351,0,1,839)
r(350,2,1,839)
w(351,1,3,841)
r(351,1,3,841)
w(350,3,3,841)
w(351,2,3,841)
w(349,2,3,841)
w(349,3,3,841)
w(351,3,3,841)
r(351,3,3,844)
r(349,3,3,844)
r(351,3,3,844)
r(352,0,3,844)
w(353,1,3,844)
w(352,2,1,847)
r(353,1,1,847)
r(352,2,1,847)
w(340,3,1,847)
w(352,3,1,847)
w(353,3,1,847)
r(352,3,1,847)
w(354,1,7,849)
r(355,0,7,849)
w(355,1,7,849)
w(354,2,7,849)
w(354,3,7,849)
r(355,1,7,849)
w(355,2,19,851)
w(355,3,19,851)
r(356,0,19,851)
w(357,1,19,851)
w(356,1,19,851)
r(354,3,19,851)
w(357,2,19,851)
r(354,3,2,853)
r(357,2,2,853)
w(356,2,2,853)
w(356,3,2,853)
w(357,3,2,853)
r(341,0,2,853)
r(358,0,2,853)
r(359,0,2,853)
w(359,1,13,855)
r(359,1,13,855)
r(358,0,13,855)
w(359,2,13,855)
r(359,2,13,855)
w(359,3,13,855)
r(356,3,13,855)
w(360,1,13,855)
w(358,1,17,857)
r(360,1,17,857)
w(358,2,17,857)
w(358,3,17,857)
w(360,2,17,857)
w(360,3,17,857)
w(361,1,17,857)
r(359,3,17,857)
w(362,1,19,859)
r(341,0,19,859)
w(363,1,19,859)
r(363,1,19,859)
w(362,2,18,861)
r(362,2,18,861)
r(361,1,18,861)
w(362,3,18,861)
w(363,2,18,861)
r(340,3,18,861)
w(364,1,18,861)
r(364,1,18,861)
w(361,2,14,863)
r(364,1,14,863)
w(364,2,14,863)
r(341,0,14,863)
w(364,3,14,863)
r(363,2,14,863)
w(363,3,14,863)
r(364,3,10,865)
r(340,3,10,865)
w(366,1,10,865)
r(366,1,10,865)
w(365,1,10,865)
w(366,2,10,865)
r(365,1,10,865)
w(365,2,10,865)
r(365,2,13,867)
r(366,2,13,867)
r(366,2,13,867)
r(366,2,13,867)
w(366,3,13,867)
w(365,3,18,870)
r(366,3,18,870)
r(366,3,18,870)
r(366,3,18,870)
r(366,3,18,870)
r(366,3,18,870)
r(367,0,2,871)
w(367,1,2,871)
r(361,2,2,871)
r(367,1,2,871)
r(367,1,2,871)
r(365,2,2,871)
w(367,2,2,871)
w(367,3,2,871)
r(369,0,3,873)
w(369,1,3,873)
r(367,3,3,873)
r(369,1,3,873)
w(370,1,3,873)
r(361,2,3,873)
r(370,1,3,873)
w(368,1,3,873)
r(370,1,4,875)
r(370,1,4,875)
w(361,3,4,875)
r(370,1,4,875)
r(369,1,4,875)
r(370,1,4,875)
r(369,1,4,875)
w(369,2,4,875)
w(369,3,11,877)
w(370,2,11,877)
r(371,0,11,877)
w(370,3,11,877)
r(372,0,10,879)
w(371,1,10,879)
w(372,1,10,879)
w(373,1,10,879)
w(371,2,9,881)
r(372,1,9,881)
r(373,1,9,881)
r(372,1,9,881)
r(341,0,14,883)
w(373,2,14,883)
w(372,2,14,883)
r(372,2,14,883)
w(372,3,14,883)
w(373,3,19,885)
w(371,3,19,885)
w(375,1,19,885)
r(371,3,19,885)
w(374,1,19,885)
w(375,2,19,885)
w(375,3,19,885)
r(374,1,19,885)
r(374,1,17,887)
r(374,1,17,887)
r(368,1,17,887)
r(341,0,17,887)
w(374,2,17,887)
w(374,3,17,887)
r(376,0,17,887)
r(377,0,17,887)
w(377,1,15,891)
w(376,1,15,891)
w(378,1,15,891)
r(377,1,15,891)
r(376,1,15,891)
r(377,1,15,891)
r(376,1,15,891)
r(378,1,15,891)
r(378,1,14,893)
w(376,3,14,893)
w(341,1,14,893)
r(379,0,14,893)
r(378,1,13,895)
w(379,1,13,895)
r(378,1,13,895)
r(378,1,13,895)
r(377,1,13,895)
w(379,2,13,895)
w(379,3,13,895)
r(341,1,13,895)
r(378,1,3,897)
w(377,2,3,897)
r(377,2,3,897)
w(380,1,3,897)
w(380,2,3,897)
w(380,3,12,899)
r(380,3,12,899)
r(377,2,12,899)
r(381,0,12,899)
w(381,1,12,899)
w(381,2,12,899)
r(381,2,11,901)
w(381,3,11,901)
r(381,3,11,901)
w(368,2,11,901)
r(378,1,11,901)
r(377,2,11,901)
w(378,3,11,901)
w(341,2,11,901)
r(377,2,10,903)
w(368,3,10,903)
r(377,2,10,903)
r(382,0,10,903)
w(382,1,14,905)
r(377,2,14,905)
w(377,3,14,905)
w(383,1,14,905)
r(384,0,7,907)
w(382,2,7,907)
r(382,2,7,907)
r(382,2,7,907)
r(382,2,7,907)
w(383,2,7,907)
w(383,3,7,907)
r(378,3,3,909)
r(382,2,3,909)
r(385,0,3,909)
w(382,3,3,909)
r(382,3,3,909)
w(385,1,3,909)
r(385,1,8,911)
r(382,3,8,911)
w(386,1,8,911)
w(341,3,8,911)
r(386,1,8,911)
r(386,1,8,911)
w(386,2,8,911)
r(384,0,8,913)
w(385,2,8,913)
w(386,3,8,913)
r(386,3,8,913)
r(386,3,15,915)
r(385,2,15,915)
r(387,0,15,915)
w(387,1,15,915)
r(387,1,15,915)
w(387,2,15,915)
r(341,3,15,915)
r(387,2,15,915)
r(387,2,12,917)
r(385,2,12,917)
r(387,2,12,917)
w(387,3,12,917)
r(385,2,12,917)
r(387,3,12,917)
r(387,3,9,919)
r(387,3,9,919)
r(385,2,9,919)
r(385,2,9,919)
r(389,0,3,921)
w(388,1,3,921)
r(389,0,3,921)
w(389,1,3,921)
w(385,3,3,921)
r(389,1,3,921)
w(389,2,3,921)
w(388,2,7,923)
r(385,3,7,923)
w(389,3,7,923)
w(391,1,7,923)
r(391,1,7,923)
w(390,1,7,923)
r(391,1,7,923)
r(391,1,7,923)
r(391,1,16,925)
w(391,2,16,925)
w(390,2,16,925)
w(391,3,16,925)
r(391,3,16,925)
r(384,0,16,925)
w(390,3,16,925)
r(393,0,6,927)
w(388,3,6,927)
w(393,1,6,927)
w(393,2,6,927)
r(393,2,6,929)
w(393,3,6,929)
r(393,3,6,929)
w(384,1,6,929)
r(388,3,6,929)
r(390,3,6,929)
r(393,3,6,929)
r(388,3,16,931)
r(388,3,16,931)
w(395,1,16,931)
r(394,0,16,931)
r(394,0,2,933)
w(395,2,2,933)
r(394,0,2,933)
r(396,0,2,933)
r(396,0,2,933)
w(384,2,6,935)
r(396,0,6,935)
r(394,0,6,935)
r(396,0,6,935)
w(394,1,6,935)
r(396,0,6,935)
w(396,1,13,937)
r(396,1,13,937)
w(394,2,13,937)
r(394,2,13,937)
r(396,1,13,937)
w(395,3,11,939)
w(396,2,11,939)
r(396,2,11,939)
w(394,3,11,939)
r(394,3,3,941)
w(384,3,3,941)
r(396,2,3,941)
r(397,0,3,941)
w(396,3,3,941)
r(396,3,3,941)
r(398,0,3,941)
w(397,1,3,943)
w(398,1,3,943)
r(398,1,3,943)
w(397,2,3,943)
r(396,3,3,943)
w(399,1,3,943)
r(384,3,3,943)
r(399,1,3,943)
r(397,2,2,945)
w(399,2,2,945)
w(397,3,2,945)
w(399,3,2,945)
w(398,2,2,945)
w(401,1,2,945)
w(401,2,7,947)
w(401,3,7,947)
r(392,0,7,947)
w(402,1,7,947)
r(398,2,7,947)
r(397,3,7,947)
r(402,1,7,947)
w(402,2,7,947)
r(402,2,12,949)
w(402,3,12,949)
r(402,3,12,949)
r(404,0,12,949)
w(403,1,12,949)
r(398,2,12,949)
r(403,1,17,951)
r(392,0,17,951)
w(404,1,17,951)
w(404,2,17,951)
r(403,1,17,951)
r(403,1,17,951)
r(404,2,15,953)
r(403,1,15,953)
w(398,3,15,953)
w(404,3,15,953)
r(405,0,15,953)
w(403,2,10,955)
r(403,2,10,955)
r(405,0,10,955)
r(405,0,10,955)
r(405,0,10,955)
r(398,3,11,957)
r(403,2,11,957)
w(403,3,11,957)
r(406,0,11,957)
w(400,1,11,957)
w(400,2,11,957)
w(406,1,17,959)
w(406,2,17,959)
w(405,1,17,959)
w(406,3,17,959)
w(392,1,10,961)
r(392,1,10,961)
r(405,1,10,961)
r(408,0,10,961)
r(408,0,10,961)
r(408,0,5,963)
w(407,1,5,963)
r(407,1,5,963)
r(408,0,5,963)
w(408,1,2,966)
r(408,1,2,966)
r(408,1,2,966)
r(405,1,2,966)
r(408,1,2,966)
r(408,1,7,967)
r(400,2,7,967)
r(408,1,7,967)
w(400,3,7,967)
r(407,1,7,967)
r(405,1,9,969)
w(407,2,9,969)
r(405,1,9,969)
w(408,2,9,969)
r(408,2,9,969)
r(405,1,5,971)
w(408,3,5,971)
r(400,3,5,971)
r(409,0,5,971)
w(409,1,5,971)
w(409,2,5,971)
r(405,1,5,971)
w(405,2,5,971)
w(405,3,0,973)
w(407,3,0,973)
r(409,2,0,973)
r(409,2,0,973)
w(409,3,0,973)
r(409,3,0,973)
r(409,3,0,973)
r(392,1,1,975)
r(412,0,1,975)
r(392,1,1,975)
w(412,1,1,975)
w(412,2,1,975)
r(409,3,1,975)
r(409,3,15,977)
w(411,1,15,977)
r(409,3,15,977)
w(412,3,15,977)
w(411,2,15,977)
r(409,3,15,977)
r(411,2,15,977)
r(412,3,10,979)
r(412,3,10,979)
r(409,3,10,979)
w(410,1,10,979)
