w(2,1,9,1)
w(4,1,9,1)
w(2,2,9,1)
r(4,1,9,1)
w(3,1,7,3)
w(4,2,7,3)
r(3,1,7,3)
r(4,2,7,3)
w(4,3,3,6)
r(3,1,3,6)
w(3,2,3,6)
w(3,3,3,6)
r(3,3,3,6)
r(3,3,3,6)
r(4,2,18,7)
w(1,1,18,7)
w(1,2,18,7)
r(4,2,18,7)
r(2,2,8,9)
w(5,1,8,9)
r(5,1,8,9)
w(5,2,8,9)
w(5,3,8,9)
w(6,1,8,9)
r(2,2,10,11)
r(5,3,10,11)
w(2,3,10,11)
r(7,0,10,11)
w(6,2,10,11)
r(7,0,10,11)
r(6,2,5,13)
r(1,2,5,13)
w(6,3,5,13)
r(7,0,5,13)
r(7,0,5,13)
r(7,0,5,13)
w(0,1,17,15)
r(1,2,17,15)
r(7,0,17,15)
r(7,0,17,15)
w(7,1,17,15)
w(7,2,17,15)
w(7,3,17,15)
r(8,0,17,15)
r(10,0,10,17)
w(10,1,10,17)
r(10,1,10,17)
r(8,0,10,17)
r(9,0,10,17)
w(10,2,4,19)
r(10,2,4,19)
w(10,3,4,19)
w(8,1,4,19)
r(8,1,4,19)
r(10,3,4,19)
w(11,1,14,21)
r(9,0,14,21)
r(11,1,14,21)
w(9,1,14,21)
r(11,1,14,21)
w(11,2,14,21)
r(11,2,0,23)
r(9,1,0,23)
w(11,3,0,23)
r(11,3,0,23)
r(11,3,0,23)
w(12,1,13,25)
w(1,3,13,25)
r(12,1,13,25)
r(12,1,13,25)
r(9,1,13,25)
r(0,1,13,25)
r(8,1,8,27)
w(8,2,8,27)
w(12,2,8,27)
w(12,3,8,27)
w(0,2,7,29)
w(13,1,7,29)
r(8,2,7,29)
r(8,2,7,29)
r(8,2,7,29)
r(8,2,7,29)
r(8,2,7,29)
w(14,1,17,31)
w(9,2,17,31)
r(14,1,17,31)
w(14,2,17,31)
w(13,2,17,31)
r(9,2,17,31)
w(14,3,17,31)
w(15,1,4,33)
w(15,2,4,33)
w(8,3,4,33)
r(15,2,4,33)
r(13,2,4,33)
r(15,2,12,35)
w(15,3,12,35)
r(13,2,12,35)
r(15,3,12,35)
w(17,1,12,35)
r(17,1,12,35)
r(17,1,12,35)
w(9,3,7,37)
w(17,2,7,37)
r(17,2,7,37)
w(16,1,7,37)
r(17,2,7,37)
w(17,3,1,39)
r(17,3,1,39)
r(16,1,1,39)
w(16,2,1,39)
w(16,3,1,39)
r(16,3,1,39)
r(16,3,1,39)
r(18,0,6,41)
w(18,1,6,41)
r(9,3,6,41)
r(18,1,6,41)
r(9,3,6,41)
r(18,1,6,41)
w(18,2,2,43)
w(18,3,2,43)
w(0,3,2,43)
r(19,0,2,43)
r(18,3,2,43)
w(19,1,2,43)
r(20,0,0,45)
r(20,0,0,45)
w(19,2,0,45)
r(9,3,0,45)
w(20,1,14,47)
w(19,3,14,47)
r(20,1,14,47)
r(20,1,14,47)
r(20,1,12,49)
w(20,2,12,49)
w(21,1,12,49)
r(20,2,12,49)
w(20,3,12,49)
r(21,1,12,49)
r(22,0,19,51)
w(22,1,19,51)
w(23,1,19,51)
r(13,2,19,51)
r(23,1,19,51)
r(23,1,19,51)
w(23,2,19,51)
w(22,2,7,53)
r(21,1,7,53)
r(13,2,7,53)
w(22,3,7,53)
r(23,2,7,53)
r(23,2,7,53)
r(23,2,7,53)
r(22,3,14,55)
r(23,2,14,55)
r(23,2,14,55)
r(23,2,14,55)
w(23,3,14,55)
r(21,1,14,55)
r(21,1,14,55)
w(13,3,0,57)
r(24,0,0,57)
r(24,0,0,57)
r(25,0,0,57)
r(25,0,15,59)
w(25,1,15,59)
r(24,0,15,59)
w(21,2,15,59)
w(21,3,15,59)
w(26,1,15,59)
r(24,0,3,61)
r(25,1,3,61)
r(24,0,3,61)
r(24,0,3,61)
r(0,3,3,61)
r(25,1,3,61)
w(24,1,6,63)
r(26,1,6,63)
r(24,1,6,63)
w(25,2,6,63)
r(24,1,6,63)
r(24,1,6,63)
r(25,2,6,63)
r(24,1,6,63)
w(24,2,14,65)
w(24,3,14,65)
w(27,1,14,65)
w(26,2,14,65)
r(28,0,14,65)
r(28,0,6,67)
w(26,3,6,67)
r(28,0,6,67)
r(25,2,6,67)
w(28,1,6,67)
r(28,1,17,69)
w(27,2,17,69)
w(28,2,17,69)
w(25,3,17,69)
r(27,2,17,69)
r(29,0,17,69)
w(28,3,17,69)
w(30,1,13,71)
r(29,0,13,71)
r(30,1,13,71)
r(30,1,13,71)
w(27,3,13,71)
r(28,3,13,71)
r(30,1,13,71)
r(26,3,4,73)
r(31,0,4,73)
w(31,1,4,73)
w(30,2,4,73)
w(31,2,18,75)
w(31,3,18,75)
w(30,3,18,75)
r(32,0,18,75)
w(33,1,18,75)
r(26,3,18,75)
w(32,1,18,75)
r(34,0,4,77)
w(33,2,4,77)
w(33,3,4,77)
r(33,3,4,77)
r(32,1,4,77)
w(34,1,4,77)
r(33,3,4,77)
w(32,2,4,77)
r(33,3,17,79)
r(32,2,17,79)
r(35,0,17,79)
r(32,2,17,79)
w(35,1,2,81)
w(35,2,2,81)
w(32,3,2,81)
r(35,2,2,81)
w(34,2,2,81)
r(35,2,4,83)
w(35,3,4,83)
r(34,2,4,83)
w(37,1,4,83)
w(34,3,4,83)
w(37,2,1,85)
r(37,2,1,85)
w(37,3,1,85)
r(34,3,1,85)
w(36,1,1,85)
r(34,3,1,85)
r(38,0,0,87)
w(38,1,0,87)
r(34,3,0,87)
r(38,1,0,87)
w(39,1,0,87)
w(36,2,12,89)
w(38,2,12,89)
r(38,2,12,89)
w(38,3,12,89)
w(41,1,12,89)
r(41,1,12,89)
w(41,2,12,89)
r(40,0,12,89)
w(41,3,8,91)
w(40,1,8,91)
w(40,2,8,91)
r(40,2,8,91)
r(42,0,2,93)
w(42,1,2,93)
r(40,2,2,93)
w(42,2,2,93)
w(40,3,2,93)
r(42,2,2,93)
r(29,0,2,93)
r(42,2,18,95)
w(42,3,18,95)
r(43,0,18,95)
r(44,0,18,95)
r(36,2,11,97)
w(43,1,11,97)
r(43,1,11,97)
r(44,0,11,97)
w(39,2,11,97)
r(44,0,11,97)
r(39,2,11,97)
r(43,1,18,99)
w(43,2,18,99)
r(43,2,18,99)
r(43,2,18,99)
w(43,3,18,99)
r(36,2,8,101)
r(43,3,8,101)
r(36,2,8,101)
r(43,3,8,101)
w(45,1,8,101)
w(45,2,8,101)
r(45,2,8,101)
w(45,3,12,103)
r(46,0,12,103)
r(39,2,12,103)
r(39,2,12,103)
w(39,3,12,103)
r(44,0,12,103)
w(46,1,12,103)
w(46,2,15,105)
r(46,2,15,105)
w(46,3,15,105)
r(47,0,15,105)
r(47,0,15,105)
r(36,2,11,107)
r(48,0,11,107)
r(48,0,11,107)
r(44,0,11,107)
r(48,0,6,109)
r(48,0,6,109)
w(47,1,6,109)
r(48,0,6,109)
w(48,1,6,109)
r(48,1,18,111)
r(48,1,18,111)
r(48,1,18,111)
w(47,2,18,111)
w(47,3,18,111)
r(48,1,15,113)
w(44,1,15,113)
r(44,1,15,113)
w(48,2,15,113)
w(49,1,15,113)
r(48,2,15,113)
r(49,1,15,113)
w(49,2,8,115)
r(48,2,8,115)
r(48,2,8,115)
w(44,2,8,115)
r(48,2,8,115)
w(44,3,8,115)
r(36,2,8,115)
w(48,3,8,115)
r(48,3,13,117)
w(51,1,13,117)
w(51,2,13,117)
r(49,2,13,117)
w(50,1,13,117)
r(51,2,18,119)
r(51,2,18,119)
r(51,2,18,119)
r(49,2,18,119)
w(49,3,18,119)
r(51,2,18,119)
w(51,3,18,119)
r(50,1,18,119)
r(51,3,0,121)
r(36,2,0,121)
w(52,1,0,121)
r(52,1,0,121)
w(52,2,0,121)
r(50,1,0,121)
r(52,2,0,121)
w(52,3,2,123)
w(53,1,2,123)
r(50,1,2,123)
r(50,1,2,123)
w(53,2,2,123)
w(36,3,2,123)
w(50,2,3,125)
r(53,2,3,125)
w(53,3,3,125)
r(55,0,3,125)
r(54,0,14,127)
w(54,1,14,127)
r(50,2,14,127)
w(50,3,14,127)
r(29,0,14,127)
r(50,3,14,127)
r(54,1,14,127)
w(54,2,14,127)
w(29,1,0,129)
r(54,2,0,129)
r(49,3,0,129)
r(50,3,0,129)
r(54,2,0,129)
w(54,3,0,129)
r(50,3,0,129)
r(50,3,4,131)
w(55,1,4,131)
w(56,1,4,131)
w(56,2,4,131)
r(56,2,4,131)
r(50,3,4,131)
r(49,3,11,133)
r(56,2,11,133)
r(49,3,11,133)
r(49,3,11,133)
w(57,1,11,133)
w(56,3,11,133)
w(58,1,11,133)
w(58,2,4,135)
r(58,2,4,135)
r(55,1,4,135)
w(58,3,4,135)
w(55,2,4,135)
w(60,1,4,135)
r(57,1,10,137)
r(60,1,10,137)
r(60,1,10,137)
w(57,2,10,137)
r(60,1,10,137)
w(59,1,10,137)
w(60,2,10,137)
r(59,1,14,139)
r(59,1,14,139)
r(57,2,14,139)
r(60,2,14,139)
w(57,3,0,141)
r(60,2,0,141)
w(61,1,0,141)
w(59,2,0,141)
w(61,2,0,141)
w(60,3,11,143)
r(61,2,11,143)
w(59,3,11,143)
r(62,0,11,143)
w(62,1,11,143)
r(60,3,12,145)
r(62,1,12,145)
w(62,2,12,145)
r(60,3,12,145)
r(60,3,12,145)
r(60,3,12,145)
w(61,3,12,145)
r(55,2,12,145)
w(63,1,16,147)
r(63,1,16,147)
w(62,3,16,147)
w(63,2,16,147)
r(63,2,16,147)
w(63,3,16,147)
r(61,3,13,149)
r(63,3,13,149)
r(29,1,13,149)
w(64,1,13,149)
w(65,1,13,149)
w(66,1,13,149)
w(65,2,1,151)
r(66,1,1,151)
r(64,1,1,151)
r(64,1,1,151)
r(65,2,1,151)
w(66,2,1,151)
r(66,2,11,153)
r(64,1,11,153)
w(65,3,11,153)
r(55,2,11,153)
r(65,3,11,153)
r(64,1,11,153)
r(64,1,7,155)
r(64,1,7,155)
r(66,2,7,155)
r(64,1,7,155)
w(66,3,7,155)
r(55,2,7,155)
w(67,1,7,155)
w(68,1,7,155)
r(68,1,3,157)
w(67,2,3,157)
r(68,1,3,157)
r(68,1,3,157)
r(68,1,3,157)
w(68,2,3,157)
r(68,2,9,159)
r(67,2,9,159)
w(67,3,9,159)
r(67,3,9,159)
r(68,2,9,159)
r(29,1,9,159)
r(69,0,9,159)
w(64,2,9,159)
w(64,3,8,161)
r(68,2,8,161)
w(69,1,8,161)
w(69,2,8,161)
w(69,3,8,161)
w(68,3,8,163)
r(71,0,8,163)
w(72,1,8,163)
r(72,1,8,163)
r(71,0,8,163)
w(29,2,8,163)
r(55,2,8,163)
w(72,2,8,163)
w(72,3,13,165)
w(73,1,13,165)
r(73,1,13,165)
w(73,2,13,165)
w(73,3,18,168)
w(70,1,18,168)
r(70,1,18,168)
r(73,3,18,168)
r(73,3,18,168)
r(70,1,5,172)
w(74,2,5,172)
w(74,3,5,172)
r(74,3,5,172)
r(70,1,6,173)
r(74,0,6,173)
r(74,0,6,173)
w(71,2,6,173)
r(75,0,6,173)
r(71,2,1,176)
w(71,3,1,176)
w(75,1,1,176)
w(75,2,1,176)
r(77,0,6,179)
r(77,0,6,179)
r(76,0,6,179)
r(77,0,6,179)
r(70,1,6,179)
w(70,3,13,181)
r(77,0,13,181)
w(77,3,13,181)
r(76,0,13,181)
r(77,3,13,181)
w(76,1,13,181)
w(29,3,13,181)
w(78,1,15,183)
w(79,1,15,183)
r(79,1,15,183)
r(79,1,15,183)
r(78,1,14,186)
r(78,1,14,186)
r(80,0,14,186)
w(78,2,14,186)
w(79,2,17,187)
w(79,3,17,187)
w(76,2,17,187)
r(76,2,17,187)
r(80,0,17,187)
r(80,0,17,187)
w(76,3,16,189)
w(81,1,16,189)
w(81,2,16,189)
w(81,3,16,189)
w(78,3,16,189)
r(80,0,16,189)
r(82,0,16,189)
r(76,3,13,191)
r(82,0,13,191)
w(84,1,13,191)
w(80,1,13,191)
w(82,1,13,191)
w(82,2,13,191)
w(82,3,13,191)
r(84,1,7,193)
r(85,0,7,193)
w(85,1,7,193)
w(83,1,7,193)
r(84,1,15,195)
w(84,2,15,195)
r(84,2,15,195)
w(84,3,15,195)
w(85,2,15,195)
w(85,3,15,195)
w(86,1,15,195)
r(87,0,15,195)
r(86,1,15,197)
w(83,2,15,197)
r(87,0,15,197)
r(87,0,15,197)
r(87,0,2,199)
r(87,0,2,199)
w(87,1,2,199)
r(86,1,2,199)
r(87,1,2,199)
w(83,3,7,201)
w(87,2,7,201)
r(86,1,7,201)
r(87,2,7,201)
w(87,3,7,201)
r(87,3,7,201)
r(90,0,7,201)
w(89,1,7,201)
r(80,1,19,203)
w(86,2,19,203)
r(86,2,19,203)
r(90,0,19,203)
w(89,2,19,203)
w(89,3,19,203)
r(88,0,19,203)
w(90,1,19,203)
r(90,1,18,205)
r(90,1,18,205)
r(90,1,18,205)
w(90,2,18,205)
r(90,2,18,205)
r(90,2,4,207)
w(86,3,4,207)
r(80,1,4,207)
w(90,3,4,207)
w(88,1,4,207)
w(92,1,4,207)
w(92,2,4,207)
r(93,0,4,207)
r(93,0,4,209)
w(93,1,4,209)
r(88,1,4,209)
w(93,2,4,209)
w(93,3,4,209)
w(92,3,4,209)
w(91,1,4,209)
r(80,1,4,209)
r(92,3,13,211)
r(80,1,13,211)
r(91,1,13,211)
r(94,0,13,211)
w(91,2,13,211)
r(95,0,13,211)
r(95,0,13,211)
w(95,1,13,211)
w(95,2,1,213)
w(95,3,1,213)
w(96,1,1,213)
r(96,1,1,213)
w(94,1,1,213)
w(91,3,1,213)
w(94,2,1,213)
r(94,2,1,213)
r(94,2,19,215)
w(96,2,19,215)
w(96,3,19,215)
r(96,3,19,215)
r(91,3,19,215)
w(97,1,19,215)
r(97,1,19,215)
w(98,1,18,217)
w(97,2,18,217)
w(94,3,18,217)
r(97,2,18,217)
w(97,3,18,217)
r(97,3,2,219)
w(80,2,2,219)
w(98,2,2,219)
w(80,3,2,219)
r(99,0,2,219)
w(100,1,2,219)
r(99,0,4,221)
w(100,2,4,221)
r(100,2,4,221)
w(99,1,4,221)
r(98,2,4,221)
r(100,2,4,221)
w(100,3,15,223)
r(100,3,15,223)
r(100,3,15,223)
r(101,0,15,223)
w(101,1,15,223)
w(101,2,15,223)
r(101,2,13,225)
r(101,2,13,225)
r(98,2,13,225)
r(99,1,13,225)
r(101,2,13,225)
w(101,3,13,225)
w(102,1,18,227)
w(98,3,18,227)
r(102,1,18,227)
r(101,3,18,227)
w(99,2,18,227)
w(99,3,18,227)
r(98,3,18,227)
r(103,0,14,229)
w(103,1,14,229)
r(103,1,14,229)
w(103,2,14,229)
r(99,3,18,231)
w(103,3,18,231)
r(104,0,18,231)
r(99,3,18,231)
w(104,1,18,231)
r(99,3,13,233)
r(104,1,13,233)
r(104,1,13,233)
w(102,2,13,233)
r(105,0,9,235)
w(104,2,9,235)
r(99,3,9,235)
r(99,3,9,235)
r(105,0,9,235)
r(99,3,9,235)
w(102,3,9,235)
w(105,1,4,237)
w(105,2,4,237)
r(104,2,4,237)
w(105,3,4,237)
r(99,3,9,239)
r(104,2,9,239)
r(88,1,9,239)
r(104,2,9,239)
w(106,1,12,243)
w(104,3,12,243)
r(106,1,12,243)
r(108,0,12,243)
r(106,1,12,243)
r(106,1,15,245)
r(106,1,15,245)
w(108,3,15,245)
r(108,3,15,245)
w(106,3,15,245)
w(109,1,15,245)
r(110,0,0,247)
r(107,0,0,247)
w(109,2,0,247)
r(109,2,0,247)
r(102,3,0,247)
r(109,2,0,247)
w(110,1,18,249)
r(102,3,18,249)
w(109,3,18,249)
r(107,0,18,249)
w(110,2,11,251)
w(111,1,11,251)
w(111,2,11,251)
w(110,3,11,251)
r(110,3,11,251)
r(111,2,11,251)
r(111,2,9,254)
r(102,3,9,254)
w(112,1,9,254)
w(111,3,9,254)
r(111,3,9,254)
w(107,1,6,255)
w(88,2,6,255)
r(112,1,6,255)
w(112,2,6,255)
w(113,1,6,255)
r(113,1,18,257)
w(113,2,18,257)
r(112,2,18,257)
w(112,3,18,257)
r(113,2,18,257)
w(113,3,18,257)
r(102,3,18,257)
w(107,2,13,259)
r(113,3,13,259)
w(115,1,13,259)
w(115,2,13,259)
r(102,3,13,259)
w(114,1,14,261)
w(115,3,14,261)
w(116,1,14,261)
w(116,2,14,261)
w(107,3,9,263)
r(114,1,9,263)
w(116,3,9,263)
w(114,2,9,263)
r(102,3,9,263)
w(118,1,9,263)
w(118,2,12,265)
r(118,2,12,265)
w(117,1,12,265)
w(114,3,12,265)
r(118,2,12,265)
w(118,3,17,267)
w(117,2,17,267)
w(117,3,17,267)
w(120,1,17,267)
r(120,1,17,267)
r(120,1,17,267)
w(120,2,17,267)
w(121,1,18,269)
r(120,2,18,269)
r(120,2,18,269)
r(120,2,18,269)
r(119,0,18,269)
w(120,3,18,269)
r(121,1,18,269)
r(117,3,18,269)
w(122,1,18,271)
r(122,1,18,271)
r(122,1,18,271)
r(123,0,18,271)
r(122,1,18,271)
r(122,1,18,271)
r(88,2,18,271)
w(121,2,9,274)
w(122,2,9,274)
r(122,2,9,274)
r(122,2,9,274)
w(121,3,9,274)
w(119,1,9,274)
w(122,3,9,274)
r(122,3,9,274)
w(123,1,14,275)
w(125,1,14,275)
r(125,1,14,275)
w(125,2,14,275)
w(125,3,14,275)
r(125,3,14,275)
r(126,0,9,277)
r(126,0,9,277)
w(123,2,9,277)
r(124,0,9,277)
r(123,2,9,277)
r(123,2,17,279)
r(123,2,17,279)
r(124,0,17,279)
w(123,3,17,279)
r(119,1,17,279)
w(126,1,17,279)
w(124,1,8,281)
r(126,1,8,281)
r(88,2,8,281)
w(126,2,8,281)
r(88,2,8,281)
w(126,3,8,281)
r(124,1,8,281)
r(127,0,15,283)
r(128,0,15,283)
r(128,0,15,283)
w(128,1,15,283)
r(127,0,15,283)
r(128,1,19,285)
r(124,1,19,285)
w(128,2,19,285)
r(128,2,19,285)
r(128,2,19,285)
w(124,2,19,285)
r(128,2,19,285)
r(128,2,19,285)
r(128,2,14,287)
r(128,2,14,287)
w(124,3,14,287)
r(88,2,14,287)
w(128,3,14,287)
r(127,0,14,287)
w(127,1,14,287)
r(127,1,0,289)
w(129,1,0,289)
r(88,2,0,289)
r(88,2,0,289)
w(129,2,0,289)
r(129,2,0,289)
r(130,0,0,289)
r(129,2,9,291)
w(129,3,9,291)
r(119,1,9,291)
w(131,1,9,291)
r(131,1,9,291)
w(130,1,9,291)
w(131,2,15,293)
r(131,2,15,293)
w(131,3,15,293)
w(119,2,15,293)
w(127,2,15,293)
r(127,2,9,295)
r(130,1,9,295)
w(130,2,9,295)
w(130,3,9,295)
r(127,2,9,295)
w(119,3,9,295)
r(130,3,9,295)
r(127,2,15,297)
r(130,3,15,297)
r(119,3,15,297)
r(132,0,15,297)
w(132,1,15,297)
w(132,2,15,297)
r(132,2,13,299)
r(132,2,13,299)
r(132,2,13,299)
r(130,3,13,299)
r(132,2,13,299)
w(132,3,13,299)
w(134,1,13,299)
r(134,1,13,299)
r(134,1,9,301)
r(133,0,9,301)
r(134,1,9,301)
w(134,2,9,301)
r(134,2,9,301)
w(133,1,9,301)
r(134,2,9,301)
w(134,3,9,301)
r(133,1,9,303)
w(133,2,9,303)
r(134,3,9,303)
r(134,3,9,303)
r(134,3,9,303)
r(134,3,9,303)
w(88,3,9,303)
w(133,3,9,305)
r(136,0,9,305)
w(136,1,9,305)
r(133,3,9,305)
r(136,1,12,307)
r(127,2,12,307)
r(137,0,12,307)
r(136,1,12,307)
r(136,1,12,307)
w(136,2,12,307)
w(135,1,4,309)
w(136,3,4,309)
w(138,1,4,309)
r(138,1,4,309)
r(138,1,4,309)
r(138,1,4,309)
r(137,0,11,311)
w(127,3,11,311)
r(138,1,11,311)
w(138,2,11,311)
r(127,3,11,311)
w(138,3,11,311)
r(138,3,11,311)
r(138,3,11,311)
r(138,3,8,313)
w(137,1,8,313)
r(139,0,8,313)
w(137,2,8,313)
r(139,0,8,313)
w(137,3,8,313)
r(139,0,8,313)
r(127,3,4,316)
r(127,3,4,316)
r(140,0,4,316)
r(140,0,4,316)
r(139,0,4,316)
r(127,3,4,316)
w(140,1,4,316)
w(139,1,4,316)
w(139,2,12,317)
w(139,3,12,317)
w(140,2,12,317)
w(140,3,12,317)
r(140,3,12,317)
w(135,2,12,317)
w(144,1,12,317)
r(143,0,6,319)
w(143,1,6,319)
r(143,1,6,319)
w(142,1,6,319)
w(142,2,8,321)
r(143,1,8,321)
w(142,3,8,321)
w(135,3,8,321)
w(145,1,8,321)
r(143,1,8,321)
w(145,2,8,321)
w(143,2,13,323)
w(143,3,13,323)
w(144,2,13,323)
r(144,2,13,323)
r(141,0,13,323)
w(146,1,13,323)
r(144,2,13,323)
r(144,2,3,325)
r(143,3,3,325)
r(145,2,3,325)
r(143,3,3,325)
w(145,3,3,325)
r(145,3,3,325)
r(147,0,3,325)
w(147,1,3,325)
r(147,1,13,327)
w(147,2,13,327)
w(144,3,13,327)
r(147,2,13,327)
r(147,2,13,327)
r(147,2,13,327)
w(147,3,13,327)
r(144,3,13,327)
r(141,0,2,329)
r(147,3,2,329)
r(147,3,2,329)
r(147,3,2,329)
r(148,0,2,329)
r(148,0,2,329)
w(141,1,2,329)
w(150,1,2,329)
w(149,1,12,331)
w(149,2,12,331)
w(150,2,12,331)
w(149,3,12,331)
r(151,0,8,333)
r(148,0,8,333)
r(148,0,8,333)
w(151,1,8,333)
r(150,2,3,335)
w(151,2,3,335)
r(150,2,3,335)
r(151,2,3,335)
r(151,2,3,335)
r(151,2,1,337)
w(148,1,1,337)
w(150,3,1,337)
w(148,2,1,337)
r(151,2,1,337)
r(148,2,8,339)
w(151,3,8,339)
r(141,1,8,339)
w(148,3,8,339)
w(152,1,8,339)
r(148,3,8,339)
w(153,1,8,339)
r(152,1,8,339)
r(153,1,15,341)
r(153,1,15,341)
r(146,1,15,341)
r(154,0,15,341)
w(152,2,15,341)
w(153,2,15,341)
r(154,0,15,341)
w(146,2,15,341)
r(153,2,2,343)
w(153,3,2,343)
r(154,0,2,343)
r(153,3,2,343)
r(153,3,2,343)
r(153,3,14,345)
w(146,3,14,345)
w(152,3,14,345)
r(155,0,14,345)
r(152,3,14,345)
r(155,0,14,345)
r(154,0,14,345)
w(154,1,14,345)
r(155,0,19,347)
r(155,0,19,347)
w(154,2,19,347)
r(156,0,19,347)
r(154,2,19,347)
w(155,1,19,347)
r(156,0,19,347)
w(155,2,19,347)
w(156,1,17,349)
r(155,2,17,349)
w(155,3,17,349)
w(156,2,17,349)
r(155,3,3,351)
r(154,2,3,351)
w(154,3,3,351)
w(157,1,3,351)
r(159,0,3,351)
w(159,1,3,351)
r(159,1,3,351)
w(159,2,3,351)
w(159,3,5,353)
w(158,1,5,353)
r(159,3,5,353)
r(159,3,5,353)
r(159,3,5,353)
w(156,3,5,353)
r(160,0,5,353)
r(141,1,14,355)
w(160,1,14,355)
w(160,2,14,355)
r(160,2,14,355)
w(157,2,17,357)
r(156,3,17,357)
r(158,1,17,357)
w(160,3,17,357)
r(157,2,17,357)
r(156,3,3,359)
w(158,2,3,359)
r(158,2,3,359)
r(158,2,3,359)
r(160,3,3,359)
r(160,3,13,361)
w(158,3,13,361)
w(161,1,13,361)
r(158,3,13,361)
w(161,2,13,361)
r(161,2,9,363)
w(161,3,9,363)
r(158,3,9,363)
r(157,2,9,363)
r(161,3,9,363)
r(161,3,19,365)
r(163,0,19,365)
r(163,0,19,365)
w(163,1,19,365)
w(164,1,19,365)
w(164,2,19,365)
w(164,3,19,365)
r(163,1,19,365)
w(163,2,4,367)
w(163,3,4,367)
r(163,3,4,367)
r(157,2,4,367)
w(165,1,4,367)
r(166,0,4,367)
w(165,2,4,367)
r(157,2,2,369)
w(166,1,2,369)
w(157,3,2,369)
w(165,3,2,369)
r(166,1,2,369)
w(166,2,2,369)
w(166,3,2,369)
r(165,3,10,371)
w(167,1,10,371)
r(167,1,10,371)
w(167,2,10,371)
r(162,0,10,371)
r(167,2,10,371)
w(167,3,10,371)
r(157,3,10,371)
r(169,0,13,373)
w(162,1,13,373)
w(168,1,13,373)
r(169,0,13,373)
r(141,1,13,373)
r(157,3,10,375)
w(169,1,10,375)
r(169,1,10,375)
r(169,1,10,375)
w(169,2,7,378)
r(169,2,7,378)
r(157,3,7,378)
w(169,3,7,378)
r(168,1,7,378)
w(168,2,7,378)
w(168,3,5,380)
w(141,2,5,380)
r(162,1,5,380)
r(171,0,5,380)
w(171,1,5,380)
r(170,0,5,380)
r(171,1,5,380)
r(162,1,12,381)
r(172,0,12,381)
w(162,2,12,381)
w(171,2,12,381)
w(171,3,12,381)
w(162,3,15,383)
r(162,3,15,383)
r(172,0,15,383)
w(141,3,15,383)
r(172,0,15,383)
w(172,1,15,383)
r(171,3,0,385)
w(172,2,0,385)
w(173,1,0,385)
r(173,1,0,385)
w(173,2,0,385)
r(173,2,0,385)
r(141,3,0,385)
r(162,3,12,387)
r(173,2,12,387)
r(172,2,12,387)
r(173,2,12,387)
w(174,1,12,387)
r(173,2,12,387)
r(172,2,12,387)
r(141,3,12,389)
w(172,3,12,389)
w(173,3,12,389)
r(173,3,12,389)
r(173,3,12,389)
r(174,1,12,389)
r(174,1,13,391)
w(175,1,13,391)
r(175,1,13,391)
r(175,1,13,391)
r(172,3,11,393)
w(175,2,11,393)
w(176,1,11,393)
w(175,3,11,393)
w(176,2,11,393)
w(176,3,11,393)
r(175,3,10,395)
r(177,0,10,395)
w(177,1,10,395)
w(177,2,10,395)
w(177,3,10,395)
r(177,3,10,395)
r(177,3,10,395)
r(176,3,10,395)
w(170,1,11,397)
w(174,2,11,397)
w(170,2,11,397)
r(176,3,11,397)
r(176,3,11,397)
w(178,1,11,397)
r(178,1,11,397)
r(178,1,18,399)
w(178,2,18,399)
w(178,3,18,399)
r(178,3,18,399)
w(179,1,18,399)
r(179,1,18,399)
w(179,2,18,399)
r(176,3,18,399)
w(179,3,2,401)
w(180,1,2,401)
r(181,0,2,401)
r(181,0,2,401)
r(181,0,2,401)
w(181,1,2,401)
w(181,2,12,403)
w(170,3,12,403)
r(181,2,12,403)
w(181,3,12,403)
w(174,3,12,403)
r(181,3,12,403)
r(170,3,12,403)
r(180,1,12,403)
r(181,3,17,405)
r(180,1,17,405)
r(181,3,17,405)
r(141,3,17,405)
w(180,2,17,405)
r(181,3,17,405)
r(180,2,17,405)
w(182,1,17,405)
r(181,3,5,407)
r(181,3,5,407)
w(180,3,5,407)
r(181,3,5,407)
r(180,3,5,407)
r(180,3,5,407)
r(182,1,8,409)
r(170,3,8,409)
w(184,1,8,409)
w(182,2,8,409)
w(184,2,8,409)
w(184,3,8,409)
r(187,0,8,409)
r(186,0,16,411)
w(185,1,16,411)
w(187,1,16,411)
w(187,2,16,411)
r(185,1,16,411)
w(185,2,16,411)
w(187,3,16,411)
r(182,2,5,413)
r(185,2,5,413)
r(186,0,5,413)
r(187,3,5,413)
r(185,2,19,415)
r(182,2,19,415)
w(186,1,19,415)
r(185,2,19,415)
r(186,1,19,415)
r(187,3,6,417)
w(186,2,6,417)
w(186,3,6,417)
r(185,2,6,417)
r(187,3,15,419)
r(187,3,15,419)
r(185,2,15,419)
w(185,3,15,419)
r(186,3,7,421)
w(182,3,7,421)
r(187,3,7,421)
r(185,3,7,421)
r(182,3,7,421)
r(187,3,7,421)
r(182,3,7,423)
r(187,3,7,423)
w(189,1,7,423)
r(189,1,7,423)
r(186,3,7,423)
r(189,1,7,423)
w(189,2,7,423)
r(189,2,7,423)
w(183,1,3,425)
w(189,3,3,425)
w(188,1,3,425)
r(189,3,3,425)
r(188,1,3,425)
r(190,0,11,427)
w(188,2,11,427)
w(190,1,11,427)
w(183,2,11,427)
r(190,1,8,429)
r(190,1,8,429)
r(190,1,8,429)
w(190,2,8,429)
r(190,2,8,429)
w(190,3,8,429)
r(188,2,16,431)
r(193,0,16,431)
r(193,0,16,431)
r(193,0,16,431)
w(188,3,16,431)
r(193,0,16,431)
w(193,1,14,433)
w(194,1,14,433)
r(194,1,14,433)
r(192,0,14,433)
w(194,2,14,433)
w(191,1,15,435)
w(193,2,15,435)
w(193,3,15,435)
r(193,3,15,435)
w(194,3,15,435)
r(194,3,1,437)
r(193,3,1,437)
r(193,3,1,437)
r(192,0,1,437)
r(194,3,1,437)
w(195,1,1,437)
r(191,1,1,437)
w(192,1,1,437)
r(195,1,15,439)
w(183,3,15,439)
w(195,2,15,439)
r(183,3,15,439)
w(195,3,15,439)
r(191,1,15,439)
r(195,3,13,441)
w(191,2,13,441)
r(192,1,13,441)
w(196,1,13,441)
w(197,1,13,441)
w(196,2,13,441)
w(196,3,13,443)
r(197,1,13,443)
r(196,3,13,443)
w(198,1,13,443)
w(197,2,13,443)
r(198,1,13,443)
w(197,3,13,443)
r(197,3,13,443)
w(198,2,19,445)
r(197,3,19,445)
w(191,3,19,445)
w(198,3,19,445)
w(199,1,17,447)
w(192,2,17,447)
w(192,3,17,447)
r(199,1,17,447)
r(199,1,15,449)
r(192,3,15,449)
w(199,2,15,449)
r(199,2,15,449)
w(199,3,15,449)
r(199,3,7,451)
w(200,1,7,451)
w(200,2,7,451)
r(183,3,7,451)
w(200,3,0,453)
r(199,3,0,453)
r(200,3,0,453)
w(201,1,0,453)
w(201,2,0,453)
r(202,0,0,453)
r(201,2,12,455)
w(201,3,12,455)
r(202,0,12,455)
w(203,1,12,455)
r(201,3,12,455)
w(204,1,12,455)
r(203,1,19,457)
w(203,2,19,457)
r(203,2,19,457)
r(204,1,19,457)
w(204,2,19,457)
r(204,2,19,457)
r(203,2,13,459)
w(204,3,13,459)
r(204,3,13,459)
r(206,0,13,459)
r(206,0,7,461)
w(206,1,7,461)
r(206,1,7,461)
r(206,1,7,461)
r(203,2,7,461)
r(202,0,7,461)
r(206,1,7,461)
w(203,3,7,461)
r(206,1,1,463)
r(205,0,1,463)
r(203,3,1,463)
r(203,3,1,463)
w(202,1,1,463)
w(206,2,1,463)
r(206,2,1,463)
w(206,3,1,463)
r(206,3,13,465)
r(206,3,13,465)
r(205,0,13,465)
r(206,3,13,465)
r(206,3,13,465)
r(207,0,13,465)
r(202,1,6,468)
w(207,1,6,468)
w(207,2,6,468)
w(207,3,6,468)
r(202,1,6,468)
w(208,1,6,468)
w(208,2,6,468)
r(202,1,7,471)
w(211,1,7,471)
w(209,1,7,471)
w(202,2,7,471)
w(211,2,7,471)
w(211,3,7,471)
w(209,2,7,471)
r(211,3,7,471)
r(209,2,19,473)
w(212,1,19,473)
r(212,1,19,473)
w(212,2,19,473)
r(202,2,19,473)
r(202,2,19,473)
w(209,3,17,475)
w(205,1,17,475)
w(202,3,17,475)
r(212,2,17,475)
w(213,1,17,475)
r(212,2,17,475)
w(213,2,17,475)
r(212,2,7,477)
w(212,3,7,477)
r(214,0,7,477)
r(214,0,7,477)
r(205,1,7,477)
w(214,1,13,479)
w(214,2,13,479)
w(214,3,13,479)
r(214,3,13,479)
r(214,3,13,479)
r(205,1,13,479)
w(215,1,13,479)
r(202,3,13,479)
r(215,1,2,481)
w(213,3,2,481)
w(215,2,2,481)
w(215,3,2,481)
w(216,1,2,481)
r(215,3,13,483)
r(215,3,13,483)
r(217,0,13,483)
w(217,1,13,483)
r(217,1,19,485)
r(216,1,19,485)
r(217,1,19,485)
w(217,2,19,485)
w(216,2,19,485)
w(217,3,17,488)
r(217,3,17,488)
r(217,3,17,488)
w(218,1,17,488)
r(217,3,17,488)
w(216,3,19,489)
r(218,0,19,489)
w(220,1,19,489)
w(220,2,19,489)
w(221,1,19,491)
w(221,2,19,491)
w(220,3,19,491)
w(205,2,19,491)
w(222,1,19,491)
w(219,1,9,493)
r(221,2,9,493)
r(222,1,9,493)
w(222,2,9,493)
r(222,2,9,493)
r(222,2,0,495)
w(221,3,0,495)
w(222,3,0,495)
r(205,2,0,495)
r(222,3,0,495)
r(222,3,0,495)
r(218,1,0,495)
r(223,0,0,495)
r(221,3,5,497)
r(223,0,5,497)
w(223,1,5,497)
r(223,1,5,497)
r(218,1,5,497)
r(223,1,5,497)
r(223,1,5,497)
r(219,1,3,499)
w(218,2,3,499)
r(219,1,3,499)
w(218,3,3,499)
w(223,2,5,501)
r(218,3,5,501)
r(219,1,5,501)
r(223,2,5,501)
r(224,0,5,501)
w(223,3,5,501)
w(205,3,12,503)
r(224,0,12,503)
r(223,3,12,503)
r(225,0,12,503)
r(225,0,12,503)
r(225,0,12,503)
w(224,1,12,503)
r(218,3,12,503)
w(224,2,1,505)
r(219,1,1,505)
w(225,1,1,505)
r(224,2,1,505)
w(225,2,1,505)
w(224,3,1,505)
r(225,2,1,505)
w(225,3,1,505)
w(226,1,8,507)
r(226,1,8,507)
w(226,2,8,507)
w(226,3,8,507)
r(226,3,8,507)
r(226,3,8,507)
r(205,3,15,509)
r(227,0,15,509)
r(229,0,15,509)
r(228,0,15,509)
r(229,0,14,511)
r(228,0,14,511)
r(228,0,14,511)
r(229,0,14,511)
r(229,0,14,511)
r(228,0,14,511)
r(229,0,14,511)
w(228,1,14,511)
r(229,0,9,513)
w(228,2,9,513)
r(229,0,9,513)
r(229,0,9,513)
w(229,1,8,515)
w(229,2,8,515)
r(229,2,8,515)
w(228,3,8,515)
r(229,2,8,515)
r(229,2,8,515)
r(228,3,6,517)
r(228,3,6,517)
r(228,3,6,517)
r(219,1,6,517)
w(229,3,6,517)
r(230,0,6,517)
r(229,3,6,517)
r(227,0,6,517)
r(231,0,0,519)
r(231,0,0,519)
w(227,1,0,519)
w(230,1,0,519)
r(227,1,1,521)
r(231,0,1,521)
r(231,0,1,521)
r(231,0,1,521)
w(231,1,1,521)
w(231,2,19,523)
w(230,2,19,523)
w(230,3,19,523)
w(231,3,19,523)
r(230,3,19,523)
w(232,1,19,523)
r(231,3,19,523)
r(231,3,19,523)
r(233,0,8,525)
r(232,1,8,525)
r(233,0,8,525)
w(233,1,8,525)
w(232,2,8,525)
w(233,2,8,525)
r(232,2,1,527)
w(233,3,1,527)
r(232,2,1,527)
r(233,3,1,527)
w(232,3,1,527)
r(234,0,1,527)
r(233,3,1,527)
r(233,3,1,527)
r(234,0,9,529)
r(233,3,9,529)
r(232,3,9,529)
r(234,0,9,529)
r(235,0,9,529)
r(236,0,9,529)
r(235,0,9,529)
r(235,0,9,529)
w(235,1,18,531)
w(234,1,18,531)
w(236,1,18,531)
r(235,1,18,531)
r(227,1,18,531)
w(236,2,18,531)
w(236,3,18,531)
r(235,1,18,531)
r(236,3,1,533)
r(235,1,1,533)
w(235,2,1,533)
r(236,3,1,533)
r(235,2,1,533)
w(235,3,7,535)
r(236,3,7,535)
r(235,3,7,535)
r(238,0,7,535)
r(237,0,7,535)
w(237,1,7,535)
r(227,1,7,535)
r(237,1,7,535)
w(237,2,18,537)
r(227,1,18,537)
w(237,3,18,537)
r(237,3,18,537)
r(237,3,18,537)
w(227,2,18,537)
r(238,0,18,537)
w(219,2,18,537)
r(239,0,13,539)
r(239,0,13,539)
w(239,1,13,539)
w(239,2,13,539)
w(238,1,11,541)
r(227,2,11,541)
w(239,3,11,541)
w(219,3,11,541)
r(227,2,11,541)
w(240,1,11,541)
w(227,3,3,543)
r(240,1,3,543)
w(240,2,3,543)
r(240,2,3,543)
r(240,2,3,543)
w(234,2,3,543)
w(240,3,3,543)
r(238,1,3,543)
r(241,0,19,545)
w(241,1,19,545)
w(241,2,19,545)
w(241,3,19,545)
w(238,2,19,545)
r(238,2,17,547)
w(238,3,17,547)
r(243,0,17,547)
r(238,3,17,547)
r(243,0,17,547)
w(244,1,17,547)
r(243,0,17,547)
w(244,2,3,549)
r(227,3,3,549)
w(243,1,3,549)
r(243,1,3,549)
r(243,1,3,549)
r(244,2,3,549)
r(243,1,3,549)
r(243,1,3,549)
w(243,2,14,551)
w(243,3,14,551)
r(245,0,14,551)
r(243,3,14,551)
r(245,0,14,551)
r(244,2,14,551)
w(246,1,17,553)
r(246,1,17,553)
w(234,3,17,553)
w(246,2,17,553)
r(244,2,17,553)
r(246,2,17,553)
r(246,2,17,553)
w(246,3,17,553)
r(245,0,10,555)
r(247,0,10,555)
r(244,2,10,555)
r(247,0,10,555)
r(247,0,15,557)
w(244,3,15,557)
r(247,0,15,557)
r(244,3,15,557)
r(247,0,15,557)
w(247,1,15,557)
r(247,1,15,557)
w(247,2,15,557)
w(247,3,19,559)
r(244,3,19,559)
w(248,1,19,559)
r(234,3,19,559)
w(245,1,19,561)
w(248,2,19,561)
w(248,3,19,561)
r(248,3,19,561)
r(248,3,19,561)
r(248,3,19,561)
r(244,3,19,561)
r(248,3,19,561)
r(248,3,15,563)
r(249,0,15,563)
w(249,1,15,563)
w(245,2,15,563)
r(245,2,15,563)
w(249,2,15,563)
r(245,2,8,565)
w(249,3,8,565)
w(250,1,8,565)
r(249,3,8,565)
w(251,1,8,565)
r(251,1,8,567)
w(251,2,8,567)
r(245,2,8,567)
r(251,2,8,567)
w(250,2,8,567)
w(252,1,8,567)
w(250,3,8,567)
w(252,2,8,567)
w(251,3,0,569)
r(245,2,0,569)
r(251,3,0,569)
r(250,3,0,569)
r(250,3,0,569)
r(250,3,0,569)
r(251,3,13,571)
r(251,3,13,571)
w(254,1,13,571)
w(253,1,13,571)
w(242,1,13,571)
r(254,1,13,571)
r(245,2,13,571)
w(254,2,13,571)
r(254,2,6,573)
w(245,3,6,573)
r(245,3,6,573)
r(254,2,6,573)
r(255,0,6,573)
w(253,2,6,573)
r(254,2,10,575)
w(254,3,10,575)
w(255,1,10,575)
w(252,3,10,575)
w(256,1,10,575)
w(253,3,10,575)
r(256,1,10,575)
w(257,1,5,577)
r(257,1,5,577)
w(255,2,5,577)
r(256,1,5,577)
w(256,2,5,577)
r(256,2,5,577)
w(257,2,14,579)
w(257,3,14,579)
r(256,2,14,579)
r(256,2,14,579)
w(256,3,14,579)
w(258,1,14,579)
w(258,2,10,581)
r(257,3,10,581)
w(255,3,10,581)
r(258,2,10,581)
r(259,0,10,581)
r(258,2,6,583)
r(258,2,6,583)
r(258,2,6,583)
w(260,1,6,583)
r(260,1,6,583)
r(260,1,6,583)
w(258,3,3,585)
r(259,0,3,585)
r(259,0,3,585)
w(259,1,3,585)
r(262,0,3,585)
r(262,0,3,585)
r(262,0,3,585)
w(259,2,3,585)
r(262,0,17,587)
w(262,1,17,587)
w(262,2,17,587)
w(262,3,17,587)
w(259,3,17,587)
r(259,3,17,587)
r(262,3,17,587)
r(262,3,18,589)
r(242,1,18,589)
r(262,3,18,589)
r(262,3,18,589)
w(264,1,18,589)
r(263,0,1,591)
w(263,1,1,591)
w(261,1,1,591)
r(264,1,1,591)
w(263,2,1,591)
r(263,2,1,591)
r(264,1,5,593)
r(264,1,5,593)
r(264,1,5,593)
w(264,2,5,593)
w(260,2,5,593)
r(264,2,5,593)
w(261,2,16,595)
r(263,2,16,595)
r(264,2,16,595)
w(242,2,16,595)
w(263,3,16,595)
r(264,2,0,597)
r(260,2,0,597)
r(264,2,0,597)
w(264,3,0,597)
r(264,3,16,599)
r(265,0,16,599)
r(263,3,16,599)
r(263,3,16,599)
r(263,3,16,599)
w(265,1,16,599)
r(261,2,16,599)
w(265,2,4,601)
w(261,3,4,601)
w(265,3,4,601)
r(260,2,4,601)
r(263,3,4,601)
r(265,3,7,603)
r(265,3,7,603)
r(261,3,7,603)
r(265,3,7,603)
r(242,2,7,603)
r(260,2,7,603)
r(265,3,7,603)
w(242,3,19,605)
r(265,3,19,605)
r(267,0,19,605)
w(267,1,19,605)
w(260,3,3,607)
r(267,1,3,607)
w(266,1,3,607)
w(268,1,3,607)
r(268,1,3,607)
w(268,2,3,607)
r(268,2,3,607)
w(268,3,8,609)
r(267,1,8,609)
r(267,1,8,609)
r(268,3,8,609)
w(267,2,8,609)
r(267,2,8,609)
r(267,2,8,609)
r(268,3,17,611)
r(268,3,17,611)
w(266,2,17,611)
r(267,2,17,611)
r(270,0,17,611)
r(270,0,17,611)
w(269,1,0,613)
r(270,0,0,613)
r(270,0,0,613)
w(269,2,0,613)
w(267,3,0,613)
r(266,2,0,613)
w(270,1,8,615)
w(270,2,8,615)
r(269,2,8,615)
r(270,2,8,615)
w(270,3,8,615)
w(269,3,8,615)
w(271,1,8,615)
w(266,3,8,615)
r(272,0,7,617)
r(266,3,7,617)
w(272,1,7,617)
r(272,1,7,617)
r(272,1,7,617)
w(272,2,4,619)
r(271,1,4,619)
w(272,3,4,619)
w(271,2,4,619)
w(271,3,4,619)
r(271,3,4,619)
r(269,3,10,621)
r(271,3,10,621)
r(266,3,10,621)
r(273,0,10,621)
r(271,3,5,623)
r(273,0,5,623)
w(273,1,5,623)
r(274,0,5,623)
w(276,1,5,623)
w(273,2,5,623)
w(276,2,5,623)
r(276,2,1,625)
w(273,3,1,625)
r(277,0,1,625)
r(274,0,1,625)
r(276,2,1,625)
w(276,3,3,627)
r(278,0,3,627)
r(278,0,3,627)
r(277,0,3,627)
r(278,0,3,627)
w(277,1,3,627)
w(277,2,9,629)
w(274,1,9,629)
r(274,1,9,629)
r(277,2,9,629)
r(277,2,5,631)
r(277,2,5,631)
r(278,0,5,631)
w(274,2,5,631)
w(274,3,5,631)
r(277,2,7,633)
w(277,3,7,633)
r(279,0,7,633)
r(278,0,7,633)
w(278,1,7,633)
w(280,1,0,635)
r(278,1,0,635)
r(278,1,0,635)
r(278,1,0,635)
w(280,2,0,635)
r(280,2,0,635)
w(279,1,0,635)
w(278,2,0,635)
r(281,0,3,637)
w(280,3,3,637)
w(281,1,3,637)
r(282,0,3,637)
w(281,2,3,637)
w(281,3,3,637)
r(282,0,3,637)
w(282,1,16,639)
r(278,2,16,639)
r(282,1,16,639)
r(282,1,16,639)
r(282,1,16,639)
w(279,2,17,641)
r(282,1,17,641)
w(282,2,17,641)
r(281,3,17,641)
r(278,2,17,641)
r(282,2,17,641)
r(278,2,1,643)
r(282,2,1,643)
r(282,2,1,643)
w(282,3,1,643)
r(279,2,1,643)
r(278,2,1,643)
r(283,0,1,643)
w(283,1,11,645)
r(275,0,11,645)
r(283,1,11,645)
w(283,2,11,645)
w(283,3,11,645)
r(283,3,11,645)
w(279,3,11,645)
r(278,2,0,647)
r(281,3,0,647)
w(278,3,0,647)
r(278,3,0,647)
r(278,3,0,647)
r(278,3,0,647)
r(275,0,0,647)
r(283,3,8,650)
r(285,0,8,650)
r(285,0,8,650)
w(284,1,8,650)
w(284,2,8,650)
w(284,3,8,650)
r(284,3,8,650)
r(284,3,8,650)
r(287,0,13,651)
r(285,0,13,651)
r(287,0,13,651)
r(285,0,13,651)
r(287,0,13,651)
r(285,0,13,651)
w(287,1,1,653)
w(285,1,1,653)
r(287,1,1,653)
r(286,0,1,653)
w(275,1,1,653)
w(285,2,15,655)
w(286,1,15,655)
r(286,1,15,655)
r(285,2,15,655)
w(287,2,15,655)
w(287,3,15,655)
w(285,3,17,657)
r(287,3,17,657)
w(288,1,17,657)
r(287,3,17,657)
r(287,3,7,659)
r(287,3,7,659)
w(286,2,7,659)
r(287,3,7,659)
r(287,3,7,659)
r(286,2,7,659)
r(289,0,19,661)
r(290,0,19,661)
r(290,0,19,661)
w(290,1,19,661)
r(275,1,19,661)
w(289,1,19,661)
r(289,1,19,661)
r(289,1,19,661)
w(289,2,8,663)
w(286,3,8,663)
r(289,2,8,663)
w(290,2,8,663)
r(290,2,8,663)
w(289,3,8,663)
w(290,3,8,663)
w(291,1,1,665)
w(291,2,1,665)
r(291,2,1,665)
r(291,2,1,665)
w(291,3,1,665)
r(292,0,10,667)
r(293,0,10,667)
w(293,1,10,667)
r(275,1,10,667)
w(293,2,10,669)
r(294,0,10,669)
r(293,2,10,669)
r(288,1,10,669)
w(294,1,10,669)
w(294,2,10,669)
w(293,3,10,669)
r(294,2,10,669)
r(294,2,9,671)
r(294,2,9,671)
r(294,2,9,671)
w(294,3,9,671)
r(295,0,9,671)
r(295,0,9,671)
r(288,1,9,671)
r(296,0,0,673)
w(296,1,0,673)
w(295,1,0,673)
w(288,2,0,673)
w(296,2,10,675)
r(295,1,10,675)
w(295,2,10,675)
r(295,2,10,675)
w(295,3,10,675)
r(295,3,18,677)
w(296,3,18,677)
w(292,1,18,677)
w(297,1,18,677)
r(292,1,18,677)
r(296,3,18,677)
w(297,2,16,679)
r(297,2,16,679)
r(292,1,16,679)
r(297,2,16,679)
r(297,2,16,679)
r(296,3,16,679)
r(296,3,13,681)
w(297,3,13,681)
w(298,1,13,681)
r(298,1,13,681)
w(298,2,13,681)
r(299,0,13,681)
w(298,3,13,681)
r(298,3,16,683)
r(299,0,16,683)
r(292,1,16,683)
w(300,1,16,683)
w(292,2,13,685)
w(300,2,13,685)
w(299,1,13,685)
r(299,1,13,685)
w(292,3,13,685)
r(300,2,12,687)
r(288,2,12,687)
r(300,2,12,687)
w(300,3,12,687)
r(299,1,7,689)
r(300,3,7,689)
r(292,3,7,689)
w(301,1,7,689)
w(301,2,7,689)
w(299,2,7,689)
w(299,3,7,689)
w(275,2,7,689)
w(301,3,10,691)
r(302,0,10,691)
w(288,3,10,691)
r(299,3,10,691)
w(302,1,10,691)
r(302,1,14,693)
r(304,0,14,693)
w(304,1,14,693)
r(304,1,14,693)
w(302,2,3,695)
w(302,3,3,695)
r(302,3,3,695)
w(304,2,3,695)
w(305,1,3,695)
r(288,3,2,697)
w(305,2,2,697)
w(305,3,2,697)
r(305,3,2,697)
r(305,3,2,697)
w(303,1,1,699)
w(304,3,1,699)
r(305,3,1,699)
w(303,2,1,699)
r(304,3,1,699)
r(305,3,1,699)
r(307,0,1,699)
r(306,0,1,699)
w(307,1,13,702)
r(307,1,13,702)
r(303,2,13,702)
r(307,1,13,702)
w(303,3,13,702)
w(307,2,13,702)
w(306,1,17,703)
w(307,3,17,703)
r(306,1,17,703)
r(306,1,17,703)
r(288,3,17,703)
r(306,1,17,703)
w(306,2,17,703)
w(306,3,17,703)
r(308,0,6,705)
w(308,1,6,705)
w(275,3,6,705)
w(308,2,6,705)
r(308,2,19,707)
w(308,3,19,707)
r(306,3,19,707)
r(310,0,19,707)
r(310,0,19,709)
r(310,0,19,709)
w(310,1,19,709)
w(310,2,19,709)
r(310,2,19,709)
w(311,1,19,709)
w(311,2,19,709)
r(310,2,19,709)
w(309,1,3,711)
w(310,3,3,711)
r(311,2,3,711)
r(313,0,3,711)
r(313,0,3,711)
w(313,1,5,713)
w(311,3,5,713)
r(313,1,5,713)
w(309,2,5,713)
w(314,1,5,713)
r(313,1,18,715)
r(275,3,18,715)
w(309,3,18,715)
r(312,0,18,715)
w(313,2,18,715)
w(314,2,18,715)
w(315,1,18,715)
r(313,2,7,717)
w(313,3,7,717)
r(275,3,7,717)
r(316,0,7,717)
w(314,3,7,717)
r(316,0,7,717)
r(316,0,7,717)
r(316,0,2,720)
w(315,2,2,720)
r(316,0,2,720)
r(316,0,2,720)
r(275,3,2,720)
w(315,3,2,720)
r(314,3,2,720)
r(316,0,2,720)
r(314,3,3,721)
r(316,0,3,721)
w(316,1,3,721)
w(312,1,3,721)
r(318,0,3,721)
r(316,1,11,724)
r(316,1,11,724)
w(318,1,11,724)
r(316,1,11,724)
w(312,2,11,724)
r(316,1,11,724)
r(316,1,11,724)
w(320,1,0,728)
w(318,3,0,728)
r(318,3,0,728)
r(316,1,0,728)
w(319,1,0,728)
w(323,1,1,731)
w(319,3,1,731)
r(319,3,1,731)
w(323,2,1,731)
r(320,1,1,731)
w(323,3,18,733)
r(324,0,18,733)
r(320,1,18,733)
r(323,3,18,733)
w(325,1,18,733)
w(324,1,18,733)
r(324,1,18,733)
r(317,0,0,735)
w(321,1,0,735)
r(325,1,0,735)
w(324,2,0,735)
r(325,1,0,735)
w(325,2,0,735)
w(324,3,0,735)
r(324,3,0,735)
w(325,3,13,737)
r(324,3,13,737)
w(321,2,13,737)
w(326,1,13,737)
r(326,1,0,739)
r(326,1,0,739)
w(326,2,0,739)
w(321,3,0,739)
r(326,2,0,739)
r(326,2,0,739)
r(326,2,13,741)
r(326,2,13,741)
w(326,3,13,741)
r(324,3,13,741)
r(328,0,13,741)
w(327,1,15,743)
w(328,1,15,743)
w(317,1,15,743)
w(328,2,15,743)
r(327,1,15,743)
r(327,1,15,743)
w(320,3,15,743)
w(328,3,15,743)
r(324,3,15,745)
r(328,3,15,745)
r(324,3,15,745)
w(330,1,15,745)
r(330,1,3,747)
r(330,1,3,747)
w(329,1,3,747)
w(329,2,3,747)
r(330,1,3,747)
r(329,2,9,749)
w(330,2,9,749)
r(330,2,9,749)
r(329,2,9,749)
r(327,1,9,749)
w(329,3,9,749)
r(329,3,9,749)
r(330,2,9,749)
w(330,3,4,751)
r(330,3,4,751)
r(330,3,4,751)
r(327,1,4,751)
r(327,1,4,751)
w(332,1,4,751)
w(333,1,4,751)
r(327,1,4,751)
r(332,1,18,753)
w(332,2,18,753)
r(332,2,18,753)
w(333,2,18,753)
r(333,2,2,755)
r(332,2,2,755)
w(333,3,2,755)
r(327,1,2,755)
w(327,2,2,755)
w(332,3,2,755)
r(334,0,2,755)
r(331,0,6,757)
w(334,1,6,757)
w(327,3,6,757)
w(334,2,6,757)
r(334,2,6,757)
r(335,0,17,759)
r(334,2,17,759)
w(334,3,17,759)
r(334,3,17,759)
r(335,0,17,759)
w(335,1,17,759)
w(336,1,7,761)
r(336,1,7,761)
r(336,1,7,761)
w(336,2,7,761)
w(336,3,7,761)
r(337,0,7,761)
w(335,2,7,761)
w(337,1,4,763)
w(337,2,4,763)
r(335,2,4,763)
w(335,3,4,763)
r(335,3,4,763)
w(337,3,4,763)
r(337,3,5,765)
r(337,3,5,765)
r(335,3,5,765)
w(338,1,5,765)
w(338,2,5,765)
r(338,2,5,765)
r(338,2,9,768)
r(339,0,9,768)
r(338,2,9,768)
w(338,3,9,768)
r(339,0,9,768)
w(339,1,9,768)
w(341,1,19,769)
w(341,2,19,769)
r(341,2,19,769)
r(339,0,19,769)
w(341,3,15,771)
w(342,1,15,771)
w(342,2,15,771)
r(339,1,15,771)
w(317,2,15,773)
w(342,3,15,773)
w(340,1,15,773)
w(343,1,15,773)
r(343,1,15,773)
r(343,1,15,773)
w(343,2,15,773)
r(339,1,15,773)
r(339,1,14,775)
r(343,2,14,775)
r(339,1,14,775)
w(339,2,14,775)
r(343,2,14,775)
w(343,3,14,775)
r(340,1,0,777)
w(344,1,0,777)
w(331,1,0,777)
r(339,2,0,777)
w(331,2,0,777)
r(344,1,0,777)
w(344,2,0,777)
w(331,3,0,777)
r(344,2,18,779)
w(339,3,18,779)
w(340,2,18,779)
r(340,2,18,779)
r(339,3,11,781)
w(344,3,11,781)
r(340,2,11,781)
r(344,3,11,781)
r(340,2,16,783)
r(317,2,16,783)
r(344,3,16,783)
r(347,0,16,783)
r(347,0,0,785)
w(347,1,0,785)
w(340,3,0,785)
w(346,1,0,785)
w(347,2,0,785)
r(340,3,10,787)
r(347,2,10,787)
r(347,2,10,787)
r(340,3,10,787)
w(345,1,14,789)
r(347,2,14,789)
w(347,3,14,789)
r(345,1,14,789)
r(349,0,14,789)
r(348,0,14,789)
w(349,1,14,789)
w(348,1,5,791)
r(348,1,5,791)
r(349,1,5,791)
w(348,2,5,791)
r(348,2,5,791)
r(349,1,15,793)
w(349,2,15,793)
w(346,2,15,793)
w(349,3,15,793)
w(345,2,15,793)
r(345,2,15,793)
r(345,2,15,793)
w(350,1,15,793)
w(345,3,8,795)
w(350,2,8,795)
r(345,3,8,795)
w(350,3,8,795)
r(350,3,6,797)
r(345,3,6,797)
r(350,3,6,797)
r(345,3,6,797)
r(350,3,6,797)
r(346,2,6,797)
r(345,3,12,799)
r(345,3,12,799)
w(351,1,12,799)
r(345,3,12,799)
r(351,1,12,799)
r(345,3,12,799)
w(351,2,8,801)
w(351,3,8,801)
w(317,3,8,801)
w(352,1,8,801)
r(351,3,8,801)
w(352,2,16,803)
w(353,1,16,803)
w(348,3,16,803)
w(353,2,16,803)
w(346,3,16,803)
w(353,3,16,803)
r(352,2,16,803)
w(354,1,16,803)
r(352,2,6,805)
w(354,2,6,805)
w(354,3,6,805)
r(354,3,6,805)
r(317,3,6,805)
r(354,3,8,807)
w(355,1,8,807)
w(355,2,8,807)
r(355,2,8,807)
w(352,3,8,807)
r(352,3,8,807)
w(355,3,8,807)
r(355,3,8,807)
r(357,0,16,809)
w(356,1,16,809)
w(358,1,16,809)
w(358,2,16,809)
w(358,3,16,809)
w(356,2,16,809)
w(360,1,16,809)
w(360,2,16,809)
r(360,2,14,811)
w(360,3,14,811)
r(361,0,14,811)
w(357,1,14,811)
w(357,2,14,811)
r(361,0,14,811)
r(357,2,14,811)
r(356,2,3,813)
r(361,0,3,813)
r(361,0,3,813)
w(361,1,3,813)
w(357,3,3,813)
r(361,1,3,813)
w(361,2,3,813)
w(361,3,3,813)
r(356,2,12,815)
r(361,3,12,815)
r(356,2,12,815)
w(356,3,12,815)
r(359,0,14,817)
r(363,0,14,817)
r(363,0,14,817)
r(363,0,14,817)
w(359,1,14,817)
w(364,1,14,817)
w(364,2,14,817)
w(364,3,10,820)
w(363,1,10,820)
r(363,1,10,820)
w(362,1,10,820)
w(366,1,10,820)
w(366,2,10,820)
w(366,3,10,820)
w(365,1,10,820)
w(367,1,19,821)
w(367,2,19,821)
r(367,2,19,821)
r(367,2,19,821)
w(365,2,19,821)
w(363,2,19,821)
w(367,3,19,821)
r(368,0,15,823)
r(368,0,15,823)
r(368,0,15,823)
r(365,2,15,823)
r(363,2,15,823)
w(365,3,15,823)
w(363,3,15,823)
w(368,1,15,823)
r(368,1,13,825)
w(368,2,13,825)
w(368,3,13,825)
w(369,1,13,825)
r(363,3,13,825)
r(370,0,13,825)
w(370,1,13,825)
r(370,1,8,827)
r(369,1,8,827)
w(371,1,8,827)
w(369,2,8,827)
w(371,2,8,827)
w(369,3,8,827)
w(372,1,2,829)
r(370,1,2,829)
w(371,3,2,829)
r(362,1,2,829)
r(362,1,2,829)
r(370,1,2,829)
r(372,1,7,831)
w(370,2,7,831)
r(372,1,7,831)
r(359,1,7,831)
w(373,1,14,833)
r(372,1,14,833)
w(373,2,14,833)
w(373,3,14,833)
w(372,2,14,833)
w(372,3,14,833)
r(372,3,2,835)
w(362,2,2,835)
w(374,1,2,835)
r(372,3,2,835)
r(372,3,2,835)
r(372,3,17,837)
r(374,1,17,837)
r(372,3,17,837)
w(374,2,17,837)
w(375,1,17,837)
w(375,2,17,837)
r(375,2,17,837)
w(374,3,13,839)
r(375,2,13,839)
r(375,2,13,839)
w(375,3,13,839)
r(375,3,2,841)
r(377,0,2,841)
w(377,1,2,841)
r(377,1,2,841)
r(376,0,13,843)
r(359,1,13,843)
w(359,2,13,843)
r(377,1,13,843)
w(377,2,13,843)
r(377,2,13,843)
r(376,0,13,843)
r(376,0,13,843)
w(376,1,5,845)
w(377,3,5,845)
r(377,3,5,845)
w(376,2,5,845)
w(362,3,5,845)
r(362,3,5,845)
w(370,3,7,847)
w(378,1,7,847)
r(362,3,7,847)
r(378,1,7,847)
w(376,3,7,847)
w(378,2,19,849)
w(380,1,19,849)
w(378,3,19,849)
r(380,1,19,849)
r(381,0,19,849)
w(381,1,19,849)
r(380,1,19,849)
r(381,1,19,851)
w(381,2,19,851)
r(381,2,19,851)
w(379,1,19,851)
w(381,3,19,851)
r(362,3,17,853)
w(382,1,17,853)
r(382,1,17,853)
r(362,3,17,853)
w(379,2,17,853)
r(380,1,14,855)
r(379,2,14,855)
w(379,3,14,855)
w(382,2,14,855)
w(380,2,14,855)
r(382,2,14,855)
r(382,2,14,855)
w(382,3,16,857)
w(380,3,16,857)
r(382,3,16,857)
r(380,3,16,857)
r(384,0,16,857)
r(384,0,16,857)
w(383,1,16,857)
r(380,3,16,857)
w(383,2,4,859)
w(384,1,4,859)
r(384,1,4,859)
w(384,2,4,859)
r(383,2,10,861)
r(384,2,10,861)
w(384,3,10,861)
r(362,3,10,861)
r(384,3,10,861)
r(385,0,10,861)
r(386,0,10,861)
w(383,3,6,863)
r(385,0,6,863)
r(385,0,6,863)
w(385,1,6,863)
r(385,1,6,863)
r(386,0,6,863)
w(386,1,6,863)
w(386,2,0,865)
w(385,2,0,865)
w(385,3,0,865)
r(362,3,0,865)
r(386,2,0,865)
r(385,3,0,865)
w(386,3,0,865)
r(385,3,0,865)
r(387,0,6,867)
r(386,3,6,867)
r(386,3,6,867)
r(385,3,6,867)
r(386,3,6,867)
r(386,3,6,867)
r(386,3,6,867)
r(388,0,6,867)
r(388,0,2,869)
w(388,1,2,869)
w(387,1,2,869)
r(389,0,2,869)
r(388,1,2,869)
r(388,1,2,869)
r(362,3,2,869)
r(387,1,2,869)
r(388,1,0,871)
r(388,1,0,871)
w(389,1,0,871)
w(388,2,0,871)
r(387,1,7,873)
r(388,2,7,873)
w(388,3,7,873)
r(388,3,7,873)
w(359,3,7,873)
w(390,1,4,875)
r(389,1,4,875)
r(389,1,4,875)
r(389,1,4,875)
r(390,1,4,875)
w(387,2,4,875)
w(389,2,4,875)
w(390,2,17,877)
r(390,2,17,877)
w(390,3,17,877)
r(387,2,17,877)
r(389,2,17,877)
w(391,1,17,877)
w(391,2,18,879)
w(389,3,18,879)
r(362,3,18,879)
r(362,3,18,879)
w(392,1,11,881)
w(391,3,11,881)
w(387,3,11,881)
r(391,3,11,881)
r(391,3,7,883)
r(391,3,7,883)
r(391,3,7,883)
r(392,1,7,883)
w(392,2,16,885)
w(392,3,16,885)
r(392,3,16,885)
w(394,1,16,885)
w(394,2,12,887)
w(394,3,12,887)
r(396,0,12,887)
r(362,3,12,887)
r(396,0,12,887)
w(396,1,12,887)
w(393,1,19,889)
w(395,1,19,889)
r(395,1,19,889)
r(397,0,19,889)
w(397,1,15,891)
w(393,2,15,891)
r(396,1,15,891)
r(362,3,15,891)
w(397,2,15,891)
r(393,2,11,894)
r(397,2,11,894)
w(396,2,11,894)
w(396,3,11,894)
w(397,3,11,894)
r(397,3,11,894)
r(398,0,3,895)
r(395,1,3,895)
r(396,1,3,895)
w(398,1,3,895)
r(398,1,3,895)
w(398,2,3,895)
w(393,3,3,895)
r(398,2,1,897)
w(398,3,1,897)
r(396,3,1,897)
r(398,3,1,897)
w(395,2,1,897)
w(399,1,1,897)
r(399,1,13,900)
w(395,3,13,900)
r(400,0,13,900)
r(395,3,13,900)
w(400,1,13,900)
r(400,1,15,903)
r(395,3,15,903)
r(395,3,15,903)
r(400,1,15,903)
w(399,2,7,905)
r(401,0,7,905)
r(399,2,7,905)
w(399,3,7,905)
w(402,1,7,905)
r(399,3,7,905)
w(402,2,7,905)
r(403,0,12,907)
r(403,0,12,907)
r(402,2,12,907)
r(399,3,12,907)
w(402,3,12,907)
r(402,3,12,907)
r(399,3,12,907)
r(404,0,14,909)
w(404,1,14,909)
w(404,2,14,909)
w(404,3,14,909)
r(399,3,14,909)
r(406,0,14,909)
r(403,0,18,911)
w(405,1,18,911)
r(405,1,18,911)
r(406,0,18,911)
w(405,2,18,911)
r(405,2,18,911)
w(405,3,9,913)
w(403,1,9,913)
w(403,2,9,913)
r(405,3,9,913)
r(406,0,19,915)
r(407,0,19,915)
w(407,1,19,915)
w(407,2,19,915)
w(407,3,19,915)
w(406,1,8,918)
r(407,3,8,918)
r(406,1,8,918)
r(401,0,8,918)
r(393,3,8,918)
r(406,1,8,918)
w(408,1,8,918)
r(393,3,8,918)
r(403,2,16,921)
r(408,1,16,921)
r(409,0,16,921)
r(408,1,16,921)
r(408,1,18,923)
r(408,1,18,923)
w(408,2,18,923)
w(409,1,18,923)
w(408,3,5,925)
r(408,3,5,925)
r(408,3,5,925)
w(409,2,5,925)
r(409,2,5,925)
r(403,2,5,925)
r(411,0,5,925)
w(411,1,15,927)
r(409,2,15,927)
w(401,1,15,927)
w(409,3,15,927)
r(411,1,15,927)
r(401,1,15,927)
w(411,2,15,927)
r(411,2,15,927)
r(409,3,8,929)
r(412,0,8,929)
r(412,0,8,929)
w(411,3,8,929)
r(411,3,6,931)
r(401,1,6,931)
r(401,1,6,931)
w(413,1,6,931)
r(413,1,6,931)
w(413,2,2,933)
r(403,2,2,933)
w(413,3,2,933)
r(403,2,2,933)
w(412,1,11,935)
r(412,1,11,935)
r(413,3,11,935)
r(413,3,11,935)
w(412,2,11,935)
w(401,2,11,935)
w(401,3,12,937)
w(415,1,12,937)
r(415,1,12,937)
r(410,0,12,937)
r(415,1,12,937)
w(415,2,16,939)
w(410,1,16,939)
w(415,3,16,939)
r(415,3,16,939)
r(414,0,16,939)
r(412,2,16,939)
r(415,3,16,939)
r(403,2,16,939)
r(403,2,3,941)
r(414,0,3,941)
r(415,3,3,941)
r(412,2,3,941)
r(412,2,3,941)
w(412,3,3,941)
r(415,3,9,943)
w(416,1,9,943)
r(416,1,9,943)
r(414,0,9,943)
w(417,1,13,945)
w(416,2,13,945)
r(403,2,13,945)
r(416,2,13,945)
r(416,2,13,945)
r(414,0,13,945)
w(417,2,2,947)
r(416,2,2,947)
r(416,2,2,947)
w(417,3,2,947)
r(403,2,2,947)
w(416,3,2,947)
w(418,1,0,949)
r(410,1,0,949)
r(414,0,0,949)
r(418,1,0,949)
r(418,1,12,951)
r(419,0,12,951)
w(418,2,12,951)
w(420,1,12,951)
w(418,3,12,951)
r(418,3,12,951)
r(419,0,12,951)
r(418,3,12,951)
w(419,1,13,955)
w(421,1,13,955)
w(414,1,13,955)
w(421,2,13,955)
r(419,1,13,955)
w(419,2,8,957)
w(420,3,8,957)
w(414,2,8,957)
r(422,0,8,957)
w(422,1,8,957)
w(419,3,8,957)
r(422,1,8,957)
r(422,1,1,959)
w(423,1,1,959)
r(422,1,1,959)
w(422,2,1,959)
r(414,2,1,959)
r(422,2,1,959)
w(414,3,1,959)
w(422,3,19,961)
w(410,2,19,961)
r(424,0,19,961)
r(422,3,19,961)
r(424,0,19,961)
w(424,1,19,961)
r(424,1,14,963)
r(424,1,14,963)
r(422,3,14,963)
r(423,1,14,963)
r(423,1,14,963)
w(425,1,17,966)
r(425,1,17,966)
w(423,2,17,966)
r(423,2,17,966)
w(425,2,17,966)
w(425,3,17,966)
w(426,1,17,966)
w(424,2,11,967)
r(426,0,11,967)
r(423,1,11,967)
r(423,1,11,967)
w(410,3,11,967)
r(426,0,11,967)
r(424,2,3,969)
r(424,2,3,969)
w(426,2,3,969)
r(426,2,3,969)
w(427,1,3,969)
r(426,2,10,971)
w(426,3,10,971)
w(428,1,10,971)
r(427,1,10,971)
r(427,1,10,971)
r(428,1,15,973)
r(423,2,15,973)
w(423,3,15,973)
w(428,2,15,973)
w(427,2,15,973)
r(427,2,2,975)
w(424,3,2,975)
r(428,2,2,975)
w(428,3,2,975)
r(428,3,2,975)
r(428,3,2,975)
r(430,0,2,975)
w(430,1,2,975)
w(431,1,17,977)
w(431,2,17,977)
w(429,1,17,977)
r(430,1,17,977)
w(427,3,17,977)
r(431,2,1,979)
w(430,2,1,979)
w(431,3,1,979)
r(432,0,1,979)
r(432,0,1,979)
w(432,1,1,979)
w(430,3,1,979)
r(430,3,1,979)
r(433,0,6,983)
w(432,3,6,983)
r(433,0,6,983)
w(434,1,6,983)
r(433,0,6,983)
r(435,0,6,983)
r(433,0,6,983)
w(429,2,6,983)
w(433,2,5,985)
r(435,0,5,985)
w(429,3,5,985)
r(435,0,5,985)
w(433,3,5,985)
w(434,2,5,985)
w(436,1,5,985)
w(437,1,7,987)
w(436,2,7,987)
w(436,3,7,987)
w(438,1,7,987)
w(438,2,17,989)
w(438,3,17,989)
r(410,3,17,989)
w(437,2,17,989)
r(437,2,17,989)
r(438,3,4,991)
r(437,2,4,991)
r(438,3,4,991)
r(434,2,4,991)
r(437,2,4,991)
w(437,3,4,991)
r(437,3,4,991)
r(434,2,4,991)
r(439,0,7,993)
w(439,1,7,993)
w(439,2,7,993)
w(439,3,7,993)
r(439,3,7,993)
r(437,3,7,993)
r(439,3,3,995)
r(437,3,3,995)
r(440,0,3,995)
r(435,0,3,995)
r(440,0,3,995)
w(440,1,3,995)
r(440,1,3,995)
r(440,1,5,997)
w(441,1,5,997)
r(440,1,5,997)
r(440,1,5,997)
w(440,2,1,999)
w(435,1,1,999)
w(440,3,1,999)
w(435,2,1,999)
r(440,3,1,999)
r(440,3,1,999)
w(435,3,1,999)
r(443,0,9,1001)
w(443,1,9,1001)
w(443,2,9,1001)
w(444,1,9,1001)
w(444,2,9,1001)
w(443,3,14,1003)
r(444,2,14,1003)
r(444,2,14,1003)
w(444,3,14,1003)
r(444,3,14,1003)
w(445,1,14,1003)
r(446,0,14,1003)
r(446,0,19,1005)
r(446,0,19,1005)
r(445,1,19,1005)
r(446,0,19,1005)
r(441,1,19,1005)
w(445,2,17,1008)
w(445,3,17,1008)
w(446,1,17,1008)
w(446,2,17,1008)
r(441,1,17,1008)
w(446,3,17,1008)
r(445,1,14,1009)
w(441,2,14,1009)
r(434,2,14,1009)
r(447,0,14,1009)
w(448,1,17,1011)
r(448,1,17,1011)
w(434,3,17,1011)
w(448,2,17,1011)
w(441,3,17,1011)
r(448,2,17,1011)
r(441,3,17,1011)
w(447,1,0,1013)
r(447,1,0,1013)
r(447,1,0,1013)
r(448,2,0,1013)
w(447,2,0,1013)
r(447,2,0,1013)
w(448,3,0,1013)
r(448,3,0,1013)
r(449,0,13,1015)
w(447,3,13,1015)
r(447,3,13,1015)
w(450,1,13,1015)
w(450,2,5,1017)
w(450,3,5,1017)
r(451,0,5,1017)
r(449,0,5,1017)
r(442,0,5,1017)
w(451,1,0,1019)
w(451,2,0,1019)
w(451,3,0,1019)
w(452,1,0,1019)
r(453,0,0,1019)
w(453,1,14,1021)
r(452,1,14,1021)
w(452,2,14,1021)
w(442,1,14,1021)
w(453,2,14,1021)
w(453,3,14,1021)
r(453,3,14,1021)
r(453,3,12,1023)
w(452,3,12,1023)
r(453,3,12,1023)
r(453,3,12,1023)
w(454,1,14,1025)
r(449,0,14,1025)
r(454,1,14,1025)
r(442,1,14,1025)
r(454,1,14,1025)
r(453,3,6,1027)
r(441,3,6,1027)
w(442,2,6,1027)
r(453,3,6,1027)
w(455,1,6,1027)
r(454,1,6,1029)
w(455,2,6,1029)
r(441,3,6,1029)
w(455,3,6,1029)
r(454,1,6,1029)
r(454,1,6,1029)
r(441,3,6,1029)
r(454,1,6,1029)
r(454,1,6,1031)
w(454,2,6,1031)
r(454,2,6,1031)
w(454,3,6,1031)
r(454,3,6,1031)
w(456,1,6,1031)
w(457,1,6,1031)
w(456,2,5,1033)
r(456,2,5,1033)
w(456,3,5,1033)
r(459,0,5,1033)
w(459,1,5,1033)
w(459,2,5,1033)
w(449,1,17,1035)
r(458,0,17,1035)
w(458,1,17,1035)
r(459,2,17,1035)
w(449,2,17,1035)
w(457,2,17,1035)
w(458,2,17,1035)
r(459,2,17,1035)
w(459,3,13,1037)
w(458,3,13,1037)
w(460,1,13,1037)
r(449,2,13,1037)
r(458,3,13,1037)
r(457,2,2,1039)
r(457,2,2,1039)
w(442,3,2,1039)
w(460,2,2,1039)
r(460,2,2,1039)
w(457,3,2,1039)
r(460,2,2,1039)
w(460,3,2,1039)
r(449,2,14,1042)
w(462,1,14,1042)
r(449,2,14,1042)
w(461,1,14,1042)
r(461,1,14,1042)
w(462,2,14,1042)
r(461,1,11,1043)
w(449,3,11,1043)
r(461,1,11,1043)
r(458,3,11,1043)
r(462,2,11,1043)
w(462,3,11,1043)
r(462,3,16,1046)
r(461,1,16,1046)
w(461,2,16,1046)
w(463,1,16,1046)
r(463,1,16,1046)
r(463,1,16,1046)
r(463,1,0,1049)
r(442,3,0,1049)
r(463,1,0,1049)
w(461,3,0,1049)
r(442,3,13,1051)
r(461,3,13,1051)
r(464,0,13,1051)
r(461,3,13,1051)
w(464,1,13,1051)
w(464,2,13,1051)
r(461,3,13,1051)
r(458,3,13,1051)
r(464,2,13,1053)
r(464,2,13,1053)
r(464,2,13,1053)
w(464,3,13,1053)
r(461,3,13,1053)
r(464,3,13,1053)
r(458,3,18,1055)
w(465,1,18,1055)
r(466,0,18,1055)
w(465,2,18,1055)
w(466,1,9,1057)
w(466,2,9,1057)
r(466,2,9,1057)
r(458,3,9,1057)
r(466,2,9,1057)
r(466,2,9,1057)
r(465,2,9,1057)
w(466,3,9,1057)
w(467,1,10,1059)
r(465,2,10,1059)
r(465,2,10,1059)
r(467,1,10,1059)
r(466,3,10,1059)
w(465,3,10,1059)
w(467,2,5,1061)
r(466,3,5,1061)
r(466,3,5,1061)
w(467,3,5,1061)
r(469,0,5,1061)
r(465,3,10,1063)
r(470,0,10,1063)
r(465,3,10,1063)
r(470,0,10,1063)
r(469,0,10,1063)
r(469,0,10,1063)
r(465,3,3,1067)
r(442,3,3,1067)
w(470,1,3,1067)
w(469,1,3,1067)
r(469,1,3,1067)
r(442,3,3,1067)
w(469,2,3,1067)
r(469,2,3,1067)
r(471,0,12,1069)
w(472,2,12,1069)
r(471,0,12,1069)
r(470,1,12,1069)
w(471,3,12,1069)
r(470,1,12,1069)
r(472,2,8,1071)
w(473,1,8,1071)
r(470,1,8,1071)
r(472,2,8,1071)
w(473,2,8,1071)
r(472,2,8,1071)
w(473,3,7,1073)
w(470,2,7,1073)
r(473,3,7,1073)
r(470,2,7,1073)
r(472,2,7,1073)
w(474,1,7,1073)
w(474,2,7,1073)
r(472,2,7,1073)
w(470,3,11,1075)
r(474,2,11,1075)
w(474,3,11,1075)
r(474,3,11,1075)
w(472,3,17,1077)
r(474,3,17,1077)
w(475,1,17,1077)
r(474,3,17,1077)
w(475,2,17,1077)
w(476,1,17,1077)
r(476,1,17,1077)
r(476,1,17,1077)
r(468,0,18,1079)
r(476,1,18,1079)
w(475,3,18,1079)
w(468,1,18,1079)
w(476,2,18,1079)
w(476,3,1,1081)
w(468,2,1,1081)
w(477,1,1,1081)
r(477,1,1,1081)
r(478,0,1,1081)
r(478,0,1,1081)
w(478,1,1,1081)
r(478,1,1,1081)
w(478,2,5,1083)
w(478,3,5,1083)
r(478,3,5,1083)
r(477,1,5,1083)
r(478,3,5,1083)
r(477,1,17,1085)
r(475,3,17,1085)
r(478,3,17,1085)
r(477,1,17,1085)
r(479,0,17,1085)
r(480,0,17,1085)
r(480,0,10,1087)
r(480,0,10,1087)
r(480,0,10,1087)
r(480,0,10,1087)
r(477,1,10,1087)
w(477,2,16,1089)
w(480,1,16,1089)
w(477,3,16,1089)
r(480,1,16,1089)
w(480,2,9,1091)
w(480,3,9,1091)
w(481,1,9,1091)
r(480,3,9,1091)
r(480,3,9,1091)
r(480,3,15,1093)
r(480,3,15,1093)
r(479,0,15,1093)
w(481,2,15,1093)
r(480,3,15,1093)
r(442,3,15,1093)
w(481,3,15,1093)
w(482,1,11,1097)
r(482,1,11,1097)
w(483,1,11,1097)
r(482,1,11,1097)
w(482,2,11,1097)
r(483,1,14,1099)
r(479,0,14,1099)
r(442,3,14,1099)
r(483,1,14,1099)
r(484,0,3,1101)
w(484,1,3,1101)
w(484,2,3,1101)
w(484,3,3,1101)
r(484,3,3,1101)
r(479,0,3,1101)
w(485,1,3,1101)
r(485,1,12,1103)
w(479,2,12,1103)
w(479,3,12,1103)
r(483,1,12,1103)
r(485,1,11,1105)
r(485,1,11,1105)
r(479,3,11,1105)
r(485,1,11,1105)
r(485,1,11,1105)
w(485,2,11,1105)
w(483,3,11,1105)
r(485,2,11,1105)
r(483,3,14,1107)
r(485,2,14,1107)
r(483,3,14,1107)
r(485,2,14,1107)
w(485,3,14,1107)
r(485,3,16,1109)
r(486,0,16,1109)
r(486,0,16,1109)
r(483,3,16,1109)
r(486,0,16,1109)
w(486,1,16,1109)
r(486,1,16,1109)
w(486,2,16,1109)
r(486,2,4,1111)
r(486,2,4,1111)
r(487,0,4,1111)
r(486,2,4,1111)
r(468,2,6,1113)
w(486,3,6,1113)
r(486,3,6,1113)
w(487,1,6,1113)
r(487,1,6,1113)
w(488,1,6,1113)
w(487,2,6,1113)
r(488,1,6,1113)
w(488,2,8,1115)
r(488,2,8,1115)
w(487,3,8,1115)
r(488,2,8,1115)
r(489,0,8,1115)
r(488,2,13,1117)
w(488,3,13,1117)
r(488,3,13,1117)
r(490,0,13,1117)
w(490,1,13,1117)
r(468,2,13,1117)
w(490,2,2,1119)
r(490,2,2,1119)
r(487,3,2,1119)
r(490,2,2,1119)
w(489,1,2,1119)
r(489,1,0,1121)
w(468,3,0,1121)
w(491,1,0,1121)
r(490,2,0,1121)
w(490,3,0,1121)
w(492,1,5,1123)
r(489,1,5,1123)
r(492,1,5,1123)
r(490,3,5,1123)
w(492,2,5,1123)
w(489,2,12,1125)
w(492,3,12,1125)
w(489,3,12,1125)
r(489,3,12,1125)
w(493,1,17,1127)
r(492,3,17,1127)
r(489,3,17,1127)
r(468,3,17,1127)
r(493,1,17,1127)
w(493,2,17,1127)
w(491,2,17,1127)
w(493,3,17,1127)
r(493,3,12,1129)
r(497,0,12,1129)
r(496,0,12,1129)
w(497,1,12,1129)
w(497,2,12,1129)
w(494,1,19,1131)
r(494,1,19,1131)
r(497,2,19,1131)
r(497,2,19,1131)
w(494,2,19,1131)
w(497,3,19,1131)
r(496,0,18,1133)
r(497,3,18,1133)
w(494,3,18,1133)
r(494,3,18,1133)
w(498,1,18,1133)
w(498,2,18,1133)
w(491,3,18,1133)
w(498,3,18,1133)
r(498,3,8,1135)
r(494,3,8,1135)
r(494,3,8,1135)
r(498,3,8,1135)
r(498,3,8,1135)
r(498,3,8,1135)
w(499,1,5,1137)
r(500,0,5,1137)
w(499,2,5,1137)
w(500,1,5,1137)
r(500,1,5,1137)
w(499,3,5,1137)
r(491,3,13,1139)
r(496,0,13,1139)
w(500,2,13,1139)
w(500,3,13,1139)
r(500,3,13,1139)
r(499,3,13,1139)
w(495,1,13,1139)
r(499,3,2,1141)
r(495,1,2,1141)
w(496,1,2,1141)
r(496,1,2,1141)
w(496,2,2,1141)
w(496,3,8,1143)
w(502,1,8,1143)
r(501,0,8,1143)
w(501,1,8,1143)
w(502,2,8,1143)
r(496,3,6,1145)
r(501,1,6,1145)
w(501,2,6,1145)
w(502,3,6,1145)
r(501,2,6,1145)
w(504,1,12,1147)
w(501,3,12,1147)
r(501,3,12,1147)
w(506,1,12,1147)
r(506,1,12,1147)
r(506,1,12,1147)
w(505,1,12,1147)
r(506,1,11,1149)
w(503,1,11,1149)
w(505,2,11,1149)
w(503,2,11,1149)
r(506,1,11,1149)
r(503,2,11,1149)
r(505,2,11,1149)
w(505,3,11,1149)
w(506,2,8,1151)
w(506,3,8,1151)
r(507,0,8,1151)
w(507,1,8,1151)
r(506,3,8,1151)
r(503,2,8,1151)
r(503,2,8,1151)
r(508,0,8,1151)
w(507,2,17,1153)
r(508,0,17,1153)
w(508,1,17,1153)
w(503,3,17,1153)
w(508,2,17,1153)
w(507,3,8,1155)
w(508,3,8,1155)
r(509,0,8,1155)
w(509,1,8,1155)
w(509,2,8,1155)
r(509,2,8,1155)
r(507,3,8,1155)
r(495,1,17,1157)
w(495,2,17,1157)
w(509,3,17,1157)
w(511,1,17,1157)
w(512,1,17,1157)
r(512,1,17,1157)
r(512,1,7,1159)
w(512,2,7,1159)
w(511,2,7,1159)
r(511,2,7,1159)
w(504,2,7,1159)
r(512,2,7,1159)
r(512,2,7,1159)
r(512,2,7,1159)
r(512,2,16,1161)
r(511,2,16,1161)
w(512,3,16,1161)
w(495,3,16,1161)
r(513,0,16,1161)
r(513,0,16,1161)
r(504,2,16,1161)
r(495,3,13,1163)
r(511,2,13,1163)
w(513,1,13,1163)
w(513,2,13,1163)
w(511,3,13,1163)
r(510,0,13,1163)
w(513,3,13,1163)
r(511,3,13,1163)
w(514,1,10,1165)
w(514,2,10,1165)
r(514,2,10,1165)
r(514,2,10,1165)
r(514,2,10,1165)
r(514,2,15,1167)
r(510,0,15,1167)
r(514,2,15,1167)
r(514,2,15,1167)
r(514,2,13,1169)
r(504,2,13,1169)
w(514,3,13,1169)
r(495,3,13,1169)
r(510,0,13,1169)
r(510,0,13,1169)
r(516,0,5,1171)
w(516,1,5,1171)
r(516,1,5,1171)
w(515,1,5,1171)
w(510,1,5,1171)
w(515,2,14,1173)
r(516,1,14,1173)
w(515,3,14,1173)
w(516,2,14,1173)
r(516,2,14,1173)
w(516,3,6,1175)
r(495,3,6,1175)
w(517,1,6,1175)
w(517,2,6,1175)
w(510,2,6,1175)
r(517,2,6,1175)
r(516,3,6,1175)
r(516,3,5,1177)
w(518,1,5,1177)
r(510,2,5,1177)
r(516,3,5,1177)
r(517,2,18,1179)
r(517,2,18,1179)
w(518,2,18,1179)
r(510,2,18,1179)
w(510,3,18,1179)
r(516,3,18,1179)
r(516,3,18,1179)
r(519,0,9,1181)
r(516,3,9,1181)
w(504,3,9,1181)
w(520,1,9,1181)
w(517,3,9,1181)
w(520,2,9,1181)
r(517,3,18,1183)
r(520,2,18,1183)
r(521,0,18,1183)
w(520,3,18,1183)
r(520,3,18,1183)
r(522,0,18,1183)
r(521,0,18,1183)
r(522,0,16,1185)
r(521,0,16,1185)
w(519,1,16,1185)
w(522,1,16,1185)
w(522,2,16,1185)
w(521,1,16,1185)
r(522,2,16,1185)
