r(3,0,14,1)
r(2,0,14,1)
w(4,1,14,1)
r(3,0,14,1)
w(3,1,14,1)
r(3,1,14,1)
w(4,2,4,3)
w(3,2,4,3)
r(3,2,4,3)
r(2,0,4,3)
r(4,2,4,3)
r(2,0,4,3)
w(2,1,14,5)
w(4,3,14,5)
w(5,1,14,5)
w(5,2,14,5)
r(3,2,14,5)
w(5,3,12,7)
r(5,3,12,7)
w(0,1,12,7)
w(2,2,12,7)
w(3,3,12,7)
r(2,2,6,9)
r(6,0,6,9)
r(2,2,6,9)
r(6,0,6,9)
w(6,1,6,9)
w(1,1,6,9)
r(6,1,3,12)
w(6,2,3,12)
w(6,3,3,12)
w(0,2,3,12)
r(7,0,12,14)
w(7,1,12,14)
w(7,2,12,14)
r(7,2,12,14)
w(1,2,12,14)
r(7,2,12,14)
r(3,3,2,17)
r(2,2,2,17)
r(3,3,2,17)
r(9,0,2,17)
w(9,1,2,17)
r(0,2,2,17)
w(1,3,7,19)
r(3,3,7,19)
w(9,2,7,19)
w(9,3,7,19)
r(3,3,7,19)
r(9,3,7,19)
r(10,0,7,19)
w(10,1,0,21)
r(3,3,0,21)
w(10,2,0,21)
r(3,3,0,21)
r(10,2,0,21)
w(10,3,0,21)
r(12,0,6,23)
w(2,3,6,23)
w(12,1,6,23)
r(10,3,6,23)
r(10,3,6,23)
r(10,3,6,23)
w(12,2,6,23)
w(13,1,13,25)
w(12,3,13,25)
w(15,1,13,25)
w(13,2,13,25)
r(14,0,13,25)
r(13,2,4,27)
w(15,2,4,27)
r(13,2,4,27)
r(15,2,4,27)
r(13,2,4,27)
w(16,2,4,31)
w(16,3,4,31)
w(15,3,4,31)
r(14,0,4,31)
r(16,3,4,31)
r(15,3,4,31)
r(14,0,4,31)
r(16,3,1,33)
w(17,1,1,33)
w(17,2,1,33)
r(17,2,1,33)
w(14,1,1,33)
r(16,3,1,33)
r(14,1,1,33)
r(18,0,19,37)
r(17,2,19,37)
w(14,2,19,37)
w(18,2,19,37)
w(17,3,19,37)
r(18,2,19,37)
w(14,3,19,37)
r(19,0,16,39)
r(18,2,16,39)
w(18,3,16,39)
r(11,0,16,39)
r(19,0,2,42)
r(19,0,2,42)
w(19,1,2,42)
w(19,2,2,42)
w(20,1,17,45)
r(20,1,17,45)
r(19,2,17,45)
r(20,1,17,45)
r(14,3,17,45)
r(21,0,5,47)
r(21,0,5,47)
r(21,0,5,47)
w(20,2,5,47)
r(20,2,5,47)
r(21,0,5,47)
w(20,3,5,47)
r(20,3,5,47)
r(20,3,5,49)
w(22,1,5,49)
w(0,3,5,49)
r(23,0,5,49)
r(21,0,5,49)
r(21,0,5,49)
r(23,0,5,49)
r(23,0,0,51)
w(23,1,0,51)
r(23,1,0,51)
w(23,2,0,51)
r(23,2,0,51)
w(23,3,17,53)
w(11,3,17,53)
w(22,2,17,53)
r(11,3,17,53)
r(24,0,17,53)
r(24,0,17,53)
r(0,3,17,53)
w(24,1,1,55)
w(21,1,1,55)
r(22,2,1,55)
w(21,2,1,55)
w(24,2,1,55)
r(24,2,1,55)
w(21,3,1,55)
r(21,3,2,57)
r(21,3,2,57)
r(24,2,2,57)
w(25,1,2,57)
r(22,2,2,57)
w(25,2,2,57)
w(24,3,2,57)
r(24,3,2,57)
w(26,1,1,59)
r(25,2,1,59)
r(26,1,1,59)
w(25,3,1,59)
w(26,2,2,61)
r(27,0,2,61)
r(26,2,2,61)
w(26,3,2,61)
r(26,3,2,61)
r(27,0,2,61)
r(26,3,11,63)
r(26,3,11,63)
r(27,0,11,63)
w(27,1,11,63)
r(27,1,4,65)
r(22,2,4,65)
w(29,1,4,65)
w(29,2,4,65)
r(22,2,17,67)
r(27,1,17,67)
r(29,2,17,67)
w(27,2,17,67)
r(22,2,17,67)
w(29,3,17,67)
w(28,1,17,67)
r(31,0,17,67)
w(31,1,5,69)
r(31,1,5,69)
r(27,2,5,69)
r(31,1,5,69)
w(31,2,17,71)
w(31,3,17,71)
r(27,2,17,71)
r(31,3,17,71)
w(27,3,17,71)
r(22,2,17,71)
r(32,0,8,73)
r(32,0,8,73)
r(33,0,8,73)
w(33,1,8,73)
r(32,0,8,73)
r(33,1,8,73)
r(32,0,8,73)
w(32,1,8,73)
r(32,1,4,75)
w(32,2,4,75)
r(33,1,4,75)
w(32,3,4,75)
r(32,3,4,75)
w(22,3,12,77)
w(35,1,12,77)
r(33,1,12,77)
w(34,1,12,77)
r(28,1,12,77)
r(35,1,12,77)
r(34,1,12,77)
w(34,2,14,79)
r(35,1,14,79)
w(30,1,14,79)
w(34,3,14,79)
w(33,2,0,81)
w(33,3,0,81)
w(36,1,0,81)
r(36,1,0,81)
w(36,2,0,81)
w(36,3,0,81)
w(37,1,0,81)
r(36,3,0,81)
r(36,3,14,83)
w(37,2,14,83)
r(35,1,14,83)
r(36,3,14,83)
w(37,3,0,85)
r(36,3,0,85)
w(38,1,0,85)
r(35,1,0,85)
r(39,0,0,85)
w(38,2,5,87)
w(38,3,5,87)
w(35,2,5,87)
r(35,2,5,87)
r(40,0,5,87)
w(40,1,5,87)
w(40,2,19,90)
r(40,2,19,90)
w(40,3,19,90)
w(39,1,19,90)
r(39,1,19,90)
r(41,0,19,90)
r(35,2,19,90)
r(41,0,13,91)
r(41,0,13,91)
w(35,3,13,91)
w(39,2,13,91)
r(41,0,13,91)
w(39,3,17,93)
r(41,0,17,93)
w(42,1,17,93)
w(30,2,17,93)
w(41,1,17,93)
r(39,3,10,95)
r(41,1,10,95)
r(30,2,10,95)
w(30,3,10,95)
w(41,2,10,95)
r(39,3,10,95)
w(41,3,10,95)
r(39,3,10,95)
w(43,1,15,99)
r(43,1,15,99)
w(43,2,15,99)
w(44,1,15,99)
w(44,2,15,99)
w(43,3,15,99)
r(44,2,15,99)
r(44,2,6,101)
r(45,0,6,101)
r(44,2,6,101)
w(45,2,6,101)
r(44,2,6,101)
w(45,3,6,101)
w(42,3,6,101)
r(45,3,6,101)
r(45,3,0,104)
r(30,3,0,104)
r(45,3,0,104)
w(46,1,0,104)
w(48,1,0,104)
r(48,1,0,104)
r(47,0,18,107)
r(47,0,18,107)
w(47,3,18,107)
r(47,3,18,107)
w(49,1,18,107)
w(49,2,18,107)
r(47,3,18,107)
w(49,3,19,109)
r(47,3,19,109)
r(46,1,19,109)
r(49,3,19,109)
r(46,1,19,109)
r(49,3,19,109)
r(47,3,16,113)
w(50,1,16,113)
w(51,1,16,113)
r(50,1,16,113)
r(51,1,16,113)
w(46,2,16,113)
w(50,2,16,113)
r(51,1,16,113)
r(52,0,13,115)
r(52,0,13,115)
r(51,1,13,115)
r(52,0,13,115)
w(52,1,3,117)
w(51,3,3,117)
r(54,0,3,117)
w(54,1,3,117)
w(53,1,10,119)
w(52,2,10,119)
w(54,2,10,119)
w(54,3,10,119)
w(52,3,10,119)
r(55,0,10,119)
w(55,1,10,119)
r(55,1,10,119)
w(55,2,14,121)
w(55,3,14,121)
r(56,0,14,121)
r(57,0,14,121)
r(57,0,14,121)
r(53,1,14,121)
w(58,1,14,121)
r(56,0,14,121)
w(53,2,1,123)
r(58,1,1,123)
w(58,2,1,123)
r(58,2,1,123)
r(58,2,1,123)
w(28,2,1,123)
r(57,0,7,126)
w(53,3,7,126)
w(58,3,7,126)
r(57,0,7,126)
r(53,3,7,126)
w(57,1,5,127)
w(57,2,5,127)
r(59,0,5,127)
w(59,1,5,127)
w(59,2,5,127)
w(59,3,5,127)
r(57,2,17,129)
r(59,3,17,129)
r(57,2,17,129)
r(57,2,17,129)
r(60,0,7,131)
r(61,0,7,131)
r(57,2,7,131)
r(57,2,7,131)
r(61,0,7,131)
r(61,0,7,131)
r(57,2,7,131)
w(57,3,17,133)
r(60,0,17,133)
r(57,3,17,133)
r(57,3,17,133)
r(60,0,17,133)
r(61,0,17,133)
w(62,1,17,133)
w(60,1,17,133)
r(60,1,5,136)
w(61,1,5,136)
w(62,2,5,136)
w(62,3,5,136)
r(61,1,5,136)
r(62,3,5,136)
w(61,2,5,136)
w(63,3,3,139)
r(63,3,3,139)
r(61,2,3,139)
r(61,2,3,139)
r(63,3,8,141)
w(28,3,8,141)
r(61,2,8,141)
r(61,2,8,141)
r(60,1,8,141)
r(28,3,8,141)
r(28,3,8,141)
r(64,0,15,143)
r(56,0,15,143)
w(64,1,15,143)
r(64,1,15,143)
w(64,2,15,143)
w(64,3,15,143)
r(64,3,15,143)
w(66,1,15,143)
r(65,0,5,147)
r(66,1,5,147)
r(65,0,5,147)
w(66,2,5,147)
r(65,0,5,147)
w(65,2,4,149)
w(60,3,4,149)
r(67,0,4,149)
r(60,3,4,149)
w(67,2,4,149)
r(67,2,15,151)
w(67,3,15,151)
r(67,3,15,151)
r(68,0,15,151)
r(65,2,8,153)
r(68,0,8,153)
r(68,0,8,153)
r(68,0,8,153)
r(56,0,7,155)
r(60,3,7,155)
w(68,1,7,155)
r(68,1,7,155)
r(65,2,0,157)
w(68,2,0,157)
r(60,3,0,157)
w(68,3,0,157)
r(65,2,0,157)
w(56,1,0,157)
w(56,2,0,157)
w(70,1,0,157)
r(65,2,4,159)
r(65,2,4,159)
w(70,2,4,159)
r(65,2,4,159)
r(70,2,4,159)
w(65,3,6,161)
r(56,2,6,161)
r(70,2,6,161)
w(70,3,6,161)
r(70,3,6,161)
w(71,1,6,161)
r(28,3,15,163)
w(69,1,15,163)
r(65,3,15,163)
w(71,2,15,163)
r(65,3,0,165)
w(56,3,0,165)
r(65,3,0,165)
w(71,3,0,165)
r(71,3,0,165)
r(71,3,0,165)
w(72,1,0,165)
r(72,1,16,167)
r(69,1,16,167)
w(72,2,16,167)
w(72,3,16,167)
r(28,3,16,167)
r(56,3,16,167)
w(73,1,16,167)
r(73,1,7,169)
w(74,1,7,169)
w(73,2,7,169)
r(73,2,7,169)
w(74,2,7,169)
w(69,2,7,169)
r(75,0,7,169)
r(73,2,8,171)
w(69,3,8,171)
r(69,3,8,171)
w(73,3,8,171)
r(69,3,8,173)
r(77,0,8,173)
r(69,3,8,173)
w(74,3,8,173)
r(69,3,8,173)
w(77,1,8,173)
r(78,0,0,175)
w(77,2,0,175)
w(78,1,0,175)
w(78,2,0,175)
w(77,3,0,175)
r(77,3,17,177)
w(76,1,17,177)
r(80,0,17,177)
w(75,1,17,177)
r(75,1,11,179)
w(79,1,11,179)
r(80,0,11,179)
w(80,1,11,179)
r(80,1,15,181)
w(78,3,15,181)
r(80,1,15,181)
w(80,2,15,181)
r(78,3,15,181)
w(80,3,15,181)
w(76,2,18,183)
r(76,2,18,183)
r(80,3,18,183)
r(75,1,18,183)
r(81,0,18,183)
w(82,1,18,183)
w(82,2,18,183)
r(82,2,19,185)
w(81,1,19,185)
w(82,3,19,185)
r(82,3,19,185)
w(81,2,19,185)
r(81,2,11,187)
r(82,3,11,187)
r(81,2,11,187)
r(82,3,11,187)
w(83,1,11,187)
r(83,1,11,187)
r(83,1,11,187)
w(79,2,11,187)
w(81,3,0,189)
r(79,2,0,189)
r(79,2,0,189)
w(84,1,0,189)
w(79,3,0,189)
r(84,1,0,189)
w(83,2,14,191)
w(75,2,14,191)
r(83,2,14,191)
r(83,2,14,191)
r(83,2,14,191)
w(84,2,14,191)
w(84,3,1,193)
r(85,0,1,193)
w(75,3,1,193)
r(85,0,1,193)
w(85,1,1,193)
w(85,2,1,193)
r(83,2,1,193)
r(75,3,1,193)
w(85,3,7,195)
r(85,3,7,195)
r(83,2,7,195)
r(83,2,7,195)
w(83,3,7,195)
r(87,0,7,195)
r(83,3,7,195)
r(87,0,7,195)
r(87,0,4,198)
w(87,1,4,198)
r(87,1,4,198)
r(87,1,4,198)
r(86,0,18,201)
r(86,0,18,201)
r(90,0,18,201)
r(89,0,18,201)
r(89,0,18,201)
r(86,0,5,203)
w(90,2,5,203)
r(86,0,5,203)
w(89,2,5,203)
r(90,2,5,203)
r(90,2,5,203)
r(90,2,5,203)
r(90,2,5,203)
w(89,3,5,205)
w(90,3,5,205)
r(90,3,5,205)
r(76,2,5,205)
r(90,3,5,205)
w(91,1,5,205)
w(91,2,5,205)
r(90,3,13,207)
w(86,1,13,207)
w(92,1,13,207)
w(92,2,13,207)
r(92,2,13,207)
r(92,2,13,207)
w(92,3,13,207)
r(86,1,13,207)
r(91,2,13,209)
r(88,0,13,209)
r(93,0,13,209)
r(86,1,13,209)
r(86,1,13,209)
r(91,2,13,209)
w(93,1,14,211)
w(93,2,14,211)
w(76,3,14,211)
w(86,2,14,211)
w(91,3,6,213)
r(93,2,6,213)
w(93,3,6,213)
w(86,3,6,213)
w(88,1,6,213)
w(94,1,6,213)
r(95,0,6,213)
r(86,3,18,215)
w(95,1,18,215)
r(95,1,18,215)
r(94,1,18,215)
r(95,1,18,215)
r(94,1,18,215)
r(86,3,18,215)
r(96,0,18,215)
w(95,2,12,217)
r(94,1,12,217)
r(95,2,12,217)
w(94,2,12,217)
r(94,2,12,217)
r(94,2,12,217)
w(94,3,12,217)
r(95,2,4,219)
w(95,3,4,219)
r(97,0,4,219)
r(95,3,4,219)
w(97,1,4,219)
w(97,2,4,219)
r(98,0,4,219)
r(76,3,4,219)
w(97,3,11,221)
w(96,1,11,221)
w(98,1,11,221)
w(99,1,11,221)
w(98,2,12,223)
w(88,2,12,223)
w(99,2,12,223)
r(98,2,12,223)
w(98,3,12,223)
r(99,2,12,223)
r(98,3,6,225)
r(100,0,6,225)
r(100,0,6,225)
w(99,3,6,225)
r(100,0,6,225)
w(101,1,6,227)
r(96,1,6,227)
r(100,0,6,227)
w(101,2,6,227)
r(101,2,6,227)
w(101,3,6,227)
r(101,3,6,227)
w(102,1,6,227)
r(102,1,11,229)
w(100,1,11,229)
r(96,1,11,229)
r(100,1,11,229)
w(100,2,11,229)
r(102,1,11,229)
r(102,1,11,229)
w(100,3,11,229)
r(96,1,9,231)
w(102,2,9,231)
w(103,1,9,231)
r(103,1,9,231)
r(88,2,9,231)
r(102,2,9,231)
w(103,2,1,233)
r(103,2,1,233)
w(103,3,1,233)
w(104,1,1,233)
w(104,2,1,233)
w(96,2,1,233)
w(102,3,1,233)
r(104,2,17,235)
r(102,3,17,235)
r(104,2,17,235)
r(104,2,17,235)
r(104,2,17,235)
w(88,3,17,235)
w(105,1,17,235)
w(104,3,17,235)
r(105,1,1,237)
r(104,3,1,237)
w(105,2,1,237)
r(104,3,1,237)
r(88,3,1,237)
r(105,2,1,237)
w(105,3,16,239)
w(107,1,16,239)
r(76,3,16,239)
r(96,2,16,239)
r(107,1,12,241)
w(96,3,12,241)
r(107,1,12,241)
r(106,0,12,241)
w(106,1,12,241)
r(107,1,12,241)
w(107,2,12,241)
r(106,1,9,243)
r(108,0,9,243)
r(88,3,9,243)
w(106,2,9,243)
w(107,3,9,243)
r(106,2,9,243)
r(108,0,18,245)
w(106,3,18,245)
r(108,0,18,245)
r(106,3,18,245)
r(109,0,18,245)
r(109,0,18,245)
r(109,0,18,245)
r(107,3,7,247)
r(109,0,7,247)
w(109,1,7,247)
r(109,1,7,247)
r(88,3,18,249)
w(109,2,18,249)
r(110,0,18,249)
w(109,3,18,249)
r(109,3,18,249)
r(109,3,18,249)
r(109,3,18,249)
r(76,3,18,252)
r(109,3,18,252)
w(108,1,18,252)
r(111,0,18,252)
w(111,1,18,252)
w(110,1,18,252)
r(111,1,18,252)
r(111,1,18,252)
w(111,3,9,255)
w(113,1,9,255)
w(112,1,9,255)
w(113,2,9,255)
w(112,2,9,255)
r(108,1,6,257)
w(112,3,6,257)
r(115,0,6,257)
r(115,0,6,257)
w(108,2,6,257)
r(113,2,9,259)
w(115,1,9,259)
r(115,1,9,259)
r(113,2,9,259)
w(115,2,9,259)
r(108,2,9,259)
w(113,3,9,259)
w(115,3,17,261)
r(117,0,17,261)
w(108,3,17,261)
r(108,3,17,261)
w(116,1,17,261)
r(117,0,0,263)
r(117,0,0,263)
r(117,0,0,263)
w(114,1,0,263)
r(76,3,15,265)
w(117,1,15,265)
r(76,3,15,265)
w(116,2,15,265)
w(116,3,16,267)
r(116,3,16,267)
r(117,1,16,267)
w(117,2,16,267)
r(117,2,10,269)
r(116,3,10,269)
r(117,2,10,269)
r(117,2,10,269)
r(117,2,10,269)
r(117,2,10,269)
w(117,3,10,269)
w(118,1,10,269)
r(117,3,6,271)
r(119,0,6,271)
r(118,1,6,271)
r(119,0,6,271)
w(119,1,16,273)
r(108,3,16,273)
r(119,1,16,273)
r(119,1,16,273)
r(120,0,16,273)
w(120,1,16,273)
r(119,1,9,275)
w(119,2,9,275)
w(114,2,9,275)
r(120,1,9,275)
w(119,3,9,275)
w(118,2,11,277)
w(121,1,11,277)
r(118,2,11,277)
w(118,3,11,277)
r(121,1,11,277)
r(121,1,11,277)
r(120,1,2,280)
w(121,2,2,280)
r(118,3,2,280)
w(121,3,2,280)
r(121,3,2,280)
r(122,0,19,281)
w(124,1,19,281)
w(120,2,19,281)
w(124,2,19,281)
r(114,2,19,281)
w(124,3,19,281)
r(125,0,3,283)
w(125,1,3,283)
w(122,1,3,283)
w(125,2,3,283)
w(125,3,3,283)
r(122,1,3,283)
r(123,0,3,283)
w(120,3,3,283)
w(122,2,5,285)
w(126,1,5,285)
w(122,3,5,285)
r(122,3,5,285)
r(122,3,5,285)
r(126,1,19,287)
w(126,2,19,287)
r(127,0,19,287)
w(127,1,19,287)
w(126,3,19,287)
w(128,1,19,287)
r(127,1,12,289)
w(127,2,12,289)
w(128,2,12,289)
w(129,1,12,289)
r(129,1,12,289)
w(129,2,8,291)
w(129,3,8,291)
w(128,3,8,291)
r(130,0,8,291)
w(127,3,8,291)
r(127,3,8,291)
r(128,3,3,293)
w(130,1,3,293)
r(130,1,3,293)
w(130,2,3,293)
w(130,3,3,293)
r(130,3,3,293)
r(130,3,14,295)
w(123,1,14,295)
r(128,3,14,295)
r(128,3,14,295)
r(131,0,17,297)
r(132,0,17,297)
w(133,1,17,297)
w(133,2,17,297)
w(133,3,17,297)
w(134,1,17,297)
w(134,2,9,300)
w(131,1,9,300)
r(134,2,9,300)
w(134,3,9,300)
r(132,0,9,300)
r(134,3,17,301)
r(134,3,17,301)
w(132,1,17,301)
w(132,2,17,301)
w(132,3,17,301)
w(135,1,17,301)
r(135,1,3,303)
r(123,1,3,303)
w(135,2,3,303)
r(135,2,3,303)
r(114,2,3,303)
w(135,3,3,303)
w(131,2,3,303)
w(114,3,19,305)
r(114,3,19,305)
r(114,3,19,305)
r(123,1,19,305)
r(135,3,19,305)
r(131,2,17,307)
r(135,3,17,307)
r(135,3,17,307)
r(135,3,17,307)
r(136,0,17,307)
r(136,0,17,307)
r(136,0,17,307)
w(138,1,12,309)
w(138,2,12,309)
r(138,2,12,309)
w(131,3,12,309)
w(136,1,12,309)
w(138,3,12,309)
w(137,1,12,309)
r(131,3,12,309)
w(136,2,6,311)
w(139,1,6,311)
w(136,3,6,311)
r(139,1,6,311)
r(139,1,3,313)
r(136,3,3,313)
r(139,1,3,313)
r(141,0,3,313)
w(139,2,3,313)
w(141,1,3,313)
w(141,2,17,315)
r(139,2,17,315)
r(139,2,17,315)
w(140,1,17,315)
r(141,2,19,317)
r(139,2,19,317)
r(141,2,19,317)
r(141,2,19,317)
r(140,1,19,317)
w(141,3,19,317)
r(139,2,19,317)
w(140,2,19,317)
r(137,1,16,319)
r(140,2,16,319)
r(141,3,16,319)
r(142,0,16,319)
r(140,2,16,319)
r(140,2,16,319)
r(142,0,16,319)
w(139,3,16,319)
r(139,3,9,321)
r(137,1,9,321)
w(143,1,9,321)
w(143,2,9,321)
r(143,2,9,321)
r(140,2,9,321)
r(143,2,9,321)
w(142,1,12,323)
r(140,2,12,323)
r(143,2,12,323)
r(143,2,12,323)
w(140,3,12,323)
r(143,2,12,323)
r(143,2,12,323)
r(142,1,9,325)
r(142,1,9,325)
w(143,3,9,325)
w(142,2,9,325)
w(144,1,9,325)
r(142,2,9,325)
w(144,2,9,325)
r(144,2,9,325)
w(142,3,1,328)
r(144,2,1,328)
r(145,0,1,328)
r(145,0,1,328)
r(140,3,1,328)
r(140,3,1,328)
r(144,2,1,328)
w(137,2,6,329)
r(144,2,6,329)
w(144,3,6,329)
r(145,0,6,329)
r(144,3,6,329)
r(145,0,6,329)
r(140,3,6,329)
w(146,1,12,331)
r(146,1,12,331)
r(140,3,12,331)
r(140,3,12,331)
r(145,0,12,331)
r(145,0,12,331)
r(145,0,12,331)
w(145,1,12,331)
r(147,0,11,333)
r(145,1,11,333)
w(145,2,11,333)
w(146,2,11,333)
w(147,1,11,333)
w(137,3,11,333)
r(146,2,11,333)
w(145,3,11,333)
w(146,3,8,335)
r(146,3,8,335)
r(149,0,8,335)
r(146,3,8,335)
r(146,3,8,335)
r(146,3,8,335)
r(146,3,8,335)
w(150,1,16,337)
r(149,0,16,337)
r(150,1,16,337)
r(147,1,16,337)
r(150,1,16,337)
w(147,2,16,337)
r(150,1,16,337)
r(147,2,16,337)
w(150,2,13,339)
r(150,2,13,339)
w(147,3,13,339)
r(147,3,13,339)
w(148,1,13,339)
r(149,0,13,339)
w(150,3,13,339)
w(123,2,16,341)
r(152,0,16,341)
r(152,0,16,341)
w(149,1,16,341)
r(152,0,16,341)
w(152,1,16,341)
w(148,2,16,341)
r(151,0,16,341)
r(148,2,6,343)
r(151,0,6,343)
w(151,1,6,343)
r(149,1,6,343)
r(149,1,6,343)
w(152,2,6,343)
w(151,2,6,343)
w(149,2,13,345)
r(149,2,13,345)
r(152,2,13,345)
w(152,3,13,345)
r(153,0,13,345)
r(149,2,13,345)
w(123,3,13,345)
r(153,0,5,347)
w(148,3,5,347)
r(149,2,5,347)
w(151,3,5,347)
w(149,3,7,349)
w(155,1,7,349)
r(155,1,7,349)
w(153,1,7,349)
w(153,2,7,349)
r(153,2,7,349)
w(153,3,19,351)
r(153,3,19,351)
w(155,2,19,351)
r(155,2,19,351)
r(156,0,19,351)
r(158,0,19,351)
r(155,2,19,351)
r(155,2,19,351)
r(155,2,4,353)
r(155,2,4,353)
r(157,0,4,353)
w(158,1,4,353)
w(158,2,17,355)
r(158,2,17,355)
r(155,2,17,355)
r(156,0,17,355)
r(158,2,17,355)
w(155,3,0,357)
w(158,3,0,357)
w(156,1,0,357)
r(158,3,0,357)
r(155,3,0,357)
r(158,3,0,357)
r(160,0,0,357)
r(159,0,0,357)
w(160,1,1,359)
r(160,1,1,359)
r(160,1,1,359)
r(160,1,1,359)
w(154,1,1,359)
r(160,1,6,361)
w(160,2,6,361)
r(160,2,6,361)
w(159,1,6,361)
w(156,2,6,361)
w(156,3,16,363)
w(159,2,16,363)
r(159,2,16,363)
r(160,2,16,363)
w(160,3,16,363)
r(161,0,16,363)
w(157,1,16,363)
r(157,1,3,365)
r(159,2,3,365)
w(159,3,3,365)
w(163,1,3,365)
r(161,0,3,365)
w(163,2,3,365)
r(163,2,4,367)
r(163,2,4,367)
w(163,3,4,367)
w(154,2,4,367)
w(164,1,7,369)
w(157,2,7,369)
r(164,1,7,369)
w(162,1,7,369)
w(164,2,7,369)
r(164,2,7,369)
r(162,1,7,369)
w(164,3,7,369)
r(164,3,1,371)
w(161,1,1,371)
r(161,1,1,371)
w(165,1,1,371)
r(165,1,1,371)
w(165,2,1,371)
w(165,3,1,371)
r(166,0,14,373)
w(166,1,14,373)
w(166,2,14,373)
r(162,1,14,373)
w(162,2,14,373)
w(162,3,14,373)
w(161,2,14,373)
w(166,3,14,373)
r(168,0,13,375)
w(168,1,13,375)
w(167,1,13,375)
w(167,2,13,375)
w(168,2,13,375)
r(167,2,13,375)
r(168,2,16,377)
w(168,3,16,377)
w(167,3,16,377)
r(168,3,16,377)
r(157,2,16,377)
r(168,3,16,377)
r(168,3,16,377)
r(161,2,16,377)
r(167,3,6,379)
r(157,2,6,379)
r(167,3,6,379)
r(169,0,6,379)
w(170,1,6,379)
w(169,1,6,379)
w(169,2,6,379)
r(170,1,8,381)
w(161,3,8,381)
r(170,1,8,381)
w(169,3,8,381)
r(169,3,8,381)
w(170,2,8,381)
w(157,3,8,381)
r(170,2,8,381)
w(170,3,3,383)
w(171,1,3,383)
r(169,3,3,383)
w(171,2,3,383)
r(172,0,3,383)
w(171,3,3,383)
r(169,3,3,383)
r(169,3,3,383)
r(174,0,10,385)
r(174,0,10,385)
w(174,1,10,385)
w(172,1,10,385)
w(173,1,10,385)
r(172,1,8,387)
w(174,2,8,387)
w(174,3,8,387)
w(172,2,8,387)
w(175,1,8,387)
r(172,2,8,387)
r(175,1,8,387)
w(175,2,8,387)
r(175,2,5,389)
r(175,2,5,389)
w(175,3,5,389)
r(175,3,5,389)
r(175,3,5,389)
r(175,3,2,391)
w(173,2,2,391)
r(154,2,2,391)
r(177,0,2,391)
w(177,1,2,391)
w(177,2,2,391)
r(177,2,2,391)
w(172,3,2,391)
w(177,3,9,394)
r(177,3,9,394)
w(178,1,9,394)
r(177,3,9,394)
r(177,3,9,394)
r(176,0,9,394)
r(179,0,9,394)
r(178,1,8,397)
r(179,0,8,397)
r(179,0,8,397)
r(178,1,8,397)
w(178,3,8,397)
r(180,0,6,399)
r(179,0,6,399)
r(180,0,6,399)
r(179,0,6,399)
r(179,0,6,399)
w(180,1,6,399)
w(180,2,6,399)
w(180,3,6,399)
r(176,0,7,401)
r(173,2,7,401)
w(179,1,7,401)
w(179,2,7,401)
r(173,2,7,401)
w(179,3,7,401)
w(181,1,7,403)
w(181,2,7,403)
w(181,3,7,403)
w(182,1,7,403)
w(182,2,7,403)
r(176,0,7,403)
w(182,3,7,403)
r(176,0,13,405)
w(183,1,13,405)
r(184,0,13,405)
w(183,2,13,405)
r(183,2,13,405)
r(176,0,13,405)
r(184,0,13,405)
w(183,3,13,405)
r(183,3,2,407)
w(185,1,2,407)
w(184,1,2,407)
r(176,0,2,407)
r(185,1,2,407)
r(176,0,2,407)
w(176,1,2,407)
w(176,2,13,409)
w(184,2,13,409)
r(173,2,13,409)
w(185,2,13,409)
r(176,2,14,411)
w(185,3,14,411)
r(176,2,14,411)
w(184,3,14,411)
r(185,3,14,411)
r(184,3,13,413)
r(184,3,13,413)
w(187,1,13,413)
w(176,3,13,413)
w(187,2,8,415)
r(184,3,8,415)
r(176,3,8,415)
r(184,3,8,415)
r(187,2,1,417)
r(184,3,1,417)
r(173,2,1,417)
r(187,2,1,417)
r(187,2,1,417)
w(187,3,1,417)
r(188,0,1,417)
r(190,0,14,419)
w(189,1,14,419)
r(189,1,14,419)
r(173,2,14,419)
r(190,0,14,419)
w(188,1,14,419)
r(188,1,14,419)
r(190,0,14,419)
w(190,1,4,421)
r(189,1,4,421)
w(189,2,4,421)
w(190,2,4,421)
r(189,2,4,421)
r(189,2,4,421)
r(189,2,4,421)
w(190,3,4,423)
r(189,2,4,423)
w(189,3,4,423)
w(191,1,4,423)
r(191,1,4,423)
w(191,2,4,423)
r(190,3,10,425)
w(188,2,10,425)
w(191,3,10,425)
r(191,3,10,425)
r(191,3,5,427)
r(188,2,5,427)
w(188,3,5,427)
w(193,1,5,427)
w(193,2,5,427)
r(192,0,7,429)
w(193,3,7,429)
w(192,1,7,429)
r(193,3,7,429)
r(190,3,7,429)
w(192,2,7,429)
r(194,0,7,429)
r(192,2,7,429)
r(192,2,5,431)
w(192,3,5,431)
w(195,1,5,431)
r(195,1,5,431)
r(173,2,5,431)
r(195,1,5,431)
r(194,0,7,433)
w(195,2,7,433)
w(195,3,7,433)
r(190,3,7,433)
r(195,3,7,433)
r(195,3,7,433)
w(196,1,2,435)
r(196,1,2,435)
w(196,2,2,435)
r(196,2,2,435)
w(196,3,2,435)
r(194,0,2,435)
r(196,3,2,435)
r(194,0,1,437)
r(194,0,1,437)
r(196,3,1,437)
w(173,3,1,437)
r(196,3,1,437)
r(196,3,1,437)
w(194,1,1,437)
r(194,1,11,439)
r(196,3,11,439)
r(194,1,11,439)
r(173,3,11,439)
w(194,2,11,439)
w(197,1,11,439)
w(194,3,11,439)
r(197,1,11,439)
w(197,2,15,441)
r(197,2,15,441)
r(197,2,15,441)
w(197,3,15,441)
r(198,0,15,441)
r(194,3,15,441)
r(198,0,15,441)
w(200,1,6,443)
r(198,0,6,443)
w(200,2,6,443)
r(200,2,6,443)
w(200,3,6,443)
r(194,3,16,445)
r(200,3,16,445)
r(200,3,16,445)
r(186,0,16,445)
r(186,0,16,445)
w(186,1,16,445)
w(199,1,16,445)
r(201,0,0,447)
r(201,0,0,447)
r(201,0,0,447)
r(201,0,0,447)
r(201,0,0,447)
r(194,3,0,447)
r(201,0,0,447)
w(201,1,0,447)
r(186,1,3,449)
w(198,1,3,449)
r(201,1,3,449)
r(194,3,3,449)
w(201,2,3,449)
r(186,1,3,449)
r(186,1,3,449)
w(201,3,7,451)
r(198,1,7,451)
r(198,1,7,451)
w(198,2,7,451)
r(202,0,6,453)
r(202,0,6,453)
r(199,1,6,453)
w(186,2,6,453)
r(186,2,6,453)
w(202,1,6,453)
w(199,2,2,455)
w(202,2,2,455)
w(199,3,2,455)
w(202,3,2,455)
w(203,1,2,455)
w(198,3,2,455)
r(203,1,2,455)
r(198,3,2,455)
w(203,2,3,457)
r(202,3,3,457)
w(203,3,3,457)
r(186,2,3,457)
r(204,0,3,457)
w(204,1,3,457)
w(205,1,3,457)
w(204,2,3,459)
w(204,3,3,459)
w(205,2,3,459)
w(207,1,3,459)
w(205,3,2,461)
r(208,0,2,461)
r(207,1,2,461)
w(207,2,2,461)
w(207,3,2,461)
w(208,1,2,461)
r(208,1,1,463)
r(208,1,1,463)
r(208,1,1,463)
w(209,1,1,463)
r(208,1,1,463)
w(208,2,1,463)
r(186,2,1,463)
w(208,3,1,463)
w(206,1,3,465)
r(210,0,3,465)
w(210,1,3,465)
r(208,3,3,465)
r(209,1,3,465)
r(211,0,3,465)
r(211,0,18,468)
w(210,2,18,468)
r(211,0,18,468)
r(211,0,18,468)
r(210,1,0,469)
r(209,1,0,469)
w(211,1,0,469)
r(211,1,0,469)
r(206,1,0,469)
w(211,2,0,469)
r(211,2,0,469)
w(211,3,0,469)
r(212,0,5,473)
r(212,0,5,473)
w(209,3,5,473)
w(212,3,5,473)
w(206,2,5,473)
r(212,3,5,473)
r(212,3,13,475)
r(212,3,13,475)
r(213,0,13,475)
r(213,0,13,475)
w(215,1,13,475)
r(214,0,13,475)
w(214,1,6,477)
r(214,1,6,477)
r(214,1,6,477)
r(214,1,6,477)
r(215,1,6,477)
r(214,1,6,477)
r(214,1,6,477)
w(213,1,6,477)
r(214,1,5,479)
w(214,2,5,479)
w(213,2,5,479)
w(206,3,5,479)
r(214,2,5,479)
r(214,2,8,481)
r(214,2,8,481)
w(214,3,8,481)
w(216,1,8,481)
w(216,2,8,481)
r(213,2,11,483)
w(216,3,11,483)
w(186,3,11,483)
r(216,3,11,483)
r(216,3,11,483)
w(218,1,18,485)
w(218,2,18,485)
r(218,2,18,485)
r(218,2,18,485)
r(218,2,18,485)
w(215,2,18,487)
w(215,3,18,487)
r(213,2,18,487)
w(218,3,18,487)
r(186,3,18,487)
w(213,3,18,487)
r(217,0,18,487)
w(219,1,18,487)
w(219,2,6,489)
r(219,2,6,489)
r(221,0,6,489)
r(222,0,6,489)
r(219,2,6,489)
w(219,3,6,489)
r(217,0,6,489)
r(217,0,18,491)
r(223,0,18,491)
r(223,0,18,491)
r(222,0,18,491)
r(221,0,18,491)
r(217,0,2,493)
r(223,0,2,493)
w(221,1,2,493)
r(222,0,2,493)
w(223,1,2,493)
r(223,1,2,493)
w(223,2,2,493)
r(223,2,12,495)
r(222,0,12,495)
r(223,2,12,495)
r(222,0,12,495)
w(223,3,12,495)
w(217,1,0,497)
r(223,3,0,497)
r(223,3,0,497)
r(222,0,0,497)
r(217,1,0,497)
r(222,0,0,497)
r(217,1,3,499)
w(224,1,3,499)
r(221,1,3,499)
w(220,1,3,499)
w(224,2,3,499)
r(217,1,3,499)
w(221,2,6,501)
w(221,3,6,501)
w(225,1,6,501)
r(224,2,6,501)
r(222,0,12,503)
r(224,2,12,503)
r(217,1,12,503)
w(224,3,12,503)
w(222,1,12,503)
w(226,1,12,503)
r(226,1,0,505)
r(222,1,0,505)
w(226,2,0,505)
r(226,2,0,505)
w(222,2,0,505)
w(225,2,0,505)
r(225,2,0,505)
w(222,3,0,505)
r(222,3,14,507)
r(222,3,14,507)
w(217,2,14,507)
w(226,3,14,507)
r(225,2,3,509)
w(225,3,3,509)
r(225,3,3,509)
w(217,3,3,509)
r(225,3,3,509)
r(226,3,3,509)
r(225,3,3,509)
r(227,0,3,509)
r(227,0,0,511)
r(228,0,0,511)
r(225,3,0,511)
r(227,0,0,511)
r(227,0,0,511)
r(227,0,0,511)
r(229,0,2,513)
r(227,0,2,513)
w(227,1,2,513)
w(227,2,2,513)
w(227,3,2,513)
r(228,0,2,513)
r(227,3,10,516)
w(228,1,10,516)
w(230,1,10,516)
r(228,1,10,516)
r(229,0,10,516)
w(230,2,10,516)
w(229,1,10,516)
w(232,1,14,519)
r(232,1,14,519)
r(229,1,14,519)
w(232,2,14,519)
r(232,2,14,521)
w(232,3,14,521)
r(232,3,14,521)
r(229,1,14,521)
r(232,3,14,521)
w(229,2,14,521)
r(229,2,14,521)
r(231,0,4,523)
r(232,3,4,523)
r(232,3,4,523)
r(231,0,4,523)
r(232,3,4,523)
w(233,1,17,526)
r(231,0,17,526)
r(231,0,17,526)
w(233,2,17,526)
w(234,1,17,526)
w(229,3,17,526)
w(234,2,3,527)
r(231,0,3,527)
w(234,3,3,527)
r(229,3,3,527)
r(231,0,4,529)
r(231,0,4,529)
r(235,0,4,529)
w(231,1,4,529)
r(235,0,6,531)
r(233,2,6,531)
w(235,1,6,531)
w(235,2,6,531)
r(231,1,6,531)
r(235,2,6,531)
r(229,3,6,531)
r(237,0,13,535)
w(236,3,13,535)
r(236,3,13,535)
r(231,1,13,535)
r(231,1,13,535)
r(237,0,13,535)
w(231,2,13,535)
w(237,1,13,535)
r(236,3,13,537)
r(236,3,13,537)
r(236,3,13,537)
w(237,2,13,537)
w(231,3,13,537)
w(238,1,13,537)
r(233,2,13,537)
w(220,2,11,539)
r(239,0,11,539)
r(239,0,11,539)
w(237,3,11,539)
w(239,1,11,541)
r(233,2,11,541)
w(238,2,11,541)
r(238,2,11,541)
w(240,1,11,541)
w(240,2,11,541)
r(238,2,8,543)
w(238,3,8,543)
r(238,3,8,543)
r(238,3,8,543)
r(240,2,8,543)
r(239,1,8,543)
r(241,0,8,543)
r(241,0,8,543)
r(220,2,3,545)
w(241,1,3,545)
w(241,2,3,545)
r(239,1,3,545)
r(241,2,3,545)
w(239,2,3,545)
r(239,2,3,545)
r(241,2,13,547)
r(233,2,13,547)
w(239,3,13,547)
w(242,1,13,547)
r(241,2,13,547)
w(220,3,13,547)
r(241,2,13,547)
w(241,3,13,547)
r(242,1,18,549)
r(241,3,18,549)
r(242,1,18,549)
r(233,2,18,549)
r(220,3,18,549)
w(233,3,18,549)
w(240,3,18,549)
w(242,2,18,549)
r(243,0,19,551)
r(243,0,19,551)
w(243,1,19,551)
w(243,2,19,551)
r(220,3,19,551)
r(243,2,19,551)
r(243,2,19,551)
r(245,0,19,551)
w(243,3,8,553)
r(233,3,8,553)
r(245,0,8,553)
w(246,1,8,553)
w(245,1,9,555)
w(246,2,9,555)
r(246,2,9,555)
w(246,3,9,555)
w(245,2,19,557)
w(242,3,19,557)
w(248,1,19,557)
r(233,3,19,557)
r(248,1,2,559)
w(245,3,2,559)
w(247,1,2,559)
w(248,2,2,559)
r(247,1,2,559)
w(248,3,2,559)
r(248,3,2,559)
r(247,1,2,559)
w(244,1,2,562)
w(249,1,2,562)
w(244,2,2,562)
w(247,2,2,562)
r(251,0,2,565)
r(247,2,2,565)
w(252,1,2,565)
w(252,2,2,565)
r(247,2,2,565)
r(252,2,2,565)
w(251,1,2,565)
r(252,2,0,567)
r(247,2,0,567)
r(250,0,0,567)
w(252,3,0,567)
w(250,1,0,567)
w(254,1,0,567)
w(254,2,0,567)
w(253,1,0,567)
w(253,2,18,569)
r(253,2,18,569)
w(251,2,18,569)
w(253,3,18,569)
r(253,3,18,569)
r(253,3,18,569)
r(253,3,18,569)
w(254,3,18,569)
r(253,3,3,571)
w(255,1,3,571)
w(256,1,3,571)
w(251,3,3,571)
r(255,1,3,571)
w(255,2,3,571)
r(256,1,3,571)
w(255,3,1,573)
w(258,1,1,573)
r(258,1,1,573)
w(258,2,1,573)
r(258,2,1,573)
w(258,3,2,575)
w(256,2,2,575)
r(256,2,2,575)
w(259,1,2,575)
w(256,3,2,575)
r(257,0,2,575)
w(257,1,0,577)
r(259,1,0,577)
r(256,3,0,577)
r(259,1,0,577)
w(259,2,0,577)
w(259,3,0,577)
r(260,0,0,577)
r(260,0,18,579)
r(260,0,18,579)
r(256,3,18,579)
r(256,3,18,579)
r(256,3,18,579)
r(260,0,2,581)
r(256,3,2,581)
r(256,3,2,581)
w(250,2,2,581)
w(260,1,15,583)
w(260,2,15,583)
w(257,2,15,583)
w(250,3,15,583)
r(261,0,15,583)
r(261,0,15,583)
r(261,0,15,583)
w(261,1,15,583)
w(261,2,3,586)
w(261,3,3,586)
w(260,3,3,586)
r(263,0,3,586)
r(260,3,3,586)
r(260,3,3,586)
r(264,0,3,586)
r(264,0,19,587)
r(264,0,19,587)
w(264,1,19,587)
r(264,1,19,587)
r(264,1,19,587)
r(264,1,19,587)
r(263,0,7,589)
r(262,0,7,589)
r(244,2,7,589)
r(257,2,7,589)
w(263,1,7,589)
r(263,1,1,591)
w(264,2,1,591)
w(257,3,1,591)
w(264,3,1,591)
r(264,3,1,591)
r(263,1,1,591)
w(265,1,1,591)
w(263,2,17,593)
w(244,3,17,593)
w(265,2,17,593)
w(263,3,17,593)
r(265,2,1,595)
r(262,0,1,595)
w(265,3,1,595)
w(267,1,1,595)
r(268,0,1,595)
r(266,0,1,595)
r(267,1,1,595)
w(268,1,9,597)
w(268,2,9,597)
w(268,3,9,597)
r(262,0,9,597)
r(267,1,9,597)
w(267,2,9,597)
w(269,1,9,597)
r(269,1,1,599)
w(266,1,1,599)
r(267,2,1,599)
r(269,1,1,599)
w(269,2,5,601)
w(267,3,5,601)
r(269,2,5,601)
w(269,3,5,601)
r(266,1,5,601)
r(269,3,6,603)
r(271,0,6,603)
r(262,0,6,603)
r(269,3,6,603)
r(271,0,6,603)
w(271,1,6,603)
r(266,1,3,606)
w(266,2,3,606)
w(271,2,3,606)
r(272,0,3,606)
w(266,3,3,606)
r(272,0,3,606)
w(272,1,2,607)
r(271,1,2,607)
r(271,1,2,607)
w(273,1,2,607)
w(273,2,2,607)
w(271,3,0,609)
w(272,2,0,609)
r(272,2,0,609)
w(272,3,0,609)
r(272,3,0,609)
r(271,3,0,609)
r(272,3,9,611)
r(273,2,9,611)
r(272,3,9,611)
r(273,2,9,611)
r(274,0,9,611)
w(273,3,7,613)
w(274,1,7,613)
w(275,1,7,613)
w(274,2,7,613)
w(275,2,7,613)
w(274,3,7,613)
r(273,3,7,613)
w(275,3,7,613)
r(274,3,9,615)
r(274,3,9,615)
r(262,0,9,615)
r(275,3,9,615)
w(270,1,9,615)
w(277,1,9,615)
r(262,0,9,615)
r(278,0,9,615)
w(278,1,19,617)
r(278,1,19,617)
r(278,1,19,617)
w(277,2,19,617)
r(278,1,19,617)
r(277,2,19,617)
w(270,2,14,619)
w(277,3,14,619)
w(262,1,14,619)
r(278,1,14,619)
r(276,0,9,621)
r(277,3,9,621)
r(278,1,9,621)
r(278,1,9,621)
r(278,1,2,623)
w(278,2,2,623)
r(278,2,2,623)
r(278,2,2,623)
r(276,0,2,623)
r(279,0,2,623)
w(279,1,18,625)
w(278,3,18,625)
r(276,0,18,625)
w(279,2,18,625)
w(279,3,18,625)
r(276,0,6,627)
w(280,1,6,627)
w(276,1,6,627)
r(280,1,6,627)
r(281,0,18,629)
w(280,2,18,629)
w(276,2,18,629)
w(280,3,18,629)
r(276,2,11,631)
r(281,0,11,631)
r(282,0,11,631)
r(282,0,11,631)
r(281,0,11,631)
w(282,1,1,633)
r(262,1,1,633)
w(282,2,1,633)
r(282,2,1,633)
w(282,3,1,633)
w(276,3,2,635)
r(282,3,2,635)
r(282,3,2,635)
w(281,1,2,635)
r(282,3,2,635)
r(282,3,0,637)
w(281,2,0,637)
r(282,3,0,637)
r(283,0,0,637)
w(283,1,0,637)
w(283,2,0,637)
w(270,3,0,639)
r(283,2,0,639)
w(283,3,0,639)
r(281,2,0,639)
w(281,3,0,639)
r(283,3,0,641)
r(283,3,0,641)
r(283,3,0,641)
r(262,1,0,641)
w(262,2,0,641)
r(283,3,13,643)
r(286,0,13,643)
r(284,0,13,643)
w(286,1,13,643)
r(284,0,13,643)
r(286,1,13,643)
w(262,3,13,643)
r(284,0,9,645)
w(286,2,9,645)
w(286,3,9,645)
r(286,3,9,645)
r(286,3,9,645)
w(287,1,9,645)
r(287,1,9,645)
w(287,2,9,645)
r(287,2,16,647)
w(284,1,16,647)
w(285,1,16,647)
r(285,1,16,647)
w(285,2,16,647)
r(287,2,16,647)
r(287,2,16,647)
w(287,3,14,649)
r(284,1,14,649)
r(289,0,14,649)
w(289,1,14,649)
r(289,1,14,649)
r(284,1,14,649)
w(285,3,14,649)
w(284,2,14,649)
w(288,1,5,651)
r(289,1,5,651)
r(289,1,5,651)
r(288,1,5,651)
r(289,1,5,651)
w(288,2,5,651)
w(289,2,5,651)
r(284,2,6,653)
w(284,3,6,653)
w(290,1,6,653)
w(288,3,6,653)
w(290,2,6,653)
r(290,2,6,653)
r(289,2,6,653)
r(284,3,6,653)
r(270,3,6,655)
w(289,3,6,655)
r(284,3,6,655)
r(289,3,6,655)
r(284,3,6,655)
r(291,0,6,655)
r(291,0,15,657)
w(291,1,15,657)
r(288,3,15,657)
r(292,0,15,657)
w(290,3,15,657)
r(290,3,15,657)
w(292,1,6,659)
w(291,2,6,659)
w(291,3,6,659)
w(293,1,6,659)
r(292,1,6,659)
w(295,1,6,659)
w(295,2,6,659)
r(294,0,6,659)
w(294,1,0,661)
r(295,2,0,661)
r(295,2,0,661)
w(295,3,0,661)
w(296,1,0,661)
w(294,2,0,661)
r(296,1,0,661)
w(296,2,13,663)
r(296,2,13,663)
r(292,1,13,663)
w(296,3,13,663)
r(292,1,13,663)
r(296,3,13,663)
r(296,3,13,663)
r(294,2,13,663)
r(294,2,0,665)
w(292,2,0,665)
r(294,2,0,665)
r(297,0,0,665)
r(297,0,0,665)
w(292,3,0,665)
r(293,1,0,665)
w(297,1,0,665)
r(298,0,19,667)
r(298,0,19,667)
w(297,2,19,667)
w(294,3,19,667)
w(298,1,6,669)
w(297,3,6,669)
r(297,3,6,669)
w(299,1,6,669)
w(298,2,6,669)
w(300,1,6,669)
w(300,2,6,669)
w(300,3,6,669)
r(299,1,16,671)
r(301,0,16,671)
w(298,3,16,671)
w(301,1,16,671)
r(301,1,16,671)
w(301,2,16,671)
r(302,0,2,673)
r(302,0,2,673)
w(302,1,2,673)
w(302,2,2,673)
r(301,2,2,673)
r(301,2,2,673)
w(301,3,2,673)
r(301,3,2,673)
r(301,3,17,675)
r(301,3,17,675)
w(302,3,17,675)
w(299,2,17,675)
w(303,1,17,675)
r(303,1,1,677)
r(302,3,1,677)
r(302,3,1,677)
w(303,2,1,677)
w(299,3,1,677)
w(303,3,18,679)
r(302,3,18,679)
r(305,0,18,679)
w(306,1,18,679)
w(307,1,18,679)
w(306,2,15,681)
w(305,1,15,681)
r(304,0,15,681)
w(293,2,15,681)
r(307,1,15,681)
w(305,2,3,683)
r(305,2,3,683)
w(306,3,3,683)
w(305,3,3,683)
r(308,0,3,683)
r(309,0,3,683)
r(304,0,3,683)
w(309,1,3,683)
r(307,1,9,685)
w(309,2,9,685)
w(308,1,9,685)
r(309,2,9,685)
r(308,1,9,685)
w(309,3,0,687)
r(309,3,0,687)
w(293,3,0,687)
r(310,0,0,687)
w(307,2,13,689)
r(310,0,13,689)
r(307,2,13,689)
r(308,1,13,689)
r(307,2,13,689)
w(310,1,1,691)
w(308,2,1,691)
r(310,1,1,691)
w(310,2,1,691)
w(310,3,9,693)
r(311,0,9,693)
r(308,2,9,693)
w(307,3,9,693)
r(312,0,9,693)
r(307,3,9,693)
r(308,2,0,695)
w(312,1,0,695)
r(312,1,0,695)
w(312,2,0,695)
w(312,3,0,695)
r(312,3,0,695)
r(313,0,2,697)
r(313,0,2,697)
r(313,0,2,697)
w(311,1,2,697)
w(313,1,2,697)
r(308,2,2,697)
w(313,2,0,699)
r(313,2,0,699)
r(311,1,0,699)
r(311,1,0,699)
w(313,3,0,699)
r(313,3,0,699)
r(307,3,0,699)
r(314,0,0,699)
r(314,0,12,701)
w(311,2,12,701)
w(308,3,12,701)
w(314,1,12,701)
w(314,2,12,701)
r(314,2,7,703)
r(315,0,7,703)
w(311,3,7,703)
r(314,2,7,703)
r(314,2,14,705)
w(315,1,14,705)
w(316,1,14,705)
w(314,3,14,705)
r(314,3,14,705)
r(317,0,14,705)
w(317,1,14,705)
w(316,2,2,707)
r(315,1,2,707)
r(317,1,2,707)
r(311,3,2,707)
r(316,2,2,707)
r(317,1,12,709)
r(317,1,12,709)
w(315,2,12,709)
w(317,2,12,709)
r(317,2,12,709)
w(317,3,12,709)
w(316,3,12,709)
w(319,1,1,711)
w(315,3,1,711)
r(319,1,1,711)
w(319,2,1,711)
w(319,3,3,713)
r(316,3,3,713)
r(319,3,3,713)
r(318,0,3,713)
r(315,3,3,713)
w(321,1,3,713)
w(321,2,1,716)
r(321,2,1,716)
r(320,0,1,716)
r(321,2,1,716)
r(321,2,1,716)
w(321,3,1,716)
w(318,1,1,716)
r(320,0,1,716)
w(322,1,10,717)
r(321,1,10,717)
w(320,1,10,717)
r(322,1,10,717)
r(323,0,4,719)
r(322,1,4,719)
r(323,0,4,719)
r(323,0,4,719)
w(322,2,9,721)
r(322,2,9,721)
w(322,3,9,721)
w(323,1,9,721)
r(323,1,9,721)
r(304,0,9,721)
r(323,1,9,721)
r(323,1,9,721)
w(323,2,6,723)
w(323,3,6,723)
r(323,3,6,723)
r(323,3,6,723)
w(318,2,6,723)
r(323,3,6,723)
r(320,1,14,725)
w(324,1,14,725)
r(323,3,14,725)
w(325,1,14,725)
w(324,2,14,725)
w(324,3,14,725)
w(325,2,9,727)
w(325,3,9,727)
w(304,1,9,727)
r(325,3,9,727)
r(320,1,9,727)
r(324,3,9,727)
w(326,1,10,729)
w(320,2,10,729)
w(326,2,10,729)
w(326,3,10,729)
r(324,3,10,729)
r(326,3,12,731)
r(328,0,12,731)
r(318,2,12,731)
r(320,2,12,731)
w(328,1,12,731)
r(328,1,12,731)
r(327,0,7,733)
w(304,2,7,733)
r(327,0,7,733)
r(328,1,7,733)
r(328,1,7,733)
w(304,3,7,733)
r(327,0,1,735)
r(327,0,1,735)
r(328,1,1,735)
r(327,0,1,735)
w(320,3,1,735)
w(327,1,1,735)
r(328,1,1,735)
w(327,2,15,737)
r(328,1,15,737)
r(328,1,15,737)
w(327,3,15,737)
w(328,2,15,737)
r(328,2,15,737)
r(318,2,15,737)
r(328,2,6,739)
r(328,2,6,739)
r(329,0,6,739)
r(328,2,6,739)
r(328,2,6,739)
w(318,3,1,741)
w(330,1,1,741)
r(329,0,1,741)
r(328,2,1,741)
w(328,3,1,741)
w(329,1,2,743)
w(329,2,2,743)
r(331,0,2,743)
r(331,0,2,743)
r(331,0,2,743)
r(331,0,2,743)
r(329,2,2,743)
r(331,0,2,743)
r(329,2,14,745)
r(331,0,14,745)
w(331,1,14,745)
w(329,3,14,745)
r(331,1,14,745)
r(331,1,14,745)
r(330,1,14,745)
w(333,1,14,745)
r(331,1,13,747)
r(330,1,13,747)
w(330,2,13,747)
w(331,2,13,747)
r(331,2,13,747)
w(331,3,13,747)
w(333,2,13,747)
w(333,3,2,749)
r(335,0,2,749)
w(335,1,2,749)
r(331,3,2,749)
r(335,1,2,749)
r(332,0,2,749)
w(335,2,2,749)
w(336,1,2,749)
w(336,2,6,752)
w(335,3,6,752)
r(335,3,6,752)
r(336,2,6,752)
r(336,2,6,752)
w(336,3,18,753)
w(334,1,18,753)
r(334,1,18,753)
r(337,0,18,753)
w(334,2,18,753)
r(338,0,19,757)
w(338,1,19,757)
r(338,1,19,757)
w(337,1,19,757)
r(330,2,19,757)
w(337,2,19,757)
r(340,0,2,759)
r(330,2,2,759)
w(339,3,2,759)
r(341,0,2,759)
r(332,0,2,759)
r(334,2,2,759)
r(339,3,2,759)
r(334,2,2,759)
r(339,3,16,761)
w(340,1,16,761)
r(334,2,16,761)
r(342,0,16,761)
r(340,1,16,761)
w(342,1,5,763)
r(342,1,5,763)
w(340,2,5,763)
w(334,3,5,763)
w(342,2,5,763)
w(340,3,5,763)
w(342,3,5,763)
r(334,3,8,765)
w(341,1,8,765)
r(342,3,8,765)
r(342,3,8,765)
r(343,0,8,765)
w(344,1,8,765)
r(344,1,8,765)
r(344,1,8,765)
r(344,1,14,767)
r(344,1,14,767)
w(343,1,14,767)
w(332,1,14,767)
w(343,2,14,767)
r(343,2,14,767)
r(344,1,14,767)
r(344,1,1,769)
w(341,2,1,769)
w(341,3,1,769)
w(344,2,1,769)
r(344,2,1,769)
r(344,2,1,769)
r(343,2,1,769)
w(346,1,1,769)
w(344,3,7,771)
r(343,2,7,771)
w(347,1,7,771)
r(347,1,7,771)
w(346,2,7,771)
w(345,1,7,771)
r(343,2,7,771)
w(347,2,3,773)
r(347,2,3,773)
w(347,3,3,773)
r(343,2,3,773)
r(348,0,3,773)
w(343,3,11,775)
w(348,1,11,775)
w(346,3,11,775)
w(349,1,11,775)
w(348,2,11,775)
r(346,3,11,775)
r(348,2,0,777)
w(348,3,0,777)
r(349,1,0,777)
r(349,1,0,777)
r(351,0,7,779)
w(350,1,7,779)
r(351,0,7,779)
w(351,1,7,779)
r(351,1,7,779)
r(351,1,7,779)
r(349,1,9,781)
r(351,1,9,781)
w(349,2,9,781)
r(349,2,9,781)
r(351,1,9,781)
w(349,3,9,781)
r(332,1,9,781)
w(352,1,3,783)
r(351,1,3,783)
r(351,1,3,783)
r(351,1,3,783)
w(350,2,3,783)
w(352,2,11,785)
w(351,2,11,785)
r(352,2,11,785)
r(351,2,11,785)
w(345,2,3,787)
w(351,3,3,787)
w(352,3,3,787)
w(350,3,3,787)
w(354,1,3,787)
r(354,1,3,787)
w(353,1,3,787)
r(354,1,7,789)
w(354,2,7,789)
r(353,1,7,789)
r(354,2,7,789)
r(332,1,7,789)
r(354,2,7,789)
w(353,2,7,789)
r(354,2,7,789)
w(353,3,12,791)
w(345,3,12,791)
w(354,3,12,791)
w(355,1,12,791)
r(356,0,15,793)
r(355,1,15,793)
w(355,2,15,793)
r(355,2,15,793)
w(355,3,15,793)
r(355,3,15,793)
r(355,3,15,793)
w(356,1,15,793)
w(357,1,1,795)
r(345,3,1,795)
r(332,1,1,795)
w(357,2,1,795)
r(358,0,1,795)
w(358,1,1,795)
w(358,2,1,795)
w(358,3,19,797)
r(358,3,19,797)
r(358,3,19,797)
w(356,2,19,797)
w(356,3,19,797)
r(358,3,19,797)
r(358,3,19,797)
r(359,0,19,797)
r(358,3,4,799)
r(358,3,4,799)
w(359,1,4,799)
w(357,3,4,799)
r(359,1,4,799)
r(359,1,4,799)
r(360,0,3,801)
r(360,0,3,801)
r(359,1,3,801)
w(360,1,3,801)
w(359,2,3,801)
r(357,3,3,801)
r(359,2,7,803)
r(359,2,7,803)
r(360,1,7,803)
r(359,2,7,803)
w(360,2,17,805)
w(332,2,17,805)
r(345,3,17,805)
w(360,3,17,805)
w(361,1,16,808)
r(359,2,16,808)
w(359,3,16,808)
w(363,1,16,808)
r(363,1,16,808)
r(361,1,16,808)
w(364,1,0,811)
r(332,2,0,811)
w(332,3,0,811)
w(364,2,0,811)
r(364,2,0,811)
w(362,1,0,811)
w(364,3,7,813)
r(364,3,7,813)
w(363,2,7,813)
w(363,3,7,813)
r(366,0,7,813)
w(366,1,10,815)
r(362,1,10,815)
r(362,1,10,815)
w(366,2,10,815)
r(366,2,6,817)
w(366,3,6,817)
r(366,3,6,817)
r(366,3,6,817)
r(362,1,6,817)
w(365,1,11,819)
r(367,0,11,819)
w(365,2,11,819)
w(362,2,11,819)
r(366,3,11,819)
r(365,2,11,819)
r(366,3,13,821)
w(367,1,13,821)
r(366,3,13,821)
w(369,1,13,821)
r(362,2,13,821)
r(362,2,13,821)
r(362,2,10,823)
w(362,3,10,823)
w(369,2,10,823)
w(367,2,10,823)
r(362,3,10,823)
r(365,2,10,823)
r(367,2,4,825)
r(367,2,4,825)
w(367,3,4,825)
r(362,3,4,825)
w(369,3,4,825)
w(370,1,17,827)
r(369,3,17,827)
w(370,2,17,827)
r(370,2,17,827)
w(371,1,17,827)
r(371,1,17,827)
w(371,2,11,829)
r(371,2,11,829)
w(371,3,11,829)
w(370,3,11,829)
r(365,2,11,829)
r(373,0,11,829)
r(373,0,17,831)
r(362,3,17,831)
w(372,1,17,831)
w(373,1,17,831)
r(372,1,17,831)
r(373,1,17,831)
w(372,2,0,833)
w(373,2,0,833)
w(374,1,0,833)
r(372,2,0,833)
w(368,1,0,833)
w(373,3,0,833)
w(372,3,0,833)
r(372,3,8,835)
r(368,1,8,835)
w(376,1,8,835)
w(365,3,8,835)
r(376,1,8,835)
r(365,3,8,835)
r(365,3,8,835)
r(375,0,9,837)
r(376,1,9,837)
w(375,1,9,837)
w(376,2,9,837)
r(376,2,9,837)
r(376,2,9,837)
w(376,3,5,839)
r(375,1,5,839)
w(375,2,5,839)
r(375,2,5,839)
r(374,1,5,839)
w(375,3,5,839)
r(375,3,5,839)
w(374,2,14,842)
w(377,1,14,842)
w(377,2,14,842)
r(377,2,14,842)
w(374,3,14,842)
w(380,1,14,845)
r(380,1,14,845)
r(380,1,14,845)
r(375,3,14,845)
r(380,1,14,845)
r(379,0,14,845)
r(380,1,14,845)
w(380,2,14,845)
r(380,2,13,847)
w(380,3,13,847)
w(379,1,13,847)
r(380,3,13,847)
w(379,2,13,847)
w(379,3,13,847)
r(380,3,13,847)
r(380,3,5,849)
r(379,3,5,849)
r(381,0,5,849)
w(381,1,5,849)
r(380,3,5,849)
w(381,2,5,849)
w(378,2,12,853)
w(383,1,12,853)
w(384,1,12,853)
w(382,1,12,853)
r(382,1,12,853)
r(384,1,12,855)
r(382,1,12,855)
r(383,1,12,855)
r(382,1,12,855)
w(368,2,12,855)
r(383,1,12,855)
w(383,2,7,857)
r(378,2,7,857)
r(383,2,7,857)
r(383,2,7,857)
r(382,1,7,857)
r(382,1,7,857)
w(383,3,7,857)
w(382,2,14,859)
r(382,2,14,859)
r(382,2,14,859)
w(382,3,14,859)
w(384,2,14,859)
r(382,3,14,859)
r(382,3,14,859)
w(378,3,7,861)
w(385,1,7,861)
r(384,2,7,861)
r(386,0,7,861)
r(384,2,7,861)
w(386,1,7,861)
r(386,1,7,861)
w(385,2,18,863)
r(385,2,18,863)
r(386,1,18,863)
r(386,1,18,863)
w(386,2,18,863)
r(384,2,18,863)
r(386,2,18,863)
w(385,3,17,865)
r(386,2,17,865)
r(378,3,17,865)
w(386,3,17,865)
r(386,3,17,865)
r(386,3,17,865)
r(384,2,17,865)
r(386,3,11,867)
w(388,1,11,867)
w(388,2,11,867)
r(388,2,11,867)
r(388,2,11,867)
r(388,2,11,867)
w(388,3,11,867)
r(388,3,13,869)
r(390,0,13,869)
w(390,1,13,869)
r(384,2,13,869)
r(387,0,13,869)
r(390,1,13,869)
w(389,1,11,871)
r(387,0,11,871)
r(390,1,11,871)
w(387,1,11,871)
w(390,2,11,871)
w(390,3,11,871)
w(387,2,11,871)
w(387,3,14,873)
w(368,3,14,873)
w(384,3,14,873)
r(391,0,14,873)
w(391,1,14,873)
w(389,2,11,875)
w(391,2,11,875)
r(384,3,11,875)
w(389,3,11,875)
r(389,3,11,875)
r(391,2,3,877)
r(391,2,3,877)
r(387,3,3,877)
r(387,3,3,877)
r(391,2,3,877)
w(391,3,3,877)
r(387,3,3,877)
r(387,3,3,877)
r(387,3,4,879)
w(394,1,4,879)
w(394,2,4,879)
r(394,2,4,879)
r(394,2,4,879)
w(394,3,4,879)
w(395,1,4,879)
w(395,2,18,881)
w(395,3,18,881)
w(396,1,18,881)
r(384,3,18,881)
r(396,1,11,883)
w(396,2,11,883)
r(387,3,11,883)
r(396,2,11,883)
r(396,2,11,883)
r(387,3,1,885)
w(396,3,1,885)
r(396,3,1,885)
r(387,3,1,885)
r(392,0,16,887)
r(387,3,16,887)
w(397,1,16,887)
r(384,3,16,887)
r(397,1,16,887)
r(397,1,8,889)
r(393,0,8,889)
w(397,2,8,889)
w(397,3,8,889)
r(397,3,8,889)
r(398,0,6,891)
r(399,0,6,891)
r(398,0,6,891)
r(400,0,6,891)
w(400,1,6,891)
r(399,0,3,893)
r(400,1,3,893)
r(398,0,3,893)
r(392,0,3,893)
w(398,1,1,895)
w(393,1,1,895)
r(400,1,1,895)
r(399,0,1,895)
r(399,0,1,895)
w(400,2,6,897)
w(400,3,6,897)
r(400,3,6,897)
r(400,3,6,897)
r(400,3,6,897)
r(399,0,19,899)
w(398,2,19,899)
r(399,0,19,899)
w(398,3,19,899)
r(401,0,15,902)
r(402,0,15,902)
w(403,1,15,902)
r(403,1,15,902)
w(399,1,3,903)
r(401,0,3,903)
w(401,1,3,903)
r(398,3,3,903)
w(401,2,3,903)
r(402,0,3,903)
w(402,1,3,903)
w(401,3,3,903)
r(393,1,3,905)
w(399,2,3,905)
r(403,1,3,905)
r(403,1,3,905)
w(403,2,3,905)
r(403,2,3,905)
w(402,2,3,905)
w(403,3,15,907)
w(402,3,15,907)
r(403,3,15,907)
w(392,1,15,907)
r(403,3,15,907)
r(405,0,15,907)
w(405,1,1,911)
w(404,1,1,911)
w(404,2,1,911)
r(404,2,1,911)
r(405,1,1,911)
r(405,1,1,911)
r(405,1,1,911)
r(405,1,11,913)
r(392,1,11,913)
r(406,0,11,913)
r(392,1,11,913)
r(406,0,11,913)
r(406,0,11,913)
r(404,2,6,915)
w(393,2,6,915)
w(393,3,6,915)
r(404,2,6,915)
w(406,1,6,915)
r(399,2,6,915)
r(406,1,6,915)
w(406,2,6,915)
w(406,3,19,917)
w(404,3,19,917)
r(407,0,19,917)
r(393,3,19,917)
w(407,1,19,917)
r(407,1,19,917)
w(399,3,19,917)
w(407,2,19,917)
w(407,3,3,919)
w(408,1,3,919)
r(407,3,3,919)
r(407,3,3,919)
w(408,2,13,921)
r(410,0,13,921)
r(408,2,13,921)
r(409,0,13,921)
w(408,3,13,921)
r(408,3,13,921)
w(410,1,13,921)
r(410,1,13,921)
r(409,0,4,923)
w(410,2,4,923)
r(410,2,4,923)
w(409,1,4,923)
r(410,2,4,923)
r(393,3,6,925)
r(409,1,6,925)
r(410,2,6,925)
r(408,3,6,925)
w(410,3,6,925)
r(411,0,6,925)
r(411,0,16,927)
r(411,0,16,927)
w(412,1,16,927)
r(412,1,16,927)
w(411,1,5,929)
r(411,1,5,929)
w(412,2,5,929)
r(411,1,5,929)
w(412,3,5,929)
r(412,3,3,931)
w(411,2,3,931)
r(409,1,3,931)
r(411,2,3,931)
r(411,2,3,931)
r(411,2,3,931)
w(413,1,3,931)
r(411,2,3,931)
w(413,2,14,933)
w(411,3,14,933)
r(409,1,14,933)
r(411,3,14,933)
r(413,2,14,933)
r(409,1,19,935)
w(413,3,19,935)
w(409,2,19,935)
w(414,1,19,935)
r(393,3,1,937)
w(414,2,1,937)
r(414,2,1,937)
w(392,2,1,937)
r(413,3,1,937)
r(409,2,1,937)
w(414,3,14,939)
w(409,3,14,939)
r(416,0,14,939)
w(417,1,14,939)
r(417,1,14,939)
r(417,1,14,939)
w(416,1,14,939)
w(416,2,14,939)
r(417,1,10,942)
r(416,2,10,942)
r(418,0,10,942)
w(416,3,10,942)
r(417,1,10,942)
r(419,0,10,942)
w(419,1,10,942)
w(419,2,10,942)
w(420,1,12,945)
r(420,1,12,945)
w(415,1,12,945)
r(420,1,12,945)
r(420,1,12,945)
r(420,1,12,945)
r(421,0,3,947)
w(420,2,3,947)
w(420,3,3,947)
w(421,1,3,947)
w(422,1,3,947)
w(422,2,3,947)
w(422,3,3,947)
w(418,1,3,947)
r(422,3,15,949)
w(392,3,15,949)
r(418,1,15,949)
w(421,2,15,949)
w(423,1,15,949)
r(418,1,9,951)
r(423,1,9,951)
r(423,1,9,951)
w(423,2,9,951)
w(423,3,11,953)
r(423,3,11,953)
w(424,1,11,953)
r(421,2,11,953)
r(421,2,11,953)
r(421,2,11,953)
w(424,2,11,953)
r(418,1,11,953)
r(415,1,1,955)
w(424,3,1,955)
r(424,3,1,955)
r(424,3,1,955)
r(418,1,17,957)
w(421,3,17,957)
r(424,3,17,957)
w(425,1,17,957)
r(425,1,17,957)
w(418,2,17,957)
r(427,0,17,957)
w(427,1,17,957)
w(425,2,5,959)
w(418,3,5,959)
r(427,1,5,959)
w(427,2,5,959)
w(427,3,5,959)
r(425,2,5,959)
w(415,2,5,959)
r(427,3,5,959)
r(418,3,17,961)
r(415,2,17,961)
r(425,2,17,961)
r(415,2,17,961)
r(418,3,17,961)
r(425,2,1,963)
w(425,3,1,963)
r(428,0,1,963)
w(428,1,1,963)
w(428,2,1,963)
r(429,0,1,963)
r(428,2,1,963)
r(429,0,1,963)
r(430,0,2,965)
r(428,2,2,965)
r(430,0,2,965)
r(429,0,2,965)
r(428,2,2,965)
r(428,2,2,965)
r(429,0,2,967)
r(430,0,2,967)
w(430,1,2,967)
r(428,2,2,967)
r(426,0,2,967)
w(428,3,13,969)
r(431,0,13,969)
w(430,2,13,969)
w(415,3,13,969)
w(426,1,13,969)
w(431,1,13,969)
r(431,1,8,971)
r(430,2,8,971)
r(431,1,8,971)
r(431,1,8,971)
r(430,2,4,973)
r(429,0,4,973)
r(431,1,4,973)
w(431,2,4,973)
r(431,2,4,973)
r(431,2,4,973)
r(431,2,0,975)
w(431,3,0,975)
w(430,3,0,975)
w(432,1,0,975)
r(429,0,0,975)
w(432,2,0,975)
r(415,3,18,977)
r(432,2,18,977)
r(433,0,18,977)
w(433,1,18,977)
r(432,2,18,977)
w(432,3,18,977)
r(432,3,18,977)
r(433,1,3,979)
r(432,3,3,979)
w(433,2,3,979)
w(434,1,3,979)
r(434,1,3,979)
w(429,1,3,979)
w(434,2,3,979)
w(434,3,7,981)
r(429,1,7,981)
r(434,3,7,981)
r(436,0,7,981)
r(436,0,9,983)
r(436,0,9,983)
r(429,1,9,983)
r(436,0,9,983)
w(436,1,1,985)
r(436,1,1,985)
r(436,1,1,985)
r(436,1,1,985)
w(436,2,1,985)
w(436,3,1,985)
w(429,2,1,985)
r(429,2,1,985)
r(437,0,10,987)
w(433,3,10,987)
w(437,1,10,987)
r(433,3,10,987)
r(433,3,10,987)
w(437,2,10,987)
r(435,0,10,987)
w(437,3,3,989)
r(433,3,3,989)
r(433,3,3,989)
r(435,0,3,989)
w(438,1,3,989)
r(438,1,3,989)
w(438,2,3,989)
w(429,3,3,989)
r(438,2,8,991)
r(429,3,8,991)
w(435,1,8,991)
w(438,3,8,991)
w(440,1,8,991)
r(438,3,1,993)
w(439,1,1,993)
r(441,0,1,993)
r(439,1,1,993)
r(441,0,1,993)
r(441,0,1,993)
r(435,1,8,995)
w(439,2,8,995)
w(439,3,8,995)
r(441,0,8,995)
r(441,0,8,995)
r(440,1,8,995)
r(441,0,8,995)
r(441,0,8,995)
w(441,1,1,997)
w(441,2,1,997)
w(441,3,1,997)
r(441,3,1,997)
r(441,3,1,997)
w(443,1,1,997)
r(442,0,5,999)
w(442,1,5,999)
r(443,1,5,999)
r(435,1,5,999)
w(443,2,16,1001)
w(442,2,16,1001)
w(443,3,16,1001)
r(442,2,16,1001)
r(440,1,16,1001)
r(444,0,16,1001)
r(442,2,16,1001)
w(444,1,2,1003)
w(444,2,2,1003)
w(440,2,2,1003)
w(442,3,2,1003)
w(444,3,2,1003)
r(435,1,2,1003)
r(444,3,2,1003)
w(435,2,2,1003)
r(444,3,19,1005)
r(444,3,19,1005)
r(444,3,19,1005)
r(444,3,19,1005)
w(435,3,19,1005)
w(445,1,19,1005)
r(426,1,19,1005)
r(444,3,19,1005)
w(440,3,5,1007)
r(444,3,5,1007)
r(445,1,5,1007)
r(445,1,5,1007)
r(440,3,5,1007)
r(446,0,17,1009)
r(445,1,17,1009)
r(446,0,17,1009)
r(446,0,17,1009)
r(445,1,17,1009)
r(446,0,17,1009)
r(446,0,10,1011)
r(446,0,10,1011)
w(426,2,10,1011)
r(426,2,10,1011)
r(445,1,10,1014)
w(446,1,10,1014)
w(445,2,10,1014)
r(446,1,10,1014)
w(446,2,16,1015)
r(446,2,16,1015)
w(445,3,16,1015)
r(446,2,16,1015)
w(448,1,18,1017)
w(446,3,18,1017)
r(447,0,18,1017)
r(445,3,18,1017)
r(445,3,18,1017)
r(445,3,3,1019)
r(447,0,3,1019)
w(449,1,3,1019)
r(449,1,3,1019)
w(449,2,3,1019)
r(445,3,3,1019)
w(449,3,3,1019)
r(445,3,3,1021)
r(451,0,3,1021)
r(451,0,3,1021)
r(450,0,3,1021)
r(451,0,3,1021)
r(451,0,17,1023)
r(448,1,17,1023)
r(451,0,17,1023)
r(447,0,17,1023)
r(451,0,6,1025)
w(451,1,6,1025)
r(447,0,6,1025)
r(426,2,6,1025)
w(451,2,6,1025)
w(451,3,5,1027)
r(452,0,5,1027)
w(447,1,5,1027)
r(450,0,5,1027)
r(447,1,5,1027)
r(450,0,12,1029)
w(452,1,12,1029)
r(452,1,12,1029)
w(450,1,12,1029)
w(450,2,12,1029)
w(452,2,12,1029)
r(450,2,12,1029)
r(450,2,12,1029)
r(450,2,0,1031)
w(426,3,0,1031)
r(450,2,0,1031)
r(452,2,0,1031)
w(450,3,7,1033)
w(452,3,7,1033)
w(454,1,7,1033)
r(453,0,7,1033)
r(454,1,7,1033)
r(453,0,7,1033)
r(448,1,10,1036)
r(453,0,10,1036)
r(447,1,10,1036)
r(454,1,10,1036)
r(454,1,10,1036)
w(453,1,18,1037)
w(448,2,18,1037)
r(453,1,18,1037)
r(454,1,18,1037)
r(454,1,18,1037)
r(454,1,18,1037)
w(453,2,18,1037)
w(453,3,4,1039)
w(455,1,4,1039)
r(447,1,4,1039)
r(455,1,4,1039)
w(448,3,4,1039)
r(448,3,15,1042)
r(448,3,15,1042)
r(454,1,15,1042)
w(454,2,15,1042)
w(455,2,15,1042)
r(455,2,15,1042)
w(457,2,2,1045)
w(457,3,2,1045)
r(457,3,2,1045)
r(456,0,2,1045)
w(454,3,2,1045)
r(459,0,2,1045)
w(456,1,2,1045)
r(459,0,17,1047)
w(447,3,17,1047)
w(459,1,17,1047)
w(461,1,17,1047)
w(458,1,17,1047)
w(459,2,17,1047)
w(459,3,17,1047)
r(461,1,19,1049)
r(456,1,19,1049)
r(460,0,19,1049)
r(460,0,19,1049)
r(462,0,19,1049)
w(461,2,19,1049)
w(462,1,19,1049)
w(461,3,19,1049)
w(462,2,3,1051)
r(462,2,3,1051)
r(460,0,3,1051)
r(460,0,3,1051)
w(458,2,2,1053)
w(462,3,2,1053)
r(463,0,2,1053)
w(463,1,2,1053)
w(463,2,6,1055)
w(463,3,6,1055)
w(460,1,6,1055)
w(464,1,6,1055)
r(456,1,6,1055)
w(460,2,6,1055)
r(461,3,4,1057)
r(460,2,4,1057)
w(460,3,4,1057)
w(464,2,4,1057)
w(464,3,4,1057)
r(464,3,4,1057)
r(464,3,11,1059)
r(458,2,11,1059)
r(464,3,11,1059)
r(465,0,11,1059)
w(466,1,11,1059)
w(467,1,11,1059)
w(465,1,11,1061)
r(465,1,11,1061)
w(465,2,11,1061)
r(465,2,11,1061)
r(466,1,11,1061)
w(467,2,0,1063)
w(456,2,0,1063)
w(467,3,0,1063)
r(467,3,0,1063)
r(465,2,0,1063)
w(456,3,0,1063)
r(468,0,16,1065)
w(468,1,16,1065)
r(468,1,16,1065)
r(466,1,16,1065)
r(468,1,16,1065)
w(468,2,16,1065)
w(468,3,16,1065)
r(466,1,16,1065)
w(466,2,4,1067)
w(469,1,4,1067)
r(469,1,4,1067)
r(469,1,4,1067)
r(466,2,4,1067)
w(469,2,4,1067)
r(465,2,12,1069)
r(465,2,12,1069)
r(469,2,12,1069)
r(469,2,12,1069)
w(469,3,12,1069)
w(465,3,13,1071)
w(471,1,13,1071)
r(465,3,13,1071)
r(471,1,13,1071)
r(465,3,13,1071)
r(471,1,13,1071)
r(465,3,13,1071)
r(470,0,13,1071)
r(465,3,2,1073)
r(465,3,2,1073)
r(458,2,2,1073)
r(471,1,2,1073)
w(471,2,19,1075)
w(471,3,19,1075)
w(473,1,19,1075)
r(472,0,19,1075)
r(466,2,19,1077)
w(472,1,19,1077)
w(472,2,19,1077)
w(473,2,19,1077)
r(473,2,19,1077)
w(473,3,19,1077)
w(470,1,19,1077)
w(470,2,0,1079)
w(474,1,0,1079)
w(472,3,0,1079)
r(472,3,0,1079)
r(474,1,0,1079)
r(470,2,0,1079)
w(474,2,0,1079)
r(472,3,0,1079)
r(474,2,6,1081)
r(472,3,6,1081)
w(474,3,6,1081)
r(474,3,6,1081)
r(474,3,6,1081)
r(474,3,6,1081)
w(475,1,0,1083)
r(470,2,0,1083)
r(474,3,0,1083)
r(476,0,0,1083)
r(476,0,0,1083)
r(476,0,6,1085)
r(458,2,6,1085)
w(475,2,6,1085)
w(470,3,6,1085)
r(476,0,6,1087)
r(476,0,6,1087)
w(466,3,6,1087)
w(476,1,6,1087)
r(475,2,6,1087)
w(475,3,19,1089)
w(477,1,19,1089)
r(475,3,19,1089)
r(476,1,19,1089)
r(476,1,19,1089)
w(476,2,5,1091)
r(476,2,5,1091)
r(476,2,5,1091)
r(476,2,5,1091)
r(470,3,5,1091)
r(475,3,13,1093)
r(476,2,13,1093)
r(475,3,13,1093)
r(477,1,13,1093)
w(476,3,13,1093)
w(477,2,13,1093)
r(477,2,13,1093)
w(478,1,6,1095)
r(475,3,6,1095)
w(478,2,6,1095)
r(478,2,6,1095)
r(478,2,14,1097)
r(475,3,14,1097)
w(480,1,14,1097)
r(478,2,14,1097)
w(478,3,14,1097)
w(480,2,14,1097)
w(480,3,14,1097)
r(478,3,16,1099)
r(478,3,16,1099)
r(480,3,16,1099)
r(478,3,16,1099)
r(477,2,8,1101)
r(480,3,8,1101)
w(481,1,8,1101)
w(482,1,8,1101)
w(482,2,8,1101)
r(477,2,8,1101)
w(481,2,8,1101)
w(482,3,8,1101)
r(482,3,17,1103)
r(482,3,17,1103)
r(481,2,17,1103)
r(482,3,17,1103)
r(482,3,17,1103)
r(477,2,18,1105)
w(481,3,18,1105)
w(484,1,18,1105)
r(483,0,18,1105)
w(484,2,18,1105)
r(483,0,18,1105)
w(483,2,18,1109)
w(483,3,18,1109)
r(483,3,18,1109)
w(485,1,18,1109)
w(484,3,18,1109)
r(477,2,19,1111)
r(484,3,19,1111)
r(485,1,19,1111)
w(486,1,19,1111)
r(485,1,19,1111)
w(486,2,6,1113)
w(485,2,6,1113)
w(485,3,6,1113)
w(486,3,6,1113)
w(477,3,6,1113)
r(485,3,6,1113)
r(485,3,6,1113)
r(479,0,6,1113)
r(487,0,11,1115)
r(487,0,11,1115)
r(485,3,11,1115)
r(485,3,11,1115)
r(487,0,11,1115)
w(488,1,12,1117)
r(485,3,12,1117)
r(485,3,12,1117)
r(485,3,12,1117)
r(485,3,12,1117)
r(485,3,18,1119)
w(487,1,18,1119)
w(488,2,18,1119)
w(487,2,18,1119)
r(485,3,18,1119)
r(479,0,6,1121)
r(488,2,6,1121)
w(487,3,6,1121)
r(487,3,6,1121)
r(458,2,6,1121)
r(487,3,6,1121)
w(479,3,8,1123)
w(489,1,8,1123)
r(489,1,8,1123)
w(489,2,8,1123)
w(489,3,8,1123)
r(488,2,8,1123)
r(491,0,8,1123)
w(491,1,8,1125)
w(490,1,8,1125)
r(491,1,8,1125)
r(491,1,8,1125)
w(491,2,8,1125)
w(491,3,8,1125)
r(491,3,9,1127)
w(490,2,9,1127)
r(491,3,9,1127)
r(491,3,9,1127)
r(491,3,9,1127)
r(491,3,9,1127)
r(490,2,4,1129)
w(492,1,4,1129)
w(492,2,4,1129)
w(490,3,4,1129)
w(492,3,4,1129)
r(488,2,4,1129)
r(494,0,11,1132)
w(493,2,11,1132)
w(494,1,11,1132)
w(494,2,11,1132)
w(494,3,8,1135)
w(493,3,8,1135)
w(495,1,8,1135)
w(496,1,8,1135)
w(496,2,8,1135)
w(496,3,8,1135)
r(496,3,8,1135)
r(496,3,7,1137)
r(496,3,7,1137)
w(458,3,7,1137)
r(497,0,7,1137)
w(498,1,7,1137)
r(497,0,7,1137)
r(498,1,7,1137)
r(497,0,7,1137)
w(497,1,19,1139)
w(497,2,19,1139)
r(498,1,19,1139)
r(497,2,19,1139)
w(498,2,9,1142)
w(498,3,9,1142)
w(499,1,9,1142)
r(497,2,9,1142)
r(499,1,9,1142)
r(497,2,9,1142)
w(497,3,9,1142)
w(499,3,8,1145)
w(495,3,8,1145)
w(500,3,8,1145)
w(502,1,8,1145)
w(502,2,8,1145)
r(502,2,8,1145)
r(501,0,8,1145)
r(501,0,19,1147)
r(501,0,19,1147)
w(502,3,19,1147)
r(501,0,19,1147)
r(503,0,19,1147)
r(503,0,19,1147)
r(495,3,3,1149)
r(503,0,3,1149)
r(503,0,3,1149)
r(458,3,3,1149)
w(501,1,3,1149)
r(501,1,3,1149)
r(458,3,3,1149)
r(479,3,18,1152)
r(501,1,18,1152)
w(501,2,18,1152)
w(503,1,18,1152)
w(504,1,18,1152)
r(501,2,18,1152)
w(505,3,9,1155)
r(505,3,9,1155)
w(506,1,9,1155)
r(506,1,9,1155)
w(504,2,9,1155)
r(507,0,9,1155)
w(504,3,9,1155)
w(507,1,9,1155)
r(479,3,10,1157)
r(506,1,10,1157)
r(507,1,10,1157)
r(506,1,10,1157)
r(507,1,10,1157)
r(507,1,10,1157)
w(507,2,4,1159)
w(507,3,4,1159)
r(507,3,4,1159)
r(504,3,4,1159)
w(509,1,4,1159)
w(509,2,4,1159)
r(506,1,4,1159)
w(508,1,4,1159)
w(509,3,14,1161)
r(506,1,14,1161)
r(508,1,14,1161)
r(511,0,14,1161)
w(511,1,14,1161)
r(511,1,14,1161)
w(511,2,14,1161)
w(510,1,6,1163)
r(511,2,6,1163)
w(511,3,6,1163)
r(511,3,6,1163)
r(511,3,2,1165)
r(511,3,2,1165)
w(506,2,2,1165)
w(508,2,2,1165)
w(510,2,2,1165)
r(506,2,10,1167)
w(508,3,10,1167)
r(512,0,10,1167)
w(512,1,10,1167)
r(458,3,10,1167)
w(512,2,10,1167)
r(510,2,10,1167)
r(512,2,10,1167)
w(510,3,3,1169)
w(512,3,3,1169)
r(506,2,3,1169)
r(512,3,3,1169)
r(512,3,3,1169)
r(512,3,16,1171)
r(513,0,16,1171)
r(513,0,16,1171)
r(513,0,16,1171)
w(513,1,16,1171)
w(513,2,16,1171)
r(513,2,16,1171)
w(506,3,5,1173)
r(513,2,5,1173)
r(513,2,5,1173)
r(513,2,5,1173)
r(510,3,5,1173)
r(506,3,15,1175)
r(513,2,15,1175)
r(513,2,15,1175)
r(513,2,15,1175)
r(506,3,15,1175)
r(514,0,15,1177)
r(458,3,15,1177)
r(506,3,15,1177)
r(508,3,15,1177)
w(515,1,15,1177)
r(515,1,15,1177)
w(513,3,15,1177)
r(517,0,19,1179)
r(515,1,19,1179)
w(515,2,19,1179)
w(517,1,19,1179)
w(517,2,19,1179)
w(517,3,19,1179)
w(516,1,9,1181)
w(519,1,9,1181)
w(519,2,9,1181)
w(515,3,9,1181)
r(514,0,9,1183)
r(514,0,9,1183)
r(518,0,9,1183)
r(520,0,9,1183)
w(519,3,9,1183)
r(519,3,9,1183)
r(519,3,9,1183)
r(518,0,9,1183)
w(521,2,8,1187)
w(521,3,8,1187)
r(520,0,8,1187)
w(514,1,8,1187)
w(522,1,8,1187)
w(514,2,8,1187)
r(514,2,8,1187)
r(520,0,16,1189)
w(522,2,16,1189)
w(522,3,16,1189)
r(523,0,16,1189)
w(523,1,16,1189)
r(520,0,16,1189)
r(523,1,16,1189)
r(523,1,16,1189)
r(514,2,4,1191)
w(523,2,4,1191)
w(523,3,4,1191)
r(523,3,4,1191)
r(523,3,9,1193)
w(514,3,9,1193)
r(514,3,9,1193)
r(520,0,9,1193)
w(524,1,9,1193)
w(520,1,3,1195)
r(524,1,3,1195)
r(524,1,3,1195)
r(524,1,3,1195)
w(524,2,3,1195)
r(520,1,3,1195)
r(520,1,3,1195)
r(520,1,3,1195)
r(525,0,16,1198)
w(516,2,16,1198)
r(518,0,16,1198)
w(525,2,16,1198)
r(514,3,9,1201)
r(518,0,9,1201)
r(526,0,9,1201)
r(525,2,9,1201)
w(518,1,9,1201)
r(525,2,9,1201)
r(525,2,0,1203)
w(525,3,0,1203)
r(528,0,0,1203)
r(528,0,0,1203)
w(527,1,7,1205)
w(528,1,7,1205)
w(526,1,7,1205)
r(528,1,7,1205)
w(528,2,6,1208)
w(528,3,6,1208)
r(528,3,6,1208)
r(529,0,6,1208)
w(527,2,6,1208)
r(527,2,6,1208)
r(529,0,6,1208)
w(526,2,6,1208)
w(529,1,16,1209)
r(529,1,16,1209)
r(527,1,16,1209)
r(516,2,16,1209)
r(529,1,16,1209)
w(516,3,16,1209)
w(518,2,16,1209)
r(527,1,16,1209)
w(526,3,8,1211)
r(529,1,8,1211)
r(529,1,8,1211)
r(530,0,8,1211)
r(529,1,19,1213)
w(529,2,19,1213)
w(529,3,19,1213)
r(527,2,19,1213)
w(530,1,19,1213)
r(527,2,19,1213)
r(531,0,19,1213)
r(527,2,19,1213)
w(531,1,16,1215)
r(527,2,16,1215)
r(527,2,16,1215)
w(527,3,16,1215)
w(518,3,16,1215)
r(531,1,16,1215)
r(531,1,16,1215)
r(531,1,6,1217)
r(530,1,6,1217)
r(527,3,6,1217)
r(518,3,6,1217)
r(527,3,6,1217)
r(531,1,0,1219)
r(531,1,0,1219)
w(531,2,0,1219)
w(531,3,0,1219)
w(533,1,15,1221)
w(532,1,15,1221)
r(530,1,15,1221)
r(533,1,15,1221)
w(533,2,15,1221)
r(533,2,15,1221)
r(530,1,15,1221)
r(518,3,15,1221)
r(530,1,9,1223)
w(533,3,9,1223)
r(533,3,9,1223)
r(534,0,9,1223)
r(532,1,4,1225)
r(518,3,4,1225)
w(534,1,4,1225)
w(534,2,4,1225)
w(532,2,4,1225)
w(534,3,4,1225)
r(518,3,4,1225)
w(535,2,9,1229)
w(536,2,9,1229)
r(536,2,9,1229)
r(536,2,9,1229)
r(530,1,3,1231)
r(535,2,3,1231)
w(536,3,3,1231)
w(537,1,3,1231)
w(537,2,3,1231)
r(535,2,2,1233)
r(535,2,2,1233)
r(537,2,2,1233)
r(535,2,2,1233)
r(535,2,2,1233)
w(535,3,2,1233)
w(530,2,2,1233)
r(535,3,5,1235)
w(537,3,5,1235)
r(538,0,5,1235)
r(538,0,5,1235)
r(538,0,5,1235)
w(538,1,5,1235)
w(538,2,17,1237)
w(530,3,17,1237)
w(538,3,17,1237)
r(537,3,17,1237)
r(538,3,0,1239)
w(540,1,0,1239)
r(540,1,0,1239)
r(537,3,0,1239)
w(542,1,0,1239)
r(537,3,0,1239)
w(542,2,0,1239)
r(539,0,18,1241)
w(540,2,18,1241)
r(542,2,18,1241)
r(537,3,18,1241)
r(540,2,10,1243)
r(542,2,10,1243)
w(542,3,10,1243)
w(540,3,10,1243)
r(542,3,11,1245)
r(542,3,11,1245)
w(541,1,11,1245)
r(537,3,11,1245)
w(541,2,1,1248)
r(543,0,1,1248)
r(543,0,1,1248)
r(541,2,1,1248)
r(539,0,1,1248)
r(541,1,10,1249)
w(544,1,10,1249)
r(541,1,10,1249)
w(543,1,10,1249)
r(543,1,10,1249)
r(543,1,10,1249)
r(545,0,10,1249)
r(543,1,13,1251)
w(544,2,13,1251)
w(543,2,13,1251)
r(543,2,13,1251)
r(545,0,13,1251)
w(544,3,13,1251)
r(539,0,6,1253)
w(541,3,6,1253)
w(545,1,6,1253)
w(545,2,6,1253)
r(543,2,6,1253)
r(543,2,11,1255)
w(543,3,11,1255)
r(541,3,11,1255)
w(545,3,11,1255)
r(543,3,11,1255)
w(548,1,11,1255)
w(548,2,11,1255)
r(548,2,12,1257)
r(548,2,12,1257)
w(547,1,12,1257)
w(547,2,12,1257)
r(548,2,12,1257)
r(549,0,12,1257)
r(548,2,3,1259)
r(548,2,3,1259)
r(548,2,3,1259)
r(548,2,3,1259)
w(548,3,3,1259)
w(547,3,3,1259)
w(549,1,5,1261)
r(539,0,5,1261)
r(550,0,5,1261)
r(550,0,5,1261)
r(550,0,9,1263)
r(550,0,9,1263)
w(550,1,9,1263)
r(550,1,9,1263)
w(550,2,9,1263)
w(539,1,14,1265)
w(539,2,14,1265)
r(550,2,14,1265)
r(550,2,14,1265)
w(549,2,5,1267)
r(549,2,5,1267)
r(550,2,5,1267)
w(551,1,5,1267)
r(550,2,12,1270)
w(549,3,12,1270)
w(550,3,12,1270)
r(550,3,12,1270)
w(552,1,12,1270)
r(552,1,12,1270)
r(549,3,19,1273)
r(552,1,19,1273)
r(552,1,19,1273)
r(552,1,19,1273)
r(553,0,16,1275)
r(553,0,16,1275)
w(551,2,16,1275)
w(551,3,16,1275)
r(552,1,16,1275)
r(546,0,16,1275)
r(552,1,16,1275)
w(552,3,16,1275)
r(552,3,3,1277)
r(553,0,3,1277)
r(552,3,3,1277)
r(546,0,3,1277)
r(539,2,3,1277)
w(554,1,7,1279)
w(554,2,7,1279)
w(554,3,7,1279)
r(554,3,7,1279)
r(551,3,7,1279)
r(553,0,8,1281)
r(555,0,8,1281)
r(555,0,8,1281)
w(555,1,8,1281)
w(555,2,8,1281)
r(555,2,1,1284)
r(553,0,1,1284)
r(555,2,1,1284)
r(553,0,1,1284)
r(553,0,1,1284)
r(555,2,18,1285)
r(555,2,18,1285)
r(555,2,18,1285)
r(555,2,18,1285)
w(556,1,18,1285)
r(555,2,18,1285)
r(555,2,16,1287)
r(555,2,16,1287)
r(553,0,16,1287)
r(555,2,16,1287)
w(556,2,6,1289)
w(555,3,6,1289)
w(556,3,6,1289)
r(553,0,6,1289)
w(553,1,6,1289)
r(553,1,15,1292)
w(557,1,15,1292)
r(557,1,15,1292)
r(556,3,15,1292)
w(557,2,15,1292)
r(557,2,15,1292)
r(553,1,4,1295)
w(558,1,4,1295)
w(553,3,4,1295)
r(558,1,4,1295)
r(558,1,4,1295)
w(546,1,4,1295)
r(546,1,4,1295)
r(558,1,13,1297)
r(558,1,13,1297)
r(559,0,13,1297)
w(539,3,13,1297)
r(559,0,13,1297)
r(559,0,13,1297)
r(558,1,4,1299)
w(558,2,4,1299)
w(559,1,4,1299)
r(558,2,4,1299)
w(558,3,4,1299)
r(559,1,4,1299)
r(559,1,4,1299)
w(561,1,4,1299)
r(560,0,17,1301)
w(561,2,17,1301)
w(561,3,17,1301)
w(559,2,17,1301)
r(560,0,17,1301)
r(561,3,17,1301)
r(560,0,17,1301)
r(560,0,17,1301)
r(559,2,11,1303)
r(559,2,11,1303)
r(561,3,11,1303)
r(560,0,11,1303)
w(559,3,11,1303)
w(560,1,11,1303)
r(561,3,11,1303)
r(562,0,11,1303)
r(560,1,0,1306)
r(562,0,0,1306)
w(560,2,0,1306)
r(560,2,0,1306)
w(560,3,0,1306)
w(562,1,0,1306)
r(560,3,10,1307)
r(560,3,10,1307)
w(562,2,10,1307)
r(559,3,10,1307)
r(560,3,10,1307)
r(560,3,15,1310)
r(559,3,15,1310)
r(559,3,15,1310)
w(566,1,15,1310)
w(562,3,18,1311)
w(564,1,18,1311)
r(564,1,18,1311)
w(564,2,18,1311)
r(560,3,18,1311)
w(564,3,18,1311)
w(565,1,7,1313)
r(566,1,7,1313)
r(566,1,7,1313)
r(566,1,7,1313)
r(565,1,7,1313)
r(566,1,7,1313)
r(566,1,7,1313)
r(565,1,7,1313)
w(563,1,8,1315)
w(566,2,8,1315)
w(566,3,8,1315)
w(546,2,8,1315)
w(568,1,1,1317)
r(568,1,1,1317)
w(568,2,1,1317)
r(565,1,1,1317)
w(568,3,1,1317)
w(565,2,1,1317)
w(567,1,1,1317)
r(546,2,11,1319)
w(569,1,11,1319)
w(565,3,11,1319)
w(569,2,11,1319)
r(569,2,11,1319)
r(569,2,14,1321)
r(569,2,14,1321)
r(569,2,14,1321)
w(569,3,14,1321)
r(569,3,14,1321)
r(565,3,14,1321)
r(570,0,14,1321)
r(570,0,14,1321)
w(570,1,8,1323)
r(565,3,8,1323)
r(570,1,8,1323)
w(570,2,8,1323)
r(570,2,7,1325)
r(570,2,7,1325)
w(570,3,7,1325)
r(567,1,7,1325)
w(567,2,7,1325)
w(572,1,7,1325)
r(546,2,7,1325)
r(572,1,7,1325)
r(567,2,15,1327)
w(546,3,15,1327)
w(571,1,15,1327)
r(571,1,15,1327)
w(571,2,15,1327)
w(567,3,15,1327)
w(572,2,15,1327)
w(572,3,16,1329)
w(571,3,16,1329)
w(573,1,16,1329)
r(567,3,16,1329)
w(573,2,16,1329)
r(573,2,16,1329)
r(573,2,2,1331)
r(546,3,2,1331)
w(573,3,2,1331)
r(567,3,2,1331)
r(567,3,2,1331)
w(575,1,13,1333)
w(575,2,13,1333)
w(574,1,13,1333)
r(575,2,13,1333)
w(576,1,13,1333)
w(575,3,13,1333)
r(567,3,5,1335)
r(577,0,5,1335)
w(574,2,5,1335)
r(577,0,5,1335)
r(577,0,5,1335)
w(563,2,5,1335)
r(576,1,5,1335)
w(577,1,5,1335)
r(574,2,2,1337)
w(574,3,2,1337)
r(574,3,2,1337)
r(567,3,2,1337)
r(577,1,2,1337)
w(577,2,2,1337)
r(577,2,2,1337)
r(578,0,10,1340)
r(577,2,10,1340)
r(577,2,10,1340)
w(577,3,10,1340)
w(578,1,10,1340)
r(579,0,10,1340)
w(580,2,9,1343)
w(580,3,9,1343)
r(576,1,9,1343)
r(581,0,9,1343)
r(567,3,9,1343)
w(581,1,9,1345)
r(581,1,9,1345)
w(576,2,9,1345)
w(581,2,9,1345)
w(582,1,9,1345)
r(582,1,9,1345)
r(581,2,14,1347)
w(576,3,14,1347)
w(582,2,14,1347)
w(581,3,14,1347)
r(583,0,14,1347)
r(583,0,14,1347)
r(582,2,14,1347)
r(584,0,14,1347)
w(583,1,4,1349)
w(582,3,4,1349)
r(583,1,4,1349)
r(583,1,4,1349)
w(585,1,4,1349)
r(585,1,1,1351)
r(583,1,1,1351)
w(583,2,1,1351)
w(583,3,1,1351)
w(585,2,14,1353)
r(586,0,14,1353)
w(586,1,14,1353)
w(563,3,14,1353)
w(586,2,14,1353)
r(586,2,5,1355)
r(586,2,5,1355)
r(586,2,5,1355)
r(586,2,5,1355)
w(584,1,5,1355)
w(585,3,14,1357)
r(586,2,14,1357)
r(586,2,14,1357)
r(584,1,14,1357)
r(586,2,14,1357)
r(586,2,14,1357)
r(586,2,3,1359)
r(588,0,3,1359)
w(586,3,3,1359)
r(586,3,3,1359)
r(589,0,3,1359)
r(587,0,3,1359)
r(589,0,3,1359)
r(589,0,9,1361)
w(588,1,9,1361)
r(589,0,9,1361)
r(589,0,9,1361)
w(589,1,9,1361)
r(588,1,19,1363)
w(589,2,19,1363)
w(588,2,19,1363)
r(588,2,19,1363)
r(584,1,2,1365)
w(587,1,2,1365)
r(589,2,2,1365)
w(588,3,2,1365)
r(589,2,2,1365)
w(589,3,2,1365)
r(589,3,2,1365)
r(589,3,2,1365)
r(589,3,4,1367)
r(589,3,4,1367)
r(590,0,4,1367)
w(590,1,4,1367)
r(590,1,4,1367)
r(590,1,4,1367)
w(584,2,4,1367)
r(588,3,19,1369)
w(587,2,19,1369)
r(590,1,19,1369)
r(590,1,19,1369)
w(590,2,19,1369)
r(590,2,19,1369)
w(587,3,19,1369)
w(590,3,19,1369)
r(584,2,11,1371)
w(591,1,11,1371)
w(592,1,11,1371)
w(584,3,11,1371)
r(590,3,11,1371)
r(593,0,11,1371)
r(587,3,16,1373)
r(593,0,16,1373)
r(591,1,16,1373)
w(591,2,16,1373)
w(593,1,16,1373)
r(592,1,16,1373)
r(592,1,16,1373)
w(592,2,16,1373)
w(593,2,6,1375)
r(592,2,6,1375)
r(593,2,6,1375)
r(593,2,6,1375)
r(593,2,6,1375)
r(584,3,6,1375)
w(593,3,19,1377)
w(592,3,19,1377)
r(593,3,19,1377)
r(594,0,19,1377)
r(584,3,19,1377)
r(594,0,19,1377)
r(596,0,19,1377)
w(597,1,17,1379)
w(597,2,17,1379)
w(594,1,17,1379)
r(597,2,17,1379)
w(594,2,17,1379)
w(594,3,17,1379)
r(596,0,17,1379)
w(597,3,17,1379)
r(596,0,7,1381)
r(591,2,7,1381)
r(596,0,7,1381)
r(596,0,7,1381)
r(599,0,7,1381)
w(599,1,7,1381)
w(599,2,7,1381)
r(599,2,7,1381)
w(598,1,0,1383)
w(596,1,0,1383)
r(599,2,0,1383)
w(599,3,0,1383)
r(591,2,0,1383)
r(599,3,4,1385)
r(598,1,4,1385)
r(599,3,4,1385)
r(599,3,4,1385)
r(598,1,8,1387)
r(599,3,8,1387)
r(600,0,8,1387)
r(600,0,8,1387)
r(600,0,14,1389)
w(598,2,14,1389)
r(600,0,14,1389)
r(600,0,14,1389)
w(600,1,14,1389)
w(595,1,14,1389)
r(600,1,14,1389)
r(600,1,4,1391)
r(600,1,4,1391)
w(600,2,4,1391)
w(598,3,4,1391)
w(600,3,4,1391)
r(598,3,4,1391)
r(600,3,4,1391)
w(596,2,4,1391)
w(591,3,4,1393)
r(596,2,4,1393)
w(595,2,4,1393)
r(601,0,4,1393)
r(596,2,16,1395)
w(601,1,16,1395)
r(601,1,16,1395)
w(595,3,16,1395)
r(601,1,12,1397)
r(601,1,12,1397)
w(601,2,12,1397)
r(601,2,12,1397)
r(596,2,12,1397)
r(601,2,6,1399)
w(596,3,6,1399)
r(601,2,6,1399)
r(602,0,6,1399)
r(602,0,6,1399)
r(602,0,15,1401)
r(603,0,15,1401)
r(601,2,15,1401)
r(601,2,15,1401)
w(601,3,15,1401)
r(603,0,15,1401)
r(601,3,15,1401)
w(603,1,19,1403)
w(605,1,19,1403)
w(602,1,19,1403)
r(605,1,19,1403)
w(602,2,19,1403)
