w(3,1,7,1)
r(3,1,7,1)
w(4,1,7,1)
w(3,2,7,1)
r(1,0,7,1)
r(4,1,12,3)
w(4,2,12,3)
w(0,1,12,3)
w(4,3,12,3)
r(4,3,12,3)
r(3,2,19,5)
r(4,3,19,5)
r(2,0,19,5)
w(5,1,19,5)
r(0,1,19,5)
w(5,2,19,5)
w(5,3,19,5)
w(3,3,11,7)
r(5,3,11,7)
w(2,1,11,7)
r(2,1,11,7)
w(2,2,11,7)
r(3,3,11,7)
w(0,2,11,7)
r(2,2,11,7)
w(2,3,4,9)
r(6,0,4,9)
w(6,1,4,9)
r(6,1,4,9)
w(6,2,4,9)
r(6,2,14,11)
w(6,3,14,11)
r(6,3,14,11)
r(9,0,14,11)
r(9,0,14,11)
w(9,1,14,11)
r(9,1,15,13)
w(9,2,15,13)
w(1,1,15,13)
r(7,0,15,13)
w(9,3,15,13)
r(7,0,15,13)
r(9,3,15,13)
w(7,1,8,15)
r(8,0,8,15)
w(10,1,8,15)
w(7,2,8,15)
r(10,1,13,17)
r(7,2,13,17)
w(10,2,13,17)
w(1,2,13,17)
w(10,3,13,17)
w(7,3,13,17)
r(8,0,13,17)
r(10,3,13,17)
r(7,3,19,19)
w(11,1,19,19)
r(7,3,19,19)
r(7,3,19,19)
r(7,3,19,19)
w(11,2,19,19)
r(11,2,19,19)
w(8,1,19,19)
w(0,3,16,22)
r(11,2,16,22)
w(12,1,16,22)
r(12,1,16,22)
w(1,3,16,22)
r(14,0,12,25)
w(13,1,12,25)
r(14,0,12,25)
w(14,2,12,25)
r(14,2,12,25)
r(0,3,12,25)
r(14,2,12,25)
w(14,3,12,25)
r(12,1,15,27)
r(14,3,15,27)
w(15,1,15,27)
w(16,1,15,27)
w(15,2,15,27)
r(16,1,15,27)
r(15,2,15,27)
r(13,1,0,29)
r(16,1,0,29)
w(16,2,0,29)
r(15,2,0,29)
r(16,2,0,29)
r(16,2,0,29)
w(15,3,0,29)
r(16,2,9,31)
r(15,3,9,31)
r(15,3,9,31)
r(16,2,9,31)
r(16,2,9,31)
r(16,2,9,31)
w(16,3,19,33)
r(18,0,19,33)
w(20,1,19,33)
w(19,1,19,33)
r(18,0,19,33)
w(20,2,19,33)
w(20,3,1,35)
r(18,0,1,35)
r(18,0,1,35)
w(18,1,1,35)
w(18,2,1,35)
r(13,1,1,35)
r(19,1,1,35)
r(21,0,1,35)
w(18,3,11,37)
r(21,0,11,37)
r(21,0,11,37)
r(21,0,11,37)
w(21,1,11,37)
r(21,1,11,37)
r(18,3,13,39)
r(18,3,13,39)
r(21,1,13,39)
w(21,2,13,39)
r(18,3,13,39)
w(13,2,13,39)
r(22,0,2,41)
w(13,3,2,41)
r(21,2,2,41)
w(21,3,2,41)
r(22,0,2,41)
r(23,0,2,41)
r(23,0,2,41)
w(23,1,2,41)
w(22,1,3,43)
w(23,2,3,43)
w(23,3,3,43)
r(25,0,3,43)
w(22,2,3,43)
w(19,2,3,43)
r(22,2,3,43)
r(24,0,14,45)
r(22,2,14,45)
r(25,0,14,45)
w(19,3,14,45)
w(22,3,14,45)
r(25,0,14,45)
r(24,0,14,45)
r(25,0,14,45)
r(25,0,12,47)
r(25,0,12,47)
r(25,0,12,47)
r(25,0,12,47)
r(25,0,12,47)
r(19,3,12,47)
w(25,1,12,47)
r(25,1,12,47)
w(25,2,19,49)
w(26,1,19,49)
r(26,1,19,49)
r(27,0,19,49)
r(27,0,19,49)
r(25,2,19,49)
w(27,1,13,51)
r(25,2,13,51)
w(25,3,13,51)
r(27,1,13,51)
w(27,2,13,51)
r(26,1,13,51)
w(26,2,13,51)
r(26,2,13,51)
r(24,0,9,53)
r(26,2,9,53)
w(27,3,9,53)
w(28,1,9,53)
w(26,3,9,53)
w(28,2,9,53)
w(28,3,9,53)
r(17,0,9,53)
w(29,1,14,55)
w(30,1,14,55)
w(29,2,14,55)
w(29,3,14,55)
w(30,2,14,55)
w(30,3,17,57)
r(17,0,17,57)
w(31,1,17,57)
w(31,2,17,57)
w(31,3,17,57)
r(31,3,17,57)
r(27,3,17,57)
r(29,3,1,59)
r(31,3,1,59)
r(29,3,1,59)
r(33,0,1,59)
w(32,1,1,59)
w(24,1,1,59)
r(34,0,1,59)
w(32,2,1,59)
r(34,0,19,61)
w(32,3,19,61)
w(34,1,19,61)
r(35,0,19,61)
w(35,1,19,61)
r(35,1,19,61)
w(34,2,19,61)
w(35,2,19,61)
r(35,2,8,63)
r(35,2,8,63)
r(35,2,8,63)
w(35,3,8,63)
r(33,0,8,63)
w(33,1,8,63)
r(17,0,8,63)
w(33,2,11,65)
w(24,2,11,65)
r(35,3,11,65)
r(33,2,11,65)
w(36,1,11,65)
w(36,2,11,65)
w(36,3,11,65)
w(33,3,11,65)
w(38,3,15,69)
r(17,0,15,69)
r(38,3,15,69)
w(39,1,15,69)
r(39,1,15,69)
r(39,1,14,71)
w(39,2,14,71)
w(40,1,14,71)
r(40,1,14,71)
r(40,1,7,73)
r(39,2,7,73)
w(40,2,7,73)
w(39,3,7,73)
r(39,3,2,75)
r(39,3,2,75)
w(41,1,2,75)
r(41,1,2,75)
r(41,1,2,75)
r(24,2,2,75)
w(40,3,2,75)
r(40,3,2,75)
r(41,1,7,77)
r(41,1,7,77)
w(24,3,7,77)
w(42,1,7,77)
w(41,2,7,77)
w(41,3,12,79)
w(42,2,12,79)
w(43,1,12,79)
r(43,1,12,79)
r(43,1,12,79)
w(43,2,12,79)
r(24,3,12,79)
r(42,2,12,79)
w(42,3,14,81)
r(42,3,14,81)
r(43,2,14,81)
r(24,3,14,81)
r(43,2,14,81)
r(44,0,14,81)
w(34,3,14,81)
r(43,2,10,83)
r(42,3,10,83)
r(34,3,10,83)
r(34,3,10,83)
r(42,3,13,85)
r(42,3,13,85)
r(43,2,13,85)
w(45,1,13,85)
r(43,2,13,85)
r(44,0,13,85)
r(43,2,13,85)
r(45,1,13,85)
r(45,1,17,87)
w(45,2,17,87)
r(43,2,17,87)
w(17,1,17,87)
r(46,0,17,87)
r(45,2,17,87)
r(43,2,10,89)
r(43,2,10,89)
w(45,3,10,89)
r(46,0,10,89)
r(46,0,10,89)
r(43,2,10,89)
r(43,2,10,89)
w(43,3,10,89)
r(47,0,5,91)
r(48,0,5,91)
w(48,1,5,91)
w(48,2,5,91)
w(48,3,5,91)
r(48,3,5,91)
r(49,0,14,93)
r(49,0,14,93)
r(49,0,14,93)
w(44,1,14,93)
w(49,1,15,95)
r(49,1,15,95)
r(49,1,15,95)
w(47,1,15,95)
w(17,2,16,97)
r(47,1,16,97)
r(46,0,16,97)
w(49,2,16,97)
w(49,3,16,97)
r(46,0,19,99)
r(49,3,19,99)
r(47,1,19,99)
w(44,2,19,99)
r(49,3,10,101)
r(46,0,10,101)
r(49,3,10,101)
w(46,1,10,101)
w(47,2,10,101)
w(47,3,10,101)
w(46,2,10,101)
w(44,3,10,101)
r(50,0,0,104)
r(50,0,0,104)
w(50,1,0,104)
w(50,2,0,104)
w(50,3,0,104)
r(50,3,0,104)
w(51,1,0,104)
w(51,2,0,104)
w(53,1,4,107)
r(52,0,4,107)
w(53,2,4,107)
r(52,0,4,107)
w(46,3,4,107)
r(52,0,4,107)
r(53,2,4,107)
r(46,3,4,107)
w(54,1,19,109)
w(53,3,19,109)
r(53,3,19,109)
r(54,1,19,109)
r(54,1,19,109)
r(54,1,19,109)
r(54,1,19,109)
r(54,1,14,111)
w(54,2,14,111)
r(54,2,14,111)
r(46,3,14,111)
w(54,3,14,111)
w(55,1,8,113)
r(54,3,8,113)
w(55,2,8,113)
w(56,1,8,113)
r(57,0,8,113)
w(57,1,8,113)
w(55,3,8,113)
w(56,2,3,115)
w(57,2,3,115)
r(55,3,3,115)
r(57,2,3,115)
w(56,3,3,115)
w(57,3,3,115)
w(58,1,3,115)
w(59,1,3,115)
r(59,1,17,117)
r(58,1,17,117)
w(59,2,17,117)
w(58,2,17,117)
r(58,2,17,117)
r(59,2,17,117)
r(56,3,17,117)
r(59,2,17,117)
w(17,3,1,119)
r(59,2,1,119)
w(59,3,1,119)
w(58,3,1,119)
r(56,3,1,119)
r(60,0,1,119)
r(60,0,15,121)
r(60,0,15,121)
r(60,0,15,121)
w(60,1,15,121)
w(60,2,15,121)
r(60,2,15,121)
r(58,3,15,121)
r(60,2,12,123)
r(58,3,12,123)
w(60,3,12,123)
w(61,1,12,123)
r(60,3,12,123)
r(60,3,12,123)
r(58,3,12,123)
r(58,3,12,123)
r(58,3,12,125)
r(60,3,12,125)
w(62,1,12,125)
r(62,1,12,125)
w(63,1,12,125)
w(61,2,12,125)
w(62,2,18,127)
w(63,2,18,127)
w(62,3,18,127)
r(62,3,18,127)
w(63,3,16,129)
r(63,3,16,129)
w(64,1,16,129)
r(17,3,16,129)
w(61,3,16,129)
r(44,3,16,129)
r(64,1,16,129)
w(64,2,16,129)
r(64,2,8,131)
r(61,3,8,131)
w(64,3,8,131)
r(66,0,8,131)
r(65,0,17,133)
r(67,0,17,133)
r(65,0,17,133)
w(66,1,17,133)
r(67,0,17,133)
w(65,1,17,133)
r(65,1,2,135)
w(67,1,2,135)
w(65,2,2,135)
r(67,1,2,135)
w(67,2,2,135)
w(65,3,9,137)
r(67,2,9,137)
w(67,3,9,137)
r(68,0,9,137)
r(68,0,9,137)
r(66,1,9,137)
w(66,2,15,139)
w(71,1,15,139)
r(71,1,15,139)
r(68,0,15,139)
r(71,1,15,139)
r(68,0,15,139)
w(71,2,19,141)
r(71,2,19,141)
w(71,3,19,141)
r(70,0,19,141)
r(72,0,19,141)
r(72,0,19,141)
r(66,2,11,143)
w(72,1,11,143)
w(72,2,11,143)
r(68,0,11,143)
w(72,3,12,145)
w(68,1,12,145)
w(66,3,12,145)
w(68,2,12,145)
r(72,3,18,147)
r(72,3,18,147)
r(72,3,18,147)
w(69,1,18,147)
r(73,0,14,149)
r(73,0,14,149)
w(73,1,14,149)
r(73,1,14,149)
r(73,1,14,149)
r(73,1,5,151)
r(73,1,5,151)
r(68,2,5,151)
w(73,2,5,151)
r(74,0,2,153)
w(73,3,2,153)
r(68,2,2,153)
r(75,0,2,153)
r(75,0,2,153)
w(74,1,8,155)
w(75,1,8,155)
r(75,1,8,155)
w(68,3,8,155)
w(75,2,8,155)
w(75,3,4,157)
r(75,3,4,157)
r(75,3,4,157)
w(74,2,4,157)
r(75,3,15,159)
r(75,3,15,159)
w(77,1,15,159)
r(76,0,15,159)
r(77,1,6,161)
w(77,2,6,161)
w(74,3,6,161)
w(77,3,6,161)
w(78,1,0,165)
w(76,1,0,165)
r(76,1,0,165)
r(79,0,0,165)
w(70,1,0,165)
w(79,1,0,165)
w(79,2,0,165)
w(69,2,0,165)
r(80,0,5,167)
w(70,2,5,167)
r(80,0,5,167)
w(80,2,5,167)
r(70,2,5,167)
w(81,1,5,167)
w(69,3,0,169)
r(81,1,0,169)
w(80,3,0,169)
w(81,2,0,169)
w(81,3,0,169)
r(81,3,0,169)
r(82,0,0,169)
r(82,0,0,169)
r(78,1,0,171)
r(81,3,0,171)
r(82,0,0,171)
r(70,2,0,171)
w(70,3,0,171)
w(83,1,0,171)
w(78,2,0,171)
r(83,1,0,171)
r(78,2,12,173)
r(83,1,12,173)
w(82,1,12,173)
w(83,2,12,173)
w(83,3,12,173)
r(82,1,12,173)
r(82,1,0,175)
w(82,2,0,175)
w(85,1,0,175)
w(86,1,0,175)
r(82,2,0,175)
w(78,3,0,175)
w(82,3,0,175)
r(82,3,0,175)
r(82,3,17,177)
r(85,1,17,177)
w(87,1,17,177)
r(87,1,17,177)
r(87,1,17,177)
w(87,2,6,179)
w(87,3,6,179)
r(86,1,6,179)
w(88,1,6,179)
r(88,1,6,179)
w(88,2,10,181)
r(86,1,10,181)
w(88,3,10,181)
r(89,0,10,181)
w(85,2,12,184)
r(90,0,12,184)
w(90,1,12,184)
r(86,1,12,184)
r(90,1,12,184)
w(90,2,15,187)
r(84,0,15,187)
w(86,2,15,187)
w(90,3,15,187)
r(90,3,15,187)
w(91,1,15,187)
r(89,0,15,187)
w(86,3,15,187)
w(91,2,5,189)
w(91,3,5,189)
r(91,3,5,189)
r(89,0,5,189)
r(86,3,5,189)
r(86,3,5,189)
r(92,0,5,189)
r(84,0,6,191)
r(89,0,6,191)
r(89,0,6,191)
w(89,2,6,191)
w(92,1,6,191)
r(92,1,6,191)
w(92,2,9,193)
r(92,2,9,193)
w(93,1,9,193)
r(92,2,9,193)
w(89,3,9,193)
r(93,1,9,193)
w(93,2,4,195)
w(92,3,4,195)
r(92,3,4,195)
r(85,2,4,195)
w(94,1,4,195)
w(84,1,4,195)
w(93,3,15,197)
r(94,1,15,197)
r(89,3,15,197)
r(94,1,15,197)
r(93,3,5,199)
w(94,2,5,199)
w(94,3,5,199)
w(95,1,5,199)
w(95,2,5,199)
r(89,3,5,199)
w(95,3,5,199)
r(97,0,5,199)
r(97,0,11,201)
r(84,1,11,201)
r(97,0,11,201)
r(96,0,11,201)
r(85,2,11,201)
w(96,1,11,201)
w(97,1,11,201)
r(96,1,1,203)
w(97,2,1,203)
w(98,1,1,203)
w(96,2,1,203)
r(96,2,1,203)
w(96,3,1,203)
r(97,2,1,203)
r(96,3,1,203)
w(97,3,0,205)
r(99,0,0,205)
r(100,0,0,205)
w(100,1,0,205)
r(100,1,5,207)
w(100,2,5,207)
w(100,3,5,207)
r(99,0,5,207)
r(102,0,16,209)
r(101,0,16,209)
w(98,2,16,209)
r(102,0,16,209)
r(102,0,16,209)
w(101,1,16,209)
w(102,1,16,209)
w(98,3,16,209)
w(102,2,3,211)
r(99,0,3,211)
r(101,1,3,211)
w(101,2,3,211)
r(102,2,3,211)
r(98,3,3,211)
w(102,3,3,211)
r(102,3,3,211)
r(103,0,10,213)
r(103,0,10,213)
r(99,0,10,213)
w(103,1,10,213)
r(103,1,10,213)
w(103,2,10,213)
w(103,3,10,213)
r(103,3,19,215)
r(103,3,19,215)
w(101,3,19,215)
w(104,1,19,215)
r(101,3,5,217)
w(104,2,5,217)
r(98,3,5,217)
r(104,2,5,217)
r(104,2,5,217)
r(104,2,5,217)
w(104,3,5,217)
r(105,0,4,219)
r(105,0,4,219)
w(105,1,4,219)
w(106,1,4,219)
r(106,1,0,221)
w(84,2,0,221)
w(107,1,0,221)
r(105,1,0,221)
r(106,1,0,221)
r(106,1,0,221)
w(105,2,4,223)
w(106,2,4,223)
w(106,3,4,223)
w(105,3,4,223)
r(105,3,4,223)
r(107,1,4,223)
r(105,3,14,225)
w(107,2,14,225)
r(105,3,14,225)
r(105,3,14,225)
w(107,3,14,225)
r(108,0,14,225)
r(108,0,14,225)
w(108,1,14,227)
w(108,2,14,227)
r(108,2,14,227)
w(109,1,14,227)
w(108,3,14,227)
w(110,1,14,227)
w(110,2,14,227)
w(110,3,14,227)
w(111,1,12,229)
r(108,3,12,229)
w(111,2,12,229)
w(111,3,12,229)
r(111,3,12,229)
r(112,0,12,229)
w(109,2,14,231)
r(109,2,14,231)
w(112,1,14,231)
w(112,2,14,231)
w(113,1,13,233)
w(112,3,13,233)
w(113,2,13,233)
r(113,2,13,233)
r(109,2,15,235)
w(114,1,15,235)
w(114,2,15,235)
w(113,3,15,235)
w(114,3,15,235)
r(114,3,15,235)
w(109,3,15,235)
w(115,1,8,237)
w(115,2,8,237)
w(115,3,8,237)
r(115,3,8,237)
w(117,1,8,237)
w(117,2,8,237)
w(117,3,8,237)
w(116,1,8,237)
w(118,1,17,239)
r(117,3,17,239)
r(117,3,17,239)
r(117,3,17,239)
w(119,1,17,239)
r(116,1,17,239)
r(119,1,17,239)
w(118,2,13,241)
w(116,2,13,241)
r(119,1,13,241)
r(119,1,13,241)
r(118,2,13,241)
w(119,2,13,241)
r(99,0,13,241)
r(118,2,10,243)
r(119,2,10,243)
r(119,2,10,243)
w(119,3,10,243)
r(119,3,10,243)
r(119,3,10,243)
w(118,3,10,243)
r(118,3,3,245)
r(120,0,3,245)
w(120,1,3,245)
r(120,1,3,245)
r(120,1,12,247)
w(121,1,12,247)
w(116,3,12,247)
r(116,3,12,247)
w(120,2,13,249)
w(99,1,13,249)
w(99,2,13,249)
r(99,2,13,249)
r(121,1,8,251)
r(120,2,8,251)
r(120,2,8,251)
r(121,1,8,251)
w(120,3,8,251)
r(116,3,8,251)
r(121,1,8,251)
r(120,3,11,253)
w(84,3,11,253)
r(84,3,11,253)
w(121,2,11,253)
r(122,0,2,255)
r(121,2,2,255)
r(122,0,2,255)
w(123,1,2,255)
r(121,2,2,255)
w(122,1,2,255)
r(123,1,2,255)
r(123,1,2,255)
r(121,2,1,257)
r(121,2,1,257)
r(121,2,1,257)
r(121,2,1,257)
w(121,3,1,257)
w(123,2,1,257)
r(123,2,1,257)
w(99,3,1,257)
r(122,1,4,259)
w(123,3,4,259)
r(99,3,4,259)
r(124,0,4,259)
r(124,0,4,259)
w(122,2,2,261)
w(124,1,2,261)
r(99,3,2,261)
w(122,3,2,261)
w(124,2,2,261)
r(124,2,18,263)
w(124,3,18,263)
r(121,3,18,263)
r(121,3,18,263)
r(124,3,18,263)
r(84,3,18,263)
r(121,3,18,263)
r(124,3,18,263)
w(127,1,0,265)
w(128,1,0,265)
w(125,1,0,265)
w(125,2,0,265)
w(128,2,0,265)
w(127,2,0,265)
w(128,3,0,265)
w(127,3,5,267)
r(128,3,5,267)
r(130,0,5,267)
r(129,0,5,267)
r(129,0,5,267)
w(130,1,5,267)
w(129,1,5,267)
r(125,2,5,267)
r(129,1,18,269)
w(125,3,18,269)
r(129,1,18,269)
r(130,1,18,269)
w(129,2,7,271)
r(125,3,7,271)
r(130,1,7,271)
w(130,2,7,271)
w(132,1,2,273)
w(130,3,2,273)
r(132,1,2,273)
w(133,1,2,273)
w(129,3,2,273)
w(133,2,2,273)
r(133,2,2,273)
r(129,3,15,275)
w(132,2,15,275)
r(129,3,15,275)
r(133,2,15,275)
r(129,3,15,275)
w(126,1,15,275)
r(132,2,15,275)
w(133,3,15,275)
r(133,3,13,277)
r(133,3,13,277)
w(132,3,13,277)
r(133,3,13,277)
w(134,1,13,277)
w(136,1,13,277)
r(136,1,13,277)
w(136,2,13,277)
w(134,3,6,281)
w(135,1,6,281)
r(134,3,6,281)
w(137,3,6,281)
w(139,1,6,281)
w(139,2,6,281)
w(138,1,12,283)
r(139,2,12,283)
w(131,2,12,283)
r(139,2,12,283)
r(139,2,12,283)
w(138,2,12,283)
w(135,2,12,283)
w(139,3,4,285)
r(138,2,4,285)
w(138,3,4,285)
r(139,3,4,285)
r(138,3,4,285)
r(139,3,4,285)
r(138,3,4,285)
r(138,3,4,285)
r(139,3,15,287)
r(126,1,15,287)
r(138,3,15,287)
r(138,3,15,287)
r(139,3,15,287)
w(135,3,15,287)
r(139,3,10,289)
r(138,3,10,289)
r(140,0,10,289)
r(140,0,10,289)
r(135,3,10,289)
r(140,0,10,289)
w(140,1,10,289)
w(141,1,10,291)
w(140,2,10,291)
w(140,3,10,291)
w(142,1,10,291)
r(135,3,10,291)
w(142,2,10,291)
w(142,3,10,291)
r(142,3,10,291)
r(142,3,3,293)
r(144,0,3,293)
w(141,2,3,293)
w(144,1,3,293)
w(143,1,3,293)
r(144,1,19,295)
w(141,3,19,295)
r(141,3,19,295)
r(144,1,19,295)
r(143,1,19,295)
r(144,1,19,295)
w(144,2,19,295)
r(126,1,19,295)
w(144,3,11,297)
w(146,1,11,297)
r(145,0,11,297)
r(143,1,11,297)
w(146,2,11,297)
r(143,1,11,297)
w(146,3,11,297)
r(145,0,14,299)
r(126,1,14,299)
w(147,1,14,299)
w(147,2,14,299)
r(145,0,14,299)
r(145,0,10,301)
w(147,3,10,301)
r(145,0,10,301)
w(145,1,10,301)
w(143,2,19,303)
r(145,1,19,303)
r(147,3,19,303)
w(145,2,19,303)
r(145,2,19,303)
r(145,2,19,303)
r(147,3,6,306)
r(145,2,6,306)
r(147,3,6,306)
w(143,3,6,306)
r(145,2,6,306)
r(147,3,6,306)
w(126,2,6,306)
w(145,3,2,307)
w(148,1,2,307)
w(148,2,2,307)
w(131,3,2,307)
r(149,0,2,307)
r(148,2,2,307)
w(126,3,12,310)
r(149,0,12,310)
r(148,2,12,310)
w(149,1,12,310)
r(149,1,12,310)
w(149,2,12,310)
r(150,0,4,313)
r(126,3,4,313)
r(131,3,4,313)
r(143,3,4,313)
w(150,1,4,313)
r(150,1,4,313)
w(150,2,4,313)
r(150,2,4,313)
r(150,2,15,315)
r(151,0,15,315)
w(150,3,15,315)
r(150,3,15,315)
w(151,1,19,318)
r(150,3,19,318)
r(152,0,19,318)
w(154,1,19,318)
r(154,1,19,318)
w(152,1,19,318)
w(151,2,19,318)
r(152,1,9,319)
r(131,3,9,319)
r(131,3,9,319)
r(151,2,9,319)
w(154,2,9,319)
r(154,2,9,319)
r(151,2,9,319)
r(154,2,9,319)
r(153,0,11,321)
w(154,3,11,321)
w(151,3,11,321)
r(155,0,11,321)
r(155,0,13,323)
r(155,0,13,323)
w(155,1,13,323)
r(156,0,13,323)
r(156,0,13,323)
w(155,2,13,323)
w(155,3,13,323)
w(157,1,13,323)
w(156,1,14,325)
w(153,1,14,325)
r(157,1,14,325)
w(157,2,14,325)
r(156,1,14,325)
r(157,2,14,325)
r(156,1,9,327)
r(158,0,9,327)
w(156,2,9,327)
w(152,2,9,327)
r(156,2,11,329)
w(157,3,11,329)
r(152,2,11,329)
w(156,3,11,329)
r(159,0,11,329)
w(159,1,9,332)
w(159,2,9,332)
w(159,3,9,332)
w(160,1,9,332)
r(161,0,9,332)
r(160,1,9,332)
w(153,2,5,335)
w(152,3,5,335)
r(161,0,5,335)
r(153,2,5,335)
r(161,0,19,337)
r(160,1,19,337)
r(160,1,19,337)
w(162,1,19,337)
r(152,3,19,337)
r(162,1,19,337)
w(162,2,19,337)
w(153,3,11,339)
w(161,2,11,339)
w(162,3,11,339)
w(161,3,11,339)
w(165,1,11,339)
r(165,1,11,339)
r(165,1,11,339)
w(158,1,11,341)
r(165,1,11,341)
w(166,1,11,341)
w(165,2,11,341)
r(164,0,11,341)
w(165,3,10,343)
r(163,0,10,343)
w(167,1,10,343)
w(158,2,10,343)
r(163,0,10,343)
w(167,2,10,343)
w(164,1,10,343)
w(166,2,10,343)
r(166,2,15,345)
w(167,3,15,345)
w(163,1,15,345)
r(163,1,15,345)
r(167,3,15,345)
r(164,1,15,345)
w(168,1,15,345)
r(163,1,15,345)
r(166,2,2,347)
w(168,2,2,347)
w(168,3,2,347)
r(168,3,2,347)
w(163,2,2,347)
r(168,3,2,347)
r(166,2,2,347)
r(168,3,10,349)
r(166,2,10,349)
w(166,3,10,349)
r(169,0,10,349)
r(169,0,10,349)
w(170,1,10,349)
r(169,0,1,351)
r(164,1,1,351)
w(170,2,1,351)
r(170,2,1,351)
w(163,3,1,351)
r(164,1,1,351)
w(170,3,11,353)
r(170,3,11,353)
w(169,1,11,353)
r(169,1,11,353)
w(169,2,11,353)
w(169,3,11,353)
r(163,3,11,353)
w(171,1,11,353)
r(163,3,10,356)
r(171,1,10,356)
w(158,3,10,356)
r(172,0,10,356)
r(171,1,10,356)
r(171,1,11,357)
w(172,1,11,357)
r(163,3,11,357)
r(172,1,11,357)
w(171,2,11,357)
w(164,2,5,359)
r(171,2,5,359)
w(171,3,5,359)
w(164,3,5,359)
r(171,3,5,359)
r(163,3,8,361)
r(172,1,8,361)
r(172,1,8,361)
r(173,0,8,361)
r(158,3,8,361)
w(173,1,8,361)
w(172,2,12,363)
r(174,0,12,363)
r(173,1,12,363)
r(173,1,12,363)
w(173,2,13,365)
r(164,3,13,365)
w(173,3,13,365)
w(172,3,13,365)
w(175,1,13,365)
r(175,1,19,367)
r(174,0,19,367)
r(174,0,19,367)
w(175,2,19,367)
r(175,2,19,367)
r(175,2,19,367)
r(175,2,19,367)
r(175,2,19,367)
w(175,3,3,370)
r(175,3,3,370)
r(174,0,3,370)
w(177,1,3,370)
r(178,0,3,370)
w(178,1,3,370)
w(178,3,2,373)
r(177,1,2,373)
w(180,1,2,373)
w(180,2,2,373)
r(177,1,2,373)
r(180,2,2,373)
w(174,1,2,373)
r(176,0,1,375)
r(180,2,1,375)
r(177,1,1,375)
r(179,0,1,375)
r(180,2,1,375)
r(180,2,1,375)
r(180,2,1,375)
r(180,2,17,377)
w(177,2,17,377)
w(180,3,17,377)
r(180,3,17,377)
r(180,3,8,379)
r(180,3,8,379)
r(180,3,8,379)
r(181,0,8,379)
w(177,3,8,379)
r(181,0,8,379)
r(177,3,7,381)
r(181,0,7,381)
r(181,0,7,381)
w(181,1,7,381)
r(181,1,7,381)
r(181,1,2,383)
w(181,2,2,383)
w(179,1,2,383)
r(181,2,2,383)
w(181,3,1,385)
r(183,0,1,385)
r(183,0,1,385)
r(183,0,1,385)
w(174,2,3,387)
w(183,1,3,387)
w(182,1,3,387)
r(182,1,3,387)
w(183,2,3,387)
w(182,2,3,387)
r(183,2,3,387)
w(176,1,17,389)
r(183,2,17,389)
w(174,3,17,389)
r(183,2,17,389)
r(182,2,17,389)
w(182,3,12,391)
r(183,2,12,391)
r(183,2,12,391)
r(183,2,12,391)
r(183,2,12,391)
w(183,3,12,391)
r(183,3,12,391)
r(184,0,12,391)
r(185,0,8,393)
w(185,1,8,393)
w(185,2,8,393)
w(185,3,8,393)
r(185,3,8,393)
r(174,3,13,395)
r(185,3,13,395)
w(186,1,13,395)
w(184,1,13,395)
r(186,1,15,397)
r(184,1,15,397)
w(184,2,15,397)
w(184,3,15,397)
r(186,1,15,397)
w(186,2,15,397)
w(176,2,6,399)
w(186,3,6,399)
r(187,0,6,399)
r(186,3,6,399)
w(187,1,14,401)
w(176,3,14,401)
r(187,1,14,401)
w(187,2,14,401)
r(189,0,14,401)
r(179,1,14,401)
w(189,1,14,401)
r(189,1,7,403)
r(189,1,7,403)
r(189,1,7,403)
w(179,2,7,403)
r(189,1,7,403)
w(187,3,7,403)
w(189,2,10,405)
w(190,1,10,405)
w(190,2,10,405)
w(190,3,10,405)
w(179,3,10,405)
r(190,3,10,405)
r(190,3,13,407)
r(189,2,13,407)
r(189,2,13,407)
r(190,3,13,407)
w(188,1,13,407)
w(189,3,13,407)
r(191,0,13,407)
r(192,0,13,407)
w(191,1,7,409)
r(191,1,7,409)
r(192,0,7,409)
r(191,1,7,409)
r(192,0,7,409)
r(191,1,7,409)
r(191,1,7,409)
w(191,2,5,412)
r(188,1,5,412)
w(192,1,5,412)
w(191,3,5,412)
r(179,3,1,413)
r(179,3,1,413)
r(191,1,1,413)
r(188,1,1,413)
r(188,1,1,413)
w(193,1,1,413)
w(193,2,1,413)
w(193,3,7,415)
r(192,1,7,415)
r(194,0,7,415)
w(192,2,7,415)
w(194,1,7,415)
w(192,3,7,415)
w(194,2,7,415)
w(194,3,19,417)
r(194,3,19,417)
r(194,3,19,417)
w(195,1,19,417)
r(188,1,10,419)
r(195,1,10,419)
r(195,1,10,419)
r(195,1,10,419)
w(195,2,14,421)
r(195,2,14,421)
w(195,3,14,421)
w(188,2,14,421)
w(196,1,14,421)
r(196,1,9,423)
r(196,1,9,423)
r(196,1,9,423)
w(196,2,9,423)
w(198,1,10,425)
r(196,2,10,425)
r(198,1,10,425)
w(198,2,10,425)
r(196,2,10,425)
r(176,3,10,425)
r(198,2,10,425)
r(198,2,10,425)
w(196,3,14,427)
r(188,2,14,427)
w(198,3,14,427)
r(198,3,14,427)
r(198,3,14,427)
w(199,1,14,427)
w(200,1,14,427)
w(200,2,14,427)
w(200,3,9,429)
r(200,3,9,429)
r(200,3,9,429)
r(201,0,9,429)
r(201,0,9,429)
w(199,2,0,431)
w(201,1,0,431)
r(199,2,0,431)
w(197,1,0,431)
r(201,1,0,431)
w(199,3,10,433)
r(201,1,10,433)
w(201,2,10,433)
w(201,3,10,433)
r(201,3,10,433)
w(197,2,10,433)
r(201,3,10,433)
r(197,2,10,433)
r(197,2,3,435)
r(199,3,3,435)
r(197,2,3,435)
w(188,3,3,435)
w(202,1,3,435)
r(202,1,3,435)
r(202,1,3,435)
r(202,1,3,435)
r(197,2,2,437)
r(197,2,2,437)
r(203,0,2,437)
r(203,0,2,437)
r(197,2,2,437)
r(203,0,16,439)
r(188,3,16,439)
w(202,2,16,439)
w(202,3,16,439)
r(202,3,16,439)
r(204,0,16,439)
w(203,1,12,442)
r(204,0,12,442)
r(203,1,12,442)
r(204,0,12,442)
r(204,0,12,442)
r(204,0,12,442)
w(203,2,12,442)
r(204,0,1,443)
r(203,0,1,443)
w(204,1,1,443)
r(204,1,1,443)
r(203,0,1,443)
r(205,0,4,445)
w(203,3,4,445)
r(204,1,4,445)
w(205,1,4,445)
r(204,1,0,447)
r(203,3,0,447)
r(204,1,0,447)
r(204,1,0,447)
w(204,2,0,447)
w(205,2,0,447)
w(206,1,0,447)
r(204,2,0,447)
r(204,2,15,449)
r(204,2,15,449)
w(204,3,15,449)
r(207,0,15,449)
r(207,0,15,449)
w(197,3,5,451)
r(207,0,5,451)
w(207,1,5,451)
w(206,2,5,451)
r(207,1,5,451)
w(207,2,5,453)
r(207,2,5,453)
r(206,2,5,453)
w(207,3,5,453)
w(206,3,5,453)
r(208,0,5,453)
r(207,3,5,453)
w(205,3,4,455)
w(209,1,4,455)
r(205,3,4,455)
w(210,1,4,455)
r(209,1,2,457)
r(209,1,2,457)
r(209,1,2,457)
r(210,1,2,457)
w(210,2,2,457)
w(210,3,2,457)
w(211,1,12,459)
r(209,1,12,459)
w(209,2,12,459)
w(209,3,12,459)
r(205,3,7,461)
r(205,3,7,461)
w(211,2,7,461)
r(211,2,7,461)
w(211,3,7,461)
w(213,1,7,461)
r(213,1,7,461)
r(211,3,7,461)
r(213,1,0,463)
r(214,0,0,463)
r(214,0,0,463)
r(213,1,0,463)
w(213,2,10,465)
r(212,0,10,465)
w(212,1,10,465)
r(214,0,10,465)
r(214,0,10,465)
w(213,3,10,465)
r(213,3,1,467)
r(213,3,1,467)
r(214,0,1,467)
r(214,0,1,467)
r(214,0,1,467)
w(212,2,11,469)
r(214,0,11,469)
r(214,0,11,469)
w(214,1,11,469)
r(212,2,11,469)
w(214,2,11,469)
r(212,2,5,471)
r(214,2,5,471)
r(215,0,5,471)
w(212,3,5,471)
w(214,3,14,473)
r(208,0,14,473)
w(208,1,14,473)
r(215,0,14,473)
w(215,1,14,473)
r(215,1,14,473)
r(212,3,14,473)
r(208,1,14,473)
w(216,1,5,475)
r(215,1,5,475)
r(215,1,5,475)
r(216,1,5,475)
r(216,1,5,475)
w(217,1,5,475)
w(217,2,5,475)
w(208,2,5,477)
w(216,2,5,477)
w(216,3,5,477)
r(216,3,5,477)
w(215,2,5,477)
r(218,0,5,477)
w(218,1,5,477)
r(218,1,12,479)
r(217,2,12,479)
r(215,2,12,479)
w(218,2,12,479)
r(215,2,12,479)
w(215,3,12,479)
r(218,2,12,479)
r(218,2,17,481)
r(218,2,17,481)
r(215,3,17,481)
r(208,2,17,481)
w(218,3,17,481)
r(215,3,12,483)
w(208,3,12,483)
r(219,0,12,483)
w(219,1,12,483)
r(220,0,12,483)
r(219,1,12,483)
w(220,1,12,483)
w(220,2,12,483)
r(219,1,14,485)
r(208,3,14,485)
w(220,3,14,485)
r(221,0,14,485)
r(208,3,14,485)
r(221,0,14,485)
w(221,1,0,487)
w(219,2,0,487)
w(221,2,0,487)
w(219,3,0,487)
w(221,3,0,487)
r(223,0,7,489)
r(217,2,7,489)
r(217,2,7,489)
r(223,0,7,489)
w(223,1,7,489)
r(224,0,7,489)
w(224,1,15,491)
r(223,1,15,491)
w(224,2,15,491)
r(223,1,15,491)
r(217,2,15,491)
r(223,1,15,491)
w(223,2,15,491)
r(223,2,15,491)
w(223,3,8,493)
w(224,3,8,493)
r(226,0,8,493)
w(226,1,8,493)
w(222,1,8,493)
r(226,1,8,493)
r(224,3,8,493)
w(226,2,8,493)
r(226,2,13,495)
r(217,2,13,495)
w(217,3,13,495)
r(224,3,13,495)
w(226,3,13,495)
r(224,3,17,498)
w(227,1,17,498)
w(227,2,17,498)
r(217,3,17,498)
r(227,2,12,501)
r(228,0,12,501)
w(228,1,12,501)
r(222,1,12,501)
r(228,1,12,501)
w(228,2,12,503)
w(230,1,12,503)
r(230,1,12,503)
w(230,2,12,503)
w(228,3,12,503)
w(231,1,1,505)
w(222,2,1,505)
r(222,2,1,505)
w(230,3,1,505)
r(230,3,1,505)
w(231,2,1,505)
w(231,3,1,505)
r(232,0,14,509)
w(233,2,14,509)
r(232,0,14,509)
r(233,2,14,509)
w(225,1,14,509)
w(233,3,14,509)
w(234,1,14,509)
w(234,2,14,509)
w(234,3,8,511)
r(234,3,8,511)
w(222,3,8,511)
r(234,3,8,511)
r(234,3,8,511)
w(229,2,8,511)
w(229,3,8,511)
r(235,0,10,513)
w(235,1,10,513)
w(232,1,10,513)
r(232,1,10,513)
w(235,2,10,513)
w(232,2,18,515)
r(235,2,18,515)
r(236,0,18,515)
w(232,3,18,515)
r(235,2,18,515)
r(235,2,18,515)
r(235,2,18,515)
r(237,0,11,517)
r(235,2,11,517)
w(235,3,11,517)
w(238,1,11,517)
w(238,2,11,517)
r(238,2,11,517)
w(238,3,19,519)
r(238,3,19,519)
r(238,3,19,519)
r(239,0,19,519)
r(238,3,19,519)
w(236,1,19,519)
r(240,0,10,521)
w(240,1,10,521)
r(240,1,10,521)
w(240,2,10,521)
w(236,2,10,521)
r(240,2,17,523)
w(237,1,17,523)
w(240,3,17,523)
r(239,0,17,523)
w(239,1,17,523)
w(237,2,17,523)
r(240,3,17,523)
r(239,1,3,525)
r(239,1,3,525)
r(241,0,3,525)
w(241,1,3,525)
w(241,2,3,525)
r(241,2,1,527)
w(237,3,1,527)
r(241,2,1,527)
r(241,2,1,527)
w(236,3,1,527)
r(241,2,1,527)
w(239,2,1,527)
w(225,2,9,529)
r(237,3,9,529)
w(241,3,9,529)
r(243,0,9,529)
w(243,1,9,529)
w(243,2,16,531)
w(243,3,16,531)
r(244,0,16,531)
r(242,0,16,531)
r(244,0,16,531)
w(244,1,16,531)
r(239,2,16,531)
r(244,1,14,533)
w(244,2,14,533)
w(239,3,14,533)
r(244,2,14,533)
r(239,3,16,535)
r(244,2,16,535)
w(244,3,16,535)
r(225,2,16,535)
r(239,3,16,535)
r(244,3,16,535)
r(244,3,2,537)
r(242,0,2,537)
r(244,3,2,537)
w(242,1,2,537)
w(225,3,2,537)
r(246,0,2,537)
r(245,0,2,537)
r(242,1,17,539)
w(246,1,17,539)
r(246,1,17,539)
r(246,1,17,539)
r(239,3,17,539)
r(239,3,17,539)
r(245,0,3,541)
r(225,3,3,541)
r(239,3,3,541)
r(247,0,3,541)
r(225,3,3,541)
r(247,0,3,541)
r(247,0,19,543)
w(246,2,19,543)
w(247,1,19,543)
w(245,1,19,543)
w(246,3,19,543)
w(242,2,19,543)
r(245,1,9,545)
w(248,1,9,545)
w(248,2,9,545)
w(248,3,9,545)
r(247,1,9,545)
r(248,3,9,545)
w(249,1,9,545)
w(249,2,2,547)
r(249,2,2,547)
w(247,2,2,547)
w(247,3,2,547)
r(249,2,2,547)
r(247,3,2,547)
w(249,3,18,549)
r(251,0,18,549)
r(225,3,18,549)
w(250,1,18,549)
w(245,2,18,549)
w(250,2,18,549)
w(250,3,2,551)
r(250,3,2,551)
r(250,3,2,551)
r(225,3,2,551)
r(251,0,2,551)
r(250,3,2,551)
r(252,0,2,551)
w(242,3,14,553)
r(252,0,14,553)
w(251,1,14,553)
w(251,2,14,553)
r(252,0,14,553)
r(245,2,14,553)
w(252,1,14,553)
w(252,2,14,553)
w(251,3,13,555)
r(251,3,13,555)
r(245,2,13,555)
w(252,3,13,555)
w(253,1,10,557)
r(253,1,10,557)
w(254,1,10,557)
w(254,2,10,557)
r(251,3,10,557)
r(245,2,10,557)
r(253,1,10,557)
w(255,1,4,559)
w(254,3,4,559)
r(254,3,4,559)
r(256,0,4,559)
r(256,0,4,559)
r(256,0,4,559)
r(253,1,4,559)
r(256,0,4,559)
r(256,0,0,562)
r(256,0,0,562)
r(255,1,0,562)
w(255,2,0,562)
w(256,1,0,562)
w(253,2,0,562)
r(255,2,0,562)
r(257,0,7,565)
w(257,1,7,565)
r(253,2,7,565)
r(257,1,7,565)
w(257,2,7,565)
w(255,3,7,565)
r(255,3,7,565)
r(255,3,9,567)
r(257,2,9,567)
r(257,2,9,567)
r(259,0,9,567)
r(257,2,9,567)
r(258,0,9,567)
w(257,3,17,569)
r(253,2,17,569)
w(259,1,17,569)
r(257,3,17,569)
r(259,1,17,569)
r(259,1,17,569)
r(257,3,17,569)
r(258,0,17,569)
r(259,1,4,571)
r(260,0,4,571)
r(260,0,4,571)
r(259,1,4,571)
w(253,3,5,573)
r(260,0,5,573)
r(253,3,5,573)
r(259,1,5,573)
r(259,1,5,573)
r(260,0,5,573)
w(260,1,5,573)
r(259,1,17,575)
r(260,1,17,575)
r(260,1,17,575)
r(259,1,17,575)
r(253,3,17,575)
w(260,2,17,575)
w(259,2,17,575)
r(253,3,17,575)
w(260,3,2,577)
w(259,3,2,577)
r(261,0,2,577)
r(253,3,2,577)
w(261,1,2,577)
r(261,1,2,577)
r(261,1,5,579)
w(258,1,5,579)
r(261,1,5,579)
w(261,2,5,579)
r(261,2,11,581)
r(262,0,11,581)
r(261,2,11,581)
w(261,3,11,581)
w(263,1,11,581)
w(258,2,11,581)
r(261,3,11,581)
r(264,0,11,581)
r(264,0,8,583)
r(263,1,8,583)
w(263,2,8,583)
w(262,1,8,583)
w(264,1,8,583)
r(264,1,8,583)
w(264,2,13,585)
w(264,3,13,585)
r(262,1,13,585)
r(263,2,13,585)
r(264,3,13,585)
w(262,2,13,585)
r(263,2,1,587)
w(263,3,1,587)
r(265,0,1,587)
r(264,3,1,587)
w(265,1,16,589)
r(266,0,16,589)
w(265,2,16,589)
r(225,3,16,589)
r(266,0,16,589)
r(266,0,16,589)
w(266,1,1,593)
r(262,2,1,593)
w(266,2,1,593)
r(266,2,1,593)
r(266,2,1,593)
r(266,2,1,593)
r(266,2,1,593)
w(268,1,7,596)
w(267,2,7,596)
r(267,2,7,596)
w(268,2,7,596)
r(267,2,7,596)
w(267,3,7,596)
w(268,3,7,596)
r(262,2,7,596)
r(268,3,9,597)
r(268,3,9,597)
w(269,1,9,597)
r(269,1,9,597)
w(269,2,8,599)
r(269,2,8,599)
r(258,2,8,599)
w(258,3,8,599)
w(262,3,8,599)
r(268,3,8,599)
w(269,3,8,599)
r(269,3,8,599)
r(269,3,18,601)
w(270,1,18,601)
w(272,1,18,601)
r(272,1,18,601)
r(272,1,18,601)
w(272,2,6,603)
w(271,1,6,603)
w(270,2,6,603)
r(272,2,6,603)
w(272,3,8,605)
w(270,3,8,605)
w(273,1,8,605)
r(272,3,8,605)
r(272,3,8,605)
r(272,3,8,605)
w(271,2,17,607)
r(272,3,17,607)
w(273,2,17,607)
w(273,3,17,607)
r(274,0,17,607)
w(274,1,0,609)
r(275,0,0,609)
r(275,0,0,609)
r(273,3,0,609)
r(271,2,0,609)
r(275,0,0,609)
w(275,1,16,611)
r(274,1,16,611)
r(275,1,16,611)
r(225,3,16,611)
r(275,1,16,611)
r(275,1,16,611)
w(274,2,16,611)
w(274,3,10,613)
w(276,1,10,613)
r(275,1,10,613)
r(276,1,10,613)
r(275,1,10,613)
w(275,2,10,616)
w(275,3,10,616)
r(275,3,10,616)
r(275,3,10,616)
r(273,3,8,617)
r(275,3,8,617)
w(276,2,8,617)
w(276,3,8,617)
r(277,0,8,617)
w(277,1,8,617)
w(277,2,13,619)
r(278,0,13,619)
w(279,1,13,619)
w(277,3,13,619)
r(279,1,13,619)
r(279,1,13,619)
r(279,1,13,619)
r(277,3,13,619)
r(279,1,0,621)
r(280,0,0,621)
w(280,1,0,621)
w(278,1,0,621)
r(280,1,0,621)
w(278,2,13,623)
r(280,1,13,623)
r(271,2,13,623)
w(280,2,13,623)
w(280,3,13,623)
w(281,1,13,623)
w(271,3,5,625)
r(279,1,5,625)
w(281,2,5,625)
r(281,2,5,625)
w(281,3,5,625)
r(279,1,5,625)
r(279,1,5,625)
r(279,1,5,625)
w(279,2,16,627)
r(281,3,16,627)
r(281,3,16,627)
r(282,0,16,627)
w(279,3,5,629)
r(279,3,5,629)
r(284,0,5,629)
w(282,1,5,629)
w(282,2,5,629)
w(285,1,5,629)
r(285,1,12,631)
r(282,2,12,631)
r(282,2,12,631)
r(284,0,12,631)
r(278,2,12,631)
r(282,2,12,631)
r(282,2,3,633)
w(283,1,3,633)
w(282,3,3,633)
r(278,2,3,633)
r(285,1,3,633)
w(278,3,3,633)
r(283,1,11,635)
w(285,2,11,635)
w(286,1,11,635)
r(286,1,11,635)
w(285,3,11,635)
w(286,2,11,635)
r(286,2,11,635)
w(286,3,11,635)
r(286,3,16,637)
r(286,3,16,637)
w(287,1,16,637)
r(285,3,16,637)
r(285,3,16,637)
r(287,1,16,637)
w(283,2,16,637)
r(287,1,6,639)
w(287,2,6,639)
w(287,3,6,639)
r(287,3,6,639)
w(288,1,6,639)
r(287,3,6,639)
r(287,3,6,639)
r(287,3,3,641)
r(288,1,3,641)
r(289,0,3,641)
w(290,1,3,641)
w(290,2,3,641)
r(288,1,3,641)
r(288,1,3,641)
r(290,2,3,641)
r(290,2,3,643)
r(290,2,3,643)
w(289,1,3,643)
w(288,2,3,643)
r(290,2,3,643)
r(290,2,3,643)
w(283,3,3,643)
r(283,3,3,643)
w(288,3,14,645)
r(288,3,14,645)
r(288,3,14,645)
r(290,2,14,645)
r(289,1,14,645)
w(290,3,14,645)
r(290,3,14,645)
r(290,3,14,645)
r(290,3,4,647)
r(291,0,4,647)
r(289,1,4,647)
r(291,0,4,647)
r(292,0,7,649)
w(292,1,7,649)
w(292,2,7,649)
r(292,2,7,649)
r(292,2,7,649)
r(291,0,7,649)
r(289,1,6,651)
r(283,3,6,651)
w(292,3,6,651)
w(291,1,6,651)
r(291,1,6,651)
r(293,0,6,651)
w(293,1,6,651)
w(293,2,10,653)
r(293,2,10,653)
r(291,1,10,653)
w(293,3,10,653)
w(291,2,10,655)
r(294,0,10,655)
w(289,2,10,655)
r(294,0,10,655)
w(291,3,10,655)
r(291,3,10,655)
w(294,1,10,655)
r(291,3,10,655)
r(291,3,3,657)
r(294,1,3,657)
w(294,2,3,657)
r(289,2,3,657)
w(294,3,3,657)
w(295,1,3,657)
r(294,3,3,657)
r(289,2,13,659)
r(297,0,13,659)
w(297,1,13,659)
r(297,1,13,659)
r(289,2,13,659)
r(295,1,13,659)
r(295,1,13,659)
w(289,3,13,659)
w(297,2,16,661)
w(297,3,16,661)
r(299,0,16,661)
w(299,1,16,661)
w(298,1,16,661)
r(298,1,16,661)
r(299,1,16,661)
r(299,1,5,663)
r(298,1,5,663)
w(298,2,5,663)
r(299,1,5,663)
r(296,0,5,663)
w(298,3,5,663)
w(296,1,5,663)
w(295,2,5,663)
r(299,1,0,665)
r(299,1,0,665)
r(296,1,0,665)
r(299,1,0,665)
r(299,1,0,665)
w(295,3,0,665)
r(296,1,0,665)
r(299,1,0,667)
w(299,2,0,667)
r(299,2,0,667)
w(299,3,0,667)
r(299,3,0,667)
r(302,0,14,669)
r(296,1,14,669)
w(302,1,14,669)
w(300,1,14,669)
r(296,1,14,669)
w(302,2,14,669)
w(302,3,14,669)
r(302,3,10,671)
r(302,3,10,671)
w(296,2,10,671)
w(303,1,10,671)
r(284,0,10,671)
r(303,1,10,671)
r(300,1,19,673)
w(300,2,19,673)
w(300,3,19,673)
r(296,2,19,673)
w(284,1,19,673)
r(303,1,19,673)
r(303,1,9,675)
r(303,1,9,675)
r(301,0,9,675)
r(303,1,9,675)
r(303,1,9,675)
w(304,1,9,675)
r(296,2,15,677)
w(303,2,15,677)
w(303,3,15,677)
w(301,1,15,677)
w(304,2,15,677)
r(304,2,6,679)
r(296,2,6,679)
w(284,2,6,679)
w(304,3,6,679)
w(305,1,6,679)
r(305,1,0,681)
w(305,2,0,681)
r(296,2,0,681)
r(305,2,0,681)
r(305,2,0,681)
w(305,3,0,681)
r(296,2,8,683)
w(306,1,8,683)
r(307,0,8,683)
r(307,0,8,683)
w(284,3,13,685)
w(296,3,13,685)
r(306,1,13,685)
r(307,0,13,685)
w(307,1,13,685)
w(307,2,4,687)
w(307,3,4,687)
r(301,1,4,687)
r(309,0,4,687)
w(309,1,4,687)
w(306,2,4,687)
r(309,1,4,687)
w(308,1,4,687)
w(301,2,2,689)
w(309,2,2,689)
r(306,2,2,689)
r(308,1,2,689)
w(308,2,2,689)
r(309,2,2,689)
r(308,2,2,689)
w(309,3,2,689)
w(306,3,3,691)
r(308,2,3,691)
r(306,3,3,691)
r(308,2,3,691)
w(308,3,3,691)
r(309,3,3,691)
r(309,3,10,693)
r(308,3,10,693)
r(309,3,10,693)
r(309,3,10,693)
w(301,3,10,693)
r(308,3,10,693)
r(310,0,10,693)
r(308,3,1,697)
w(310,2,1,697)
w(310,3,1,697)
r(310,3,1,697)
w(311,1,1,697)
r(306,3,13,699)
r(311,1,13,699)
w(311,2,13,699)
r(311,2,13,699)
w(313,1,7,701)
r(312,0,7,701)
r(284,3,7,701)
r(301,3,7,701)
r(312,0,7,701)
r(301,3,7,701)
r(313,1,7,701)
r(312,0,11,703)
w(313,2,11,703)
w(313,3,11,703)
w(312,1,11,703)
w(312,2,11,703)
r(313,3,11,703)
r(311,2,11,703)
w(311,3,11,703)
r(312,2,7,705)
w(314,1,7,705)
r(312,2,7,705)
r(314,1,7,705)
r(312,2,12,707)
r(284,3,12,707)
w(314,2,12,707)
r(314,2,12,707)
w(314,3,12,707)
r(314,3,12,707)
w(312,3,8,709)
r(312,3,8,709)
r(315,0,8,709)
r(313,3,8,709)
r(315,0,7,711)
r(315,0,7,711)
r(314,3,7,711)
w(315,1,7,711)
r(315,1,7,711)
w(315,2,9,714)
w(315,3,9,714)
r(316,0,9,714)
r(317,0,9,714)
r(301,3,9,714)
w(316,1,9,714)
r(317,0,9,714)
r(316,1,9,714)
w(319,1,10,717)
r(317,0,10,717)
r(284,3,10,717)
w(319,2,10,717)
r(317,0,12,719)
r(319,2,12,719)
r(319,2,12,719)
w(319,3,12,719)
r(317,0,12,719)
w(318,1,12,719)
r(319,3,12,719)
r(318,1,12,719)
r(319,3,8,721)
r(319,3,8,721)
r(313,3,8,721)
w(320,1,8,721)
w(320,2,8,721)
r(320,2,8,721)
r(321,0,8,721)
r(317,0,8,721)
r(317,0,11,723)
w(321,1,11,723)
r(320,2,11,723)
r(317,0,11,723)
r(320,2,11,725)
r(317,0,11,725)
w(320,3,11,725)
r(317,0,11,725)
w(317,2,11,725)
w(317,3,11,725)
r(320,3,11,725)
r(320,3,11,725)
r(320,3,18,727)
r(320,3,18,727)
r(317,3,18,727)
r(322,0,18,727)
r(318,1,18,727)
r(284,3,18,727)
w(322,1,18,727)
r(323,0,18,727)
r(321,1,16,729)
r(323,0,16,729)
w(323,1,16,729)
w(323,2,16,729)
w(323,3,16,729)
r(323,3,16,729)
w(321,2,16,729)
w(322,2,16,729)
w(318,2,18,731)
r(322,2,18,731)
w(322,3,18,731)
w(324,1,18,731)
r(324,1,2,733)
r(325,0,2,733)
r(324,1,2,733)
w(324,2,2,733)
w(324,3,8,735)
r(324,3,8,735)
r(325,0,8,735)
r(325,0,8,735)
r(325,0,8,735)
w(326,1,8,735)
r(326,1,17,737)
r(325,0,17,737)
w(326,2,17,737)
w(326,3,17,737)
r(326,3,18,739)
r(318,2,18,739)
w(327,1,18,739)
r(327,1,18,739)
r(325,0,18,741)
r(325,0,18,741)
w(325,1,18,741)
r(325,1,18,741)
w(327,2,18,741)
r(327,2,18,741)
w(327,3,11,743)
r(325,1,11,743)
w(321,3,11,743)
w(325,2,11,743)
r(327,3,11,743)
r(328,0,11,743)
w(328,1,11,745)
r(328,1,11,745)
w(328,2,11,745)
w(325,3,11,745)
w(328,3,11,745)
r(325,3,11,745)
w(330,1,11,745)
r(325,3,3,747)
r(330,1,3,747)
r(330,1,3,747)
r(318,2,3,747)
r(330,1,18,749)
r(330,1,18,749)
r(329,0,18,749)
w(330,2,18,749)
w(330,3,4,751)
r(325,3,4,751)
r(330,3,4,751)
r(318,2,4,751)
w(329,1,7,753)
r(325,3,7,753)
r(318,2,7,753)
r(329,1,7,753)
w(318,3,7,753)
r(330,3,17,755)
w(329,2,17,755)
r(331,0,17,755)
w(329,3,17,755)
r(330,3,17,755)
r(329,3,17,755)
r(333,0,19,757)
w(331,1,19,757)
r(332,0,19,757)
w(333,1,19,757)
r(332,0,19,757)
r(333,1,10,759)
r(332,0,10,759)
r(332,0,10,759)
r(332,0,10,759)
r(318,3,10,759)
r(331,1,18,761)
w(331,2,18,761)
r(331,2,18,761)
w(332,1,18,761)
r(333,1,18,761)
r(332,1,18,761)
r(331,2,18,761)
w(332,2,18,761)
r(332,2,3,763)
w(332,3,3,763)
r(332,3,3,763)
r(334,0,3,763)
w(333,2,3,763)
w(331,3,3,765)
r(318,3,3,765)
w(335,1,3,765)
r(336,0,3,765)
r(333,2,3,765)
r(335,1,3,765)
r(336,0,3,765)
w(335,2,16,769)
w(335,3,16,769)
w(333,3,16,769)
r(333,3,16,769)
w(337,1,16,769)
w(337,2,16,769)
r(337,2,16,769)
w(336,1,16,769)
r(337,2,7,771)
r(339,0,7,771)
r(338,0,7,771)
r(337,2,7,771)
r(337,2,7,771)
r(339,0,4,773)
r(338,0,4,773)
w(339,1,4,773)
r(337,2,4,773)
r(333,3,15,775)
r(337,2,15,775)
r(337,2,15,775)
w(340,1,15,775)
r(340,1,18,777)
r(340,1,18,777)
r(339,1,18,777)
r(340,1,18,777)
r(340,1,18,777)
r(340,1,18,777)
r(340,1,18,777)
w(339,2,18,777)
w(340,2,13,779)
w(340,3,13,779)
r(338,0,13,779)
r(342,0,13,779)
w(342,1,13,779)
w(342,2,13,779)
w(342,3,14,781)
r(342,3,14,781)
w(339,3,14,781)
w(343,1,14,781)
w(344,1,14,781)
r(343,1,14,781)
w(343,2,14,781)
w(338,1,14,781)
r(341,0,4,783)
r(341,0,4,783)
r(344,1,4,783)
r(344,1,4,783)
w(343,3,4,783)
r(344,1,4,783)
r(343,3,4,783)
r(343,3,4,783)
r(343,3,14,785)
w(345,1,14,785)
r(344,1,14,785)
r(345,1,14,785)
w(344,2,11,787)
w(344,3,11,787)
w(345,2,11,787)
w(341,1,11,787)
r(338,1,11,787)
w(346,1,14,789)
r(345,2,14,789)
r(346,1,14,789)
w(341,2,14,789)
r(345,2,14,789)
w(341,3,14,789)
r(345,2,14,789)
w(345,3,14,789)
r(346,1,18,791)
r(338,1,18,791)
r(341,3,18,791)
r(347,0,18,791)
w(346,2,18,791)
w(347,1,18,791)
r(346,2,18,791)
w(347,2,18,791)
w(338,2,4,793)
r(347,2,4,793)
r(347,2,4,793)
w(346,3,4,793)
r(346,3,4,793)
r(341,3,4,793)
r(346,3,4,793)
r(347,2,4,793)
r(347,2,18,795)
r(341,3,18,795)
r(347,2,18,795)
w(347,3,18,795)
w(348,1,18,795)
r(341,3,18,795)
w(348,2,18,795)
r(347,3,2,797)
w(349,1,2,797)
r(348,2,2,797)
r(341,3,2,797)
r(338,2,2,797)
r(349,1,2,800)
r(349,1,2,800)
w(349,2,2,800)
w(349,3,2,800)
r(348,2,2,800)
r(341,3,2,800)
r(350,0,2,800)
r(338,2,2,800)
w(338,3,13,801)
r(338,3,13,801)
r(350,0,13,801)
r(348,2,13,801)
w(350,1,8,803)
r(348,2,8,803)
r(350,1,8,803)
w(350,2,8,803)
w(350,3,12,805)
r(350,3,12,805)
r(350,3,12,805)
r(341,3,12,805)
r(341,3,12,805)
r(350,3,19,807)
r(351,0,19,807)
r(351,0,19,807)
r(351,0,19,807)
w(352,1,19,807)
w(352,2,19,807)
w(348,3,19,807)
r(334,0,19,807)
r(338,3,15,809)
r(351,0,15,809)
r(351,0,15,809)
r(351,0,15,809)
r(348,3,15,809)
r(348,3,15,809)
w(334,1,13,811)
w(351,1,13,811)
r(348,3,13,811)
r(351,1,13,811)
r(348,3,13,811)
r(353,0,13,811)
w(351,2,13,811)
r(348,3,13,811)
w(352,3,16,813)
w(351,3,16,813)
r(352,3,16,813)
r(334,1,16,813)
w(353,1,16,813)
w(354,1,17,815)
r(354,1,17,815)
w(356,1,17,815)
w(353,2,17,815)
w(355,1,17,815)
r(354,1,17,815)
w(354,2,11,817)
w(334,2,11,817)
r(354,2,11,817)
r(354,2,11,817)
r(356,1,11,817)
r(356,1,11,817)
w(354,3,11,817)
r(355,1,11,817)
r(355,1,1,819)
w(353,3,1,819)
w(334,3,1,819)
w(355,2,1,819)
w(355,3,1,819)
w(357,1,1,819)
r(357,1,1,819)
w(357,2,11,821)
r(357,2,11,821)
w(357,3,11,821)
r(353,3,11,821)
r(355,3,11,821)
w(358,1,11,821)
r(358,1,11,821)
r(355,3,17,823)
r(358,1,17,823)
r(355,3,17,823)
r(358,1,17,823)
w(360,1,17,823)
r(356,1,17,823)
r(358,1,14,825)
w(359,1,14,825)
r(358,1,14,825)
w(361,1,14,825)
r(361,1,11,827)
w(358,2,11,827)
w(356,2,11,827)
r(356,2,11,827)
r(356,2,11,827)
w(361,2,11,827)
r(358,2,11,827)
w(361,3,11,827)
r(358,2,6,829)
w(358,3,6,829)
r(358,3,6,829)
w(360,2,6,829)
r(361,3,6,829)
w(360,3,6,829)
r(358,3,6,829)
w(362,1,6,829)
r(361,3,9,831)
w(362,2,9,831)
r(363,0,9,831)
r(356,2,9,831)
r(362,2,9,831)
r(363,0,8,833)
w(362,3,8,833)
w(363,1,8,833)
r(362,3,8,833)
r(359,1,8,833)
r(363,1,8,833)
w(359,2,8,833)
r(362,3,8,833)
r(362,3,3,835)
w(356,3,3,835)
r(364,0,3,835)
r(364,0,3,835)
r(364,0,3,835)
r(363,1,3,835)
w(363,2,14,837)
r(363,2,14,837)
r(356,3,14,837)
r(366,0,14,837)
w(363,3,14,837)
r(363,3,4,839)
r(364,0,4,839)
w(366,1,4,839)
w(364,1,4,839)
w(367,1,5,841)
r(364,1,5,841)
r(367,1,5,841)
r(365,0,5,841)
w(364,2,5,841)
w(364,3,5,841)
r(368,0,5,841)
r(368,0,5,841)
r(367,1,14,843)
r(367,1,14,843)
w(368,1,14,843)
r(368,1,14,843)
r(366,1,14,843)
w(365,1,0,845)
w(368,2,0,845)
w(367,2,0,845)
r(367,2,0,845)
w(368,3,1,847)
r(366,1,1,847)
w(369,1,1,847)
r(367,2,1,847)
w(367,3,1,847)
w(366,2,5,849)
w(369,2,5,849)
w(370,1,5,849)
r(365,1,5,849)
w(370,2,8,851)
r(369,2,8,851)
w(370,3,8,851)
w(369,3,8,851)
w(365,2,8,851)
w(371,1,8,851)
r(369,3,13,853)
r(369,3,13,853)
w(371,2,13,853)
r(366,2,13,853)
r(371,2,13,853)
r(372,0,14,857)
w(372,2,14,857)
r(372,2,14,857)
r(366,2,14,857)
w(372,3,14,857)
r(372,3,14,857)
w(366,3,14,857)
r(366,3,14,857)
r(371,2,14,859)
r(373,0,14,859)
w(373,1,14,859)
r(374,0,14,859)
r(373,1,2,861)
r(371,2,2,861)
w(373,2,2,861)
r(374,0,2,861)
r(374,0,2,861)
w(371,3,2,861)
r(373,2,17,863)
r(373,2,17,863)
r(371,3,17,863)
w(373,3,17,863)
r(371,3,17,863)
r(373,3,17,863)
r(365,2,17,863)
w(359,3,17,863)
w(375,1,6,865)
r(373,3,6,865)
w(375,2,6,865)
w(376,1,6,865)
w(376,2,6,865)
w(375,3,6,865)
r(376,2,16,867)
r(376,2,16,867)
w(376,3,16,867)
r(376,3,16,867)
w(377,1,16,867)
r(377,1,16,867)
r(376,3,14,869)
r(376,3,14,869)
w(374,1,14,869)
r(377,1,14,869)
r(365,2,14,869)
w(374,2,14,869)
r(374,2,14,869)
w(378,1,7,871)
w(377,2,7,871)
w(377,3,7,871)
r(377,3,7,871)
r(365,2,7,871)
r(377,3,7,871)
r(378,1,7,871)
r(378,1,17,873)
w(379,1,17,873)
r(374,2,17,873)
w(378,2,17,873)
r(379,1,17,873)
w(378,3,17,873)
w(365,3,17,873)
w(379,2,8,875)
r(378,3,8,875)
r(380,0,8,875)
r(379,2,8,875)
r(379,2,8,878)
r(380,0,8,878)
r(379,2,8,878)
w(380,1,8,878)
w(380,2,8,878)
w(380,3,1,879)
r(380,3,1,879)
w(379,3,1,879)
w(381,1,1,879)
r(374,2,1,879)
w(381,2,1,879)
r(381,2,1,879)
r(381,2,1,879)
r(382,0,8,881)
w(381,3,8,881)
w(374,3,8,881)
w(382,1,8,881)
r(382,1,8,881)
r(381,3,8,881)
r(385,0,8,881)
r(384,0,0,883)
w(385,1,0,883)
r(385,1,0,883)
r(385,1,0,883)
r(385,1,0,883)
r(385,1,0,883)
r(385,1,0,883)
r(382,1,0,883)
w(385,2,2,885)
w(384,1,2,885)
r(384,1,2,885)
w(385,3,2,885)
w(382,2,2,885)
w(387,1,10,887)
r(387,1,10,887)
r(382,2,10,887)
w(387,2,10,887)
r(387,2,12,889)
r(382,2,12,889)
w(382,3,12,889)
r(387,2,12,889)
w(384,2,12,889)
w(383,1,12,889)
w(387,3,13,891)
r(387,3,13,891)
r(387,3,13,891)
r(382,3,13,891)
w(384,3,13,891)
w(388,1,13,891)
w(388,2,1,893)
r(383,1,1,893)
w(388,3,1,893)
r(388,3,1,893)
r(388,3,1,893)
r(390,0,1,893)
r(390,0,1,893)
w(391,1,18,895)
r(391,1,18,895)
r(390,0,18,895)
w(391,2,18,895)
r(391,2,18,895)
w(391,3,10,897)
r(392,0,10,897)
w(389,1,10,897)
r(392,0,10,897)
r(390,0,13,899)
w(389,2,13,899)
w(390,1,13,899)
r(392,0,13,899)
r(390,1,9,901)
r(392,0,9,901)
r(392,0,9,901)
w(392,1,9,901)
r(390,1,9,901)
r(383,1,9,903)
r(389,2,9,903)
w(392,2,9,903)
r(390,1,9,903)
r(392,2,7,905)
r(392,2,7,905)
r(390,1,7,905)
w(392,3,7,905)
r(392,3,7,905)
r(390,1,7,905)
r(393,0,7,905)
w(389,3,2,907)
w(393,1,2,907)
w(386,1,2,907)
r(389,3,2,907)
r(389,3,2,907)
r(393,1,2,907)
r(393,1,6,909)
w(393,2,6,909)
w(393,3,6,909)
r(393,3,6,909)
w(383,2,6,909)
r(393,3,6,911)
w(390,2,6,911)
w(394,1,6,911)
w(395,1,6,911)
w(395,2,6,911)
r(383,2,0,913)
w(395,3,0,913)
w(390,3,0,913)
r(395,3,0,913)
r(396,0,0,913)
w(396,1,0,913)
r(383,2,0,913)
r(395,3,9,915)
r(395,3,9,915)
r(395,3,9,915)
w(397,1,9,915)
w(397,2,9,915)
r(397,2,9,915)
r(397,2,9,915)
w(397,3,9,915)
w(396,2,7,917)
w(396,3,7,917)
w(398,1,7,917)
w(398,2,7,917)
w(394,2,7,917)
r(398,2,7,917)
r(398,2,7,917)
w(394,3,7,917)
w(398,3,11,919)
w(399,1,11,919)
r(400,0,11,919)
w(399,2,11,919)
w(400,1,11,919)
w(400,2,11,919)
w(400,3,11,919)
w(386,2,9,921)
w(401,1,9,921)
w(402,1,9,921)
w(402,2,9,921)
r(399,2,9,921)
w(402,3,9,921)
r(402,3,9,921)
r(401,1,16,923)
w(401,2,16,923)
w(401,3,16,923)
w(399,3,16,923)
r(404,0,11,925)
r(404,0,11,925)
r(404,0,11,925)
w(403,1,11,925)
w(403,2,8,927)
w(403,3,8,927)
w(405,1,8,927)
r(401,3,8,927)
r(405,1,8,927)
w(405,2,13,929)
r(383,2,13,929)
w(405,3,13,929)
r(383,2,13,929)
r(405,3,13,929)
r(404,0,13,929)
w(406,1,1,931)
r(404,0,1,931)
w(407,1,1,931)
r(404,0,1,931)
w(407,2,1,931)
r(406,1,1,931)
w(407,3,1,931)
r(407,3,1,931)
r(386,2,6,933)
r(383,2,6,933)
w(383,3,6,933)
w(408,1,6,933)
r(408,1,6,933)
w(404,1,6,933)
w(406,2,8,935)
w(406,3,8,935)
r(408,1,8,935)
w(408,2,8,935)
w(408,3,8,935)
r(409,0,8,935)
r(404,1,8,935)
w(409,1,8,935)
r(404,1,1,937)
r(404,1,1,937)
w(409,2,1,937)
w(409,3,1,937)
r(410,0,1,937)
r(409,3,1,937)
w(410,1,9,939)
r(410,1,9,939)
w(410,2,9,939)
w(404,2,9,939)
w(386,3,9,939)
r(411,0,2,941)
w(404,3,2,941)
w(411,1,2,941)
r(404,3,2,941)
w(410,3,8,943)
r(411,1,8,943)
r(386,3,8,943)
w(413,1,8,943)
r(410,3,8,943)
w(411,2,8,945)
r(411,2,8,945)
w(411,3,8,945)
r(413,1,8,945)
r(386,3,8,945)
r(415,0,8,945)
r(413,1,8,945)
w(414,1,8,945)
r(415,0,12,949)
r(415,0,12,949)
r(415,0,12,949)
w(413,3,12,949)
r(413,3,12,949)
r(413,3,12,949)
r(414,1,12,949)
w(414,3,12,949)
r(414,3,12,951)
r(414,3,12,951)
r(417,0,12,951)
r(417,0,12,951)
r(417,0,8,953)
r(417,0,8,953)
r(419,0,8,953)
w(412,1,8,953)
w(419,1,8,953)
r(419,1,8,953)
r(417,0,8,953)
r(417,0,18,955)
w(418,1,18,955)
r(418,1,18,955)
r(419,1,18,955)
r(412,1,18,955)
w(418,2,18,955)
w(412,2,13,957)
r(417,0,13,957)
w(418,3,13,957)
w(419,2,13,957)
r(417,0,13,957)
r(419,2,13,957)
r(420,0,12,959)
r(417,0,12,959)
r(420,0,12,959)
r(417,0,12,959)
w(420,1,16,961)
r(419,2,16,961)
r(417,0,16,961)
r(417,0,16,961)
r(420,1,16,961)
r(420,1,0,963)
r(417,0,0,963)
r(412,2,0,963)
r(419,2,0,963)
w(417,1,0,963)
w(420,2,5,965)
r(417,1,5,965)
w(417,2,5,965)
r(420,2,5,965)
w(417,3,5,965)
w(421,1,5,965)
r(421,1,6,967)
r(416,0,6,967)
w(421,2,6,967)
w(421,3,6,967)
w(420,3,4,969)
w(422,1,4,969)
w(422,2,4,969)
w(419,3,4,969)
r(422,2,4,969)
w(412,3,4,969)
w(422,3,4,969)
r(420,3,12,971)
r(412,3,12,971)
r(420,3,12,971)
r(422,3,12,971)
r(420,3,12,971)
r(424,0,12,971)
w(424,1,13,973)
r(425,0,13,973)
r(412,3,13,973)
w(425,1,13,973)
r(424,1,13,973)
r(424,1,13,973)
w(425,2,13,973)
r(424,1,13,973)
w(424,2,19,975)
w(424,3,19,975)
r(412,3,19,975)
r(425,2,19,975)
r(425,2,19,975)
r(424,3,19,975)
r(416,0,19,975)
r(425,2,19,975)
r(426,0,4,977)
r(426,0,4,977)
w(425,3,4,977)
r(425,3,4,977)
w(426,1,4,977)
r(423,0,4,977)
r(426,1,4,977)
r(426,1,4,977)
w(426,2,11,979)
w(426,3,11,979)
w(423,1,11,979)
w(427,1,11,979)
r(412,3,11,979)
w(428,1,11,979)
w(423,2,4,981)
r(427,1,4,981)
r(428,1,4,981)
w(427,2,4,981)
w(416,1,4,981)
w(428,2,8,984)
w(428,3,8,984)
r(429,0,8,984)
r(423,2,8,984)
w(427,3,8,984)
w(423,3,8,984)
r(429,0,8,984)
r(430,0,8,984)
r(431,0,4,985)
w(429,1,4,985)
w(429,2,4,985)
w(429,3,4,985)
r(429,3,4,985)
w(431,1,4,985)
w(432,1,4,985)
r(432,1,4,985)
w(432,2,3,987)
w(430,1,3,987)
w(432,3,3,987)
w(431,2,3,987)
r(431,2,3,987)
w(431,3,3,987)
r(433,0,3,987)
w(433,1,17,989)
w(433,2,17,989)
r(430,1,17,989)
w(434,1,17,989)
r(433,2,17,989)
w(434,2,17,989)
r(433,2,10,991)
w(416,2,10,991)
r(412,3,10,991)
r(416,2,10,991)
r(434,2,10,991)
r(434,2,9,993)
r(434,2,9,993)
r(412,3,9,993)
w(430,2,9,993)
w(434,3,9,993)
r(434,3,9,993)
w(433,3,9,993)
r(434,3,9,993)
r(416,2,8,995)
w(435,1,8,995)
w(436,1,8,995)
w(436,2,8,995)
w(436,3,8,995)
w(435,2,1,997)
r(435,2,1,997)
w(430,3,1,997)
r(435,2,1,997)
r(435,2,1,997)
w(435,3,1,997)
w(437,1,6,999)
r(439,0,6,999)
r(438,0,6,999)
r(439,0,6,999)
r(437,1,6,999)
r(439,0,6,1001)
r(439,0,6,1001)
w(439,1,6,1001)
w(438,1,6,1001)
w(438,2,6,1001)
r(439,1,6,1001)
w(439,2,6,1001)
w(440,1,6,1001)
w(439,3,14,1003)
w(438,3,14,1003)
r(441,0,14,1003)
r(441,0,14,1003)
r(441,0,15,1005)
w(441,1,15,1005)
w(441,2,15,1005)
r(441,2,15,1005)
w(437,2,15,1005)
r(441,2,15,1005)
w(441,3,15,1005)
r(441,3,15,1005)
r(442,0,8,1007)
r(442,0,8,1007)
r(437,2,8,1007)
r(442,0,8,1007)
w(442,1,8,1007)
w(442,2,8,1007)
w(437,3,8,1007)
w(442,3,8,1007)
r(438,3,16,1009)
w(440,2,16,1009)
r(438,3,16,1009)
w(443,1,16,1009)
w(443,2,16,1009)
r(416,2,16,1009)
r(437,3,16,1009)
r(438,3,18,1011)
r(443,2,18,1011)
r(443,2,18,1011)
r(438,3,18,1011)
r(443,2,18,1011)
r(438,3,2,1013)
w(443,3,2,1013)
r(443,3,2,1013)
r(438,3,2,1013)
r(443,3,2,1013)
r(443,3,2,1013)
r(443,3,2,1013)
w(445,1,9,1015)
r(444,0,9,1015)
r(445,1,9,1015)
w(445,2,9,1015)
w(445,3,14,1017)
r(444,0,14,1017)
w(444,1,14,1017)
r(444,1,14,1017)
w(446,1,14,1017)
w(444,2,14,1017)
w(444,3,14,1017)
r(447,0,0,1019)
w(446,2,0,1019)
r(446,2,0,1019)
w(446,3,0,1019)
r(444,3,0,1019)
r(444,3,0,1019)
r(447,0,0,1019)
w(448,1,0,1019)
r(449,0,15,1021)
r(416,2,15,1021)
r(448,1,15,1021)
w(448,2,15,1021)
r(448,2,15,1021)
r(440,2,16,1023)
w(447,1,16,1023)
r(448,2,16,1023)
r(447,1,16,1023)
w(449,1,16,1023)
w(448,3,9,1025)
w(449,2,9,1025)
r(448,3,9,1025)
w(416,3,9,1025)
w(450,1,9,1025)
r(450,1,9,1025)
r(447,1,9,1025)
r(416,3,8,1027)
r(440,2,8,1027)
w(449,3,8,1027)
w(450,2,8,1027)
r(450,2,8,1027)
r(450,2,8,1027)
r(449,3,8,1027)
r(447,1,18,1029)
r(450,2,18,1029)
r(450,2,18,1029)
r(450,2,18,1029)
w(447,2,18,1029)
w(450,3,11,1031)
r(450,3,11,1031)
r(447,2,11,1031)
r(450,3,11,1031)
r(450,3,4,1033)
r(447,2,4,1033)
r(452,0,4,1033)
r(440,2,4,1033)
r(451,0,4,1033)
r(452,0,4,1033)
w(440,3,4,1033)
w(452,1,11,1035)
r(451,0,11,1035)
w(453,1,11,1035)
w(452,2,11,1035)
r(451,0,11,1035)
r(452,2,11,1035)
w(452,3,16,1037)
w(451,1,16,1037)
w(447,3,16,1037)
r(455,0,16,1037)
r(455,0,16,1037)
r(454,0,16,1037)
r(455,0,16,1037)
r(451,1,6,1039)
w(455,1,6,1039)
r(447,3,6,1039)
w(455,2,6,1039)
r(453,1,6,1039)
r(451,1,6,1039)
r(455,2,6,1039)
w(455,3,14,1041)
w(451,2,14,1041)
w(453,2,14,1041)
r(454,0,14,1041)
r(455,3,14,1041)
w(451,3,14,1041)
r(451,3,14,1041)
w(454,1,14,1041)
w(458,1,10,1043)
r(458,1,10,1043)
w(456,1,10,1043)
r(458,1,10,1043)
w(456,2,10,1043)
r(458,1,10,1043)
r(458,1,10,1043)
r(457,0,0,1045)
r(456,2,0,1045)
r(458,1,0,1045)
r(454,1,0,1045)
w(456,3,15,1047)
w(458,2,15,1047)
r(456,3,15,1047)
w(457,1,15,1047)
r(458,2,14,1049)
w(457,2,14,1049)
r(457,2,14,1049)
r(457,2,14,1049)
w(458,3,14,1049)
w(457,3,14,1049)
r(457,3,14,1049)
r(454,1,14,1049)
r(459,0,18,1051)
w(460,1,18,1051)
w(459,1,18,1051)
r(460,1,18,1051)
w(460,2,2,1053)
r(460,2,2,1053)
w(460,3,2,1053)
w(454,2,2,1053)
r(461,0,12,1055)
r(460,3,12,1055)
w(459,2,12,1055)
r(460,3,12,1055)
r(460,3,9,1057)
r(454,2,9,1057)
w(462,1,9,1057)
w(459,3,9,1057)
w(463,1,9,1057)
w(462,2,9,1057)
r(462,2,9,1057)
w(462,3,4,1059)
w(463,2,4,1059)
w(464,1,4,1059)
r(464,1,4,1059)
r(461,0,4,1059)
r(464,1,4,1059)
w(453,3,17,1061)
r(464,1,17,1061)
r(464,1,17,1061)
r(464,1,17,1061)
w(464,2,4,1063)
w(464,3,4,1063)
w(463,3,4,1063)
w(454,3,4,1063)
r(464,3,4,1063)
r(461,0,4,1063)
r(464,3,8,1065)
r(454,3,8,1065)
w(461,1,8,1065)
r(464,3,8,1065)
r(461,1,0,1067)
r(465,0,0,1067)
r(465,0,0,1067)
w(461,2,0,1067)
r(466,0,0,1067)
r(465,0,0,1067)
r(461,2,0,1067)
r(465,0,14,1069)
r(454,3,14,1069)
r(454,3,14,1069)
w(466,1,14,1069)
r(466,1,14,1069)
r(466,1,14,1069)
r(466,1,14,1069)
r(465,0,0,1071)
r(465,0,0,1071)
w(461,3,0,1071)
w(467,1,0,1071)
w(466,2,0,1071)
w(465,1,2,1073)
w(466,3,2,1073)
w(465,2,2,1073)
w(465,3,2,1073)
r(466,3,2,1073)
r(467,1,15,1075)
r(465,3,15,1075)
w(469,1,15,1075)
w(469,2,15,1075)
w(469,3,15,1075)
r(465,3,15,1075)
r(465,3,15,1075)
r(470,0,5,1077)
r(468,0,5,1077)
r(468,0,5,1077)
w(472,1,5,1077)
r(470,0,5,1077)
w(470,1,5,1077)
w(470,2,5,1077)
r(471,0,5,1077)
w(470,3,1,1079)
r(470,3,1,1079)
w(467,2,1,1079)
r(467,2,1,1079)
r(467,2,18,1081)
r(470,3,18,1081)
r(472,1,18,1081)
w(472,2,18,1081)
r(472,2,16,1083)
w(472,3,16,1083)
r(473,0,16,1083)
r(470,3,16,1083)
w(474,1,16,1085)
r(467,2,16,1085)
w(474,2,16,1085)
w(468,1,16,1085)
w(468,2,16,1085)
r(474,2,16,1085)
w(474,3,16,1085)
w(473,1,8,1087)
w(475,1,8,1087)
w(473,2,8,1087)
r(475,1,8,1087)
w(467,3,8,1087)
r(473,2,8,1089)
r(473,2,8,1089)
r(467,3,8,1089)
w(475,2,8,1089)
w(475,3,8,1089)
w(477,1,8,1089)
w(477,2,7,1091)
w(477,3,7,1091)
w(478,1,7,1091)
r(468,2,7,1091)
w(478,2,7,1091)
w(476,1,8,1093)
w(478,3,8,1093)
r(468,2,8,1093)
w(476,2,8,1093)
r(478,3,8,1093)
r(478,3,10,1095)
r(473,2,10,1095)
r(478,3,10,1095)
r(478,3,10,1095)
r(473,2,10,1095)
r(476,2,10,1095)
w(471,1,10,1095)
r(476,2,10,1095)
w(473,3,11,1097)
r(471,1,11,1097)
r(480,0,11,1097)
w(479,1,11,1097)
r(480,0,16,1099)
w(480,1,16,1099)
r(479,1,16,1099)
w(471,2,16,1099)
r(479,1,16,1099)
r(468,2,5,1101)
r(479,1,5,1101)
w(479,2,5,1101)
r(479,2,5,1101)
w(479,3,2,1103)
r(479,3,2,1103)
r(480,1,2,1103)
w(480,2,2,1103)
r(480,2,2,1103)
r(481,0,13,1105)
r(481,0,13,1105)
r(481,0,13,1105)
w(468,3,13,1105)
r(480,2,6,1108)
w(471,3,6,1108)
r(481,0,6,1108)
w(481,1,6,1108)
w(476,3,6,1108)
w(481,2,6,1108)
w(481,3,6,1108)
r(481,0,18,1109)
r(471,2,18,1109)
r(471,2,18,1109)
w(483,1,18,1109)
r(482,0,18,1109)
r(483,1,18,1109)
w(483,2,17,1111)
w(480,3,17,1111)
w(483,3,17,1111)
r(483,3,17,1111)
r(480,3,17,1111)
r(482,0,17,1111)
r(483,3,12,1113)
w(482,1,12,1113)
r(483,3,12,1113)
r(480,3,12,1113)
w(484,1,17,1115)
w(485,1,17,1115)
r(485,1,17,1115)
w(482,2,17,1115)
r(485,1,17,1115)
r(482,2,17,1115)
r(485,1,17,1115)
r(482,2,17,1115)
r(468,3,15,1117)
r(485,1,15,1117)
r(484,1,15,1117)
r(484,1,15,1117)
w(485,2,15,1117)
w(484,2,15,1117)
r(485,2,15,1117)
r(482,2,15,1117)
w(485,3,13,1119)
r(485,3,13,1119)
r(485,3,13,1119)
r(485,3,13,1119)
w(482,3,13,1119)
w(484,3,13,1119)
r(471,3,13,1119)
r(485,3,9,1121)
r(482,3,9,1121)
r(485,3,9,1121)
r(484,3,9,1121)
r(486,0,9,1121)
w(486,1,9,1121)
w(486,2,9,1121)
r(486,2,12,1123)
w(486,3,12,1123)
r(486,3,12,1123)
r(487,0,12,1123)
r(487,0,12,1123)
w(488,1,15,1125)
r(484,3,15,1125)
r(488,1,15,1125)
w(488,2,15,1125)
r(484,3,15,1125)
w(487,1,2,1127)
r(488,2,2,1127)
r(471,3,2,1127)
r(484,3,2,1127)
r(488,2,2,1127)
r(487,1,2,1127)
w(488,3,2,1127)
r(488,3,2,1127)
r(489,0,18,1129)
r(471,3,18,1129)
w(487,2,18,1129)
w(489,1,18,1129)
w(490,1,18,1129)
w(489,2,18,1129)
w(490,2,18,1129)
r(489,2,18,1129)
r(491,0,5,1131)
w(489,3,5,1131)
r(489,3,5,1131)
r(489,3,5,1131)
r(489,3,5,1131)
r(490,2,5,1131)
r(492,0,5,1131)
r(492,0,5,1131)
w(491,1,5,1133)
w(492,1,5,1133)
r(487,2,5,1133)
r(491,1,5,1133)
r(490,2,5,1133)
r(492,1,11,1135)
w(492,2,11,1135)
r(490,2,11,1135)
r(492,2,11,1135)
r(490,2,8,1138)
w(492,3,8,1138)
r(490,2,8,1138)
w(490,3,8,1138)
r(487,2,6,1139)
w(487,3,6,1139)
r(490,2,6,1139)
w(493,1,6,1139)
r(494,0,6,1139)
r(493,1,6,1139)
w(494,1,11,1141)
r(493,1,11,1141)
r(493,1,11,1141)
w(493,2,11,1141)
w(494,2,0,1143)
w(494,3,0,1143)
w(495,1,0,1143)
r(493,2,0,1143)
w(493,3,0,1143)
r(497,0,0,1143)
r(497,0,0,1143)
r(497,0,15,1145)
w(497,1,15,1145)
r(497,1,15,1145)
w(495,2,15,1145)
r(496,0,15,1145)
r(491,1,15,1145)
w(497,2,15,1145)
r(496,0,15,1145)
w(496,1,12,1147)
w(491,2,12,1147)
w(495,3,12,1147)
r(496,1,12,1147)
w(496,2,12,1147)
w(496,3,9,1149)
w(497,3,9,1149)
r(498,0,9,1149)
w(499,1,9,1149)
r(498,0,9,1149)
w(499,2,9,1149)
w(499,3,9,1149)
r(499,3,2,1151)
r(498,0,2,1151)
w(498,1,2,1151)
r(499,3,2,1151)
r(495,3,2,1151)
w(498,2,2,1151)
w(498,3,2,1151)
w(500,1,3,1153)
w(500,2,3,1153)
r(500,2,3,1153)
r(471,3,3,1153)
r(500,2,3,1153)
w(500,3,10,1155)
r(501,0,10,1155)
r(500,3,10,1155)
r(471,3,10,1155)
r(500,3,10,1155)
w(501,1,10,1155)
r(500,3,10,1155)
w(501,2,10,1155)
w(502,1,7,1157)
r(500,3,7,1157)
r(500,3,7,1157)
w(503,1,7,1157)
r(503,1,7,1157)
w(503,2,7,1157)
r(503,2,17,1159)
w(502,2,17,1159)
w(503,3,17,1159)
r(502,2,17,1159)
r(501,2,17,1159)
w(502,3,17,1159)
w(504,1,17,1159)
r(471,3,5,1161)
r(491,2,5,1161)
w(491,3,5,1161)
w(505,1,5,1161)
w(504,2,17,1163)
r(501,2,17,1163)
w(504,3,17,1163)
r(504,3,17,1163)
r(504,3,17,1163)
w(505,2,17,1163)
r(505,2,10,1165)
r(505,2,10,1165)
r(501,2,10,1165)
r(506,0,10,1165)
r(501,2,10,1165)
r(507,0,10,1165)
r(507,0,10,1165)
w(507,1,11,1167)
w(508,1,11,1167)
r(505,2,11,1167)
r(508,1,11,1167)
r(507,1,6,1170)
r(509,0,6,1170)
r(507,1,6,1170)
r(501,2,6,1170)
r(507,1,6,1170)
w(505,3,17,1171)
r(505,3,17,1171)
r(505,3,17,1171)
r(507,1,17,1171)
w(507,2,17,1171)
r(507,2,17,1171)
r(501,2,17,1171)
r(508,1,17,1171)
w(506,1,16,1173)
r(506,1,16,1173)
w(507,3,16,1173)
r(510,0,16,1173)
w(501,3,16,1173)
w(510,1,16,1173)
w(508,2,16,1173)
r(509,0,17,1175)
r(510,1,17,1175)
w(510,2,17,1175)
r(510,2,17,1175)
r(510,2,17,1175)
w(510,3,17,1175)
r(512,0,8,1177)
r(512,0,8,1177)
r(512,0,8,1177)
w(509,1,8,1177)
w(509,2,8,1177)
w(512,1,8,1177)
r(512,1,8,1177)
r(511,0,8,1177)
w(512,2,10,1179)
r(512,2,10,1179)
w(506,2,10,1179)
w(512,3,10,1179)
r(512,3,19,1181)
w(513,1,19,1181)
w(513,2,19,1181)
w(513,3,19,1181)
w(509,3,19,1181)
r(514,0,19,1181)
r(514,0,19,1181)
r(509,3,16,1183)
r(514,0,16,1183)
r(509,3,16,1183)
r(514,0,16,1183)
r(509,3,16,1183)
r(514,0,6,1185)
r(514,0,6,1185)
w(514,1,6,1185)
r(508,2,6,1185)
r(514,1,6,1185)
r(511,0,6,1185)
r(514,1,6,1185)
r(515,0,6,1185)
r(506,2,0,1187)
w(515,1,0,1187)
w(514,2,0,1187)
r(511,0,0,1187)
w(515,2,0,1187)
r(514,2,0,1187)
w(514,3,0,1187)
w(511,1,0,1187)
w(516,1,9,1189)
r(516,1,9,1189)
w(516,2,9,1189)
w(506,3,9,1189)
w(515,3,9,1189)
r(515,3,8,1191)
w(516,3,8,1191)
w(511,2,8,1191)
r(517,0,8,1191)
r(515,3,8,1191)
w(518,1,8,1191)
r(515,3,12,1193)
w(518,2,12,1193)
w(511,3,12,1193)
r(518,2,12,1193)
r(519,0,12,1193)
w(519,1,12,1193)
w(519,2,18,1195)
r(518,2,18,1195)
w(508,3,18,1195)
w(518,3,18,1195)
r(519,2,18,1195)
r(518,3,18,1195)
w(520,1,18,1195)
r(518,3,10,1197)
w(521,1,10,1197)
r(519,2,10,1197)
r(521,1,10,1197)
w(521,2,10,1197)
w(521,3,2,1199)
w(519,3,2,1199)
r(522,0,2,1199)
w(517,1,2,1199)
r(523,0,2,1199)
w(522,1,2,1199)
w(522,2,1,1201)
w(522,3,1,1201)
r(523,0,1,1201)
w(523,1,1,1201)
w(523,2,14,1203)
r(523,2,14,1203)
r(523,2,14,1203)
r(522,3,14,1203)
r(522,3,14,1203)
w(523,3,14,1203)
r(524,0,14,1203)
r(524,0,2,1205)
w(524,1,2,1205)
w(524,2,2,1205)
r(524,2,2,1205)
r(524,2,2,1205)
r(523,3,9,1207)
r(524,2,9,1207)
r(523,3,9,1207)
w(524,3,9,1207)
r(524,3,9,1207)
r(508,3,9,1207)
r(524,3,9,1207)
r(523,3,8,1210)
w(526,2,8,1210)
w(517,2,8,1210)
w(526,3,8,1210)
r(523,3,8,1210)
w(527,1,8,1210)
w(527,2,9,1213)
w(527,3,9,1213)
r(527,3,9,1213)
r(523,3,9,1213)
r(523,3,9,1213)
r(523,3,9,1213)
w(517,3,9,1213)
r(527,3,18,1215)
r(527,3,18,1215)
r(523,3,18,1215)
r(520,1,18,1215)
r(520,1,9,1217)
w(528,1,9,1217)
w(529,1,9,1217)
w(529,2,9,1217)
r(528,1,5,1219)
r(529,2,5,1219)
r(517,3,5,1219)
r(529,2,5,1219)
w(529,3,5,1219)
r(520,1,5,1219)
r(528,1,5,1219)
w(530,1,5,1219)
w(520,2,8,1221)
r(530,1,8,1221)
w(530,2,8,1221)
w(531,1,8,1221)
r(531,1,8,1221)
w(528,2,8,1221)
w(530,3,13,1223)
r(528,2,13,1223)
w(528,3,13,1223)
r(530,3,13,1223)
r(530,3,13,1223)
w(520,3,13,1223)
r(532,0,13,1223)
r(532,0,13,1223)
w(532,1,7,1225)
r(532,1,7,1225)
r(533,0,7,1225)
r(533,0,7,1225)
r(532,1,7,1225)
w(532,2,7,1225)
r(532,2,7,1225)
r(532,2,7,1225)
w(531,2,4,1227)
w(533,1,4,1227)
w(532,3,4,1227)
r(533,1,4,1227)
r(532,3,11,1229)
w(533,2,11,1229)
w(533,3,11,1229)
w(535,1,11,1229)
r(535,1,0,1231)
r(535,1,0,1231)
w(535,2,0,1231)
r(535,2,0,1231)
w(535,3,0,1231)
w(534,1,0,1231)
r(535,3,0,1231)
r(535,3,8,1233)
r(535,3,8,1233)
w(536,1,8,1233)
r(534,1,8,1233)
r(535,3,8,1233)
w(534,2,4,1235)
w(538,1,4,1235)
r(537,0,4,1235)
w(538,2,4,1235)
r(538,2,18,1237)
w(536,2,18,1237)
w(537,1,18,1237)
w(537,2,18,1237)
r(538,2,18,1237)
r(538,2,18,1237)
r(538,2,18,1237)
w(538,3,18,1237)
r(538,3,14,1239)
w(539,1,14,1239)
r(539,1,14,1239)
r(539,1,14,1239)
w(536,3,14,1239)
r(537,2,14,1239)
r(539,1,14,1239)
w(539,2,17,1241)
r(539,2,17,1241)
w(539,3,17,1241)
w(537,3,17,1241)
r(531,2,11,1243)
r(537,3,11,1243)
r(539,3,11,1243)
r(537,3,11,1243)
r(541,0,11,1243)
w(541,1,11,1243)
r(541,1,7,1245)
r(541,1,7,1245)
w(541,2,7,1245)
r(541,2,7,1245)
r(541,2,7,1245)
w(534,3,7,1245)
w(542,1,7,1245)
r(542,1,7,1245)
r(541,2,18,1247)
r(541,2,18,1247)
r(534,3,18,1247)
r(542,1,18,1247)
w(541,3,18,1247)
r(543,0,0,1249)
r(534,3,0,1249)
w(543,1,0,1249)
r(542,1,0,1249)
r(531,2,0,1249)
r(534,3,13,1251)
w(542,2,13,1251)
w(542,3,13,1251)
r(542,3,13,1251)
r(542,3,13,1251)
r(544,0,14,1253)
r(542,3,14,1253)
r(540,0,14,1253)
w(543,2,14,1253)
w(543,3,14,1253)
r(542,3,6,1255)
r(543,3,6,1255)
w(545,1,6,1255)
r(544,0,6,1255)
w(545,2,7,1257)
w(546,1,7,1257)
w(546,2,7,1257)
r(545,2,7,1257)
w(531,3,7,1257)
w(545,3,7,1257)
r(544,0,9,1259)
r(546,2,9,1259)
r(545,3,9,1259)
r(545,3,9,1259)
r(544,0,9,1259)
w(547,1,9,1259)
r(547,1,9,1259)
w(546,3,6,1261)
r(547,1,6,1261)
r(531,3,6,1261)
w(547,2,6,1261)
w(547,3,6,1261)
r(547,3,6,1261)
w(544,1,6,1261)
w(549,1,6,1261)
r(549,1,5,1263)
r(549,1,5,1263)
r(548,0,5,1263)
w(544,2,5,1263)
w(549,2,5,1263)
w(549,3,5,1263)
w(544,3,10,1265)
w(551,1,10,1265)
r(551,1,10,1265)
r(551,1,10,1265)
w(551,2,9,1267)
r(540,0,9,1267)
r(551,2,9,1267)
r(551,2,9,1267)
w(551,3,9,1267)
w(548,1,9,1267)
r(548,1,11,1270)
w(548,2,11,1270)
w(552,1,11,1270)
r(552,1,11,1270)
r(552,1,11,1270)
w(548,3,11,1270)
r(553,0,1,1273)
r(553,0,1,1273)
r(540,0,1,1273)
w(553,1,1,1273)
r(552,1,11,1275)
r(540,0,11,1275)
r(552,1,11,1275)
r(540,0,11,1275)
r(555,0,11,1275)
r(553,1,2,1277)
r(555,0,2,1277)
r(554,0,2,1277)
r(555,0,2,1277)
r(553,1,2,1277)
w(553,2,2,1277)
r(555,0,2,1277)
r(554,0,2,1277)
w(554,1,9,1279)
r(540,0,9,1279)
r(553,2,9,1279)
w(555,1,9,1279)
r(555,1,9,1279)
w(553,3,19,1281)
r(555,1,19,1281)
r(550,0,19,1281)
w(555,2,19,1281)
r(550,0,19,1281)
w(555,3,19,1281)
w(556,1,19,1281)
w(557,1,19,1281)
r(554,1,9,1283)
r(556,1,9,1283)
w(556,2,9,1283)
w(556,3,9,1283)
r(556,3,9,1283)
r(556,3,9,1283)
r(556,3,2,1285)
w(554,2,2,1285)
r(554,2,2,1285)
w(540,1,2,1285)
w(558,1,2,1285)
w(557,2,2,1285)
w(557,3,15,1287)
r(558,1,15,1287)
r(557,3,15,1287)
w(554,3,15,1287)
r(557,3,15,1287)
r(558,1,15,1287)
w(559,1,15,1287)
r(554,3,5,1289)
r(540,1,5,1289)
w(558,2,5,1289)
r(558,2,5,1289)
w(559,2,5,1289)
w(558,3,18,1291)
r(540,1,18,1291)
r(558,3,18,1291)
r(559,2,18,1291)
r(558,3,18,1291)
w(561,1,18,1291)
w(560,1,18,1291)
r(561,1,16,1293)
r(559,2,16,1293)
r(561,1,16,1293)
w(561,2,16,1293)
w(540,2,15,1295)
w(561,3,15,1295)
r(561,3,15,1295)
r(560,1,15,1295)
w(562,1,15,1295)
w(559,3,15,1295)
w(562,2,15,1295)
r(560,1,15,1295)
w(562,3,2,1297)
w(563,1,2,1297)
r(562,3,2,1297)
r(564,0,2,1297)
w(563,2,2,1297)
r(564,0,2,1297)
w(564,1,2,1297)
w(564,2,2,1297)
r(564,2,4,1299)
w(564,3,4,1299)
r(564,3,4,1299)
r(550,0,4,1299)
w(563,3,4,1299)
r(563,3,4,1299)
r(564,3,5,1301)
r(564,3,5,1301)
r(565,0,5,1301)
w(560,2,5,1301)
w(565,1,5,1301)
w(565,2,5,1301)
r(563,3,13,1303)
w(550,1,13,1303)
r(565,2,13,1303)
r(565,2,13,1303)
r(565,2,13,1303)
r(565,2,3,1305)
w(565,3,3,1305)
r(565,3,3,1305)
r(567,0,3,1305)
w(550,2,15,1307)
r(567,0,15,1307)
r(566,0,15,1307)
r(567,0,15,1307)
r(567,0,15,1307)
r(560,2,14,1310)
r(567,0,14,1310)
r(567,0,14,1310)
r(567,0,14,1310)
r(567,0,16,1311)
r(560,2,16,1311)
w(567,1,16,1311)
r(560,2,16,1311)
w(567,2,16,1311)
w(566,1,16,1311)
r(550,2,16,1311)
r(568,0,12,1314)
w(560,3,12,1314)
r(568,0,12,1314)
r(568,0,12,1314)
w(567,3,3,1315)
w(550,3,3,1315)
w(540,3,3,1315)
r(566,1,3,1315)
r(568,0,3,1315)
w(568,1,3,1315)
r(560,2,3,1315)
w(566,2,10,1317)
w(568,2,10,1317)
w(568,3,10,1317)
w(566,3,10,1317)
r(568,3,10,1317)
r(568,3,10,1317)
r(568,3,10,1317)
r(566,3,10,1317)
r(570,0,12,1319)
r(569,0,12,1319)
r(566,3,12,1319)
r(560,3,12,1319)
w(570,1,12,1319)
r(570,1,12,1319)
r(566,3,12,1319)
r(570,1,18,1321)
w(570,2,18,1321)
r(570,2,18,1321)
r(570,2,18,1321)
w(570,3,18,1321)
w(569,1,18,1321)
r(572,0,18,1321)
w(573,1,6,1323)
r(573,1,6,1323)
w(573,2,6,1323)
w(573,3,6,1323)
w(574,1,6,1323)
w(571,1,6,1323)
r(574,1,16,1325)
r(574,1,16,1325)
w(574,2,16,1325)
r(571,1,16,1325)
r(572,0,16,1325)
r(574,2,16,1325)
w(574,3,12,1327)
r(574,3,12,1327)
w(572,1,12,1327)
w(569,2,12,1327)
r(572,1,12,1327)
r(572,1,12,1327)
r(575,0,12,1327)
w(575,1,12,1327)
w(571,2,1,1329)
r(575,1,1,1329)
r(575,1,1,1329)
w(575,2,1,1329)
r(572,1,1,1329)
w(575,3,1,1329)
r(575,3,1,1329)
r(572,1,10,1331)
r(571,2,10,1331)
r(575,3,10,1331)
w(572,2,10,1331)
r(572,2,10,1331)
w(576,1,10,1331)
r(576,1,10,1331)
w(571,3,2,1333)
r(576,1,2,1333)
w(572,3,2,1333)
r(569,2,2,1333)
w(576,2,2,1333)
r(577,0,2,1333)
r(576,2,2,1333)
r(576,2,16,1335)
r(576,2,16,1335)
r(576,2,16,1335)
w(576,3,16,1335)
r(577,0,13,1337)
r(578,0,13,1337)
r(578,0,13,1337)
r(576,3,13,1337)
w(577,1,13,1337)
r(576,3,5,1339)
r(578,0,5,1339)
w(579,1,5,1339)
r(579,1,5,1339)
r(579,1,5,1339)
r(579,1,5,1339)
r(579,1,5,1339)
r(569,2,19,1341)
w(578,1,19,1341)
w(578,2,19,1341)
w(578,3,19,1341)
r(579,1,19,1341)
w(580,1,19,1341)
r(579,1,19,1341)
r(579,1,15,1343)
r(579,1,15,1343)
r(579,1,15,1343)
w(580,2,15,1343)
w(580,3,15,1343)
r(579,1,15,1343)
r(580,3,15,1343)
w(579,2,15,1343)
w(579,3,14,1345)
w(577,2,14,1345)
r(580,3,14,1345)
w(577,3,14,1345)
w(582,1,15,1347)
w(583,1,15,1347)
w(583,2,15,1347)
r(583,2,15,1347)
w(582,2,15,1347)
r(581,0,6,1349)
w(569,3,6,1349)
w(581,1,6,1349)
w(581,2,6,1349)
w(581,3,8,1351)
r(550,3,8,1351)
r(585,0,8,1351)
r(583,2,8,1351)
w(585,1,8,1351)
r(585,1,8,1351)
w(583,3,8,1351)
r(584,0,1,1353)
r(583,3,1,1353)
r(582,2,1,1353)
w(585,2,1,1353)
r(582,2,1,1353)
r(585,2,1,1355)
r(586,0,1,1355)
r(582,2,1,1355)
r(585,2,1,1355)
w(585,3,1,1355)
w(582,3,9,1357)
r(587,0,9,1357)
w(587,1,9,1357)
r(582,3,9,1357)
r(550,3,9,1357)
w(587,2,9,1357)
r(587,2,9,1357)
r(586,0,9,1357)
r(586,0,16,1359)
r(586,0,16,1359)
w(586,1,16,1359)
r(586,1,16,1359)
r(587,2,16,1359)
r(586,1,16,1359)
r(584,0,11,1361)
w(587,3,11,1361)
w(586,2,11,1361)
r(589,0,11,1361)
r(589,0,11,1361)
r(589,0,11,1361)
r(586,2,11,1361)
r(584,0,5,1363)
w(589,1,5,1363)
r(588,0,5,1363)
w(586,3,5,1363)
r(586,3,12,1365)
r(588,0,12,1365)
r(589,1,12,1365)
r(586,3,12,1365)
w(590,1,12,1367)
w(590,2,12,1367)
r(589,1,12,1367)
r(590,2,12,1367)
r(588,0,6,1369)
w(589,2,6,1369)
r(589,2,6,1369)
r(589,2,6,1369)
w(589,3,6,1369)
w(590,3,5,1371)
w(588,1,5,1371)
w(588,2,5,1371)
w(588,3,5,1371)
r(589,3,5,1371)
r(589,3,0,1373)
r(550,3,0,1373)
r(589,3,0,1373)
r(589,3,0,1373)
r(591,0,15,1375)
w(591,1,15,1375)
r(589,3,15,1375)
r(589,3,15,1375)
r(589,3,15,1375)
w(592,1,15,1375)
r(592,1,18,1378)
r(592,1,18,1378)
w(592,2,18,1378)
r(593,0,18,1378)
w(592,3,18,1378)
r(592,1,9,1379)
r(591,1,9,1379)
w(584,1,9,1379)
w(593,1,9,1379)
w(595,1,9,1379)
w(593,2,9,1379)
w(591,2,9,1379)
w(595,2,0,1381)
r(591,2,0,1381)
r(593,2,0,1381)
r(591,2,0,1381)
r(595,2,0,1381)
w(584,2,10,1383)
r(595,2,10,1383)
r(593,2,10,1383)
w(595,3,10,1383)
w(593,3,10,1383)
r(595,3,10,1383)
r(595,3,10,1383)
r(591,2,19,1385)
r(593,3,19,1385)
r(591,2,19,1385)
r(596,0,19,1385)
w(596,1,19,1385)
r(593,3,19,1385)
r(596,1,19,1385)
w(596,2,19,1385)
r(597,0,5,1387)
r(596,2,5,1387)
w(596,3,5,1387)
w(594,1,5,1387)
r(594,1,5,1387)
r(596,3,5,1387)
w(598,1,5,1387)
r(598,1,16,1389)
w(598,2,16,1389)
w(597,1,16,1389)
r(591,2,16,1389)
r(591,2,16,1389)
w(591,3,10,1391)
r(598,2,10,1391)
w(598,3,10,1391)
r(597,1,10,1391)
r(598,3,10,1391)
w(599,1,10,1391)
w(597,2,10,1391)
w(597,3,10,1391)
r(584,2,17,1393)
w(599,2,17,1393)
w(600,1,17,1393)
r(599,2,17,1393)
r(597,3,17,1393)
w(599,3,17,1393)
w(584,3,17,1393)
r(602,0,3,1395)
w(602,1,3,1395)
w(602,2,3,1395)
w(601,1,3,1395)
r(602,2,3,1395)
w(602,3,3,1395)
w(601,2,3,1395)
r(584,3,3,1395)
r(602,3,13,1397)
r(602,3,13,1397)
r(600,1,13,1397)
r(601,2,13,1397)
r(600,1,18,1399)
r(601,2,18,1399)
r(603,0,18,1399)
w(601,3,18,1399)
w(603,1,18,1399)
r(603,1,18,1399)
r(600,1,18,1399)
w(603,2,18,1399)
r(603,2,13,1401)
w(594,2,13,1401)
r(584,3,13,1401)
r(603,2,13,1401)
w(603,3,13,1401)
r(603,3,13,1401)
w(604,1,14,1403)
r(605,0,14,1403)
r(584,3,14,1403)
r(584,3,14,1403)
r(600,1,14,1403)
w(604,2,14,1403)
r(584,3,13,1405)
r(600,1,13,1405)
w(605,1,13,1405)
r(605,1,13,1405)
r(605,1,13,1405)
w(605,2,9,1407)
w(605,3,9,1407)
w(606,1,9,1407)
w(606,2,9,1407)
r(606,2,9,1407)
w(606,3,9,1407)
r(600,1,9,1407)
r(608,0,9,1407)
w(600,2,11,1409)
r(600,2,11,1409)
r(608,0,11,1409)
r(608,0,11,1409)
r(604,2,11,1409)
w(608,1,5,1411)
r(604,2,5,1411)
w(608,2,5,1411)
r(608,2,5,1411)
r(608,2,2,1413)
r(600,2,2,1413)
r(600,2,2,1413)
r(600,2,2,1413)
w(608,3,2,1413)
r(608,3,2,1413)
r(604,2,11,1415)
r(600,2,11,1415)
w(609,1,11,1415)
r(609,1,11,1415)
r(607,0,11,1415)
w(600,3,11,1415)
w(604,3,11,1415)
r(607,0,11,1415)
w(609,2,19,1417)
w(609,3,19,1417)
r(609,3,19,1417)
r(610,0,19,1417)
r(600,3,19,1417)
r(600,3,9,1419)
w(610,1,9,1419)
r(609,3,9,1419)
w(610,2,9,1419)
w(611,1,9,1419)
w(611,2,9,1419)
w(611,3,9,1419)
r(611,3,9,1419)
w(610,3,14,1421)
r(611,3,14,1421)
r(600,3,14,1421)
r(607,0,14,1421)
r(600,3,14,1421)
w(612,1,14,1421)
r(612,1,14,1421)
w(612,2,14,1421)
w(612,3,14,1423)
r(614,0,14,1423)
w(614,1,14,1423)
w(614,2,14,1423)
w(614,3,14,1423)
r(615,0,7,1425)
r(600,3,7,1425)
r(613,0,7,1425)
r(615,0,7,1425)
r(615,0,7,1425)
w(607,1,7,1425)
r(615,0,7,1425)
r(613,0,7,1425)
r(615,0,10,1427)
w(616,1,10,1427)
w(615,1,10,1427)
r(615,1,10,1427)
w(613,1,6,1429)
w(613,2,6,1429)
r(616,1,6,1429)
w(616,2,6,1429)
r(613,2,17,1431)
w(615,2,17,1431)
w(615,3,17,1431)
r(615,3,17,1431)
w(616,3,17,1431)
r(617,0,12,1433)
w(617,1,12,1433)
r(618,0,12,1433)
w(617,2,12,1433)
r(617,2,17,1435)
w(613,3,17,1435)
r(617,2,17,1435)
r(613,3,17,1435)
w(617,3,11,1437)
r(617,3,11,1437)
w(607,2,11,1437)
r(619,0,11,1437)
r(619,0,11,1437)
w(619,1,11,1437)
r(619,1,1,1439)
w(619,2,1,1439)
w(619,3,1,1439)
r(619,3,1,1439)
w(621,1,1,1439)
w(621,2,1,1439)
r(620,0,12,1441)
w(621,3,12,1441)
w(618,1,12,1441)
r(620,0,12,1441)
w(620,1,12,1441)
w(620,2,12,1441)
r(620,2,12,1441)
w(594,3,12,1441)
r(618,1,3,1443)
r(594,3,3,1443)
w(622,1,3,1443)
w(622,2,3,1443)
w(622,3,3,1443)
r(622,3,15,1445)
r(618,1,15,1445)
w(624,1,15,1445)
r(624,1,15,1445)
w(618,2,15,1445)
r(620,2,15,1445)
r(618,2,13,1447)
w(624,2,13,1447)
w(620,3,13,1447)
r(618,2,13,1447)
w(624,3,18,1449)
r(624,3,18,1449)
r(624,3,18,1449)
r(607,2,18,1449)
r(625,0,18,1449)
r(625,0,18,1449)
w(618,3,18,1449)
w(625,1,8,1451)
r(620,3,8,1451)
r(626,0,8,1451)
r(626,0,8,1451)
w(625,2,9,1453)
r(626,0,9,1453)
r(625,2,9,1453)
w(625,3,9,1453)
w(607,3,9,1453)
r(627,0,9,1453)
w(623,1,9,1453)
r(627,0,9,1453)
w(627,1,5,1455)
r(627,1,5,1455)
r(627,1,5,1455)
w(627,2,5,1455)
r(626,0,5,1455)
r(620,3,5,1455)
r(627,2,5,1455)
r(620,3,10,1458)
r(626,0,10,1458)
r(627,2,10,1458)
w(627,3,10,1458)
w(628,1,10,1458)
r(627,3,10,1458)
r(629,0,19,1463)
r(628,1,19,1463)
w(629,2,19,1463)
r(629,2,19,1463)
r(629,2,19,1463)
w(628,3,19,1463)
r(628,3,19,1463)
r(629,2,19,1463)
w(629,3,4,1465)
r(631,0,4,1465)
r(629,3,4,1465)
w(632,1,4,1465)
r(630,0,4,1465)
w(632,2,4,1465)
r(632,2,4,1465)
r(628,3,4,1465)
r(632,2,8,1467)
r(632,2,8,1467)
w(631,1,8,1467)
r(632,2,8,1467)
r(632,2,8,1467)
w(632,3,18,1469)
r(633,0,18,1469)
w(634,1,18,1469)
r(634,1,18,1469)
w(634,2,18,1469)
w(633,1,17,1471)
r(633,1,17,1471)
r(634,2,17,1471)
r(633,1,17,1471)
r(630,0,17,1471)
r(633,1,17,1471)
r(634,2,17,1471)
r(634,2,17,1471)
w(634,3,1,1473)
w(633,2,1,1473)
w(633,3,1,1473)
r(630,0,1,1473)
r(633,3,1,1473)
r(623,1,14,1475)
w(635,1,14,1475)
r(633,3,14,1475)
w(631,2,14,1475)
r(635,1,14,1475)
r(630,0,14,1475)
w(635,2,14,1475)
r(633,3,3,1477)
w(635,3,3,1477)
r(635,3,3,1477)
r(636,0,3,1477)
w(636,1,3,1477)
r(636,1,3,1477)
w(631,3,3,1477)
r(631,3,3,1477)
r(637,0,10,1479)
w(636,2,10,1479)
r(637,0,10,1479)
w(636,3,10,1479)
w(637,1,10,1479)
w(630,1,10,1479)
w(637,2,10,1479)
r(638,0,4,1481)
w(639,1,4,1481)
r(637,2,4,1481)
r(638,0,4,1481)
w(639,2,4,1481)
r(638,0,15,1483)
r(638,0,15,1483)
w(638,1,15,1483)
w(638,2,15,1483)
r(638,2,15,1483)
w(637,3,15,1483)
w(638,3,15,1483)
r(638,3,1,1485)
w(639,3,1,1485)
r(640,0,1,1485)
r(630,1,1,1485)
w(640,1,1,1485)
r(639,3,7,1487)
r(639,3,7,1487)
w(640,2,7,1487)
r(638,3,7,1487)
r(630,1,7,1487)
w(640,3,7,1487)
r(639,3,7,1487)
w(641,1,1,1489)
w(641,2,1,1489)
r(641,2,1,1489)
r(641,2,1,1489)
r(641,2,1,1489)
r(641,2,1,1489)
w(641,3,1,1489)
r(642,0,6,1491)
r(642,0,6,1491)
w(642,1,6,1491)
r(639,3,6,1491)
w(642,2,6,1491)
w(623,2,6,1491)
w(643,1,7,1493)
r(642,2,7,1493)
r(643,1,7,1493)
r(642,2,7,1493)
r(643,1,7,1493)
r(639,3,7,1493)
w(643,2,7,1493)
r(630,1,7,1493)
r(643,2,9,1495)
w(642,3,9,1495)
w(643,3,9,1495)
r(639,3,9,1495)
r(643,3,12,1497)
r(643,3,12,1497)
r(645,0,12,1497)
r(642,3,12,1497)
r(630,1,12,1497)
w(645,1,12,1497)
r(642,3,12,1497)
r(645,1,12,1497)
r(645,1,6,1499)
w(645,2,6,1499)
r(645,2,6,1499)
w(645,3,6,1499)
w(630,2,6,1499)
r(646,0,6,1499)
r(644,0,6,1499)
r(646,0,17,1501)
r(642,3,17,1501)
w(646,1,17,1501)
r(642,3,17,1501)
r(646,1,17,1501)
w(646,2,17,1501)
w(630,3,17,1501)
r(642,3,14,1504)
w(646,3,14,1504)
r(644,0,14,1504)
r(648,0,14,1504)
w(648,1,11,1505)
w(648,2,11,1505)
r(648,2,11,1505)
r(648,2,11,1505)
w(648,3,11,1505)
w(644,1,1,1507)
r(649,0,1,1507)
w(649,1,1,1507)
r(647,0,1,1507)
r(649,1,1,1507)
r(647,0,1,1507)
r(644,1,1,1507)
w(647,1,1,1507)
w(647,2,19,1509)
w(649,2,19,1509)
w(647,3,19,1509)
w(649,3,19,1509)
r(649,3,19,1509)
r(649,3,1,1511)
r(647,3,1,1511)
r(647,3,1,1511)
w(650,1,1,1511)
w(650,2,1,1511)
r(650,2,1,1511)
r(650,2,12,1514)
r(647,3,12,1514)
r(650,2,12,1514)
r(650,2,12,1514)
w(623,3,12,1514)
w(650,3,12,1514)
r(647,3,12,1514)
r(650,3,12,1514)
r(651,0,1,1515)
w(651,1,1,1515)
w(652,1,1,1515)
r(650,3,1,1515)
w(652,2,1,1515)
w(644,2,1,1517)
w(651,2,1,1517)
r(644,2,1,1517)
r(653,0,1,1517)
w(653,1,1,1517)
w(652,3,1,1517)
r(644,2,1,1517)
r(651,2,16,1519)
r(653,1,16,1519)
w(651,3,16,1519)
w(653,2,16,1519)
r(644,2,16,1519)
w(654,1,16,1519)
r(654,1,16,1519)
r(644,2,16,1519)
r(654,1,0,1521)
r(654,1,0,1521)
w(653,3,0,1521)
r(654,1,0,1521)
r(656,0,0,1521)
w(644,3,0,1521)
r(654,1,10,1524)
r(654,1,10,1524)
w(656,1,10,1524)
w(657,1,10,1524)
r(656,1,10,1524)
r(656,1,10,1524)
w(656,2,10,1524)
r(657,1,7,1527)
r(658,0,7,1527)
r(658,0,7,1527)
r(658,0,7,1527)
r(656,2,7,1527)
r(656,2,7,1527)
r(623,3,7,1527)
w(657,2,14,1529)
r(655,0,14,1529)
r(656,2,14,1529)
r(656,2,14,1529)
r(656,2,11,1531)
w(657,3,11,1531)
r(658,0,11,1531)
w(658,1,11,1531)
r(656,2,11,1531)
r(656,2,11,1531)
r(656,2,18,1533)
w(658,2,18,1533)
r(656,2,18,1533)
r(657,3,18,1533)
r(655,0,1,1535)
r(655,0,1,1535)
w(658,3,1,1535)
r(656,2,1,1535)
r(656,2,1,1535)
r(656,2,15,1537)
w(655,1,15,1537)
r(658,3,15,1537)
w(655,2,15,1537)
r(660,0,15,1537)
w(660,1,15,1537)
r(659,0,15,1537)
w(660,2,15,1537)
r(660,2,16,1539)
r(660,2,16,1539)
w(659,1,16,1539)
w(660,3,16,1539)
w(661,1,16,1539)
w(661,2,16,1539)
r(663,0,9,1541)
w(663,1,9,1541)
w(663,2,9,1541)
w(662,1,9,1541)
w(662,2,9,1541)
w(661,3,0,1543)
w(663,3,0,1543)
r(663,3,0,1543)
w(664,1,0,1543)
r(664,1,13,1545)
w(664,2,13,1545)
r(664,2,13,1545)
r(664,2,13,1545)
r(659,1,13,1545)
w(664,3,9,1547)
r(655,2,9,1547)
r(665,0,9,1547)
r(661,3,9,1547)
r(665,0,9,1547)
w(665,1,9,1547)
w(655,3,15,1549)
w(665,2,15,1549)
w(665,3,15,1549)
r(661,3,15,1549)
r(655,3,15,1549)
r(665,3,15,1549)
r(665,3,13,1551)
r(667,0,13,1551)
r(666,0,13,1551)
w(666,1,13,1551)
w(667,1,13,1551)
w(667,2,13,1551)
r(659,1,11,1553)
r(667,2,11,1553)
w(666,2,11,1553)
r(667,2,11,1553)
w(667,3,11,1553)
r(668,0,11,1553)
w(668,1,13,1555)
r(666,2,13,1555)
r(666,2,13,1555)
w(666,3,13,1555)
r(666,3,2,1557)
r(666,3,2,1557)
r(659,1,2,1557)
r(666,3,2,1557)
r(668,1,2,1557)
r(668,1,2,1557)
r(670,0,2,1560)
w(671,1,2,1560)
r(669,0,2,1560)
w(671,2,2,1560)
r(670,0,2,1560)
w(668,2,4,1561)
r(669,0,4,1561)
w(668,3,4,1561)
w(669,1,4,1561)
r(668,3,4,1561)
r(671,2,12,1563)
r(659,1,12,1563)
w(671,3,12,1563)
w(659,2,12,1563)
r(659,2,12,1563)
r(669,1,12,1563)
r(671,3,4,1565)
w(659,3,4,1565)
r(669,1,4,1565)
r(669,1,4,1565)
r(669,1,4,1565)
r(671,3,4,1565)
w(672,1,4,1565)
w(672,2,9,1567)
w(662,3,9,1567)
r(672,2,9,1567)
w(669,2,9,1567)
r(672,2,9,1567)
r(672,2,9,1567)
w(670,1,9,1567)
w(672,3,4,1569)
r(672,3,4,1569)
r(669,2,4,1569)
r(669,2,4,1569)
w(669,3,4,1569)
r(669,3,4,1569)
r(672,3,4,1569)
r(672,3,4,1569)
w(674,1,2,1571)
r(674,1,2,1571)
r(675,0,2,1571)
r(673,0,2,1571)
r(675,0,2,1571)
r(673,0,2,1571)
r(675,0,2,1571)
w(675,1,6,1573)
r(675,1,6,1573)
w(670,2,6,1573)
w(675,2,6,1573)
w(675,3,6,1573)
w(673,1,10,1575)
w(674,2,10,1575)
r(675,3,10,1575)
r(674,2,10,1575)
r(677,0,10,1575)
w(674,3,10,1575)
w(677,1,10,1575)
r(677,1,10,1575)
w(677,2,10,1577)
w(677,3,10,1577)
w(673,2,10,1577)
r(674,3,10,1577)
r(677,3,10,1577)
r(678,0,10,1577)
r(678,0,10,1577)
r(678,0,10,1577)
r(678,0,17,1579)
w(679,1,17,1579)
r(678,0,17,1579)
w(678,1,17,1579)
w(673,3,17,1579)
w(678,2,14,1582)
w(678,3,14,1582)
r(680,0,14,1582)
w(680,1,14,1582)
w(680,2,14,1582)
w(680,3,14,1582)
r(679,1,14,1582)
w(681,1,17,1583)
r(670,2,17,1583)
w(679,2,17,1583)
r(681,1,17,1583)
w(681,2,17,1583)
r(681,2,3,1585)
r(679,2,3,1585)
r(681,2,3,1585)
w(681,3,3,1585)
r(682,0,3,1585)
w(683,1,3,1585)
r(683,1,3,1585)
r(683,1,16,1587)
r(683,1,16,1587)
r(682,0,16,1587)
r(683,1,16,1587)
