w(4,1,12,1)
r(3,0,12,1)
r(4,1,12,1)
r(4,1,12,1)
r(4,1,12,1)
w(4,2,12,1)
w(1,1,12,1)
w(4,3,12,1)
r(4,3,10,3)
r(0,0,10,3)
r(3,0,10,3)
r(0,0,10,3)
r(5,0,10,3)
r(3,0,10,3)
w(1,2,15,5)
r(3,0,15,5)
w(2,1,15,5)
r(1,2,15,5)
r(5,0,19,7)
r(5,0,19,7)
r(5,0,19,7)
w(5,1,19,7)
w(0,1,16,9)
w(3,1,16,9)
r(3,1,16,9)
r(5,1,16,9)
w(5,2,4,11)
w(2,2,4,11)
w(5,3,4,11)
r(1,2,4,11)
w(2,3,4,11)
r(6,0,4,11)
r(2,3,10,13)
w(6,1,10,13)
r(2,3,10,13)
r(6,1,10,13)
r(6,1,10,13)
w(6,2,10,13)
r(6,2,10,13)
r(2,3,4,16)
w(3,2,4,16)
r(2,3,4,16)
w(3,3,4,16)
r(6,2,4,16)
w(6,3,4,16)
r(6,3,4,16)
w(8,1,1,17)
w(7,1,1,17)
w(8,2,1,17)
w(8,3,1,17)
r(8,3,18,19)
w(9,1,18,19)
r(7,1,18,19)
w(10,1,18,19)
r(7,1,1,21)
r(10,1,1,21)
w(7,2,1,21)
w(10,2,1,21)
w(7,3,1,21)
w(9,2,1,21)
r(7,3,1,21)
w(9,3,1,21)
r(9,3,16,23)
w(1,3,16,23)
r(7,3,16,23)
w(10,3,16,23)
r(10,3,16,23)
w(12,1,16,23)
r(13,0,16,23)
r(13,0,9,25)
r(12,1,9,25)
w(14,1,9,25)
r(14,1,9,25)
w(14,2,9,25)
r(14,2,9,25)
r(0,1,9,25)
w(13,1,18,27)
r(12,1,18,27)
r(13,1,18,27)
r(14,2,18,27)
r(14,2,18,27)
w(14,3,18,27)
r(14,3,4,29)
r(13,1,4,29)
r(14,3,4,29)
w(15,1,4,29)
r(12,1,4,29)
w(12,2,4,29)
r(15,1,4,29)
r(15,1,18,31)
r(15,1,18,31)
r(12,2,18,31)
w(15,2,18,31)
w(15,3,18,31)
w(16,1,18,31)
r(11,0,4,33)
w(16,2,4,33)
r(16,2,4,33)
w(16,3,4,33)
w(11,1,4,33)
r(16,3,4,33)
r(13,1,4,33)
r(16,3,12,35)
r(16,3,12,35)
r(13,1,12,35)
r(16,3,12,35)
r(16,3,12,35)
w(11,2,12,35)
r(16,3,2,37)
r(13,1,2,37)
r(16,3,2,37)
r(11,2,2,37)
w(17,1,0,39)
w(17,2,0,39)
w(12,3,0,39)
w(17,3,0,39)
r(17,3,9,41)
r(12,3,9,41)
r(17,3,9,41)
r(13,1,9,41)
w(0,2,9,41)
r(17,3,9,41)
r(17,3,9,41)
r(18,0,9,45)
w(19,1,9,45)
w(19,2,9,45)
r(19,2,9,45)
r(19,2,9,45)
r(13,1,14,47)
w(20,1,14,47)
w(11,3,14,47)
w(20,2,14,47)
r(20,2,14,47)
w(20,3,14,47)
r(20,3,8,49)
w(21,1,8,49)
w(18,2,8,49)
r(18,2,8,49)
r(21,1,19,51)
w(13,2,19,51)
w(21,2,19,51)
r(21,2,19,51)
r(21,2,19,51)
w(18,3,19,51)
w(13,3,19,51)
r(18,3,10,53)
w(21,3,10,53)
r(21,3,10,53)
r(18,3,10,53)
w(22,1,10,53)
r(21,3,10,53)
w(22,2,10,53)
r(21,3,10,53)
r(18,3,6,55)
w(23,1,6,55)
r(23,1,6,55)
r(18,3,6,55)
r(18,3,6,55)
w(23,2,6,55)
w(23,3,11,57)
r(11,3,11,57)
r(24,0,11,57)
w(24,1,11,57)
r(18,3,9,59)
r(24,1,9,59)
r(11,3,9,59)
w(24,2,9,59)
r(24,2,9,59)
w(24,3,9,59)
r(11,3,9,59)
r(24,3,9,59)
r(26,0,9,61)
w(22,3,9,61)
w(26,1,9,61)
w(26,2,9,61)
r(26,2,9,61)
w(0,3,17,63)
r(26,2,17,63)
w(25,1,17,63)
w(25,2,17,63)
w(25,3,17,63)
r(26,2,7,65)
r(25,3,7,65)
r(26,2,7,65)
w(26,3,7,65)
r(28,0,12,67)
r(22,3,12,67)
w(29,1,12,67)
r(25,3,12,67)
w(29,2,12,67)
r(29,2,12,67)
r(29,2,8,69)
r(25,3,8,69)
r(29,2,8,69)
w(29,3,8,69)
r(27,0,8,69)
r(30,0,8,69)
r(25,3,8,69)
r(25,3,8,69)
r(22,3,0,72)
r(25,3,0,72)
r(30,0,0,72)
r(30,0,0,72)
w(30,1,0,72)
w(30,2,0,72)
r(30,2,0,72)
r(31,0,0,72)
w(33,1,6,75)
r(31,0,6,75)
w(31,3,6,75)
w(33,2,6,75)
r(33,2,7,77)
w(33,3,7,77)
r(35,0,7,77)
r(28,0,7,77)
w(35,1,7,77)
r(35,1,7,77)
w(32,2,19,79)
r(34,0,19,79)
r(27,0,19,79)
r(32,2,19,79)
w(35,2,19,79)
r(35,2,19,79)
w(35,3,19,79)
w(34,1,12,82)
w(32,3,12,82)
w(34,2,12,82)
r(27,0,12,82)
w(36,1,12,82)
w(36,2,12,82)
w(36,3,12,82)
r(34,2,12,82)
r(27,0,16,83)
w(34,3,16,83)
r(34,3,16,83)
r(27,0,16,83)
r(36,3,16,83)
w(37,1,3,85)
w(37,2,3,85)
r(34,3,3,85)
r(37,2,3,85)
w(37,3,12,87)
r(38,0,12,87)
r(40,0,12,87)
w(39,1,12,87)
w(39,2,12,87)
w(40,1,12,87)
w(40,2,12,87)
w(40,3,1,89)
w(27,1,1,89)
r(39,2,1,89)
w(39,3,1,89)
r(39,3,1,89)
r(41,0,16,91)
r(42,0,16,91)
r(41,0,16,91)
w(41,1,16,91)
w(41,2,16,91)
w(42,1,16,91)
w(42,2,18,93)
w(41,3,18,93)
r(42,2,18,93)
r(27,1,18,93)
r(43,0,18,93)
r(28,0,18,93)
r(43,0,18,93)
w(43,1,0,95)
w(43,2,0,95)
r(42,2,0,95)
w(43,3,0,95)
r(43,3,7,97)
r(43,3,7,97)
r(43,3,7,97)
w(44,1,7,97)
w(44,2,16,99)
r(42,2,16,99)
w(38,1,16,99)
r(44,2,16,99)
r(44,2,16,99)
r(44,2,17,101)
r(44,2,17,101)
w(27,2,17,101)
r(27,2,17,101)
w(38,2,17,101)
r(38,2,16,103)
r(42,2,16,103)
w(28,1,16,103)
r(27,2,16,103)
r(44,2,16,103)
r(44,2,16,103)
w(42,3,13,105)
w(27,3,13,105)
r(44,2,13,105)
w(44,3,13,105)
r(42,3,13,105)
r(45,0,9,107)
w(45,1,9,107)
w(38,3,9,107)
w(45,2,9,107)
r(45,2,9,107)
w(45,3,3,109)
w(47,1,3,109)
r(27,3,3,109)
r(38,3,3,109)
r(38,3,3,109)
w(46,1,3,109)
r(47,1,15,111)
w(47,2,15,111)
w(47,3,15,111)
w(46,2,15,111)
r(38,3,15,111)
w(46,3,6,113)
r(46,3,6,113)
r(49,0,6,113)
r(49,0,6,113)
w(49,1,6,113)
r(49,1,6,113)
r(28,1,0,115)
w(49,2,0,115)
w(48,1,0,115)
r(47,3,0,115)
r(47,3,0,115)
r(49,2,0,115)
r(50,0,0,115)
r(49,2,0,115)
w(49,3,0,117)
r(38,3,0,117)
w(50,1,0,117)
r(48,1,0,117)
w(48,2,0,117)
r(50,1,0,117)
r(51,0,0,117)
w(51,1,0,117)
r(49,3,11,119)
r(49,3,11,119)
w(50,2,11,119)
w(52,1,11,119)
w(52,2,18,121)
r(52,2,18,121)
r(52,2,18,121)
r(52,2,18,121)
w(50,3,4,123)
w(51,2,4,123)
r(52,2,4,123)
w(53,1,4,123)
r(52,2,4,123)
r(52,2,4,123)
w(52,3,4,125)
r(52,3,4,125)
r(28,1,4,125)
r(53,1,4,125)
r(52,3,4,125)
w(53,2,19,127)
r(54,0,19,127)
r(54,0,19,127)
w(54,1,19,127)
r(54,1,19,127)
r(54,1,15,129)
w(54,2,15,129)
w(54,3,15,129)
w(53,3,15,129)
w(28,2,15,129)
r(54,3,15,129)
r(51,2,10,131)
w(48,3,10,131)
w(55,1,10,131)
r(54,3,10,131)
r(54,3,10,131)
r(55,1,10,131)
w(56,1,10,131)
w(55,2,10,131)
r(55,2,4,133)
w(51,3,4,133)
r(51,3,4,133)
w(56,2,4,133)
r(56,2,7,135)
w(55,3,7,135)
w(56,3,7,135)
r(56,3,7,135)
r(56,3,7,135)
r(51,3,7,135)
r(56,3,7,135)
w(57,1,8,137)
w(58,1,8,137)
w(57,2,8,137)
w(58,2,8,137)
w(57,3,10,139)
r(55,3,10,139)
r(58,2,10,139)
w(58,3,10,139)
w(59,1,10,139)
w(59,2,10,139)
r(59,2,10,139)
w(59,3,10,139)
w(60,1,2,141)
r(60,1,2,141)
r(60,1,2,141)
w(60,2,2,141)
w(60,3,2,141)
r(62,0,18,143)
w(62,1,18,143)
r(60,3,18,143)
r(60,3,18,143)
r(62,1,7,145)
r(62,1,7,145)
w(63,1,7,145)
r(48,3,7,145)
w(62,2,19,147)
w(62,3,19,147)
r(62,3,19,147)
r(63,1,19,147)
w(63,2,19,147)
r(63,2,19,147)
w(61,1,19,147)
r(63,2,19,147)
r(63,2,4,149)
w(64,1,4,149)
r(63,2,4,149)
r(63,2,4,149)
r(64,1,4,149)
w(63,3,4,149)
w(61,2,7,151)
r(65,0,7,151)
w(66,1,7,151)
w(28,3,7,151)
r(65,0,7,151)
r(66,1,19,153)
r(65,0,19,153)
r(65,0,19,153)
w(65,1,19,153)
w(66,2,7,155)
w(65,2,7,155)
w(65,3,7,155)
r(64,1,7,155)
r(65,3,1,157)
r(61,2,1,157)
r(66,2,1,157)
w(66,3,1,157)
w(67,1,1,157)
w(67,2,17,159)
r(67,2,17,159)
r(61,2,17,159)
r(67,2,17,159)
r(67,2,17,159)
w(61,3,17,161)
w(68,1,17,161)
w(67,3,17,161)
r(67,3,17,161)
r(67,3,17,161)
w(68,2,17,161)
w(69,1,7,164)
w(69,2,7,164)
r(68,2,7,164)
r(69,2,7,164)
w(69,3,7,164)
r(61,3,7,164)
w(68,3,4,165)
r(71,0,4,165)
w(70,1,4,165)
r(61,3,4,165)
r(71,0,4,165)
r(71,0,8,167)
r(70,1,8,167)
r(71,0,8,167)
w(71,1,8,167)
r(71,1,7,170)
w(71,2,7,170)
r(61,3,7,170)
r(70,1,7,170)
r(72,0,8,171)
w(70,2,8,171)
w(71,3,8,171)
r(72,0,8,171)
w(73,1,8,171)
r(73,1,8,171)
w(73,2,8,171)
w(70,3,3,173)
w(64,2,3,173)
r(64,2,3,173)
w(73,3,3,173)
r(73,3,3,173)
w(64,3,3,173)
r(73,3,15,175)
r(72,0,15,175)
r(70,3,15,175)
r(70,3,15,175)
w(72,1,15,175)
r(74,0,2,177)
w(74,1,2,177)
r(74,1,2,177)
r(74,1,2,177)
w(72,2,16,179)
w(72,3,16,179)
w(74,2,16,179)
r(74,2,16,179)
r(74,2,16,179)
w(74,3,13,181)
r(72,3,13,181)
w(75,1,13,181)
r(74,3,13,181)
w(75,2,13,181)
w(78,1,10,183)
w(78,2,10,183)
r(78,2,10,183)
r(78,2,10,183)
w(75,3,10,183)
w(78,3,10,183)
r(78,3,10,183)
r(77,0,10,183)
w(79,1,5,185)
w(79,2,5,185)
r(79,2,5,185)
w(80,1,5,185)
w(80,2,5,185)
w(80,3,5,185)
r(80,3,4,187)
w(79,3,4,187)
r(82,0,4,187)
r(81,0,4,187)
w(81,1,4,187)
r(81,1,9,189)
w(77,1,9,189)
w(76,1,9,189)
r(81,1,9,189)
r(81,1,9,189)
w(81,2,9,189)
r(28,3,9,189)
w(81,3,9,189)
w(83,1,10,191)
r(82,0,10,191)
r(83,1,10,191)
w(82,1,10,191)
r(77,1,10,191)
w(83,2,10,191)
w(83,3,1,193)
r(28,3,1,193)
w(82,2,1,193)
r(83,3,1,193)
r(83,3,1,193)
r(82,2,1,193)
w(82,3,1,193)
r(84,0,14,195)
w(84,1,14,195)
r(84,1,14,195)
r(84,1,14,195)
w(85,1,14,195)
w(84,2,14,195)
w(84,3,14,195)
r(85,1,14,195)
r(86,0,1,197)
w(85,2,1,197)
r(86,0,1,197)
w(86,1,1,197)
r(85,2,1,197)
r(76,1,1,197)
w(85,3,1,197)
r(85,3,1,197)
r(85,3,15,199)
w(77,2,15,199)
r(86,1,15,199)
r(86,1,15,199)
w(88,1,15,199)
r(86,1,15,199)
r(86,1,15,199)
w(88,2,15,199)
r(86,1,15,201)
r(77,2,15,201)
w(88,3,15,201)
w(86,2,15,201)
w(87,1,15,201)
w(76,2,15,201)
w(87,2,15,201)
w(86,3,4,203)
r(86,3,4,203)
w(76,3,4,203)
r(88,3,4,203)
r(86,3,4,203)
w(89,1,4,203)
w(90,1,4,203)
w(90,2,4,203)
w(90,3,1,205)
w(89,2,1,205)
r(90,3,1,205)
r(76,3,1,205)
r(77,2,1,205)
r(90,3,9,207)
w(89,3,9,207)
w(91,1,9,207)
r(91,1,9,207)
r(91,1,9,207)
r(89,3,9,207)
w(91,2,9,207)
r(77,2,9,207)
r(89,3,12,209)
r(89,3,12,209)
r(91,2,12,209)
w(92,1,12,209)
w(92,2,12,209)
r(92,2,12,209)
w(87,3,12,209)
r(91,2,13,211)
r(91,2,13,211)
w(92,3,13,211)
r(92,3,13,211)
r(91,2,13,211)
r(92,3,13,211)
r(92,3,13,211)
r(91,2,19,213)
w(91,3,19,213)
r(91,3,19,213)
r(77,2,19,213)
r(91,3,4,216)
r(94,0,4,216)
w(77,3,4,216)
w(95,1,4,216)
r(76,3,0,219)
r(94,0,0,219)
r(95,1,0,219)
r(95,1,0,219)
r(77,3,0,219)
r(93,0,0,219)
r(95,1,0,219)
w(94,3,0,219)
r(95,1,7,221)
r(94,3,7,221)
w(97,1,7,221)
r(94,3,7,221)
r(94,3,7,221)
r(94,3,7,221)
r(93,0,3,223)
r(94,3,3,223)
w(96,1,3,223)
w(97,2,3,223)
r(96,1,3,223)
r(94,3,3,223)
w(96,2,17,225)
w(97,3,17,225)
w(96,3,17,225)
r(94,3,17,225)
r(98,0,17,225)
r(99,0,17,225)
w(100,1,6,227)
w(99,1,6,227)
r(99,1,6,227)
r(99,1,6,227)
w(100,2,6,227)
w(100,3,6,227)
r(101,0,6,227)
w(101,1,3,229)
r(99,1,3,229)
r(102,0,3,229)
w(102,1,3,229)
r(102,1,3,229)
w(102,2,3,229)
r(101,1,9,231)
w(99,2,9,231)
r(102,2,9,231)
w(102,3,9,231)
r(102,3,9,231)
r(101,1,9,231)
r(102,3,9,231)
r(98,0,9,231)
r(102,3,10,233)
r(101,1,10,233)
r(102,3,10,233)
w(101,2,10,233)
w(98,1,10,233)
r(101,2,10,233)
w(93,1,10,233)
r(98,1,10,233)
r(103,0,18,235)
w(103,1,18,235)
w(103,2,18,235)
w(99,3,18,235)
w(101,3,18,235)
r(103,2,18,235)
r(101,3,7,237)
w(98,2,7,237)
r(103,2,7,237)
w(103,3,7,237)
r(103,3,7,237)
r(98,2,7,239)
r(98,2,7,239)
w(105,1,7,239)
r(105,1,7,239)
w(106,1,0,241)
w(105,2,0,241)
r(105,2,0,241)
r(98,2,0,241)
w(104,1,3,244)
r(106,1,3,244)
w(106,2,3,244)
w(106,3,3,244)
r(106,3,3,244)
r(105,2,8,245)
r(107,0,8,245)
w(107,1,8,245)
w(107,2,8,245)
w(105,3,8,245)
r(105,3,8,245)
r(107,2,8,245)
r(107,2,5,247)
r(93,1,5,247)
w(104,2,5,247)
r(98,2,5,247)
w(107,3,5,247)
r(93,1,5,247)
w(108,1,5,247)
w(108,2,5,247)
w(109,1,7,249)
r(108,2,7,249)
r(109,1,7,249)
r(98,2,7,249)
r(109,1,7,249)
w(109,2,7,249)
w(108,3,3,251)
r(109,2,3,251)
w(109,3,3,251)
r(109,3,3,251)
r(109,3,9,253)
r(104,2,9,253)
r(109,3,9,253)
w(104,3,9,253)
r(110,0,9,253)
r(111,0,9,253)
r(110,0,9,253)
r(110,0,9,253)
r(110,0,10,255)
r(104,3,10,255)
r(110,0,10,255)
w(93,2,10,255)
r(111,0,10,255)
r(111,0,10,255)
r(110,0,10,255)
w(110,2,2,258)
w(110,3,2,258)
r(110,3,2,258)
r(110,3,2,258)
r(112,0,2,258)
r(98,2,1,261)
w(113,1,1,261)
r(111,0,1,261)
w(113,2,1,261)
r(113,2,1,261)
r(113,2,6,263)
w(113,3,6,263)
r(111,0,6,263)
r(112,0,6,263)
r(114,0,12,265)
r(111,0,12,265)
w(93,3,12,265)
w(114,1,12,265)
w(112,3,12,265)
w(111,3,12,265)
r(114,1,4,267)
w(114,2,4,267)
r(114,2,4,267)
w(114,3,4,267)
r(115,0,4,267)
r(114,3,4,267)
r(114,3,4,267)
w(115,1,0,269)
w(115,2,0,269)
w(115,3,0,269)
r(114,3,0,269)
r(114,3,0,269)
r(116,0,2,272)
w(116,1,2,272)
w(118,1,2,272)
r(98,2,2,272)
w(118,2,2,272)
r(117,0,2,272)
r(117,0,2,272)
w(120,1,14,275)
r(120,1,14,275)
w(117,2,14,275)
r(120,1,14,275)
r(117,2,14,275)
w(117,3,14,275)
w(119,1,14,275)
r(120,1,14,275)
r(120,1,18,277)
r(120,1,18,277)
r(120,1,18,277)
r(116,1,18,277)
w(120,2,18,277)
w(121,1,18,277)
w(121,2,18,277)
w(122,1,9,279)
w(122,2,9,279)
r(120,2,9,279)
w(120,3,9,279)
w(123,1,12,281)
w(123,2,12,281)
r(123,2,12,281)
w(122,3,12,281)
w(121,3,12,281)
r(121,3,12,281)
r(122,3,12,281)
r(123,2,12,281)
w(116,2,5,283)
w(123,3,5,283)
r(116,2,5,283)
r(124,0,5,283)
r(123,3,5,283)
r(123,3,5,283)
r(125,0,5,283)
w(124,1,5,283)
r(124,1,12,285)
r(124,1,12,285)
r(125,0,12,285)
w(125,1,12,285)
r(116,2,12,285)
r(124,1,12,285)
w(125,2,12,285)
w(124,2,12,285)
w(124,3,13,287)
r(124,3,13,287)
r(124,3,13,287)
r(125,2,13,287)
r(124,3,13,287)
r(116,2,5,289)
r(116,2,5,289)
w(127,1,5,289)
r(125,2,5,289)
r(127,1,5,289)
w(119,2,5,289)
w(125,3,5,289)
r(125,3,5,289)
r(125,3,8,291)
r(127,1,8,291)
w(127,2,8,291)
w(119,3,8,291)
w(127,3,8,291)
r(127,3,8,291)
w(116,3,8,291)
r(128,0,8,291)
r(128,0,13,293)
w(128,1,13,293)
r(127,3,13,293)
w(128,2,13,293)
r(128,2,13,293)
r(129,0,5,295)
w(129,1,5,295)
r(129,1,5,295)
w(129,2,5,295)
r(119,3,5,295)
r(128,2,12,297)
w(128,3,12,297)
r(130,0,12,297)
w(129,3,12,297)
w(130,1,2,299)
w(130,2,2,299)
r(119,3,2,299)
w(131,1,2,299)
r(130,2,2,299)
r(130,2,2,299)
r(129,3,2,299)
r(129,3,2,299)
r(130,2,5,301)
r(130,2,5,301)
r(130,2,5,301)
w(130,3,5,301)
r(130,3,5,301)
r(131,1,5,301)
w(133,1,5,301)
r(132,0,5,301)
r(132,0,3,303)
r(132,0,3,303)
w(126,1,3,303)
r(132,0,3,303)
r(133,1,3,303)
w(132,1,3,303)
w(133,2,3,303)
r(133,2,3,303)
r(119,3,4,305)
w(133,3,4,305)
r(133,3,4,305)
r(132,1,4,305)
w(134,1,12,307)
w(134,2,12,307)
w(134,3,12,307)
r(131,1,12,307)
w(136,1,12,307)
r(132,1,12,307)
w(136,2,7,309)
w(132,2,7,309)
w(132,3,7,309)
w(136,3,7,309)
r(131,1,7,309)
r(136,3,7,309)
r(132,3,7,309)
r(136,3,7,309)
r(137,0,8,312)
w(131,2,8,312)
w(137,1,8,312)
r(136,3,8,312)
w(137,3,6,315)
w(135,1,6,315)
w(138,1,6,315)
r(138,1,6,315)
w(138,2,6,315)
r(138,2,6,315)
r(138,2,8,317)
r(137,3,8,317)
r(138,2,8,317)
w(138,3,8,317)
r(138,3,8,317)
r(137,3,8,317)
w(140,1,8,317)
w(141,1,0,319)
r(141,1,0,319)
w(140,2,0,319)
w(141,2,0,319)
w(126,2,14,321)
r(140,2,14,321)
r(140,2,14,321)
w(141,3,14,321)
r(140,2,14,321)
r(135,1,14,321)
r(140,2,1,323)
w(140,3,1,323)
r(140,3,1,323)
w(139,1,1,323)
r(141,3,1,323)
r(142,0,7,325)
r(141,3,7,325)
r(142,0,7,325)
w(143,1,7,325)
r(143,1,7,325)
w(142,1,7,325)
w(139,2,18,327)
r(142,1,18,327)
r(142,1,18,327)
r(139,2,18,327)
w(142,2,18,327)
w(143,2,18,327)
w(142,3,18,327)
r(144,0,9,329)
w(143,3,9,329)
w(144,1,9,329)
w(144,2,9,329)
w(126,3,9,329)
w(144,3,9,329)
r(139,2,9,329)
r(144,3,3,331)
r(144,3,3,331)
r(135,1,3,331)
r(145,0,3,331)
r(145,0,3,331)
w(139,3,3,331)
r(146,0,3,331)
r(139,3,10,333)
w(146,1,10,333)
w(146,2,10,333)
w(145,1,10,333)
r(147,0,10,333)
w(146,3,1,335)
r(148,0,1,335)
r(148,0,1,335)
r(148,0,1,335)
w(147,1,1,335)
w(145,2,1,335)
w(148,1,1,335)
r(145,2,16,337)
r(148,1,16,337)
r(148,1,16,337)
r(147,1,16,337)
w(148,2,16,337)
w(135,2,0,339)
w(145,3,0,339)
w(148,3,0,339)
r(148,3,0,339)
r(149,0,0,339)
w(149,1,0,339)
r(149,1,0,339)
r(145,3,18,341)
r(149,1,18,341)
w(147,2,18,341)
r(149,1,18,341)
r(150,0,18,341)
r(147,2,3,343)
r(149,1,3,343)
r(150,0,3,343)
r(147,2,3,343)
w(149,2,3,343)
w(149,3,3,343)
r(149,3,3,343)
w(150,1,11,345)
r(150,1,11,345)
w(151,1,11,345)
r(151,1,11,345)
r(147,2,14,347)
r(150,1,14,347)
r(151,1,14,347)
r(151,1,14,347)
w(151,2,14,347)
w(151,3,14,347)
r(150,1,14,347)
w(147,3,14,347)
r(150,1,13,349)
r(150,1,13,349)
w(135,3,13,349)
w(152,1,13,349)
r(152,1,3,353)
w(152,3,3,353)
r(147,3,3,353)
r(152,3,3,353)
r(152,3,3,353)
w(150,2,3,353)
r(152,3,9,355)
r(152,3,9,355)
w(150,3,9,355)
r(152,3,9,355)
r(152,3,13,357)
r(152,3,13,357)
r(152,3,13,357)
r(153,0,13,357)
r(153,0,13,357)
w(156,1,13,357)
r(155,0,13,357)
r(155,0,4,359)
r(155,0,4,359)
w(155,1,4,359)
w(155,2,4,359)
w(156,2,4,359)
r(155,2,4,359)
r(155,2,5,361)
r(150,3,5,361)
r(150,3,5,361)
r(155,2,5,361)
w(155,3,5,361)
r(150,3,5,361)
w(153,1,5,361)
w(157,1,0,363)
r(157,1,0,363)
w(157,2,0,363)
r(157,2,0,363)
r(157,2,0,363)
r(157,2,0,363)
r(157,2,18,365)
r(156,2,18,365)
r(157,2,18,365)
w(157,3,18,365)
r(158,0,18,365)
r(158,0,18,365)
w(158,1,18,365)
r(157,3,18,365)
r(158,1,15,367)
r(158,1,15,367)
w(159,1,15,367)
w(159,2,15,367)
r(159,2,15,367)
w(158,2,11,369)
r(159,2,11,369)
r(159,2,11,369)
w(159,3,11,369)
w(158,3,11,369)
r(159,3,2,371)
r(159,3,2,371)
r(158,3,2,371)
r(153,1,2,371)
r(159,3,5,373)
r(154,0,5,373)
w(153,2,5,373)
r(159,3,5,373)
r(158,3,4,375)
w(153,3,4,375)
r(158,3,4,375)
r(159,3,4,375)
w(156,3,4,375)
r(159,3,4,375)
w(154,1,4,375)
r(161,0,4,375)
w(162,1,14,377)
w(161,1,14,377)
r(162,1,14,377)
w(161,2,14,377)
w(162,2,14,377)
w(162,3,14,377)
w(161,3,14,377)
w(160,1,14,377)
r(161,3,7,379)
w(163,1,7,379)
w(163,2,7,379)
r(161,3,7,379)
r(160,1,7,379)
w(163,3,7,379)
r(161,3,14,381)
r(161,3,14,381)
w(160,2,14,381)
r(164,0,14,381)
r(164,0,14,381)
r(163,3,14,381)
r(164,0,9,383)
r(163,3,9,383)
r(164,0,9,383)
w(164,1,9,383)
r(164,1,9,383)
w(164,2,10,385)
w(160,3,10,385)
w(164,3,10,385)
r(164,3,10,385)
r(166,0,10,385)
r(165,0,10,385)
r(164,3,10,385)
r(167,0,10,385)
w(167,1,2,387)
r(165,0,2,387)
r(165,0,2,387)
r(165,0,2,387)
w(165,1,2,387)
w(167,2,2,387)
w(167,3,4,389)
r(167,3,4,389)
w(166,1,4,389)
r(169,0,4,389)
r(169,0,2,391)
w(165,2,2,391)
w(169,1,2,391)
w(165,3,2,391)
w(169,2,2,391)
w(169,3,5,393)
w(171,1,5,393)
w(171,2,5,393)
w(171,3,5,393)
r(171,3,5,393)
r(171,3,5,393)
w(154,2,19,395)
r(170,0,19,395)
r(170,0,19,395)
r(166,1,19,395)
r(171,3,13,397)
r(171,3,13,397)
r(170,0,13,397)
r(154,2,13,397)
r(171,3,13,397)
r(166,1,13,397)
r(171,3,13,397)
r(154,2,9,399)
r(170,0,9,399)
w(170,1,9,399)
w(166,2,9,399)
r(172,0,9,399)
w(166,3,8,401)
r(172,0,8,401)
r(170,1,8,401)
r(154,2,8,401)
w(170,2,8,401)
w(172,1,8,401)
r(172,1,8,401)
r(172,1,8,401)
w(172,2,3,403)
w(170,3,3,403)
r(170,3,3,403)
r(154,2,3,403)
w(172,3,3,403)
r(170,3,3,403)
w(168,1,17,405)
r(173,0,17,405)
r(174,0,17,405)
r(174,0,17,405)
w(174,1,17,405)
w(174,2,3,407)
r(174,2,3,407)
r(174,2,3,407)
r(173,0,3,407)
r(168,1,3,407)
w(174,3,3,407)
r(174,3,3,407)
w(173,1,3,407)
r(154,2,19,409)
w(176,1,19,409)
r(175,0,19,409)
r(176,1,19,409)
r(175,0,16,411)
r(176,1,16,411)
r(175,0,16,411)
w(176,2,16,411)
r(176,2,16,411)
r(173,1,16,411)
w(175,1,16,411)
w(175,2,16,411)
w(175,3,12,413)
w(176,3,12,413)
r(176,3,12,413)
r(175,3,12,413)
r(176,3,12,413)
w(173,2,8,415)
w(178,1,8,415)
r(178,1,8,415)
w(177,1,8,415)
w(178,2,8,415)
r(178,2,5,417)
r(154,2,5,417)
w(168,2,5,417)
r(178,2,5,417)
r(177,1,5,417)
w(178,3,5,417)
r(154,2,6,419)
r(178,3,6,419)
w(173,3,6,419)
r(178,3,6,419)
w(179,1,6,419)
w(179,2,6,419)
w(177,2,6,419)
w(179,3,8,421)
w(177,3,8,421)
r(179,3,8,421)
r(179,3,8,421)
r(177,3,8,421)
r(180,0,8,421)
w(180,1,8,421)
w(180,2,3,423)
r(180,2,3,423)
w(154,3,3,423)
r(177,3,3,423)
w(180,3,3,423)
r(180,3,3,423)
r(181,0,3,423)
r(177,3,3,423)
r(168,2,1,425)
r(183,0,1,425)
r(181,0,1,425)
r(181,0,1,425)
w(183,1,1,425)
r(182,0,1,425)
r(181,0,1,425)
w(183,2,12,427)
r(181,0,12,427)
r(181,0,12,427)
r(181,0,12,427)
r(181,0,10,429)
r(181,0,10,429)
r(181,0,10,429)
w(184,1,10,429)
w(168,3,10,429)
w(181,1,10,429)
w(181,2,10,429)
w(181,3,10,429)
r(181,3,0,431)
r(181,3,0,431)
w(183,3,0,431)
r(181,3,0,431)
r(181,3,0,431)
r(183,3,13,433)
r(183,3,13,433)
r(181,3,13,433)
r(185,0,13,433)
w(182,1,13,433)
w(185,1,13,433)
r(185,1,13,433)
r(185,1,17,435)
w(182,2,17,435)
r(185,1,17,435)
w(185,2,17,435)
w(182,3,17,435)
w(185,3,12,437)
r(182,3,12,437)
r(186,0,12,437)
w(186,1,12,437)
w(186,2,18,440)
r(187,0,18,440)
w(186,3,18,440)
r(187,0,18,440)
r(187,0,18,440)
r(187,0,18,440)
r(187,0,18,440)
r(187,0,18,440)
r(186,1,17,441)
r(182,3,17,441)
r(184,1,17,441)
r(186,1,17,441)
w(187,1,17,441)
w(187,2,17,441)
r(186,1,17,441)
r(186,1,17,441)
r(187,2,4,444)
w(187,3,4,444)
w(189,1,4,444)
r(189,1,4,444)
r(188,0,4,444)
r(189,1,10,445)
w(188,1,10,445)
r(188,1,10,445)
w(188,2,10,445)
r(190,0,10,445)
r(190,0,10,445)
r(189,1,15,447)
r(189,1,15,447)
r(189,1,15,447)
w(188,3,15,447)
r(191,0,15,447)
r(190,0,4,449)
w(191,1,4,449)
w(184,2,4,449)
w(191,2,4,449)
w(189,2,4,449)
r(184,2,4,449)
r(189,2,6,451)
w(191,3,6,451)
w(190,1,6,451)
w(190,2,6,451)
w(189,3,6,451)
r(191,3,7,453)
r(191,3,7,453)
r(189,3,7,453)
r(191,3,7,453)
r(191,3,15,455)
r(189,3,15,455)
r(189,3,15,455)
w(190,3,15,455)
w(193,1,15,455)
w(194,1,15,455)
w(193,2,15,455)
w(193,3,17,457)
w(195,1,17,457)
w(194,2,17,457)
r(194,2,17,457)
w(195,2,17,457)
r(184,2,17,457)
r(195,2,17,457)
r(194,2,8,459)
w(194,3,8,459)
r(194,3,8,459)
r(184,2,8,459)
r(194,3,8,459)
r(194,3,8,459)
w(196,1,8,459)
r(196,1,3,461)
r(194,3,3,461)
r(195,2,3,461)
r(197,0,3,461)
r(196,1,3,461)
w(195,3,3,461)
r(196,1,3,461)
w(197,1,7,463)
w(198,1,7,463)
r(197,1,7,463)
w(184,3,7,463)
r(192,0,7,463)
w(197,2,15,465)
w(197,3,15,465)
r(198,1,15,465)
r(197,3,15,465)
w(198,2,15,465)
w(198,3,15,465)
r(198,3,14,467)
w(199,1,14,467)
r(198,3,14,467)
w(199,2,14,467)
w(199,3,14,467)
r(198,3,14,467)
r(184,3,14,469)
r(198,3,14,469)
r(196,1,14,469)
r(196,1,14,469)
r(184,3,14,469)
w(200,1,14,469)
r(200,1,15,472)
r(196,1,15,472)
r(200,1,15,472)
r(200,1,15,472)
r(201,0,15,472)
r(200,1,15,472)
w(200,2,15,472)
r(196,1,15,472)
w(200,3,17,473)
r(200,3,17,473)
w(202,1,17,473)
r(202,1,17,473)
r(202,1,17,473)
w(201,1,17,473)
r(201,1,9,475)
w(192,1,9,475)
r(192,1,9,475)
w(201,2,9,475)
r(201,2,9,475)
r(202,1,9,475)
r(202,1,9,475)
r(201,2,15,477)
w(196,2,15,477)
w(201,3,15,477)
w(202,2,15,477)
w(202,3,15,477)
w(204,1,15,477)
r(201,3,13,479)
w(196,3,13,479)
r(204,1,13,479)
w(204,2,13,479)
w(204,3,13,479)
w(205,1,13,479)
r(205,1,6,481)
r(206,0,6,481)
r(207,0,6,481)
r(192,1,6,481)
w(205,2,6,481)
r(206,0,6,481)
r(207,0,6,481)
w(205,3,6,481)
w(207,1,13,484)
r(206,0,13,484)
r(203,0,13,484)
w(207,2,13,484)
w(210,1,16,488)
r(210,1,16,488)
r(210,1,16,488)
r(203,0,16,488)
r(211,0,16,488)
r(210,1,16,488)
w(210,2,16,488)
w(203,1,3,489)
r(209,0,3,489)
w(208,2,3,489)
w(203,2,3,489)
w(208,3,3,489)
r(206,0,3,489)
r(211,0,3,489)
w(210,3,12,491)
w(211,1,12,491)
r(203,2,12,491)
w(211,2,12,491)
r(212,0,12,491)
r(212,0,12,491)
r(212,0,12,491)
r(212,0,19,493)
r(206,0,19,493)
w(211,3,19,493)
w(212,1,19,493)
w(203,3,19,493)
r(212,1,13,495)
w(212,2,13,495)
r(213,0,13,495)
r(213,0,13,495)
w(212,3,13,495)
r(214,0,13,495)
w(214,1,10,497)
r(214,1,10,497)
w(213,1,10,497)
r(214,1,10,497)
r(203,3,10,497)
r(214,1,10,497)
r(214,1,10,497)
r(214,1,10,499)
w(192,2,10,499)
w(213,2,10,499)
r(214,1,10,499)
r(206,0,5,501)
r(206,0,5,501)
r(214,1,5,501)
r(214,1,5,501)
w(214,2,5,501)
r(214,2,5,501)
w(214,3,4,503)
r(214,3,4,503)
r(214,3,4,503)
r(214,3,4,503)
r(213,2,4,503)
r(213,2,4,503)
r(214,3,10,505)
r(213,2,10,505)
r(206,0,10,505)
r(213,2,10,505)
r(213,2,10,505)
r(203,3,10,505)
r(214,3,10,505)
r(213,2,3,507)
w(213,3,3,507)
w(216,1,3,507)
r(216,1,3,507)
r(216,1,3,507)
r(216,1,3,507)
r(216,1,10,509)
r(216,1,10,509)
w(192,3,10,509)
w(206,1,10,509)
r(206,1,10,509)
w(216,2,10,509)
w(216,3,10,509)
r(213,3,10,509)
w(217,1,6,511)
r(213,3,6,511)
r(206,1,6,511)
w(217,2,6,511)
w(217,3,6,513)
r(218,0,6,513)
w(218,1,6,513)
r(213,3,6,513)
w(218,2,6,513)
r(218,2,6,513)
w(215,1,6,513)
r(218,2,6,513)
w(219,1,8,515)
w(218,3,8,515)
r(220,0,8,515)
w(220,1,8,515)
r(220,1,8,515)
r(219,1,8,515)
w(220,2,8,515)
r(219,1,10,517)
w(220,3,10,517)
r(220,3,10,517)
w(215,2,10,517)
r(206,1,10,517)
w(206,3,5,520)
r(215,2,5,520)
r(223,0,5,520)
r(223,0,5,520)
r(222,0,5,520)
r(222,0,5,520)
w(222,3,17,523)
w(215,3,17,523)
r(223,0,17,523)
r(222,3,17,523)
r(215,3,17,523)
r(222,3,17,523)
w(219,2,17,523)
r(219,2,5,526)
w(224,1,5,526)
w(221,1,5,526)
r(224,1,5,526)
r(224,1,5,526)
r(219,2,6,529)
r(224,1,6,529)
r(224,1,6,529)
w(223,1,6,529)
w(219,3,6,529)
r(223,1,6,529)
r(221,1,6,529)
r(219,3,14,531)
r(224,1,14,531)
w(224,3,14,531)
w(223,2,14,531)
w(227,1,14,531)
w(227,2,14,531)
r(223,2,14,531)
r(227,2,14,531)
w(227,3,17,534)
r(225,0,17,534)
r(223,2,17,534)
r(227,3,17,534)
r(227,3,17,534)
r(226,0,10,535)
r(227,2,10,535)
w(228,1,10,535)
w(226,1,10,535)
r(226,1,10,535)
w(226,2,10,535)
w(228,2,9,537)
r(228,2,9,537)
r(223,2,9,537)
r(228,2,9,537)
w(226,3,9,537)
w(228,3,9,537)
r(229,0,9,537)
r(230,0,2,539)
w(230,1,2,539)
w(230,2,2,539)
r(229,0,2,539)
r(230,2,2,539)
w(223,3,2,539)
r(230,2,2,539)
r(229,0,19,541)
r(230,2,19,541)
w(230,3,19,541)
r(223,3,19,541)
r(221,1,19,541)
r(223,3,19,541)
w(229,1,18,543)
w(231,1,18,543)
r(231,1,18,543)
r(223,3,18,543)
w(231,2,18,543)
w(231,3,18,543)
r(231,3,10,545)
w(229,2,10,545)
r(232,0,10,545)
w(232,1,10,545)
w(221,2,10,545)
w(229,3,10,545)
r(223,3,10,547)
r(225,0,10,547)
r(232,1,10,547)
w(232,2,10,547)
r(233,0,10,547)
r(225,0,10,547)
r(232,2,10,547)
r(232,2,10,547)
r(233,0,17,549)
r(234,0,17,549)
w(232,3,17,549)
r(232,3,17,549)
r(232,3,17,549)
r(233,0,18,551)
w(221,3,18,551)
w(234,1,18,551)
r(233,0,18,551)
r(235,0,18,551)
w(235,1,18,551)
r(234,1,19,553)
w(234,2,19,553)
r(233,0,19,553)
w(235,2,19,553)
w(235,3,19,553)
r(235,3,19,553)
w(233,1,19,553)
r(233,1,15,555)
r(237,0,15,555)
r(237,0,15,555)
w(237,1,15,555)
w(237,2,15,555)
w(234,3,15,555)
w(233,2,5,557)
r(237,2,5,557)
w(237,3,5,557)
r(233,2,5,557)
w(233,3,6,559)
r(238,0,6,559)
w(240,1,6,559)
w(239,1,6,559)
w(238,1,6,559)
r(225,0,6,559)
w(238,2,14,561)
r(238,2,14,561)
r(238,2,14,561)
w(240,2,14,561)
r(239,1,14,561)
w(238,3,14,561)
w(240,3,17,563)
r(238,3,17,563)
r(238,3,17,563)
w(241,1,17,563)
r(238,3,8,565)
r(238,3,8,565)
w(241,2,8,565)
r(242,0,8,565)
w(239,2,8,565)
w(241,3,8,565)
w(242,1,8,565)
w(242,2,8,565)
r(241,3,11,567)
w(242,3,11,567)
w(239,3,11,567)
w(243,1,11,567)
r(242,3,11,567)
w(244,1,11,567)
w(225,1,2,569)
r(243,1,2,569)
r(244,1,2,569)
r(244,1,2,569)
r(244,1,2,569)
w(244,2,2,569)
w(244,3,2,569)
w(243,2,9,571)
w(236,1,9,571)
r(241,3,9,571)
w(245,1,9,571)
r(245,1,9,571)
w(243,3,9,571)
w(245,2,9,571)
w(245,3,9,571)
r(243,3,5,573)
r(243,3,5,573)
r(245,3,5,573)
r(245,3,5,573)
r(246,0,5,573)
r(246,0,5,573)
w(225,2,5,573)
w(225,3,5,573)
r(225,3,7,575)
w(247,1,7,575)
r(247,1,7,575)
r(246,0,7,575)
w(247,2,0,577)
w(247,3,0,577)
r(246,0,0,577)
r(247,3,0,577)
r(247,3,0,577)
w(248,1,4,579)
r(246,0,4,579)
r(248,1,4,579)
w(248,2,4,579)
w(246,1,10,581)
r(248,2,10,581)
w(248,3,10,581)
w(246,2,10,581)
w(246,3,10,581)
r(249,0,10,581)
w(250,1,10,581)
w(249,1,10,581)
r(249,1,9,583)
r(249,1,9,583)
w(249,2,9,583)
r(250,1,9,583)
w(249,3,9,583)
r(249,3,12,585)
r(250,1,12,585)
r(250,1,12,585)
r(252,0,12,585)
w(250,2,12,585)
r(250,2,12,585)
r(252,0,6,587)
r(250,2,6,587)
r(251,0,6,587)
w(252,1,6,587)
r(252,1,7,589)
r(252,1,7,589)
r(252,1,7,589)
r(250,2,7,589)
w(251,1,7,589)
r(250,2,7,589)
w(252,2,7,589)
w(252,3,7,589)
r(250,2,2,591)
w(250,3,2,591)
r(252,3,2,591)
r(252,3,2,591)
r(252,3,9,593)
r(254,0,9,593)
w(253,1,9,593)
r(254,0,9,593)
r(254,0,9,593)
r(254,0,9,593)
r(253,1,9,593)
r(253,1,9,595)
w(253,2,9,595)
w(253,3,9,595)
r(236,1,9,595)
r(253,3,9,595)
r(256,0,9,595)
r(254,0,9,595)
r(254,0,19,597)
w(256,1,19,597)
r(256,1,19,597)
r(254,0,19,597)
r(256,1,19,597)
r(256,1,19,597)
r(254,0,19,597)
w(254,1,19,597)
r(256,1,1,599)
w(254,2,1,599)
w(256,2,1,599)
w(254,3,1,599)
w(255,1,1,599)
w(256,3,4,601)
r(256,3,4,601)
r(256,3,4,601)
r(254,3,4,601)
r(256,3,4,601)
r(256,3,4,603)
r(251,1,4,603)
r(256,3,4,603)
r(251,1,4,603)
r(236,1,4,603)
r(256,3,4,603)
r(251,1,4,603)
r(257,0,4,603)
w(257,1,2,605)
r(258,0,2,605)
w(258,1,2,605)
w(258,2,2,605)
w(258,3,2,605)
w(255,2,2,605)
w(257,2,14,607)
w(251,2,14,607)
w(259,1,14,607)
w(236,2,14,607)
r(259,1,14,607)
w(259,2,14,607)
w(257,3,14,607)
w(259,3,16,609)
r(260,0,16,609)
r(260,0,16,609)
r(251,2,16,609)
r(260,0,16,609)
r(255,2,16,609)
w(261,1,9,611)
w(260,1,9,611)
r(260,1,9,611)
w(261,2,9,611)
w(261,3,9,611)
r(260,1,9,611)
r(260,1,9,611)
w(236,3,9,611)
r(260,1,0,614)
r(260,1,0,614)
w(260,2,0,614)
r(260,2,0,614)
w(260,3,0,614)
r(255,2,13,615)
w(263,1,13,615)
r(262,0,13,615)
w(262,1,13,615)
r(251,2,13,615)
r(262,1,13,615)
w(262,2,13,615)
r(263,1,13,615)
w(255,3,10,617)
w(263,2,10,617)
w(262,3,10,617)
r(263,2,10,617)
r(263,2,10,617)
w(264,1,10,617)
r(236,3,0,619)
w(263,3,0,619)
w(264,2,0,619)
w(264,3,0,619)
r(251,2,0,619)
r(251,2,15,621)
w(266,1,15,621)
r(266,1,15,621)
w(266,2,15,621)
w(251,3,6,623)
w(266,3,6,623)
r(263,3,6,623)
w(267,1,6,623)
r(267,1,6,623)
w(267,2,6,623)
r(267,2,2,627)
r(267,2,2,627)
w(267,3,2,627)
w(268,1,2,627)
w(269,1,2,627)
w(268,2,2,627)
r(265,0,16,629)
r(272,0,16,629)
r(272,0,16,629)
w(272,1,16,629)
w(273,1,16,629)
r(272,1,1,631)
w(273,2,1,631)
w(272,2,1,631)
r(272,2,1,631)
w(271,1,1,631)
w(265,1,4,633)
r(272,2,4,633)
w(272,3,4,633)
r(273,2,4,633)
w(273,3,4,633)
w(270,1,4,633)
w(274,1,15,635)
r(274,1,15,635)
r(274,1,15,635)
w(271,2,15,635)
r(275,0,15,635)
w(275,1,15,635)
r(265,1,15,635)
w(274,2,15,635)
w(274,3,3,637)
r(276,0,3,637)
w(276,1,3,637)
w(271,3,3,637)
w(276,2,3,637)
r(275,1,3,637)
w(276,3,3,637)
r(278,0,1,639)
r(270,1,1,639)
w(277,1,1,639)
w(277,2,1,639)
r(275,1,1,639)
w(277,3,13,641)
r(277,3,13,641)
r(278,0,13,641)
w(279,1,13,641)
w(279,2,13,643)
w(275,2,13,643)
w(279,3,13,643)
r(275,2,13,643)
r(265,1,13,643)
r(275,2,13,643)
w(278,1,13,643)
w(275,3,7,645)
w(280,1,7,645)
w(278,2,7,645)
r(280,1,7,645)
w(278,3,10,647)
r(280,1,10,647)
r(280,1,10,647)
r(280,1,10,647)
r(280,1,10,647)
w(280,2,10,647)
w(280,3,2,649)
r(280,3,2,649)
r(280,3,2,649)
w(265,2,2,649)
r(280,3,2,649)
r(275,3,2,649)
r(275,3,14,651)
r(278,3,14,651)
w(282,1,14,651)
w(265,3,14,651)
r(282,1,14,651)
w(282,2,14,651)
w(282,3,10,653)
r(281,0,10,653)
r(282,3,10,653)
r(282,3,10,653)
r(282,3,10,653)
w(281,1,10,653)
r(282,3,10,653)
r(282,3,16,655)
r(284,0,16,655)
r(270,1,16,655)
r(270,1,16,655)
w(281,2,16,655)
r(285,0,16,655)
r(281,2,4,657)
r(270,1,4,657)
w(285,1,4,657)
r(281,2,4,657)
r(284,0,4,657)
r(281,2,9,659)
w(283,1,9,659)
r(285,1,9,659)
w(285,2,9,659)
r(283,1,9,659)
w(284,1,9,659)
w(285,3,8,661)
w(284,2,8,661)
w(283,2,8,661)
r(284,2,8,661)
w(286,1,8,661)
r(286,1,8,661)
r(286,1,7,663)
r(286,1,7,663)
w(283,3,7,663)
r(284,2,7,663)
w(286,2,7,663)
w(286,3,7,663)
r(287,0,9,666)
r(281,2,9,666)
r(281,2,9,666)
r(287,0,9,666)
r(287,0,14,667)
w(270,2,14,667)
w(287,1,14,667)
r(281,2,14,667)
r(287,1,14,667)
w(287,2,14,667)
r(287,2,14,667)
r(281,2,14,667)
r(287,2,18,669)
r(281,2,18,669)
r(284,2,18,669)
w(284,3,18,669)
w(287,3,18,669)
r(281,2,18,669)
r(287,3,18,669)
r(289,0,2,674)
r(289,0,2,674)
w(289,3,2,674)
r(284,3,2,674)
w(270,3,2,674)
r(281,2,2,674)
r(289,3,2,674)
r(281,2,19,675)
r(289,0,19,675)
r(284,3,19,675)
w(281,3,19,675)
r(281,3,19,675)
r(284,3,19,675)
r(290,0,19,675)
r(290,0,19,675)
w(291,2,12,679)
w(290,3,12,679)
r(291,2,12,679)
w(292,1,12,679)
w(292,2,12,679)
r(292,2,12,679)
w(292,3,12,679)
r(292,3,1,681)
r(292,3,1,681)
r(291,2,1,681)
w(291,3,1,681)
r(293,0,1,681)
r(293,0,4,683)
r(293,0,4,683)
r(288,0,4,683)
r(291,3,4,683)
r(293,0,4,683)
w(295,1,4,683)
w(293,1,4,683)
r(293,1,4,683)
w(295,2,9,685)
r(293,1,9,685)
w(293,2,9,685)
w(294,1,9,685)
w(295,3,9,685)
w(293,3,9,685)
w(296,1,9,685)
r(293,3,6,687)
w(296,2,6,687)
r(297,0,6,687)
r(294,1,6,687)
w(296,3,6,687)
r(297,0,6,687)
r(296,3,19,689)
w(297,1,19,689)
r(297,1,19,689)
r(298,0,19,689)
r(298,0,19,689)
w(298,1,19,689)
w(294,2,6,691)
w(297,2,6,691)
w(297,3,6,691)
r(298,1,6,691)
r(297,3,6,691)
r(297,3,11,693)
r(298,1,11,693)
r(298,1,11,693)
w(299,1,11,693)
r(299,1,11,693)
w(299,2,10,695)
w(298,2,10,695)
r(299,2,10,695)
w(298,3,10,695)
w(299,3,10,695)
r(298,3,10,695)
r(299,3,10,695)
r(299,3,10,695)
r(300,0,2,697)
r(301,0,2,697)
r(294,2,2,697)
w(301,1,2,697)
w(301,2,2,697)
w(300,1,2,697)
r(301,2,16,699)
r(301,2,16,699)
w(294,3,16,699)
r(301,2,16,699)
w(301,3,16,699)
r(300,1,16,699)
r(300,1,9,701)
r(300,1,9,701)
r(301,3,9,701)
r(301,3,9,701)
r(300,1,0,703)
w(302,1,0,703)
w(302,2,0,703)
w(302,3,0,703)
r(300,1,14,705)
r(302,3,14,705)
r(302,3,14,705)
r(302,3,14,705)
r(302,3,14,707)
r(302,3,14,707)
r(288,0,14,707)
r(303,0,14,707)
r(303,0,14,707)
w(304,1,14,707)
r(304,1,18,709)
r(304,1,18,709)
w(300,2,18,709)
w(304,2,18,709)
w(300,3,17,711)
w(305,1,17,711)
w(288,1,17,711)
w(305,2,17,711)
w(304,3,17,711)
r(305,2,17,711)
w(305,3,4,713)
w(303,1,4,713)
w(303,2,4,713)
r(305,3,4,713)
r(305,3,4,713)
r(305,3,4,713)
r(303,2,4,713)
w(306,1,4,713)
w(288,2,14,715)
w(306,2,14,715)
w(306,3,14,715)
w(303,3,14,715)
w(307,1,14,715)
r(306,3,14,715)
r(307,1,14,715)
w(308,1,14,715)
r(307,1,9,717)
r(308,1,9,717)
w(307,2,9,717)
r(308,1,9,717)
w(307,3,9,717)
r(308,1,9,717)
r(309,0,9,717)
r(308,1,9,717)
r(288,2,13,719)
r(288,2,13,719)
r(309,0,13,719)
w(308,2,13,719)
w(309,1,13,719)
r(310,0,13,721)
r(288,2,13,721)
w(308,3,13,721)
r(288,2,13,721)
r(311,0,13,721)
w(311,1,13,721)
w(311,2,13,721)
r(309,1,13,721)
r(311,2,11,723)
w(309,2,11,723)
w(288,3,11,723)
r(303,3,11,723)
r(310,0,11,723)
r(288,3,11,723)
w(311,3,4,725)
r(309,2,4,725)
r(312,0,4,725)
w(309,3,4,725)
r(313,0,4,725)
r(312,0,4,725)
r(312,0,4,725)
r(310,0,4,725)
r(314,0,4,727)
r(312,0,4,727)
w(312,1,4,727)
r(312,1,4,727)
w(315,1,4,727)
w(314,1,4,727)
r(312,1,10,729)
r(314,1,10,729)
w(312,2,10,729)
w(314,2,10,729)
w(312,3,15,731)
w(315,2,15,731)
w(313,1,15,731)
r(312,3,15,731)
r(313,1,9,733)
r(314,2,9,733)
r(313,1,9,733)
w(314,3,9,733)
w(316,1,9,733)
w(316,2,9,733)
w(316,3,9,733)
r(316,3,9,733)
r(316,3,18,735)
w(317,1,18,735)
r(317,1,18,735)
r(318,0,18,735)
r(318,0,18,735)
w(317,2,18,735)
w(317,3,18,735)
r(318,0,15,737)
r(318,0,15,737)
w(318,1,15,737)
r(318,1,15,737)
w(315,3,15,737)
w(318,2,15,737)
w(318,3,15,737)
r(320,0,18,739)
w(313,2,18,739)
w(320,1,18,739)
r(319,0,18,739)
w(320,2,18,739)
w(320,3,14,741)
w(321,1,14,741)
r(321,1,14,741)
r(321,1,14,741)
w(321,2,14,741)
w(319,1,4,744)
w(319,2,4,744)
w(321,3,4,744)
r(321,3,4,744)
r(323,0,4,744)
w(313,3,4,744)
r(323,0,4,744)
w(319,3,11,745)
w(323,1,11,745)
w(310,1,11,745)
r(319,3,11,745)
w(323,2,3,747)
r(323,2,3,747)
r(323,2,3,747)
r(323,2,3,747)
w(322,1,3,747)
r(319,3,3,747)
w(323,3,2,749)
r(319,3,2,749)
r(319,3,2,749)
w(325,1,2,749)
w(325,2,12,751)
r(325,2,12,751)
w(325,3,12,751)
r(325,3,12,751)
r(325,3,19,753)
r(326,0,19,753)
r(322,1,19,753)
w(327,1,19,753)
r(327,1,19,753)
r(324,0,19,753)
r(327,1,19,753)
w(327,2,1,755)
r(327,2,1,755)
w(324,1,1,755)
r(322,1,1,755)
r(327,2,1,755)
r(326,0,4,757)
w(326,1,4,757)
w(327,3,4,757)
r(324,1,4,757)
r(326,1,4,757)
r(328,0,4,757)
w(324,2,19,759)
w(326,2,19,759)
r(328,0,19,759)
w(326,3,19,759)
w(328,1,19,759)
w(328,2,19,759)
r(328,2,19,759)
r(326,3,3,761)
w(328,3,3,761)
r(326,3,3,761)
w(324,3,3,761)
r(329,0,3,761)
r(329,0,3,761)
w(329,1,3,761)
r(310,1,3,761)
w(329,2,14,765)
w(329,3,14,765)
r(326,3,14,765)
r(329,3,14,765)
w(322,2,14,765)
r(330,0,14,765)
r(330,0,14,765)
r(326,3,14,765)
r(326,3,7,766)
w(330,1,7,766)
r(326,3,7,766)
r(330,1,7,766)
w(330,2,7,766)
r(330,2,7,766)
r(324,3,4,769)
w(331,1,4,769)
r(332,0,4,769)
r(332,0,4,769)
w(331,2,4,769)
r(324,3,4,769)
r(324,3,9,771)
w(331,3,9,771)
r(332,0,9,771)
w(333,1,9,771)
r(333,1,9,771)
w(333,2,9,771)
w(333,3,17,773)
w(334,1,17,773)
r(334,1,17,773)
w(332,2,17,773)
w(322,3,10,775)
r(332,2,10,775)
r(334,1,10,775)
w(332,3,10,775)
r(310,1,10,775)
w(334,2,10,775)
w(334,3,10,775)
r(332,3,10,775)
w(335,1,16,777)
w(337,1,16,777)
r(336,0,16,777)
w(336,1,16,777)
r(336,1,16,777)
r(335,1,16,777)
r(336,1,16,777)
w(336,2,8,779)
w(337,2,8,779)
w(336,3,8,779)
r(336,3,8,779)
r(337,2,7,781)
r(337,2,7,781)
r(336,3,7,781)
r(336,3,7,781)
r(322,3,7,781)
r(338,0,7,781)
r(337,2,7,781)
r(337,2,7,781)
r(337,2,3,783)
w(338,1,3,783)
w(337,3,3,783)
w(335,2,3,783)
r(338,1,10,785)
r(337,3,10,785)
w(338,2,10,785)
w(339,1,10,785)
r(339,1,10,785)
r(339,1,10,785)
w(338,3,10,785)
r(339,1,10,785)
w(335,3,11,787)
r(340,0,11,787)
w(339,2,11,787)
w(340,1,11,787)
w(339,3,11,789)
r(340,1,11,789)
w(340,2,11,789)
r(340,2,11,789)
w(340,3,11,789)
r(341,0,11,789)
w(343,1,11,789)
r(342,0,11,789)
w(342,1,10,791)
w(343,2,10,791)
w(343,3,10,791)
r(342,1,10,791)
r(343,3,18,794)
w(342,2,18,794)
w(342,3,18,794)
r(344,0,18,794)
r(341,0,8,795)
r(344,0,8,795)
r(345,0,8,795)
w(341,1,8,795)
r(341,1,8,795)
r(344,0,8,795)
w(344,1,8,795)
w(344,2,8,795)
r(344,2,11,797)
w(344,3,11,797)
r(344,3,11,797)
w(345,1,11,797)
r(341,1,11,797)
r(341,1,11,797)
r(345,1,11,797)
w(341,2,3,799)
r(310,1,3,799)
r(341,2,3,799)
r(346,0,3,799)
r(346,0,3,799)
w(346,1,3,799)
r(346,1,3,799)
r(322,3,12,801)
w(341,3,12,801)
w(345,2,12,801)
r(346,1,12,801)
r(341,3,12,801)
w(346,2,12,801)
w(346,3,12,801)
w(345,3,12,801)
w(349,1,5,803)
w(349,2,5,803)
w(348,1,5,803)
w(349,3,5,803)
r(310,1,5,803)
w(350,1,5,803)
w(350,2,5,803)
w(351,1,2,805)
r(348,1,2,805)
w(351,2,2,805)
r(351,2,2,805)
w(351,3,2,805)
r(351,3,2,805)
r(352,0,2,805)
r(352,0,2,805)
w(352,1,0,807)
w(352,2,0,807)
w(310,2,0,807)
w(352,3,0,807)
r(352,3,0,807)
r(353,0,10,809)
r(348,1,10,809)
r(353,0,10,809)
w(348,2,10,809)
w(348,3,10,809)
r(353,0,10,809)
w(347,1,7,811)
r(353,0,7,811)
r(353,0,7,811)
r(353,0,7,811)
w(353,1,18,813)
r(353,1,18,813)
r(353,1,18,813)
w(350,3,18,813)
r(354,0,10,815)
r(350,3,10,815)
w(354,1,10,815)
w(353,2,10,815)
r(353,2,10,815)
r(354,1,10,815)
r(353,2,4,817)
w(310,3,4,817)
w(353,3,4,817)
w(354,2,4,817)
r(354,2,4,817)
r(355,0,4,817)
w(355,1,4,817)
r(354,2,12,819)
w(354,3,12,819)
r(355,1,12,819)
w(355,2,12,819)
r(355,2,12,819)
r(355,2,17,821)
w(355,3,17,821)
r(355,3,17,821)
w(357,1,17,821)
r(357,1,7,823)
r(354,3,7,823)
r(357,1,7,823)
w(358,1,7,823)
w(357,2,7,823)
r(357,2,7,823)
w(358,2,7,823)
r(358,2,6,825)
w(357,3,6,825)
r(347,1,6,825)
r(358,2,6,825)
w(359,1,6,825)
r(350,3,6,825)
r(358,2,18,827)
r(358,2,18,827)
w(359,2,18,827)
w(359,3,18,827)
r(360,0,18,827)
r(360,0,17,829)
w(358,3,17,829)
r(360,0,17,829)
r(360,0,17,829)
r(347,1,17,829)
r(360,0,17,829)
r(360,0,18,831)
r(360,0,18,831)
r(360,0,18,831)
w(360,1,18,831)
r(356,0,18,831)
r(360,1,18,831)
w(360,2,18,831)
r(350,3,7,833)
r(350,3,7,833)
w(360,3,7,833)
r(361,0,7,833)
r(361,0,7,833)
w(361,1,7,833)
r(362,0,7,833)
w(361,2,7,833)
w(361,3,17,835)
w(364,1,17,835)
r(364,1,17,835)
r(364,1,17,835)
r(362,0,18,837)
r(362,0,18,837)
w(364,2,18,837)
w(364,3,18,837)
r(362,0,18,837)
r(364,3,18,837)
r(364,3,15,839)
r(364,3,15,839)
w(347,2,15,839)
r(364,3,15,839)
w(365,1,15,839)
w(362,1,15,841)
r(362,1,15,841)
w(362,2,15,841)
w(365,2,15,841)
w(365,3,15,841)
w(362,3,15,841)
r(365,3,1,843)
r(365,3,1,843)
r(367,0,1,843)
r(367,0,1,843)
w(367,1,12,845)
w(366,1,12,845)
r(363,0,12,845)
w(356,1,12,845)
r(366,1,12,845)
r(366,1,12,845)
r(367,1,10,848)
r(366,1,10,848)
w(363,1,10,848)
r(347,2,10,848)
w(367,2,4,849)
w(367,3,4,849)
r(366,1,4,849)
w(366,2,4,849)
r(367,3,10,851)
r(367,3,10,851)
r(366,2,10,851)
w(363,2,10,851)
r(366,2,10,851)
r(368,0,10,851)
w(368,1,10,851)
r(366,2,10,851)
w(368,2,6,853)
w(366,3,6,853)
r(368,2,6,853)
r(368,2,6,853)
r(366,3,6,853)
r(368,2,8,855)
w(347,3,8,855)
w(368,3,8,855)
r(368,3,8,855)
r(366,3,8,855)
r(368,3,8,855)
w(363,3,16,857)
r(369,0,16,857)
r(366,3,16,857)
r(369,0,16,857)
r(369,0,16,857)
r(366,3,4,859)
r(369,0,4,859)
r(369,0,4,859)
r(363,3,4,859)
r(371,0,4,859)
w(369,1,4,859)
r(371,0,3,861)
r(369,1,3,861)
r(363,3,3,861)
r(369,1,3,861)
r(369,1,3,861)
r(369,1,3,861)
w(369,2,3,861)
r(369,2,15,863)
w(369,3,15,863)
r(370,0,15,863)
r(369,3,15,863)
w(372,1,15,863)
r(363,3,15,863)
w(370,1,15,863)
w(372,2,16,865)
w(371,1,16,865)
w(371,2,16,865)
r(371,2,16,865)
w(372,3,16,865)
r(372,3,16,865)
r(372,3,16,865)
r(371,2,16,865)
w(373,1,18,867)
w(373,2,18,867)
w(371,3,18,867)
r(373,2,18,867)
r(373,2,18,867)
r(371,3,18,867)
w(373,3,18,867)
w(374,1,18,867)
w(374,2,7,869)
r(375,0,7,869)
r(374,2,7,869)
r(373,3,7,869)
w(375,1,3,871)
r(376,0,3,871)
r(376,0,3,871)
w(376,1,3,871)
r(376,1,3,871)
w(375,2,0,873)
w(374,3,0,873)
w(376,2,0,873)
r(375,2,0,873)
r(375,2,0,873)
r(375,2,0,873)
w(376,3,10,875)
r(374,3,10,875)
w(370,2,10,875)
r(376,3,10,875)
r(375,2,10,875)
r(375,2,10,875)
w(378,1,10,875)
w(378,2,10,875)
w(378,3,11,877)
r(378,3,11,877)
r(379,0,11,877)
w(379,1,11,877)
w(379,2,11,877)
r(379,2,11,877)
w(370,3,11,877)
w(377,1,19,879)
r(379,2,19,879)
r(375,2,19,879)
r(377,1,19,879)
r(379,2,19,879)
r(375,2,19,879)
w(375,3,0,881)
r(375,3,0,881)
r(375,3,0,881)
r(379,2,0,881)
r(377,1,0,881)
w(379,3,0,881)
r(375,3,0,881)
w(380,1,1,883)
w(356,2,1,883)
r(370,3,1,883)
r(381,0,1,883)
r(380,1,1,883)
r(380,1,1,883)
w(377,2,10,885)
r(380,1,10,885)
r(377,2,10,885)
r(370,3,10,885)
w(380,2,10,885)
w(380,3,6,888)
r(377,2,6,888)
r(381,0,6,888)
r(380,3,6,888)
w(382,1,11,889)
w(382,2,11,889)
w(382,3,11,889)
w(381,1,11,889)
r(381,1,11,889)
r(383,0,11,889)
r(383,0,11,889)
w(383,1,11,889)
w(383,2,14,891)
w(383,3,14,891)
w(384,1,14,891)
w(384,2,14,891)
r(384,2,14,891)
r(384,2,14,891)
w(377,3,14,891)
r(384,2,14,891)
r(384,2,17,893)
w(384,3,17,893)
w(381,2,17,893)
r(386,0,17,893)
w(386,1,17,893)
r(385,0,17,893)
r(386,1,10,895)
r(385,0,10,895)
r(386,1,10,895)
r(386,1,10,895)
w(385,1,10,895)
r(356,2,1,897)
r(386,1,1,897)
r(386,1,1,897)
r(381,2,1,897)
w(386,2,1,897)
w(381,3,1,897)
r(386,2,1,899)
r(381,3,1,899)
w(386,3,1,899)
r(370,3,1,899)
r(381,3,1,899)
r(387,0,1,899)
r(387,0,16,901)
r(381,3,16,901)
w(385,2,16,901)
r(387,0,16,901)
r(387,0,16,901)
w(385,3,19,903)
r(385,3,19,903)
w(387,1,19,903)
w(388,1,19,903)
w(388,2,19,903)
w(387,2,19,903)
w(388,3,19,903)
r(388,3,19,903)
r(385,3,9,905)
r(387,2,9,905)
r(385,3,9,905)
r(389,0,9,905)
r(387,2,9,905)
w(387,3,17,907)
w(389,1,17,907)
r(389,1,17,907)
r(370,3,17,907)
r(389,1,17,907)
w(356,3,17,907)
w(391,1,7,909)
r(391,1,7,909)
r(391,1,7,909)
r(391,1,7,909)
w(391,2,7,909)
w(390,1,7,909)
r(390,1,7,909)
r(390,1,5,911)
w(391,3,5,911)
r(389,1,5,911)
w(390,2,5,911)
w(392,1,5,911)
w(390,3,5,911)
w(392,2,5,911)
r(392,2,8,913)
r(392,2,8,913)
w(392,3,8,913)
r(389,1,8,913)
r(392,3,8,913)
r(392,3,15,915)
r(392,3,15,915)
w(389,2,15,915)
r(393,0,15,915)
w(393,1,5,917)
w(389,3,5,917)
r(394,0,5,917)
w(393,2,5,917)
r(393,2,5,917)
w(393,3,5,917)
w(395,1,5,917)
w(395,2,5,917)
r(396,0,7,920)
r(396,0,7,920)
w(395,3,7,920)
r(396,0,7,920)
w(396,1,7,920)
w(396,2,7,920)
w(396,3,7,920)
r(396,3,7,920)
r(395,2,16,921)
r(390,3,16,921)
r(396,0,16,921)
r(395,2,16,921)
w(394,1,16,921)
r(395,2,16,921)
r(397,0,16,921)
w(394,2,16,921)
w(397,1,17,923)
r(398,0,17,923)
w(397,2,17,923)
r(398,0,17,923)
w(397,3,17,923)
r(400,0,17,923)
w(400,1,11,925)
w(398,1,11,925)
r(400,1,11,925)
w(400,2,11,925)
r(398,1,11,925)
w(400,3,11,927)
w(399,1,11,927)
r(394,2,11,927)
w(401,1,11,927)
r(401,1,11,927)
r(401,1,14,929)
w(398,2,14,929)
r(399,1,14,929)
r(401,1,14,929)
w(401,2,14,929)
w(399,2,14,929)
w(401,3,14,929)
w(399,3,18,931)
w(398,3,18,931)
r(399,3,18,931)
r(399,3,18,931)
r(402,0,18,931)
w(402,1,18,931)
w(402,2,18,931)
w(403,1,4,933)
w(402,3,4,933)
r(398,3,4,933)
w(403,2,4,933)
w(403,3,4,933)
r(406,0,4,933)
r(406,0,6,935)
r(406,0,6,935)
r(394,2,6,935)
r(405,0,6,935)
w(406,1,6,935)
r(406,1,6,935)
w(404,1,14,937)
r(406,1,14,937)
w(406,2,14,937)
w(405,1,14,937)
r(405,1,14,937)
w(405,2,14,937)
r(405,2,14,937)
r(406,2,1,939)
r(406,2,1,939)
w(406,3,1,939)
r(406,3,1,939)
w(405,3,1,939)
r(404,1,17,941)
r(405,3,17,941)
w(404,2,17,941)
w(404,3,17,941)
w(408,1,17,941)
r(407,0,17,941)
r(404,3,17,943)
w(409,1,17,943)
w(409,2,17,943)
r(407,0,17,943)
r(407,0,4,946)
w(407,1,4,946)
w(407,2,4,946)
w(409,3,4,946)
w(407,3,4,946)
r(410,0,4,946)
w(410,1,17,947)
w(394,3,17,947)
r(410,1,17,947)
r(410,1,17,947)
w(411,1,17,947)
r(404,3,17,947)
r(409,2,17,947)
w(410,2,10,949)
r(409,3,10,949)
r(410,2,10,949)
r(413,0,10,949)
r(410,2,10,949)
r(412,0,10,949)
w(411,2,10,949)
r(410,2,10,949)
w(410,3,10,951)
r(413,0,10,951)
w(413,1,10,951)
r(414,0,10,951)
r(411,2,10,951)
r(414,0,10,951)
r(414,0,10,951)
w(413,2,5,953)
r(414,0,5,953)
r(412,0,5,953)
w(413,3,5,953)
r(408,1,0,955)
w(414,1,0,955)
r(413,3,0,955)
r(412,0,0,955)
r(414,1,0,955)
w(414,2,0,955)
r(414,2,0,955)
w(412,1,7,957)
w(415,1,7,957)
r(412,1,7,957)
w(414,3,7,957)
r(414,3,7,957)
w(412,2,7,957)
r(414,3,5,959)
w(412,3,5,959)
w(415,2,5,959)
r(414,3,5,959)
w(415,3,8,961)
r(416,0,8,961)
r(416,0,8,961)
w(408,2,8,961)
r(416,0,8,961)
r(412,3,8,961)
r(416,0,8,961)
r(416,0,8,961)
r(416,0,18,963)
w(416,1,18,963)
w(416,2,18,963)
r(416,2,18,963)
w(416,3,18,963)
r(416,3,18,963)
w(417,1,18,963)
w(417,2,18,963)
r(416,3,6,965)
r(412,3,6,965)
w(417,3,6,965)
r(418,0,6,965)
r(418,0,0,967)
r(418,0,0,967)
r(418,0,0,967)
r(417,3,0,967)
w(418,1,0,967)
w(418,2,0,967)
w(419,1,0,967)
w(419,2,0,967)
w(419,3,1,969)
w(420,1,1,969)
r(408,2,1,969)
w(418,3,1,969)
r(418,3,1,969)
w(421,1,1,969)
w(420,2,5,971)
r(421,1,5,971)
r(408,2,5,971)
w(421,2,5,971)
w(420,3,13,973)
r(421,2,13,973)
r(419,3,13,973)
r(423,0,13,973)
r(423,0,13,973)
r(421,2,2,975)
r(423,0,2,975)
w(421,3,2,975)
w(411,3,2,975)
r(424,0,2,975)
w(424,1,2,975)
r(424,1,2,975)
r(423,0,6,981)
w(423,3,6,981)
r(425,0,6,981)
w(425,1,6,981)
r(423,3,6,981)
r(426,0,6,981)
w(422,1,6,981)
r(425,1,6,981)
r(422,1,10,983)
w(425,2,10,983)
w(422,2,10,983)
w(425,3,10,983)
r(426,0,19,985)
w(426,1,19,985)
r(427,0,19,985)
w(426,2,19,985)
r(427,0,19,985)
w(426,3,8,987)
r(427,0,8,987)
w(427,1,8,987)
r(427,1,8,987)
r(427,1,15,989)
r(427,1,15,989)
w(427,2,15,989)
r(427,2,15,989)
r(426,3,15,989)
r(427,2,15,989)
w(422,3,15,989)
w(427,3,1,991)
r(427,3,1,991)
w(429,1,1,991)
w(428,1,1,991)
r(428,1,3,993)
r(430,0,3,993)
w(430,1,3,993)
r(429,1,3,993)
w(429,2,0,995)
r(429,2,0,995)
r(429,2,0,995)
w(429,3,0,995)
r(429,3,0,995)
w(428,2,0,995)
w(428,3,2,997)
w(431,1,2,997)
r(431,1,2,997)
w(431,2,2,997)
r(411,3,2,997)
w(432,1,1,999)
r(432,1,1,999)
w(432,2,1,999)
w(431,3,1,999)
r(408,2,1,999)
r(411,3,19,1001)
w(430,2,19,1001)
r(433,0,19,1001)
w(433,1,19,1001)
r(432,2,19,1001)
r(432,2,19,1001)
w(433,2,19,1001)
r(433,2,15,1003)
w(433,3,15,1003)
r(432,2,15,1003)
r(432,2,15,1003)
r(434,0,15,1003)
r(432,2,15,1003)
r(434,0,15,1003)
w(432,3,15,1003)
w(434,1,6,1005)
r(434,1,6,1005)
w(435,1,6,1005)
r(434,1,6,1005)
r(434,1,6,1005)
r(434,1,6,1005)
r(411,3,6,1005)
w(434,2,6,1005)
r(434,2,6,1007)
w(430,3,6,1007)
r(434,2,6,1007)
r(434,2,6,1007)
w(434,3,6,1007)
r(434,3,6,1007)
r(436,0,18,1009)
r(430,3,18,1009)
r(436,0,18,1009)
w(436,1,18,1009)
r(436,1,18,1009)
r(436,1,18,1009)
r(436,1,16,1011)
w(436,2,16,1011)
w(436,3,16,1011)
r(435,1,16,1011)
r(408,2,16,1011)
w(437,1,16,1011)
w(438,1,16,1011)
w(435,2,16,1011)
w(435,3,9,1013)
w(438,2,9,1013)
w(438,3,9,1013)
r(438,3,9,1013)
r(438,3,9,1013)
r(438,3,9,1013)
r(438,3,9,1013)
r(438,3,9,1013)
r(438,3,16,1015)
r(435,3,16,1015)
w(439,1,16,1015)
r(440,0,16,1015)
w(439,2,3,1017)
w(440,1,3,1017)
w(440,2,3,1017)
r(439,2,3,1017)
w(440,3,3,1017)
r(439,2,3,1017)
w(439,3,3,1017)
r(439,3,3,1017)
r(442,0,4,1019)
w(442,1,4,1019)
w(444,1,4,1019)
r(444,1,4,1019)
r(444,1,18,1021)
r(437,1,18,1021)
r(442,1,18,1021)
w(444,2,18,1021)
w(444,3,18,1021)
r(444,3,18,1021)
w(442,2,18,1021)
r(442,2,17,1023)
w(441,1,17,1023)
r(445,0,17,1023)
w(445,1,17,1023)
r(442,2,17,1023)
r(445,1,17,1023)
r(445,1,17,1023)
w(442,3,7,1025)
r(446,0,7,1025)
r(441,1,7,1025)
w(445,2,7,1025)
w(445,3,7,1025)
r(446,0,11,1027)
r(447,0,11,1027)
w(447,1,11,1027)
r(447,1,11,1027)
w(447,2,11,1027)
r(447,2,11,1027)
w(441,2,11,1029)
r(446,0,11,1029)
r(441,2,11,1029)
w(437,2,11,1029)
w(446,1,11,1029)
w(446,2,11,1029)
w(443,1,11,1029)
w(447,3,11,1031)
r(447,3,11,1031)
w(446,3,11,1031)
r(448,0,11,1031)
w(448,1,11,1031)
r(447,3,8,1033)
w(441,3,8,1033)
r(447,3,8,1033)
r(441,3,8,1033)
w(448,2,8,1033)
w(449,1,17,1035)
r(449,1,17,1035)
w(449,2,17,1035)
w(448,3,17,1035)
r(437,2,17,1035)
w(437,3,12,1037)
r(450,0,12,1037)
w(449,3,12,1037)
r(441,3,12,1037)
w(450,1,12,1037)
w(451,1,12,1037)
r(451,1,12,1037)
r(443,1,5,1039)
w(451,2,5,1039)
r(437,3,5,1039)
r(441,3,5,1039)
w(443,2,5,1039)
w(450,2,16,1041)
w(451,3,16,1041)
w(450,3,16,1041)
w(453,1,16,1041)
r(443,2,16,1041)
r(453,1,16,1043)
w(453,2,16,1043)
r(453,2,16,1043)
r(453,2,16,1043)
r(454,0,16,1043)
r(437,3,16,1043)
r(453,2,16,1043)
r(454,0,5,1045)
w(453,3,5,1045)
r(452,0,5,1045)
w(452,1,5,1045)
w(454,1,5,1045)
r(455,0,5,1045)
r(455,0,17,1047)
r(456,0,17,1047)
r(455,0,17,1047)
r(454,1,17,1047)
r(455,0,17,1047)
w(454,2,17,1047)
w(452,2,17,1047)
r(454,2,0,1049)
r(454,2,0,1049)
w(455,1,0,1049)
w(455,2,0,1049)
w(455,3,3,1051)
r(455,3,3,1051)
r(455,3,3,1051)
r(457,0,3,1051)
r(452,2,3,1051)
w(457,1,3,1051)
r(457,1,3,1051)
w(457,2,7,1053)
r(457,2,7,1053)
w(452,3,7,1053)
r(456,0,7,1053)
r(457,2,7,1053)
w(454,3,7,1053)
w(456,1,7,1053)
r(454,3,7,1053)
w(457,3,14,1055)
r(459,0,14,1055)
w(459,1,14,1055)
w(459,2,14,1055)
r(459,2,14,1055)
w(459,3,14,1055)
r(460,0,19,1057)
r(461,0,19,1057)
w(461,1,19,1057)
r(461,1,19,1057)
w(456,2,19,1057)
w(461,2,19,1057)
w(461,3,19,1057)
r(458,0,19,1057)
r(460,0,3,1059)
w(462,1,3,1059)
w(462,2,3,1059)
w(462,3,3,1059)
w(458,1,3,1059)
r(463,0,3,1059)
r(460,0,3,1059)
w(458,2,3,1059)
w(460,1,15,1061)
r(463,0,15,1061)
w(463,1,15,1061)
r(458,2,15,1061)
w(463,2,15,1061)
w(463,3,15,1061)
r(456,2,15,1061)
r(463,3,15,1061)
w(458,3,16,1063)
r(463,3,16,1063)
w(460,2,16,1063)
w(464,1,16,1063)
r(458,3,16,1063)
r(464,1,16,1063)
r(460,2,16,1063)
r(464,1,2,1065)
w(464,2,2,1065)
r(464,2,2,1065)
r(464,2,2,1065)
r(458,3,2,1065)
w(464,3,1,1067)
r(460,2,1,1067)
r(443,2,1,1067)
r(458,3,1,1067)
r(458,3,1,1067)
r(465,0,1,1067)
r(465,0,1,1067)
w(466,1,1,1067)
w(465,1,7,1069)
w(456,3,7,1069)
w(460,3,7,1069)
r(466,1,7,1069)
w(465,2,7,1069)
r(466,1,7,1069)
r(465,2,7,1069)
w(465,3,16,1072)
r(466,1,16,1072)
r(467,0,16,1072)
w(467,1,16,1072)
r(466,1,16,1072)
r(466,1,5,1074)
w(467,2,5,1074)
r(466,1,5,1074)
r(467,2,5,1074)
r(467,2,5,1074)
r(467,2,5,1074)
r(467,2,5,1074)
w(467,3,5,1074)
r(467,1,7,1076)
r(467,1,7,1076)
w(469,1,7,1076)
r(470,0,7,1076)
w(466,2,7,1076)
w(466,3,7,1076)
w(470,1,2,1077)
r(466,3,2,1077)
r(469,1,2,1077)
r(469,1,2,1077)
w(470,2,0,1079)
w(471,1,0,1079)
w(470,3,0,1079)
r(471,1,0,1079)
r(470,3,0,1079)
r(470,3,0,1079)
w(472,1,0,1079)
w(472,2,13,1081)
r(472,2,13,1081)
r(471,1,13,1081)
w(471,2,13,1081)
w(472,3,13,1081)
r(468,0,13,1081)
r(473,0,6,1084)
w(473,3,6,1084)
r(469,1,6,1084)
w(474,1,6,1084)
w(474,2,6,1084)
r(469,1,6,1084)
r(475,0,6,1084)
r(475,0,1,1087)
w(469,3,1,1087)
w(474,3,1,1087)
r(475,0,1,1087)
r(475,0,11,1089)
r(475,0,11,1089)
r(469,3,11,1089)
r(468,0,11,1089)
w(475,1,11,1089)
w(475,2,11,1089)
w(475,3,11,1089)
w(476,1,11,1089)
r(476,1,16,1091)
w(476,2,16,1091)
r(478,0,16,1091)
r(476,2,16,1091)
r(468,0,16,1091)
w(478,1,16,1091)
r(478,1,16,1091)
w(478,2,7,1094)
w(478,3,7,1094)
r(468,0,7,1094)
r(478,3,7,1094)
w(476,3,7,1094)
r(478,1,11,1095)
r(479,0,11,1095)
w(468,2,11,1095)
w(443,3,11,1095)
w(480,1,1,1097)
r(480,1,1,1097)
r(477,0,1,1097)
r(480,1,1,1097)
r(477,0,1,1097)
r(479,0,1,1097)
w(477,1,1,1097)
r(479,0,1,1097)
w(480,2,6,1099)
r(479,0,6,1099)
w(480,3,6,1099)
r(479,0,6,1099)
r(468,2,6,1099)
r(481,0,13,1101)
w(481,1,13,1101)
r(481,1,13,1101)
r(481,1,13,1101)
w(481,2,13,1101)
w(479,1,19,1103)
w(481,3,19,1103)
r(479,1,19,1103)
w(468,3,19,1103)
w(479,2,19,1103)
r(482,0,19,1103)
r(482,0,14,1105)
w(479,3,14,1105)
r(482,0,14,1105)
w(482,1,14,1105)
r(482,1,14,1105)
r(482,1,14,1105)
r(477,1,18,1107)
w(482,2,18,1107)
w(482,3,18,1107)
w(483,1,18,1107)
r(483,1,18,1107)
r(484,0,18,1107)
r(477,1,18,1107)
r(484,0,18,1107)
w(484,1,6,1109)
r(483,1,6,1109)
w(483,2,6,1109)
r(484,1,6,1109)
r(484,1,6,1109)
r(468,3,6,1109)
r(484,1,15,1111)
w(477,2,15,1111)
w(483,3,15,1111)
r(484,1,15,1111)
r(484,1,13,1113)
r(484,1,13,1113)
r(484,1,13,1113)
r(483,3,13,1113)
w(485,1,13,1113)
w(484,2,13,1113)
r(477,2,14,1115)
w(477,3,14,1115)
r(483,3,14,1115)
r(483,3,14,1115)
r(485,1,2,1117)
w(486,1,2,1117)
r(484,2,2,1117)
r(477,3,2,1117)
r(477,3,12,1119)
r(484,2,12,1119)
w(486,2,12,1119)
r(485,1,12,1119)
r(484,2,12,1119)
r(484,2,12,1119)
w(486,3,12,1119)
r(484,2,12,1119)
w(484,3,14,1121)
r(487,0,14,1121)
r(488,0,14,1121)
w(485,2,14,1121)
r(488,0,14,1121)
w(488,1,14,1121)
r(488,1,8,1123)
w(488,2,8,1123)
r(488,2,8,1123)
w(488,3,8,1123)
w(487,1,8,1123)
w(487,2,8,1123)
r(477,3,8,1123)
w(489,1,11,1125)
w(489,2,11,1125)
r(489,2,11,1125)
r(489,2,11,1125)
w(487,3,12,1127)
w(489,3,12,1127)
r(477,3,12,1127)
r(487,3,12,1127)
r(489,3,12,1127)
r(477,3,12,1127)
r(491,0,8,1129)
r(485,2,8,1129)
r(492,0,8,1129)
w(492,1,8,1129)
w(492,2,17,1131)
r(493,0,17,1131)
r(485,2,17,1131)
r(485,2,17,1131)
w(492,3,3,1133)
r(492,3,3,1133)
r(494,0,3,1133)
r(494,0,3,1133)
r(490,0,3,1133)
r(494,0,3,1133)
r(491,0,3,1133)
r(494,0,14,1135)
r(493,0,14,1135)
r(493,0,14,1135)
w(491,1,14,1135)
r(493,0,14,1135)
r(491,1,14,1135)
r(494,0,14,1135)
w(491,2,15,1137)
r(491,2,15,1137)
r(494,0,15,1137)
r(494,0,15,1137)
w(494,1,15,1137)
r(493,0,15,1137)
w(485,3,15,1137)
w(494,2,17,1140)
r(494,2,17,1140)
w(493,1,17,1140)
r(493,1,17,1140)
w(494,3,17,1140)
r(496,0,17,1140)
w(497,1,3,1143)
w(497,2,3,1143)
r(496,0,3,1143)
r(496,0,3,1143)
w(496,2,3,1143)
w(493,3,3,1143)
r(496,2,3,1143)
w(497,3,3,1145)
w(496,3,3,1145)
w(498,1,3,1145)
r(495,0,3,1145)
w(500,1,3,1145)
r(498,1,16,1147)
r(500,1,16,1147)
w(499,1,16,1147)
w(498,2,16,1147)
w(498,3,16,1147)
r(498,3,10,1149)
w(499,2,10,1149)
w(495,1,10,1149)
w(500,2,10,1149)
r(500,2,10,1149)
r(500,2,10,1149)
w(500,3,10,1149)
r(498,3,10,1149)
r(501,0,1,1151)
r(498,3,1,1151)
w(502,1,1,1151)
w(495,2,1,1151)
w(490,1,1,1151)
r(502,1,6,1153)
w(499,3,6,1153)
r(502,1,6,1153)
r(495,2,6,1153)
r(502,1,6,1153)
w(501,1,6,1153)
r(501,1,6,1153)
w(502,2,6,1153)
r(501,1,12,1155)
r(501,1,12,1155)
r(501,1,12,1155)
r(502,2,12,1155)
r(501,1,18,1157)
w(502,3,18,1157)
r(501,1,18,1157)
r(501,1,18,1157)
w(501,2,18,1157)
w(504,1,18,1157)
w(501,3,18,1157)
r(501,3,18,1157)
w(504,2,2,1159)
r(504,2,2,1159)
r(504,2,2,1159)
w(490,2,2,1159)
w(505,1,2,1159)
w(490,3,2,1159)
r(505,1,2,1159)
r(505,1,2,1159)
r(495,2,4,1161)
w(505,2,4,1161)
r(504,2,4,1161)
r(495,2,4,1161)
r(505,2,4,1161)
r(503,0,4,1161)
w(505,3,4,1161)
r(505,3,4,1161)
r(507,0,2,1164)
w(507,2,2,1164)
r(504,2,2,1164)
r(507,2,2,1164)
w(507,3,2,1164)
r(507,3,2,1164)
r(495,2,9,1167)
w(503,1,9,1167)
w(509,1,9,1167)
r(504,2,9,1167)
r(503,1,9,1167)
r(508,0,9,1167)
r(490,3,19,1169)
r(509,1,19,1169)
w(509,2,19,1169)
r(504,2,19,1169)
r(503,1,19,1169)
r(509,2,19,1169)
r(509,2,13,1171)
r(504,2,13,1171)
w(509,3,13,1171)
r(509,3,13,1171)
r(509,3,13,1171)
r(509,3,13,1171)
r(503,1,3,1173)
r(490,3,3,1173)
r(510,0,3,1173)
r(510,0,3,1173)
r(504,2,3,1173)
r(504,2,3,1173)
r(503,1,0,1175)
r(510,0,0,1175)
w(510,1,0,1175)
r(503,1,0,1175)
r(510,1,0,1175)
w(504,3,0,1175)
r(503,1,0,1175)
r(511,0,1,1178)
w(510,2,1,1178)
w(511,1,1,1178)
r(511,1,1,1178)
r(508,0,1,1178)
r(510,2,1,1178)
w(513,1,9,1181)
r(511,1,9,1181)
w(503,2,9,1181)
r(513,1,9,1181)
r(503,2,5,1183)
r(511,1,5,1183)
r(503,2,5,1183)
w(513,2,5,1183)
r(503,2,5,1183)
r(513,2,5,1183)
r(513,2,5,1183)
r(511,1,5,1183)
w(513,3,7,1186)
r(513,3,7,1186)
w(511,3,7,1186)
r(513,3,7,1186)
r(513,3,7,1186)
w(515,2,7,1189)
w(515,3,7,1189)
w(516,1,7,1189)
r(516,1,7,1189)
w(516,2,7,1189)
r(516,2,7,1189)
r(503,2,10,1191)
r(514,0,10,1191)
r(503,2,10,1191)
w(514,2,10,1191)
r(516,2,10,1191)
w(516,3,10,1191)
w(503,3,10,1191)
r(516,3,10,1191)
w(514,3,3,1193)
r(516,3,3,1193)
r(514,3,3,1193)
w(517,1,3,1193)
r(517,1,6,1195)
w(517,2,6,1195)
r(517,2,6,1195)
r(517,2,6,1195)
r(517,2,6,1195)
r(517,2,6,1195)
r(517,2,7,1197)
r(517,2,7,1197)
r(519,0,7,1197)
w(517,3,7,1197)
r(517,3,7,1197)
r(518,0,14,1199)
r(517,3,14,1199)
r(519,0,14,1199)
r(517,3,14,1199)
r(518,0,14,1199)
w(518,1,14,1199)
r(518,1,4,1201)
r(518,1,4,1201)
w(518,2,4,1201)
w(519,1,4,1201)
w(518,3,4,1201)
r(520,0,4,1201)
w(520,1,4,1201)
w(520,2,0,1203)
w(520,3,0,1203)
r(520,3,0,1203)
r(508,0,0,1203)
r(518,3,12,1205)
r(520,3,12,1205)
r(518,3,12,1205)
r(518,3,12,1205)
r(521,0,12,1205)
r(521,0,4,1207)
w(522,1,4,1207)
w(521,1,4,1207)
w(522,2,4,1207)
r(521,1,8,1209)
r(522,2,8,1209)
w(521,2,8,1209)
r(521,2,8,1209)
r(521,2,8,1209)
r(522,2,8,1209)
w(521,3,14,1211)
r(522,2,14,1211)
r(521,3,14,1211)
r(522,2,14,1211)
w(512,1,14,1213)
w(522,3,14,1213)
w(523,1,14,1213)
w(523,2,14,1213)
r(523,2,14,1213)
r(522,3,14,1213)
w(519,2,14,1213)
w(523,3,14,1213)
w(524,1,6,1215)
r(524,1,6,1215)
w(519,3,6,1215)
r(524,1,6,1215)
w(524,2,6,1215)
w(525,1,6,1215)
r(526,0,6,1215)
r(525,1,6,1215)
r(524,2,14,1217)
w(526,1,14,1217)
w(525,2,14,1217)
w(524,3,14,1217)
w(525,3,12,1219)
w(508,3,12,1219)
w(526,2,12,1219)
r(512,1,12,1219)
r(525,3,12,1219)
r(525,3,12,1219)
r(527,0,12,1221)
w(527,1,12,1221)
r(527,1,12,1221)
w(527,2,12,1221)
w(527,3,12,1221)
w(512,2,12,1221)
w(529,1,12,1221)
w(529,2,12,1221)
w(529,3,2,1223)
r(529,3,2,1223)
w(512,3,2,1223)
r(528,0,2,1223)
r(508,3,2,1223)
r(530,0,2,1223)
w(526,3,2,1223)
r(528,0,2,1223)
r(530,0,7,1226)
w(530,1,7,1226)
r(530,1,7,1226)
w(528,1,7,1226)
r(530,1,7,1226)
r(530,1,7,1226)
w(530,2,7,1226)
r(530,2,2,1227)
w(530,3,2,1227)
r(531,0,2,1227)
w(532,1,2,1227)
r(532,1,5,1229)
w(532,2,5,1229)
r(531,0,5,1229)
r(532,2,5,1229)
w(532,3,5,1229)
r(532,3,5,1229)
w(534,1,10,1231)
r(533,0,10,1231)
r(531,0,10,1231)
w(534,2,10,1231)
r(534,2,10,1231)
r(528,1,10,1231)
r(534,2,10,1231)
w(531,1,10,1231)
w(534,3,1,1233)
r(535,0,1,1233)
r(535,0,1,1233)
r(533,0,1,1233)
w(528,2,1,1233)
r(535,0,5,1235)
r(528,2,5,1235)
r(531,1,5,1235)
w(535,1,5,1235)
w(533,1,5,1235)
r(531,1,5,1235)
r(528,2,5,1235)
r(535,1,8,1237)
r(535,1,8,1237)
w(535,2,8,1237)
w(535,3,8,1237)
w(528,3,8,1237)
r(535,3,8,1237)
w(536,1,8,1237)
w(531,2,19,1239)
w(531,3,19,1239)
r(536,1,19,1239)
r(528,3,19,1239)
r(528,3,19,1239)
w(536,2,19,1239)
w(536,3,19,1239)
r(536,3,19,1239)
r(538,0,17,1241)
r(536,3,17,1241)
w(538,1,17,1241)
r(536,3,17,1241)
r(536,3,17,1241)
w(533,2,17,1241)
w(540,1,16,1244)
r(539,0,16,1244)
w(539,1,16,1244)
w(539,2,16,1244)
r(539,2,16,1244)
w(539,3,16,1244)
w(540,2,16,1244)
r(540,0,7,1245)
r(539,0,7,1245)
r(539,0,7,1245)
r(538,1,7,1245)
r(538,1,7,1245)
w(533,3,0,1247)
r(541,0,0,1247)
r(538,1,0,1247)
w(540,3,0,1247)
r(541,0,0,1247)
r(541,0,0,1247)
w(537,1,0,1247)
r(541,0,0,1247)
w(542,1,16,1249)
w(538,2,16,1249)
w(541,1,16,1249)
r(541,1,16,1249)
w(537,2,16,1249)
r(533,3,16,1249)
r(541,1,6,1251)
w(541,2,6,1251)
r(541,2,6,1251)
w(542,2,6,1251)
r(543,0,16,1253)
w(541,3,16,1253)
w(538,3,16,1253)
w(542,3,16,1253)
r(538,3,16,1253)
r(545,0,1,1255)
r(545,0,1,1255)
w(544,1,1,1255)
w(545,1,1,1255)
r(538,3,5,1257)
w(545,2,5,1257)
r(543,0,5,1257)
r(545,2,5,1257)
w(546,1,5,1257)
w(545,3,0,1259)
w(546,2,0,1259)
w(547,1,0,1259)
w(547,2,0,1259)
w(546,3,0,1259)
w(544,2,0,1259)
r(547,2,0,1259)
w(537,3,7,1261)
w(548,1,7,1261)
r(548,1,7,1261)
r(547,2,7,1261)
w(547,3,1,1263)
r(544,2,1,1263)
w(548,2,1,1263)
r(547,3,1,1263)
r(547,3,1,1263)
w(548,3,1,1263)
r(549,0,1,1263)
r(548,3,11,1265)
w(544,3,11,1265)
r(548,3,11,1265)
r(549,0,11,1265)
w(549,1,11,1265)
r(549,1,11,1265)
r(550,0,11,1265)
w(549,2,19,1267)
w(550,1,19,1267)
w(549,3,19,1267)
r(550,1,19,1267)
w(551,1,19,1267)
w(551,2,19,1267)
r(551,2,19,1267)
r(550,1,19,1267)
w(550,2,15,1269)
w(551,3,15,1269)
r(551,3,15,1269)
w(553,1,15,1269)
r(553,1,15,1269)
w(553,2,15,1269)
r(553,2,7,1271)
w(550,3,7,1271)
w(553,3,7,1271)
r(537,3,7,1271)
w(552,1,7,1271)
r(554,0,7,1271)
r(554,0,7,1271)
w(554,1,10,1273)
r(543,0,10,1273)
r(554,1,10,1273)
r(554,1,10,1273)
w(554,2,10,1273)
r(552,1,10,1273)
r(554,2,4,1275)
w(554,3,4,1275)
w(543,1,4,1275)
r(554,3,4,1275)
w(556,1,4,1275)
w(556,2,4,1275)
r(555,0,4,1275)
r(552,1,4,1277)
w(555,1,4,1277)
r(556,2,4,1277)
r(556,2,4,1277)
r(556,2,2,1279)
w(555,2,2,1279)
w(556,3,2,1279)
r(556,3,2,1279)
r(556,3,12,1281)
w(552,2,12,1281)
w(543,2,12,1281)
r(556,3,12,1281)
r(556,3,12,1281)
r(556,3,12,1281)
r(557,0,12,1281)
w(555,3,1,1283)
w(552,3,1,1283)
r(558,0,1,1283)
r(558,0,1,1283)
w(558,1,1,1283)
r(558,1,9,1285)
w(558,2,9,1285)
r(552,3,9,1285)
r(558,2,9,1285)
r(558,2,9,1285)
r(555,3,9,1285)
r(558,2,9,1285)
r(559,0,3,1287)
w(560,1,3,1287)
w(557,1,3,1287)
r(559,0,3,1287)
r(561,0,0,1291)
r(559,0,0,1291)
w(560,3,0,1291)
r(559,0,0,1291)
r(543,2,0,1291)
r(557,1,0,1291)
w(561,1,0,1291)
r(561,1,0,1291)
r(561,1,12,1293)
w(561,2,12,1293)
r(559,0,12,1293)
w(561,3,12,1293)
r(560,3,12,1293)
w(562,1,12,1293)
w(563,1,9,1295)
r(562,1,9,1295)
r(559,0,9,1295)
r(562,1,9,1295)
w(559,2,9,1295)
r(562,1,8,1297)
w(562,2,8,1297)
w(563,2,8,1297)
r(559,2,8,1297)
r(559,2,14,1299)
w(559,3,14,1299)
r(562,2,14,1299)
r(562,2,14,1299)
w(562,3,14,1299)
r(562,3,14,1299)
w(564,1,14,1299)
r(563,2,14,1299)
r(564,1,0,1301)
r(565,0,0,1301)
w(564,2,0,1301)
w(564,3,0,1301)
r(564,3,0,1301)
r(564,3,0,1301)
r(564,3,0,1301)
r(563,2,6,1303)
r(565,0,6,1303)
w(557,2,6,1303)
r(566,0,6,1303)
r(563,2,6,1303)
w(563,3,6,1303)
r(566,0,4,1306)
r(565,0,4,1306)
w(543,3,4,1306)
w(566,1,4,1306)
r(565,0,4,1306)
w(566,2,4,1306)
w(566,3,4,1306)
r(565,0,16,1307)
r(563,3,16,1307)
r(568,0,16,1307)
r(569,0,16,1307)
w(565,1,16,1307)
r(565,1,18,1309)
w(565,2,18,1309)
w(569,1,18,1309)
r(565,2,18,1309)
w(569,2,15,1311)
w(565,3,15,1311)
w(569,3,15,1311)
r(569,3,15,1311)
w(570,1,15,1311)
r(567,0,3,1313)
w(567,1,3,1313)
r(570,1,3,1313)
r(569,3,3,1313)
r(569,3,3,1313)
r(569,3,3,1313)
r(569,3,3,1313)
r(569,3,3,1313)
r(569,3,14,1315)
r(570,1,14,1315)
r(571,0,14,1315)
r(571,0,14,1315)
r(567,1,14,1315)
r(570,1,14,1315)
w(570,2,14,1315)
w(570,3,16,1317)
w(571,1,16,1317)
r(571,1,16,1317)
r(571,1,16,1317)
w(571,2,10,1319)
r(570,3,10,1319)
r(571,2,10,1319)
w(571,3,10,1319)
r(573,0,10,1319)
w(572,1,10,1319)
r(572,1,4,1321)
w(573,1,4,1321)
w(572,2,4,1321)
w(573,2,4,1321)
w(573,3,4,1321)
r(572,2,4,1321)
r(572,2,10,1323)
r(573,3,10,1323)
r(572,2,10,1323)
r(574,0,10,1323)
r(572,2,10,1323)
r(574,0,10,1323)
w(574,1,10,1325)
r(574,1,10,1325)
w(574,2,10,1325)
r(572,2,10,1325)
w(572,3,10,1325)
r(574,2,10,1325)
w(568,1,3,1327)
r(574,2,3,1327)
r(568,1,3,1327)
r(567,1,3,1327)
w(574,3,3,1327)
r(557,2,16,1329)
w(557,3,16,1329)
r(575,0,16,1329)
w(567,2,16,1329)
r(572,3,16,1329)
w(575,1,16,1329)
w(575,2,5,1331)
r(575,2,5,1331)
r(575,2,5,1331)
r(567,2,5,1331)
w(575,3,5,1331)
r(557,3,5,1331)
r(575,3,5,1331)
w(576,1,5,1331)
r(568,1,15,1333)
r(575,3,15,1333)
r(575,3,15,1333)
r(567,2,15,1333)
w(567,3,7,1335)
r(576,1,7,1335)
w(576,2,7,1335)
w(577,1,7,1335)
r(577,1,7,1335)
w(568,2,4,1337)
w(577,2,4,1337)
r(576,2,4,1337)
w(577,3,4,1337)
r(557,3,4,1337)
w(578,1,4,1337)
r(578,1,5,1339)
w(578,2,5,1339)
r(578,2,5,1339)
w(578,3,5,1339)
r(578,3,5,1339)
r(578,3,5,1339)
w(580,1,5,1339)
r(579,0,8,1341)
r(568,2,8,1341)
r(576,2,8,1341)
r(580,1,8,1341)
r(576,2,8,1341)
r(568,2,8,1341)
w(580,2,8,1341)
w(580,3,0,1343)
w(568,3,0,1343)
w(581,1,0,1343)
w(581,2,0,1343)
w(579,1,13,1345)
w(581,3,13,1345)
r(581,3,13,1345)
r(576,2,13,1345)
r(581,3,13,1345)
r(581,3,13,1345)
r(583,0,13,1345)
w(583,1,3,1347)
w(583,2,3,1347)
w(583,3,3,1347)
r(582,0,3,1347)
r(579,1,10,1349)
r(576,2,10,1349)
r(584,0,10,1349)
r(576,2,10,1349)
w(585,1,10,1349)
w(576,3,10,1349)
w(585,2,10,1349)
w(585,3,5,1351)
r(579,1,5,1351)
r(586,0,5,1351)
w(584,1,5,1351)
r(584,1,5,1351)
r(579,1,5,1351)
w(584,2,4,1353)
w(584,3,4,1353)
r(587,0,4,1353)
w(587,1,4,1353)
w(587,2,12,1355)
r(587,2,12,1355)
w(587,3,12,1355)
w(589,1,12,1355)
w(588,1,7,1357)
r(589,1,7,1357)
w(589,2,7,1357)
w(589,3,7,1357)
w(586,1,7,1357)
r(590,0,7,1357)
w(588,2,11,1359)
w(586,2,11,1359)
r(590,0,11,1359)
r(588,2,11,1359)
w(590,1,11,1359)
w(590,2,5,1361)
w(579,2,5,1361)
r(590,2,5,1361)
r(586,2,5,1361)
r(590,2,5,1361)
w(590,3,10,1363)
r(586,2,10,1363)
r(591,0,10,1363)
w(591,1,10,1363)
w(586,3,10,1363)
r(592,0,10,1363)
w(591,2,10,1363)
w(591,3,10,1363)
w(592,1,11,1365)
w(592,2,11,1365)
r(579,2,11,1365)
w(588,3,11,1365)
w(592,3,11,1365)
r(591,3,11,1365)
r(579,2,11,1367)
r(579,2,11,1367)
r(592,3,11,1367)
r(591,3,11,1367)
w(582,1,19,1369)
w(593,1,19,1369)
w(579,3,19,1369)
r(594,0,19,1369)
w(594,1,19,1369)
r(593,1,19,1369)
r(594,1,9,1371)
r(594,1,9,1371)
r(594,1,9,1371)
w(594,2,9,1371)
w(594,3,4,1373)
r(593,1,4,1373)
r(593,1,4,1373)
w(593,2,4,1373)
r(593,2,4,1373)
r(596,0,0,1375)
r(596,0,0,1375)
r(593,2,0,1375)
r(593,2,0,1375)
r(593,2,0,1375)
w(596,1,16,1377)
r(588,3,16,1377)
r(596,1,16,1377)
r(596,1,16,1377)
r(593,2,12,1379)
w(596,2,12,1379)
r(596,2,12,1379)
w(593,3,12,1379)
w(582,2,19,1381)
r(596,2,19,1381)
r(596,2,19,1381)
r(596,2,19,1381)
w(596,3,19,1381)
w(598,1,16,1383)
w(582,3,16,1383)
r(598,1,16,1383)
w(597,1,16,1383)
r(588,3,16,1383)
w(598,2,16,1383)
w(598,3,16,1383)
w(599,1,9,1386)
w(595,1,9,1386)
w(599,2,9,1386)
r(597,1,9,1386)
r(597,1,9,1386)
w(599,3,9,1386)
w(601,1,9,1386)
r(597,1,9,1386)
r(600,0,13,1388)
r(601,0,13,1388)
w(600,1,13,1388)
w(597,2,13,1388)
r(601,0,13,1388)
w(601,2,5,1389)
w(600,2,5,1389)
w(597,3,5,1389)
w(601,3,5,1389)
w(600,3,5,1389)
r(601,3,4,1391)
r(601,3,4,1391)
r(601,3,4,1391)
r(601,3,4,1391)
r(602,0,4,1391)
r(597,3,4,1391)
r(597,3,4,1391)
w(603,1,18,1393)
w(602,1,18,1393)
w(603,2,18,1393)
w(603,3,18,1393)
r(603,3,13,1395)
r(605,0,13,1395)
w(605,1,13,1395)
r(605,1,13,1395)
w(604,1,15,1397)
r(604,1,15,1397)
r(605,1,15,1397)
r(605,1,15,1397)
r(604,1,15,1397)
r(595,1,7,1399)
r(605,1,7,1399)
r(605,1,7,1399)
w(605,2,7,1399)
w(602,2,7,1399)
w(605,3,7,1399)
r(605,3,7,1399)
r(602,2,7,1399)
w(604,2,9,1401)
w(607,1,9,1401)
w(604,3,9,1401)
r(607,1,9,1401)
r(604,3,9,1401)
w(608,1,9,1401)
w(608,2,9,1401)
w(608,3,18,1403)
r(607,1,18,1403)
w(607,2,18,1403)
w(602,3,18,1403)
w(606,1,18,1403)
r(608,3,3,1405)
r(602,3,3,1405)
w(607,3,3,1405)
w(609,1,3,1405)
r(609,1,3,1405)
w(609,2,15,1407)
w(609,3,15,1407)
r(608,3,15,1407)
r(608,3,15,1407)
r(608,3,15,1407)
w(611,1,15,1407)
r(595,1,15,1409)
r(610,0,15,1409)
r(612,0,15,1409)
r(611,1,15,1409)
r(612,0,15,1409)
r(611,1,15,1409)
r(606,1,15,1409)
r(606,1,15,1409)
w(612,1,10,1411)
w(610,1,10,1411)
w(611,2,10,1411)
r(611,2,10,1411)
w(610,2,1,1413)
r(612,1,1,1413)
r(611,2,1,1413)
r(611,2,1,1413)
r(611,2,1,1413)
r(611,2,1,1413)
w(611,3,1,1413)
w(613,1,1,1413)
w(613,2,13,1415)
w(595,2,13,1415)
r(610,2,13,1415)
r(595,2,13,1415)
w(612,2,13,1415)
w(612,3,13,1415)
r(613,2,13,1415)
r(613,2,13,1415)
w(595,3,8,1417)
w(613,3,8,1417)
r(610,2,8,1417)
w(614,1,8,1417)
r(610,2,8,1417)
r(615,0,8,1417)
r(615,0,8,1417)
r(610,2,8,1417)
w(615,1,5,1419)
w(615,2,5,1419)
w(615,3,5,1419)
w(610,3,5,1419)
w(616,1,5,1419)
r(616,1,5,1419)
r(614,1,5,1421)
r(606,1,5,1421)
w(606,2,5,1421)
r(616,1,5,1421)
w(616,2,1,1423)
w(617,1,1,1423)
w(617,2,1,1423)
w(617,3,1,1423)
r(617,3,13,1425)
r(617,3,13,1425)
w(618,1,13,1425)
w(618,2,13,1425)
w(618,3,13,1425)
w(616,3,13,1425)
r(616,3,13,1425)
r(606,2,13,1425)
w(620,1,15,1427)
w(620,2,15,1427)
r(620,2,15,1427)
w(620,3,15,1427)
w(614,2,15,1427)
r(621,0,19,1429)
w(621,1,19,1429)
w(621,2,19,1429)
w(621,3,19,1429)
r(621,3,19,1429)
w(619,1,9,1431)
r(621,3,9,1431)
r(621,3,9,1431)
w(622,1,9,1431)
w(614,3,10,1433)
w(622,2,10,1433)
w(622,3,10,1433)
r(622,3,10,1433)
r(623,0,10,1433)
r(623,0,10,1433)
w(623,1,10,1433)
r(623,1,10,1433)
r(624,0,2,1435)
r(623,1,2,1435)
r(623,1,2,1435)
r(614,3,2,1435)
w(619,2,2,1435)
r(623,1,1,1437)
r(624,0,1,1437)
r(624,0,1,1437)
w(624,1,1,1437)
w(624,2,8,1439)
w(623,2,8,1439)
r(623,2,8,1439)
w(619,3,8,1439)
w(623,3,8,1439)
w(624,3,8,1439)
r(625,0,8,1439)
r(625,0,8,1439)
r(627,0,18,1441)
w(625,1,18,1441)
r(627,0,18,1441)
r(625,1,18,1441)
w(628,1,18,1441)
r(625,1,15,1443)
w(627,1,15,1443)
r(627,1,15,1443)
w(627,2,15,1443)
r(625,1,5,1445)
r(627,2,5,1445)
r(625,1,5,1445)
w(606,3,5,1445)
w(626,1,5,1445)
w(625,2,5,1445)
r(625,2,15,1447)
r(627,2,15,1447)
w(627,3,15,1447)
w(626,2,15,1447)
r(629,0,6,1449)
w(626,3,6,1449)
r(625,2,6,1449)
w(625,3,6,1449)
r(625,3,7,1451)
w(630,1,7,1451)
r(628,1,7,1451)
w(629,1,7,1451)
r(628,1,7,1451)
r(626,3,7,1451)
w(628,2,7,1451)
r(629,1,14,1453)
w(630,2,14,1453)
r(630,2,14,1453)
r(630,2,14,1453)
w(630,3,14,1453)
r(629,1,14,1453)
w(629,2,12,1455)
w(632,1,12,1455)
r(632,1,12,1455)
r(629,2,12,1455)
w(632,2,12,1455)
r(632,2,12,1455)
r(632,2,12,1455)
r(632,2,12,1455)
w(632,3,13,1457)
w(633,1,13,1457)
w(631,1,13,1457)
r(633,1,13,1457)
r(629,2,13,1457)
w(631,2,13,1457)
r(628,2,13,1457)
r(631,2,4,1459)
w(633,2,4,1459)
w(629,3,4,1459)
r(633,2,4,1459)
w(633,3,4,1459)
w(628,3,15,1461)
w(634,1,15,1461)
w(635,1,15,1461)
w(634,2,15,1461)
r(631,2,15,1461)
r(634,2,17,1463)
r(634,2,17,1463)
w(631,3,17,1463)
r(634,2,17,1463)
r(634,2,17,1463)
w(634,3,17,1463)
w(636,1,17,1463)
r(634,3,17,1463)
r(637,0,17,1465)
r(635,1,17,1465)
r(635,1,17,1465)
w(638,1,17,1465)
w(638,2,17,1465)
w(635,2,17,1465)
w(638,3,6,1467)
r(638,3,6,1467)
w(637,1,6,1467)
r(639,0,6,1467)
r(628,3,19,1469)
r(639,0,19,1469)
r(639,0,19,1469)
w(639,1,19,1469)
r(635,2,19,1469)
r(639,1,5,1471)
w(639,2,5,1471)
w(635,3,5,1471)
w(637,2,5,1471)
r(635,3,7,1473)
w(639,3,7,1473)
r(636,1,7,1473)
r(641,0,7,1473)
r(641,0,7,1473)
w(637,3,7,1473)
r(641,0,7,1473)
r(640,0,19,1476)
r(640,0,19,1476)
w(640,1,19,1476)
w(642,1,19,1476)
w(641,1,19,1476)
r(641,1,19,1476)
r(641,1,19,1476)
w(641,2,19,1476)
r(641,2,8,1479)
r(644,0,8,1479)
w(636,2,8,1479)
r(643,0,8,1479)
w(644,1,8,1479)
w(643,2,1,1481)
r(643,2,1,1481)
r(644,1,1,1481)
r(644,1,1,1481)
r(642,1,11,1483)
w(643,3,11,1483)
w(644,2,11,1483)
r(642,1,11,1483)
w(645,1,11,1483)
w(644,3,11,1483)
w(642,3,11,1483)
w(636,3,11,1483)
r(644,3,1,1485)
r(646,0,1,1485)
r(645,1,1,1485)
w(645,2,1,1485)
w(645,3,1,1485)
w(648,1,1,1485)
r(636,3,1,1485)
r(636,3,12,1487)
w(648,2,12,1487)
w(648,3,12,1487)
w(649,1,12,1487)
w(647,1,12,1487)
w(649,2,12,1487)
r(650,0,12,1487)
r(649,2,9,1490)
r(650,0,9,1490)
r(650,0,9,1490)
w(649,3,9,1490)
r(649,3,9,1490)
r(647,1,9,1490)
r(650,0,17,1491)
r(646,0,17,1491)
r(649,3,17,1491)
w(650,1,17,1491)
w(650,2,17,1491)
w(650,3,17,1493)
r(647,1,17,1493)
w(652,1,17,1493)
w(652,2,17,1493)
w(652,3,16,1495)
r(646,0,16,1495)
w(651,1,16,1495)
r(653,0,16,1495)
w(647,2,16,1495)
r(651,1,16,1495)
w(653,1,11,1497)
r(653,1,11,1497)
r(653,1,11,1497)
r(651,1,11,1497)
w(653,2,11,1497)
r(653,2,1,1499)
r(646,0,1,1499)
r(651,1,1,1499)
r(653,2,1,1499)
r(651,1,4,1501)
r(647,2,4,1501)
w(653,3,4,1501)
w(651,2,4,1501)
r(651,2,4,1501)
r(647,2,12,1503)
r(651,2,12,1503)
r(646,0,12,1503)
r(651,2,12,1503)
w(651,3,12,1503)
w(646,1,7,1505)
w(646,2,7,1505)
r(655,0,7,1505)
w(655,1,7,1505)
w(655,2,7,1505)
w(655,3,7,1505)
r(647,2,7,1505)
r(655,3,16,1507)
w(656,1,16,1507)
r(655,3,16,1507)
r(655,3,16,1507)
r(654,0,8,1509)
w(646,3,8,1509)
r(647,2,8,1509)
r(657,0,8,1509)
r(657,0,8,1509)
r(657,0,8,1509)
w(656,2,8,1509)
r(657,0,8,1509)
r(657,0,10,1511)
w(657,1,10,1511)
r(657,1,10,1511)
w(656,3,10,1511)
r(654,0,10,1511)
w(657,2,4,1513)
r(647,2,4,1513)
w(657,3,4,1513)
r(660,0,4,1513)
w(658,1,4,1513)
r(658,1,4,1513)
r(659,0,4,1513)
r(659,0,17,1515)
w(658,2,17,1515)
r(659,0,17,1515)
w(660,1,17,1515)
w(660,2,17,1515)
w(660,3,5,1517)
w(659,1,5,1517)
r(661,0,5,1517)
w(661,1,5,1517)
r(661,1,5,1517)
r(658,2,5,1517)
w(661,2,9,1519)
w(658,3,9,1519)
r(661,2,9,1519)
w(647,3,9,1519)
r(659,1,9,1519)
w(661,3,9,1519)
r(658,3,9,1519)
w(654,1,9,1519)
r(647,3,17,1521)
r(661,3,17,1521)
w(654,2,17,1521)
r(659,1,17,1521)
r(659,1,9,1523)
w(659,2,9,1523)
r(661,3,9,1523)
w(659,3,9,1523)
r(661,3,9,1523)
w(663,1,9,1523)
w(663,2,10,1525)
r(654,2,10,1525)
r(664,0,10,1525)
r(664,0,10,1525)
w(664,1,10,1525)
r(664,1,10,1525)
r(664,1,1,1527)
r(664,1,1,1527)
w(664,2,1,1527)
r(663,2,1,1527)
w(663,3,1,1527)
w(664,3,1,1527)
r(665,0,12,1529)
r(664,3,12,1529)
r(666,0,12,1529)
r(664,3,12,1529)
r(666,0,11,1531)
w(666,1,11,1531)
r(664,3,11,1531)
r(664,3,11,1531)
r(664,3,12,1533)
r(664,3,12,1533)
w(665,1,12,1533)
r(667,0,12,1533)
r(662,0,12,1533)
w(667,1,2,1535)
r(666,1,2,1535)
r(667,1,2,1535)
r(666,1,2,1535)
w(666,2,2,1535)
w(667,2,16,1537)
r(666,2,16,1537)
w(667,3,16,1537)
r(666,2,16,1537)
r(666,2,16,1537)
r(667,3,16,1537)
r(667,3,5,1539)
w(665,2,5,1539)
r(668,0,5,1539)
w(666,3,5,1539)
r(668,0,5,1539)
w(668,1,5,1539)
w(668,2,5,1539)
r(668,2,5,1539)
w(668,3,18,1541)
r(669,0,18,1541)
r(665,2,18,1541)
w(669,1,18,1541)
w(670,1,18,1541)
r(654,2,1,1543)
w(669,2,1,1543)
r(670,1,1,1543)
w(670,2,1,1543)
r(670,2,1,1543)
w(665,3,7,1545)
w(662,1,7,1545)
r(669,2,7,1545)
w(670,3,7,1545)
w(669,3,4,1547)
r(671,0,4,1547)
r(672,0,4,1547)
r(665,3,4,1547)
r(654,2,4,1547)
r(672,0,16,1549)
r(672,0,16,1549)
w(671,1,16,1549)
w(672,1,16,1549)
w(662,2,16,1549)
w(671,2,3,1551)
w(672,2,3,1551)
r(654,2,3,1551)
w(671,3,3,1551)
w(672,3,19,1553)
w(662,3,19,1553)
r(674,0,19,1553)
w(673,1,19,1553)
w(674,1,19,1553)
r(674,1,19,1553)
r(674,1,15,1555)
r(675,0,15,1555)
r(674,1,15,1555)
w(674,2,15,1555)
r(674,2,4,1557)
w(674,3,4,1557)
r(673,1,4,1557)
r(674,3,4,1557)
r(674,3,4,1557)
w(676,1,4,1557)
r(673,1,4,1557)
w(673,2,4,1557)
r(677,0,11,1559)
r(677,0,11,1559)
w(673,3,11,1559)
w(676,2,11,1559)
w(677,1,11,1559)
w(676,3,11,1559)
w(677,2,11,1559)
w(678,1,5,1561)
r(677,2,5,1561)
r(677,2,5,1561)
w(678,2,5,1561)
r(677,2,5,1561)
r(678,2,6,1563)
w(677,3,6,1563)
r(673,3,6,1563)
w(679,1,6,1563)
w(678,3,3,1565)
r(679,1,3,1565)
w(679,2,3,1565)
w(679,3,3,1565)
r(681,0,18,1567)
w(675,1,18,1567)
r(680,0,18,1567)
r(681,0,18,1567)
r(681,0,18,1567)
w(681,1,18,1567)
r(681,1,18,1567)
r(681,1,18,1567)
r(680,0,5,1569)
r(681,1,5,1569)
r(675,1,5,1569)
w(681,2,5,1569)
r(681,2,5,1569)
w(680,1,5,1569)
r(681,2,5,1569)
w(680,2,5,1569)
w(680,3,13,1571)
w(681,3,13,1571)
r(680,3,13,1571)
r(680,3,13,1571)
w(683,1,16,1573)
w(654,3,16,1573)
r(683,1,16,1573)
r(683,1,16,1573)
w(683,2,14,1575)
r(680,3,14,1575)
w(683,3,14,1575)
w(682,1,14,1575)
w(684,1,14,1575)
r(682,1,14,1575)
r(686,0,14,1575)
r(684,1,18,1577)
w(675,2,18,1577)
w(684,2,18,1577)
r(684,2,18,1577)
w(685,1,1,1579)
w(675,3,1,1579)
r(686,0,1,1579)
w(684,3,1,1579)
w(686,1,1,1579)
r(685,1,1,1581)
r(686,1,1,1581)
r(686,1,1,1581)
r(685,1,1,1581)
w(686,2,1,1581)
r(687,0,1,1581)
w(687,1,1,1581)
w(686,3,12,1583)
r(687,1,12,1583)
w(687,2,12,1583)
w(688,1,12,1583)
r(687,2,12,1583)
r(688,1,12,1583)
r(688,1,11,1585)
r(687,2,11,1585)
r(688,1,11,1585)
w(687,3,11,1585)
w(688,2,11,1585)
w(682,2,11,1585)
r(689,0,11,1585)
r(689,0,11,1585)
w(689,1,17,1588)
w(682,3,17,1588)
w(689,2,17,1588)
r(688,2,17,1588)
r(689,2,17,1588)
w(689,3,17,1588)
w(685,2,17,1588)
w(688,3,17,1588)
r(675,3,8,1589)
w(690,1,8,1589)
r(690,1,8,1589)
w(691,1,8,1589)
w(691,2,8,1589)
w(692,1,8,1589)
r(692,1,9,1591)
w(692,2,9,1591)
r(692,2,9,1591)
r(692,2,9,1591)
w(692,3,9,1591)
w(691,3,9,1591)
r(675,3,9,1591)
r(685,2,9,1591)
w(693,1,13,1593)
r(693,1,13,1593)
r(693,1,13,1593)
w(685,3,13,1593)
w(693,2,1,1595)
r(690,1,1,1595)
w(694,1,1,1595)
w(690,2,1,1595)
w(693,3,1,1595)
w(690,3,18,1597)
r(694,1,18,1597)
r(694,1,18,1597)
r(694,1,18,1597)
r(693,3,18,1597)
w(694,2,18,1597)
r(693,3,18,1597)
w(694,3,18,1597)
r(693,3,13,1599)
r(693,3,13,1599)
r(693,3,13,1599)
r(693,3,13,1599)
w(696,1,7,1601)
r(696,1,7,1601)
r(694,3,7,1601)
r(696,1,7,1601)
r(693,3,7,1601)
r(697,0,13,1603)
r(696,1,13,1603)
w(697,1,13,1603)
r(697,1,13,1603)
r(696,1,11,1605)
r(697,1,11,1605)
r(697,1,11,1605)
r(697,1,11,1605)
r(697,1,3,1607)
w(695,1,3,1607)
r(698,0,3,1607)
w(697,2,3,1607)
r(697,2,3,1607)
w(697,3,3,1607)
w(698,1,3,1607)
w(698,2,3,1607)
w(698,3,10,1609)
r(699,0,10,1609)
r(696,1,10,1609)
r(695,1,10,1609)
r(698,3,10,1609)
w(699,1,10,1609)
w(699,2,10,1609)
r(695,1,10,1609)
r(699,2,8,1611)
w(699,3,8,1611)
r(696,1,8,1611)
w(696,2,8,1611)
r(696,2,8,1611)
r(699,3,8,1611)
r(701,0,8,1611)
w(701,1,18,1613)
r(701,1,18,1613)
r(675,3,18,1613)
r(701,1,18,1613)
r(701,1,18,1613)
w(701,2,18,1613)
r(696,2,18,1613)
r(701,2,18,1613)
w(696,3,8,1615)
w(701,3,8,1615)
r(701,3,8,1615)
w(700,1,8,1615)
w(702,1,8,1615)
w(702,2,11,1617)
r(700,1,11,1617)
r(703,0,11,1617)
w(700,2,11,1617)
w(702,3,11,1617)
w(703,1,13,1619)
w(700,3,13,1619)
r(704,0,13,1619)
r(700,3,13,1619)
w(704,1,13,1619)
w(704,2,13,1619)
r(704,2,15,1621)
w(705,1,15,1621)
r(700,3,15,1621)
r(704,2,15,1621)
r(700,3,15,1621)
w(704,3,15,1621)
r(704,3,19,1623)
r(706,0,19,1623)
w(703,2,19,1623)
w(706,1,19,1623)
w(706,2,19,1623)
w(706,3,19,1623)
r(703,2,19,1623)
r(706,3,19,1623)
r(707,0,15,1625)
w(705,2,15,1625)
r(707,0,15,1625)
r(707,0,15,1625)
r(707,0,15,1625)
w(703,3,15,1625)
r(707,0,15,1625)
w(708,1,14,1627)
r(708,1,14,1627)
r(709,0,14,1627)
w(708,2,14,1627)
r(709,0,14,1627)
r(708,2,14,1629)
r(707,0,14,1629)
r(707,0,14,1629)
r(708,2,14,1629)
r(708,2,14,1629)
r(708,2,14,1629)
r(707,0,14,1629)
w(707,1,10,1631)
r(708,2,10,1631)
w(707,2,10,1631)
w(708,3,10,1631)
r(695,1,10,1631)
r(710,0,10,1631)
r(710,0,10,1631)
r(709,0,10,1631)
r(710,0,6,1633)
w(707,3,6,1633)
w(710,1,6,1633)
w(695,2,6,1633)
r(710,1,6,1633)
w(709,1,6,1633)
w(710,2,6,1633)
w(710,3,6,1633)
w(711,1,2,1635)
w(711,2,2,1635)
r(710,3,2,1635)
r(710,3,2,1635)
r(710,3,2,1635)
w(712,1,2,1635)
w(712,2,2,1635)
r(711,2,12,1637)
w(705,3,12,1637)
r(712,2,12,1637)
r(705,3,12,1637)
w(712,3,12,1637)
w(711,3,15,1639)
r(705,3,15,1639)
r(712,3,15,1639)
r(711,3,15,1639)
r(711,3,15,1639)
r(711,3,1,1641)
r(709,1,1,1641)
r(711,3,1,1641)
r(713,0,1,1641)
r(711,3,1,1641)
r(709,1,14,1643)
r(711,3,14,1643)
r(713,0,14,1643)
r(713,0,14,1643)
r(713,0,14,1643)
r(713,0,14,1643)
w(709,2,7,1645)
r(713,0,7,1645)
r(714,0,7,1645)
w(714,1,7,1645)
r(713,0,7,1645)
w(714,2,7,1645)
w(713,1,7,1645)
r(714,2,6,1647)
r(714,2,6,1647)
r(713,1,6,1647)
w(713,2,6,1647)
r(713,2,6,1647)
r(713,2,6,1647)
r(713,2,6,1647)
w(714,3,6,1647)
r(713,2,6,1650)
r(713,2,6,1650)
r(713,2,6,1650)
r(695,2,6,1650)
r(713,2,6,1650)
w(713,3,6,1650)
w(717,1,10,1651)
w(716,1,10,1651)
w(716,2,10,1651)
w(716,3,10,1651)
r(709,2,16,1653)
r(709,2,16,1653)
r(709,2,16,1653)
r(718,0,16,1653)
w(718,1,16,1653)
r(718,1,16,1655)
w(717,2,16,1655)
r(718,1,16,1655)
r(718,1,16,1655)
w(709,3,16,1655)
w(717,3,16,1655)
w(718,2,16,1655)
r(717,3,15,1657)
r(717,3,15,1657)
r(715,0,15,1657)
r(717,3,15,1657)
r(719,0,18,1659)
r(718,2,18,1659)
r(718,2,18,1659)
r(695,2,18,1659)
w(718,3,18,1659)
w(719,1,16,1661)
r(718,3,16,1661)
w(720,1,16,1661)
w(721,1,16,1661)
w(695,3,16,1661)
w(720,2,16,1661)
w(721,2,16,1661)
w(720,3,12,1663)
r(721,2,12,1663)
w(721,3,12,1663)
w(715,1,12,1663)
w(722,1,12,1663)
r(722,1,12,1663)
r(721,3,12,1663)
r(721,3,12,1663)
r(721,3,13,1665)
r(721,3,13,1665)
r(719,1,13,1665)
w(722,2,13,1665)
w(722,3,13,1665)
w(719,2,13,1665)
w(723,1,13,1665)
w(723,2,13,1665)
r(723,2,10,1667)
w(723,3,10,1667)
w(724,1,10,1667)
w(725,1,10,1667)
w(725,2,10,1667)
w(725,3,15,1669)
r(725,3,15,1669)
r(725,3,15,1669)
w(719,3,15,1669)
r(719,3,15,1671)
w(726,1,15,1671)
r(726,1,15,1671)
r(715,1,15,1671)
r(726,1,12,1673)
r(724,1,12,1673)
r(719,3,12,1673)
r(726,1,12,1673)
r(719,3,17,1675)
r(719,3,17,1675)
r(724,1,17,1675)
r(726,1,17,1675)
r(726,1,17,1675)
w(726,2,17,1675)
r(724,1,17,1675)
r(724,1,17,1675)
w(724,2,2,1677)
r(726,2,2,1677)
w(726,3,2,1677)
w(724,3,2,1677)
w(728,1,14,1679)
w(728,2,14,1679)
w(728,3,14,1679)
r(724,3,14,1679)
r(728,3,14,1679)
r(728,3,14,1679)
w(715,2,14,1679)
r(724,3,15,1681)
r(729,0,15,1681)
w(729,1,15,1681)
w(727,1,15,1681)
w(729,2,15,1681)
w(715,3,15,1681)
w(729,3,15,1681)
r(730,0,14,1683)
w(730,1,14,1683)
w(730,2,14,1683)
w(731,1,14,1683)
r(727,1,14,1683)
r(731,1,10,1685)
r(732,0,10,1685)
r(731,1,10,1685)
w(731,2,10,1685)
w(727,2,10,1685)
w(730,3,11,1687)
r(727,2,11,1687)
r(731,2,11,1687)
w(731,3,11,1687)
r(727,2,11,1687)
r(730,3,11,1687)
r(695,3,11,1687)
r(730,3,12,1689)
w(727,3,12,1689)
w(732,1,12,1689)
r(727,3,12,1689)
r(733,0,10,1692)
r(731,3,10,1692)
r(734,0,10,1692)
r(727,3,10,1692)
w(733,1,10,1692)
r(734,0,10,1692)
w(734,1,10,1692)
w(735,1,13,1696)
r(735,1,13,1696)
r(732,1,13,1696)
r(735,1,13,1696)
r(733,1,13,1696)
w(733,2,13,1696)
r(733,2,13,1696)
w(735,2,13,1696)
w(733,3,5,1699)
r(735,2,5,1699)
r(735,2,5,1699)
w(736,2,5,1699)
w(736,3,5,1699)
r(737,0,16,1702)
r(733,3,16,1702)
r(737,0,16,1702)
r(736,3,16,1702)
w(738,1,16,1702)
w(738,2,16,1702)
r(738,2,16,1702)
r(739,0,16,1702)
w(732,3,8,1703)
r(736,3,8,1703)
w(737,1,8,1703)
w(737,2,8,1703)
r(737,2,8,1703)
w(737,3,8,1703)
r(736,3,8,1703)
r(736,3,6,1705)
r(738,2,6,1705)
r(738,2,6,1705)
r(738,2,6,1705)
w(738,3,6,1705)
r(739,0,6,1705)
r(732,3,18,1707)
w(741,1,18,1707)
w(741,2,18,1707)
w(741,3,18,1707)
r(739,0,18,1707)
r(742,0,18,1707)
w(739,1,15,1709)
r(742,0,15,1709)
r(739,1,15,1709)
r(739,1,15,1709)
r(742,0,15,1709)
r(739,1,18,1711)
r(742,0,18,1711)
r(739,1,18,1711)
r(743,0,18,1711)
w(739,2,18,1711)
r(744,0,18,1711)
w(743,1,18,1711)
w(739,3,18,1711)
r(743,1,4,1714)
w(742,1,4,1714)
r(743,1,4,1714)
r(742,1,4,1714)
w(742,2,4,1714)
r(742,2,4,1714)
r(743,1,4,1714)
w(744,1,4,1714)
r(743,1,9,1717)
r(743,1,9,1717)
w(745,3,9,1717)
w(747,1,9,1717)
r(746,0,9,1717)
w(744,2,9,1717)
w(747,2,18,1719)
r(746,0,18,1719)
r(746,0,18,1719)
w(744,3,18,1719)
w(743,3,16,1721)
r(743,3,16,1721)
r(744,3,16,1721)
r(746,0,16,1721)
w(746,1,16,1721)
r(746,1,16,1721)
w(746,2,16,1721)
w(747,3,16,1721)
r(746,2,19,1723)
r(746,2,19,1723)
w(749,1,19,1723)
w(746,3,19,1723)
w(749,2,19,1723)
r(749,2,14,1725)
w(748,1,14,1725)
w(748,2,14,1725)
w(749,3,14,1725)
w(750,1,5,1727)
w(748,3,5,1727)
r(740,0,5,1727)
r(750,1,5,1727)
r(750,1,7,1729)
r(740,0,7,1729)
r(752,0,7,1729)
w(750,2,7,1729)
r(744,3,7,1729)
r(750,2,7,1729)
w(750,3,7,1729)
w(753,1,16,1731)
w(752,1,16,1731)
w(753,2,16,1731)
r(752,1,16,1731)
r(753,2,15,1733)
r(753,2,15,1733)
r(753,2,15,1733)
r(752,1,15,1733)
r(753,2,15,1733)
r(753,2,15,1733)
r(752,1,15,1733)
w(751,1,15,1733)
w(753,3,19,1735)
w(752,2,19,1735)
w(752,3,19,1735)
r(752,3,19,1735)
r(751,1,19,1735)
w(740,1,19,1735)
r(755,0,19,1735)
w(755,1,19,1739)
r(754,0,19,1739)
r(755,1,19,1739)
w(754,1,19,1739)
w(755,2,19,1739)
w(755,3,19,1739)
w(754,2,19,1739)
r(754,2,19,1739)
r(757,0,3,1741)
w(751,3,3,1741)
r(757,0,3,1741)
r(751,3,3,1741)
r(751,3,3,1741)
r(756,0,3,1741)
r(756,0,3,1741)
w(757,1,0,1743)
r(740,1,0,1743)
w(757,2,0,1743)
w(757,3,0,1743)
r(756,0,13,1745)
r(756,0,13,1745)
w(756,1,13,1745)
r(759,0,13,1745)
w(759,1,13,1745)
w(756,2,13,1745)
r(759,1,13,1745)
w(758,1,13,1745)
w(759,2,1,1748)
r(759,2,1,1748)
w(760,1,1,1748)
r(759,2,1,1748)
w(759,3,1,1748)
w(761,1,1,1748)
w(756,3,1,1748)
r(761,1,1,1748)
w(762,1,8,1749)
r(761,0,8,1749)
r(762,1,8,1749)
r(762,1,8,1749)
r(762,1,8,1749)
w(762,2,13,1752)
w(762,3,13,1752)
w(758,2,13,1752)
w(763,1,13,1752)
r(740,1,13,1752)
r(763,1,13,1752)
r(763,1,13,1752)
r(763,1,1,1755)
w(761,3,1,1755)
r(760,1,1,1755)
r(765,0,1,1755)
r(765,0,4,1757)
r(764,0,4,1757)
w(760,3,4,1757)
w(765,1,4,1757)
w(765,2,4,1757)
r(765,2,4,1757)
r(765,2,4,1757)
r(765,2,4,1757)
r(765,2,8,1759)
w(740,2,8,1759)
w(766,1,8,1759)
w(765,3,8,1759)
w(766,2,8,1759)
w(766,3,8,1759)
r(740,2,8,1759)
r(767,0,12,1761)
r(767,0,12,1761)
w(767,1,12,1761)
r(766,3,12,1761)
r(769,0,12,1761)
r(767,1,12,1761)
w(767,2,12,1761)
r(769,0,12,1761)
r(767,2,3,1763)
r(767,2,3,1763)
r(769,0,3,1763)
r(764,0,3,1763)
r(767,2,3,1763)
r(769,0,3,1763)
w(769,1,3,1763)
r(767,2,6,1765)
w(767,3,6,1765)
r(768,0,6,1765)
r(769,1,6,1765)
w(770,1,8,1767)
w(764,1,8,1767)
r(768,0,8,1767)
w(764,2,8,1767)
w(770,2,8,1767)
w(764,3,8,1767)
r(769,1,8,1767)
r(770,2,8,1767)
r(764,3,7,1769)
r(770,2,7,1769)
r(770,2,7,1769)
r(770,2,7,1769)
r(768,0,7,1769)
w(768,1,7,1769)
