r(1,0,3,8)
r(2,0,3,8)
w(4,1,3,8)
w(0,1,3,8)
w(1,1,3,8)
r(4,1,3,8)
w(3,8,4,25)
r(7,0,4,25)
r(6,0,4,25)
r(2,0,4,25)
w(6,1,7,30)
r(2,0,7,30)
r(3,0,7,30)
r(2,0,7,30)
w(6,2,7,30)
r(6,2,7,30)
w(8,2,3,36)
w(8,3,3,36)
w(7,3,3,36)
w(7,4,3,36)
w(7,6,8,40)
r(8,3,8,40)
r(8,3,8,40)
w(8,6,8,40)
r(1,1,8,40)
r(8,6,8,40)
w(7,7,8,40)
r(8,6,8,40)
r(2,0,6,43)
r(8,3,6,43)
w(2,7,6,43)
r(7,4,6,43)
r(9,0,6,43)
w(9,1,6,43)
w(9,2,6,43)
w(9,3,6,43)
w(2,8,7,50)
r(10,0,7,50)
w(10,2,7,50)
r(2,8,7,50)
r(2,8,7,50)
w(9,6,7,50)
w(10,3,7,50)
w(10,4,7,50)
r(10,4,8,57)
w(11,2,8,57)
r(13,0,8,57)
w(13,1,8,57)
w(11,3,8,57)
r(10,4,7,59)
w(10,8,7,59)
r(13,0,7,59)
r(13,0,7,59)
r(13,0,7,59)
w(13,5,5,63)
w(13,6,5,63)
r(13,6,5,63)
w(13,7,5,63)
w(13,8,5,63)
r(13,8,5,63)
r(13,1,0,67)
w(15,1,0,67)
r(15,1,0,67)
w(12,2,0,67)
w(14,2,0,67)
r(14,2,0,76)
r(16,0,0,76)
w(14,6,0,76)
r(16,0,0,76)
w(16,4,2,78)
r(16,4,2,78)
r(16,4,2,78)
r(0,1,2,78)
r(16,4,2,78)
r(14,6,9,81)
w(14,7,9,81)
r(14,7,9,81)
r(16,4,9,81)
w(16,8,9,81)
r(16,8,9,81)
r(14,7,9,81)
r(14,7,9,81)
r(17,0,5,85)
r(0,1,5,85)
w(18,1,5,85)
r(14,7,5,85)
w(18,2,5,85)
w(14,8,5,85)
w(12,4,1,90)
w(19,3,1,90)
w(19,4,1,90)
r(18,0,1,90)
r(18,0,1,90)
w(18,7,1,100)
w(12,5,1,100)
r(19,4,1,100)
w(18,8,1,100)
r(19,4,1,100)
r(18,8,1,100)
r(18,8,1,100)
r(18,8,1,100)
w(20,1,2,103)
w(20,2,2,103)
w(20,3,2,103)
r(20,3,2,103)
w(20,4,2,103)
r(20,4,2,103)
r(20,4,2,103)
r(17,0,3,105)
r(19,4,3,105)
r(19,4,3,105)
r(12,4,3,105)
r(20,0,3,105)
r(17,0,3,105)
r(20,0,3,105)
w(19,8,3,105)
r(20,0,8,109)
r(20,0,8,109)
w(21,1,8,109)
r(20,0,8,109)
r(20,0,8,109)
w(21,2,8,109)
r(20,0,8,109)
r(21,0,5,112)
r(22,0,5,112)
r(22,0,5,112)
w(12,6,5,112)
r(22,0,5,112)
r(22,0,5,112)
w(17,7,5,112)
r(17,7,5,112)
r(22,0,8,113)
r(22,0,8,113)
w(22,1,8,113)
r(22,1,8,113)
r(22,1,8,113)
r(23,0,8,113)
r(22,1,8,113)
r(22,1,1,116)
w(21,7,1,116)
r(23,0,1,116)
r(12,6,1,116)
w(22,5,8,122)
r(21,7,8,122)
w(22,6,8,122)
r(22,6,8,122)
r(23,0,8,122)
w(22,7,8,122)
w(23,2,4,125)
r(23,2,4,125)
r(23,2,4,125)
r(25,0,4,125)
w(24,1,4,125)
w(25,1,4,125)
w(24,3,8,131)
w(25,3,8,131)
w(25,4,8,131)
r(24,3,8,131)
r(25,4,8,131)
r(24,3,8,131)
r(23,2,0,133)
w(12,7,0,133)
r(24,3,0,133)
r(25,4,0,133)
w(26,2,6,140)
r(26,2,6,140)
w(26,3,6,140)
r(26,3,6,140)
w(26,4,6,140)
w(23,3,6,140)
w(26,5,6,140)
r(28,0,3,144)
r(28,0,3,144)
w(28,3,3,144)
r(28,3,3,144)
r(27,0,3,144)
r(23,3,3,144)
r(28,3,3,144)
r(28,3,3,144)
w(28,4,3,147)
r(23,3,3,147)
w(28,5,3,147)
w(28,6,3,147)
r(29,0,0,149)
r(27,0,0,149)
r(28,6,0,149)
r(28,6,0,149)
w(27,3,0,149)
w(28,7,0,151)
r(0,1,0,151)
r(28,7,0,151)
r(27,3,0,151)
r(28,7,0,151)
r(27,3,0,151)
r(28,7,6,155)
w(28,8,6,155)
r(29,0,6,155)
w(30,1,6,155)
w(23,6,6,155)
r(27,3,6,155)
r(23,6,8,161)
r(23,6,8,161)
r(23,6,8,161)
r(30,1,8,161)
w(30,4,8,161)
w(30,5,8,161)
r(0,1,8,161)
r(23,6,6,163)
r(27,3,6,163)
r(23,6,6,163)
r(0,1,6,163)
r(30,5,6,163)
w(27,5,7,168)
w(31,2,7,168)
w(31,3,7,168)
w(31,4,7,168)
w(27,6,7,168)
r(31,4,9,171)
r(31,4,9,171)
r(31,4,9,171)
r(29,0,9,171)
r(27,6,9,171)
w(27,7,9,171)
r(27,7,9,171)
w(27,8,9,174)
r(29,0,9,174)
w(31,8,9,174)
r(31,8,9,174)
r(27,8,9,174)
r(32,0,9,174)
w(32,1,6,176)
w(33,1,6,176)
r(29,0,6,176)
w(32,2,6,176)
r(23,6,6,176)
r(32,2,6,176)
w(32,3,6,176)
r(32,3,6,180)
r(32,3,6,180)
w(33,4,6,180)
w(0,5,6,180)
r(29,0,6,180)
r(32,3,6,180)
w(32,4,8,182)
r(23,6,8,182)
r(33,1,8,182)
w(32,5,8,182)
r(32,5,8,182)
r(32,5,8,182)
r(33,1,8,182)
r(32,5,3,189)
r(32,5,3,189)
w(23,8,3,189)
r(34,0,3,189)
r(23,8,3,189)
w(33,7,6,190)
r(33,7,6,190)
r(32,5,6,190)
r(33,7,6,190)
w(32,8,6,190)
w(33,8,6,190)
w(29,4,6,190)
r(33,4,9,192)
r(34,0,9,192)
w(34,1,9,192)
r(34,1,9,192)
r(33,4,9,192)
r(34,1,9,192)
r(33,4,9,192)
r(34,1,4,195)
w(34,4,4,195)
w(34,5,4,195)
r(35,0,4,195)
r(34,5,4,195)
w(36,2,7,199)
w(34,6,7,199)
r(34,6,7,199)
r(34,6,7,199)
r(36,2,7,199)
r(36,2,7,199)
r(34,6,7,199)
r(34,6,7,199)
w(36,4,7,201)
w(36,5,7,201)
r(36,5,7,201)
w(36,6,7,201)
w(37,1,3,205)
r(37,1,3,205)
w(37,2,3,205)
w(37,3,3,205)
w(37,4,3,205)
r(37,4,3,205)
r(37,4,3,205)
r(36,6,3,205)
w(35,1,2,207)
r(37,0,2,207)
r(37,0,2,207)
r(37,0,2,207)
w(29,5,2,207)
r(37,4,5,210)
w(37,6,5,210)
r(37,6,5,210)
r(35,1,5,210)
r(38,0,6,218)
w(38,1,6,218)
r(0,5,6,218)
w(38,2,6,218)
r(36,6,5,220)
w(37,8,5,220)
w(36,7,5,220)
r(35,1,5,220)
r(38,0,5,220)
r(39,0,9,227)
w(39,1,9,227)
r(39,1,9,227)
w(35,3,9,227)
r(29,5,9,227)
r(0,5,9,227)
r(40,0,4,228)
w(40,1,4,228)
r(40,1,4,228)
r(35,1,4,228)
w(40,2,4,228)
w(39,3,8,232)
w(35,4,8,232)
w(40,6,8,232)
r(40,6,8,232)
w(39,4,3,240)
r(35,4,3,240)
w(41,1,3,240)
w(29,7,3,240)
r(41,1,3,240)
w(41,2,3,240)
r(41,2,3,240)
r(39,4,3,240)
r(42,0,3,245)
r(42,0,3,245)
w(43,1,3,245)
w(35,7,3,245)
w(42,2,7,252)
r(42,2,7,252)
w(42,3,7,252)
r(42,3,7,252)
w(42,6,1,256)
r(42,6,1,256)
r(43,1,1,256)
w(43,7,1,256)
r(42,6,1,256)
r(42,6,1,256)
r(42,6,1,256)
r(42,6,9,260)
r(29,7,9,260)
r(45,0,9,260)
r(45,0,9,260)
w(42,8,5,261)
r(0,5,5,261)
r(42,8,5,261)
w(44,1,5,261)
r(45,0,0,264)
w(43,8,0,264)
r(45,0,0,264)
r(45,0,0,264)
w(45,1,0,264)
r(45,1,0,264)
w(45,2,0,264)
w(45,7,4,269)
r(44,1,4,269)
w(45,8,4,269)
w(46,1,4,269)
r(45,8,4,269)
r(45,8,4,269)
r(44,1,4,269)
r(44,1,5,273)
r(47,0,5,273)
w(44,2,5,273)
r(47,0,5,273)
r(29,7,5,273)
w(47,2,5,273)
r(29,7,5,273)
r(44,2,5,276)
r(47,2,5,276)
r(47,2,5,276)
w(47,4,5,276)
r(46,1,5,276)
w(46,5,6,280)
r(46,5,6,280)
r(47,4,6,280)
r(47,4,6,280)
r(44,2,4,285)
r(47,4,4,285)
w(44,3,4,285)
w(44,4,4,285)
w(47,8,4,285)
w(44,5,4,285)
w(48,1,4,285)
r(49,0,3,287)
w(49,3,3,287)
r(49,3,3,287)
r(50,0,3,287)
w(49,4,3,287)
r(49,4,3,287)
w(49,5,3,287)
w(49,6,7,290)
r(49,6,7,290)
r(49,6,7,290)
r(49,6,7,290)
w(48,2,7,290)
w(49,7,7,290)
w(46,8,7,290)
r(49,7,7,290)
r(52,0,5,294)
r(52,0,5,294)
w(50,1,5,294)
w(52,1,5,294)
r(53,0,5,294)
r(52,1,5,294)
w(52,2,5,294)
r(52,2,5,294)
w(52,5,9,298)
r(52,5,9,298)
w(51,2,9,298)
r(52,5,9,298)
r(53,0,9,298)
r(51,2,9,298)
w(52,8,8,303)
w(54,1,8,303)
w(54,2,8,303)
w(54,3,8,303)
w(48,3,8,303)
w(51,4,8,303)
r(54,3,8,303)
r(54,3,0,306)
w(54,7,0,306)
r(51,4,0,306)
w(54,8,0,306)
w(48,4,5,308)
w(55,1,5,308)
w(51,6,5,308)
w(50,3,5,308)
r(55,1,5,308)
r(55,1,5,308)
r(51,6,5,308)
r(51,6,3,314)
w(51,7,3,314)
w(55,4,3,314)
w(55,5,3,314)
r(55,5,3,314)
r(53,0,3,314)
w(55,8,4,320)
w(57,1,4,320)
w(57,2,4,320)
w(56,1,4,320)
r(48,4,4,320)
r(57,2,4,329)
r(56,1,4,329)
w(56,6,4,329)
r(56,6,4,329)
r(57,2,9,331)
w(48,5,9,331)
r(57,2,9,331)
w(57,7,9,331)
w(53,2,9,331)
w(50,7,9,331)
r(57,7,9,331)
w(58,1,9,333)
w(56,8,9,333)
r(58,1,9,333)
r(50,7,9,333)
w(48,6,9,333)
r(58,1,9,333)
r(58,1,9,333)
r(48,6,6,339)
w(60,3,6,339)
r(58,1,6,339)
w(60,4,6,339)
w(60,5,6,339)
w(58,3,6,339)
w(58,4,6,339)
w(58,7,8,342)
r(58,7,8,342)
w(58,8,8,342)
r(58,8,8,342)
r(60,5,8,342)
w(61,2,1,344)
r(61,2,1,344)
r(48,6,1,344)
r(61,2,1,344)
r(61,2,6,348)
r(62,0,6,348)
r(61,2,6,348)
r(59,0,6,348)
r(61,2,6,348)
r(61,2,6,348)
r(61,2,9,349)
w(59,3,9,349)
r(62,0,9,349)
w(61,3,9,349)
r(61,3,9,349)
r(48,6,3,354)
r(59,3,3,354)
w(53,3,3,354)
w(61,4,3,354)
w(61,5,3,354)
w(61,6,3,354)
r(61,6,3,354)
w(62,1,3,354)
w(63,3,2,359)
w(62,5,2,359)
w(63,4,2,359)
r(62,5,2,359)
r(63,4,2,359)
w(64,1,2,359)
r(63,4,2,359)
w(62,6,2,359)
r(59,3,8,363)
r(53,3,8,363)
w(65,1,8,363)
r(65,1,8,363)
r(65,1,8,363)
r(59,3,2,365)
r(63,4,2,365)
w(63,8,2,365)
w(62,7,2,365)
r(63,8,2,365)
w(62,8,2,365)
r(63,8,2,365)
r(53,3,2,365)
r(59,3,8,369)
w(65,5,8,369)
w(59,6,8,369)
r(65,5,8,369)
r(64,1,8,369)
w(66,2,4,374)
w(67,1,4,374)
w(67,2,4,374)
w(66,3,4,374)
w(67,3,4,374)
r(66,3,2,380)
w(66,7,2,380)
r(66,7,2,380)
w(67,6,2,380)
r(67,6,2,380)
r(67,6,7,385)
r(68,0,7,385)
r(68,0,7,385)
r(69,0,7,385)
w(70,1,7,385)
r(68,0,7,385)
w(70,2,7,385)
r(71,0,6,392)
r(71,0,6,392)
r(71,0,6,392)
r(71,0,6,392)
r(70,2,5,395)
w(70,6,5,395)
w(68,4,5,395)
r(69,0,5,395)
r(70,6,5,395)
w(70,7,5,395)
r(68,4,5,395)
w(69,4,9,400)
r(68,4,9,400)
r(71,0,9,400)
r(68,4,9,400)
r(69,4,7,402)
w(64,5,7,402)
w(71,5,7,402)
r(71,5,7,402)
r(68,4,0,406)
r(64,5,0,406)
w(71,6,0,406)
r(68,4,0,406)
w(68,7,0,406)
w(71,7,0,406)
r(71,7,0,406)
r(69,4,0,406)
r(69,4,5,407)
r(72,0,5,407)
r(72,0,5,407)
w(69,5,5,407)
w(72,1,5,407)
r(71,5,5,407)
r(71,7,5,411)
r(53,3,5,411)
w(72,2,5,411)
w(69,6,5,411)
r(72,2,5,411)
r(73,0,5,411)
w(69,7,5,411)
r(69,7,5,411)
w(72,3,1,413)
r(73,0,1,413)
r(73,0,1,413)
w(72,4,1,413)
w(73,4,2,418)
r(69,7,2,418)
r(73,4,2,418)
r(72,4,2,418)
w(73,5,2,418)
r(73,5,2,418)
r(73,5,2,418)
w(75,3,6,427)
r(72,4,6,427)
w(75,4,6,427)
r(64,5,6,427)
w(74,2,6,427)
w(75,5,6,427)
r(72,4,6,427)
r(75,5,4,430)
r(75,5,4,430)
r(75,5,4,430)
w(76,1,4,430)
r(77,0,4,430)
r(74,2,4,430)
r(77,0,4,430)
r(77,0,4,430)
r(75,5,6,431)
w(75,7,6,431)
r(75,7,6,431)
w(75,8,6,431)
r(75,8,6,431)
r(76,0,6,431)
r(64,5,5,433)
r(77,0,5,433)
r(76,1,5,433)
r(77,0,5,433)
w(77,1,5,433)
r(74,2,5,433)
w(77,2,4,437)
r(53,3,4,437)
w(74,3,4,437)
w(74,4,4,437)
r(77,2,4,437)
w(76,2,7,442)
w(77,5,7,442)
w(77,6,7,442)
w(76,3,7,442)
r(77,6,7,442)
r(76,3,7,442)
r(76,1,4,443)
w(64,7,4,443)
r(64,7,4,443)
r(64,7,4,443)
r(77,6,4,446)
r(77,6,4,446)
r(77,6,4,446)
r(77,6,4,446)
r(76,3,4,446)
w(76,5,4,446)
r(77,6,4,446)
w(74,5,1,451)
r(76,5,1,451)
w(77,8,1,451)
w(76,7,1,451)
w(76,8,1,451)
r(74,4,3,453)
w(78,1,3,453)
w(78,2,3,453)
w(78,3,3,453)
r(78,3,3,453)
r(78,3,3,453)
w(79,1,3,453)
r(79,1,2,463)
w(80,2,2,463)
r(74,5,2,463)
r(74,5,2,463)
w(79,2,2,463)
r(79,2,2,463)
r(80,2,2,463)
r(79,1,0,466)
r(79,1,0,466)
w(74,7,0,466)
r(79,1,0,466)
r(81,0,0,466)
r(74,7,0,466)
r(79,1,0,466)
r(64,7,0,466)
r(64,7,8,470)
w(79,5,8,470)
r(79,5,8,470)
r(79,5,8,470)
w(79,6,8,470)
r(79,6,8,470)
w(81,5,1,474)
r(74,7,1,474)
r(81,5,1,474)
w(81,6,1,474)
r(81,6,7,477)
r(64,7,7,477)
w(81,8,7,477)
r(81,8,7,477)
r(81,8,7,477)
w(74,8,7,477)
r(79,6,7,479)
r(79,6,7,479)
r(81,8,7,479)
r(74,8,7,479)
r(79,6,7,479)
r(74,8,7,479)
r(79,6,7,479)
r(82,0,7,485)
w(82,2,7,485)
r(82,2,7,485)
w(84,1,7,485)
r(84,1,7,485)
w(82,3,7,485)
w(82,6,8,492)
w(84,5,8,492)
r(82,6,8,492)
w(83,2,8,492)
w(82,7,8,492)
w(82,8,8,492)
r(84,5,8,492)
r(86,0,8,492)
w(86,2,7,499)
r(83,2,7,499)
r(86,2,7,499)
w(84,7,7,499)
w(86,3,7,499)
r(86,3,7,499)
w(86,4,7,499)
w(86,5,7,499)
r(84,5,3,501)
r(84,5,3,501)
w(83,5,3,501)
r(85,0,3,501)
r(86,0,3,501)
r(86,0,3,501)
r(84,7,0,504)
w(83,6,0,504)
r(86,5,0,504)
w(84,8,0,504)
r(83,6,0,504)
r(86,5,0,504)
r(86,5,6,505)
r(86,5,6,505)
r(86,5,6,505)
w(85,3,6,505)
r(86,5,5,508)
w(86,8,5,508)
r(86,8,5,508)
w(87,1,5,508)
r(88,0,5,508)
r(88,0,5,508)
r(88,0,5,508)
r(53,3,5,508)
w(88,1,1,509)
r(88,1,1,509)
r(88,1,1,509)
r(83,6,1,509)
r(85,3,7,512)
r(87,1,7,512)
r(85,3,7,512)
r(85,3,7,512)
w(88,2,4,514)
r(88,2,4,514)
w(88,3,4,514)
w(87,2,4,514)
r(88,3,1,517)
r(85,3,1,517)
w(88,4,1,517)
r(87,2,1,517)
w(88,5,1,517)
w(88,6,1,517)
w(87,3,1,517)
w(87,4,7,520)
r(89,0,7,520)
r(53,3,7,520)
w(89,1,7,520)
w(83,7,7,520)
w(85,5,9,522)
r(87,4,9,522)
r(87,4,9,522)
r(89,1,9,522)
r(89,1,9,522)
w(89,2,9,522)
r(83,7,9,522)
r(89,2,9,522)
r(87,4,5,526)
r(89,2,5,526)
r(89,2,5,526)
r(87,4,5,526)
w(87,6,2,528)
w(89,4,2,528)
r(89,4,2,528)
w(85,7,2,528)
w(89,5,2,528)
r(89,5,7,533)
r(89,5,7,533)
r(89,5,7,533)
w(85,8,7,533)
r(89,5,7,533)
w(89,7,7,533)
r(87,6,7,533)
r(53,3,1,535)
r(90,0,1,535)
w(53,8,1,535)
w(90,4,1,535)
w(90,5,3,537)
r(91,0,3,537)
r(90,5,3,537)
r(83,7,3,537)
r(85,8,3,537)
w(90,6,3,537)
w(90,7,3,540)
w(90,8,3,540)
w(93,1,3,540)
r(93,1,3,540)
r(93,1,3,540)
w(92,1,3,540)
r(93,1,3,540)
w(93,5,8,549)
r(93,5,8,549)
r(91,0,8,549)
r(93,5,8,549)
w(93,6,8,549)
r(93,6,8,549)
r(93,6,8,549)
r(94,0,8,549)
r(93,6,9,551)
r(93,6,9,551)
w(92,5,9,551)
w(93,7,9,551)
r(93,7,9,551)
w(93,8,9,555)
r(92,5,9,555)
r(94,0,9,555)
r(96,0,9,555)
w(96,1,9,555)
r(92,5,9,555)
w(96,2,9,555)
r(91,0,6,556)
w(92,6,6,556)
r(96,0,6,556)
r(92,6,6,556)
r(96,0,6,556)
r(96,0,6,556)
r(95,0,6,559)
r(96,2,6,559)
r(92,6,6,559)
w(96,5,6,559)
r(96,5,6,559)
w(94,1,6,559)
w(96,6,6,559)
r(95,0,6,559)
r(96,6,9,561)
w(97,1,9,561)
r(96,6,9,561)
w(96,7,9,561)
w(96,8,9,561)
r(96,8,9,561)
r(96,8,9,561)
r(97,1,9,561)
r(96,8,3,566)
w(98,1,3,566)
r(98,1,3,566)
w(97,2,3,566)
w(98,2,3,566)
w(98,3,3,566)
w(98,4,3,566)
r(95,0,3,566)
r(92,6,2,572)
w(97,5,2,572)
r(98,4,2,572)
r(92,6,2,572)
r(98,4,1,573)
r(92,6,1,573)
w(98,8,1,573)
r(92,6,1,573)
r(98,8,1,573)
r(98,4,0,576)
r(98,4,0,576)
r(97,2,0,576)
r(95,0,0,576)
w(99,1,0,576)
r(99,1,0,576)
r(99,1,1,581)
w(99,4,1,581)
r(99,4,1,581)
r(99,4,1,581)
w(97,8,1,581)
w(99,5,1,581)
w(99,6,1,581)
r(100,0,1,584)
w(95,3,1,584)
w(100,1,1,584)
r(99,6,1,584)
w(94,3,1,584)
w(99,8,1,584)
r(99,8,1,584)
r(95,3,1,584)
w(101,5,8,590)
r(101,5,8,590)
r(101,5,8,590)
r(92,6,8,590)
r(100,1,3,594)
r(101,5,3,594)
w(100,6,3,594)
w(100,7,3,594)
r(101,5,3,594)
r(102,0,0,603)
r(103,0,0,603)
w(103,1,0,603)
w(104,1,0,603)
r(104,1,0,603)
w(103,2,0,603)
w(102,1,0,603)
w(103,3,0,603)
r(105,0,8,607)
w(105,1,8,607)
r(104,1,8,607)
r(102,1,8,607)
r(95,3,8,607)
r(95,3,8,607)
w(105,2,8,607)
w(106,1,8,610)
r(104,1,8,610)
r(106,1,8,610)
r(106,1,8,610)
r(104,1,8,610)
w(105,5,0,611)
w(102,2,0,611)
r(105,5,0,611)
r(105,5,0,611)
w(105,6,0,611)
w(105,7,0,611)
w(105,8,0,611)
r(104,1,0,611)
r(104,1,7,614)
r(102,2,7,614)
r(95,3,7,614)
w(106,2,7,614)
w(102,3,7,614)
r(95,3,7,614)
r(106,2,7,614)
w(106,4,5,621)
w(106,5,5,621)
r(104,1,5,621)
w(106,6,5,621)
r(104,1,1,623)
w(107,2,1,623)
r(107,2,1,623)
r(107,2,1,623)
r(107,2,1,623)
r(107,2,1,623)
r(95,3,1,623)
w(102,4,1,623)
r(107,2,2,627)
w(104,6,2,627)
r(104,6,2,627)
w(104,7,2,627)
w(104,8,2,627)
r(107,2,6,630)
w(107,5,6,630)
r(104,1,6,630)
r(107,5,6,630)
w(107,6,6,630)
r(107,6,6,630)
w(102,5,6,630)
r(109,0,2,632)
r(102,4,2,632)
w(109,1,2,632)
w(109,2,2,632)
w(109,3,2,632)
r(109,3,2,632)
w(109,4,2,632)
r(109,4,3,636)
w(109,7,3,636)
r(108,0,3,636)
r(109,7,3,636)
r(109,4,4,638)
w(108,2,4,638)
r(102,5,4,638)
r(102,5,4,638)
w(102,6,4,638)
w(108,3,4,638)
r(109,4,4,638)
w(110,1,9,643)
w(108,5,9,643)
w(110,2,9,643)
r(110,2,9,643)
r(108,5,9,643)
r(110,2,0,647)
w(110,7,0,647)
r(108,5,0,647)
r(108,5,0,647)
r(110,7,4,650)
r(102,6,4,650)
w(110,8,4,650)
r(111,0,4,650)
w(111,1,9,651)
r(111,1,9,651)
r(111,1,9,651)
w(111,2,9,651)
r(111,2,9,651)
r(102,6,4,653)
r(111,2,4,653)
r(95,3,4,653)
r(108,5,4,653)
r(108,5,4,653)
r(111,2,4,653)
w(102,7,7,657)
w(111,3,7,657)
w(108,7,7,657)
r(111,3,7,657)
w(102,8,7,657)
r(111,3,7,657)
r(113,0,3,661)
r(112,0,3,661)
w(111,6,3,661)
w(111,7,3,661)
w(113,3,0,664)
r(112,0,0,664)
r(111,7,0,664)
r(113,3,0,664)
r(113,3,0,664)
w(111,8,4,667)
r(113,3,4,667)
r(111,8,4,667)
r(112,0,4,667)
w(114,1,4,667)
w(113,4,4,667)
w(114,2,4,667)
w(94,6,4,667)
r(113,4,6,670)
r(114,2,6,670)
r(112,0,6,670)
r(113,4,6,670)
r(95,3,7,671)
w(114,5,7,671)
r(114,5,7,671)
r(113,4,7,671)
r(113,4,7,671)
r(112,0,5,673)
w(95,6,5,673)
r(112,0,5,673)
w(113,5,5,673)
w(114,7,6,677)
r(114,7,6,677)
r(113,5,6,677)
r(114,7,6,677)
r(94,6,6,677)
w(113,8,6,677)
r(112,0,6,677)
r(113,8,6,677)
w(116,2,3,683)
w(116,3,3,683)
r(116,3,3,683)
w(115,1,3,683)
r(115,1,3,683)
r(112,0,3,683)
w(116,4,3,683)
w(116,5,3,683)
r(116,5,2,687)
r(115,1,2,687)
w(95,7,2,687)
w(112,4,2,687)
w(116,7,2,687)
r(116,7,2,687)
r(116,7,0,690)
w(116,8,0,690)
w(112,7,0,690)
r(94,6,0,690)
w(112,8,0,690)
r(95,7,5,691)
w(115,6,5,691)
r(115,6,5,691)
r(115,6,5,691)
r(112,4,5,691)
w(115,7,5,691)
r(117,0,4,694)
r(117,0,4,694)
w(115,8,4,694)
w(118,1,4,694)
r(115,8,4,694)
r(117,0,4,694)
r(94,6,0,698)
w(117,1,0,698)
w(118,2,0,698)
r(115,8,0,698)
w(118,3,0,698)
r(117,1,0,698)
w(117,2,0,698)
r(95,7,0,698)
w(118,5,1,703)
w(117,7,1,703)
w(117,8,1,703)
r(118,5,1,703)
r(117,8,1,703)
w(118,6,1,703)
r(119,0,5,706)
w(119,5,5,706)
r(118,6,5,706)
r(120,0,5,706)
r(119,5,5,706)
r(119,5,5,706)
r(119,5,6,709)
r(95,7,6,709)
r(119,5,6,709)
w(119,7,6,709)
r(119,7,2,712)
r(95,7,2,712)
r(119,7,2,712)
r(120,0,2,712)
w(120,4,2,712)
w(120,5,2,712)
w(118,8,2,712)
w(120,6,2,712)
r(120,6,8,717)
r(120,6,8,717)
r(120,6,8,717)
r(120,6,8,717)
r(123,0,8,717)
r(122,0,8,717)
r(120,6,6,719)
w(119,8,6,719)
r(119,8,6,719)
w(121,1,6,719)
r(94,6,6,719)
r(95,7,6,719)
w(123,4,1,726)
w(123,5,1,726)
r(123,5,1,726)
w(123,6,1,726)
r(123,0,8,729)
r(123,0,8,729)
r(123,0,8,729)
r(123,0,8,729)
r(123,0,8,729)
r(122,0,8,729)
r(123,6,1,730)
w(122,3,1,730)
r(123,6,1,730)
r(123,6,1,730)
r(124,0,1,730)
r(122,0,9,732)
r(124,0,9,732)
r(122,0,9,732)
r(121,1,9,732)
w(124,1,9,732)
w(124,2,9,732)
w(124,3,9,732)
w(124,4,9,732)
r(121,1,9,737)
r(122,3,9,737)
r(95,7,9,737)
w(122,6,9,737)
w(122,7,9,737)
r(122,7,9,737)
r(122,3,6,740)
r(122,3,6,740)
r(124,4,6,740)
r(126,0,6,740)
r(126,0,6,740)
r(126,0,6,740)
w(126,1,6,740)
w(125,1,6,740)
w(125,3,1,746)
r(126,1,1,746)
w(127,1,1,746)
r(125,3,1,746)
w(121,6,6,747)
w(95,8,6,747)
r(127,0,6,747)
r(121,6,6,747)
w(126,4,6,747)
r(126,4,6,747)
w(126,5,6,747)
w(128,2,7,749)
r(95,8,7,749)
r(128,2,7,749)
r(127,1,7,749)
r(128,2,7,749)
w(127,2,7,749)
r(121,6,7,749)
r(121,6,7,749)
w(127,3,9,753)
w(128,3,9,753)
w(127,4,9,753)
w(127,5,9,753)
w(128,7,3,756)
w(127,7,3,756)
w(128,8,3,756)
r(95,8,3,756)
w(129,1,9,758)
w(121,8,9,758)
r(127,5,9,758)
r(127,5,9,758)
r(121,8,9,758)
w(129,2,9,758)
w(129,4,7,762)
r(129,4,7,762)
w(129,5,7,762)
r(125,3,7,762)
w(129,6,7,762)
r(129,6,7,762)
w(129,7,7,762)
r(131,0,7,762)
r(129,2,9,763)
w(130,1,9,763)
r(130,1,9,763)
r(129,2,9,763)
r(130,1,9,763)
w(131,1,9,763)
w(131,2,2,765)
w(129,8,2,765)
r(129,8,2,765)
w(130,2,2,765)
w(132,1,2,765)
r(130,2,2,765)
w(131,3,4,769)
r(131,3,4,769)
r(131,3,4,769)
r(130,2,4,769)
w(125,4,4,769)
w(132,2,9,770)
r(132,2,9,770)
r(132,2,9,770)
w(132,3,9,770)
r(130,2,9,770)
r(132,3,3,773)
w(130,4,3,773)
r(132,3,3,773)
r(132,3,3,773)
w(132,5,2,777)
r(132,5,2,777)
w(132,6,2,777)
w(132,7,2,777)
r(132,7,2,777)
r(131,3,0,779)
r(134,0,0,779)
r(134,0,0,779)
w(131,5,0,779)
r(134,0,3,781)
r(134,0,3,781)
w(134,3,3,781)
r(134,3,3,781)
w(134,4,3,781)
w(134,5,7,786)
w(134,6,7,786)
r(134,6,7,786)
r(134,6,7,786)
r(134,6,7,786)
r(134,6,7,786)
w(125,6,7,786)
w(131,6,7,786)
r(133,0,8,788)
r(135,0,8,788)
r(135,0,8,788)
w(135,1,8,788)
r(135,1,8,788)
w(130,7,8,788)
w(135,2,8,788)
r(133,0,7,791)
r(131,6,7,791)
r(131,6,7,791)
r(135,2,7,791)
w(135,4,7,791)
w(130,8,3,796)
w(131,8,3,796)
w(135,5,3,796)
r(130,8,3,796)
w(135,6,3,796)
r(131,8,3,796)
w(133,2,3,796)
r(136,0,9,800)
w(138,2,9,800)
w(138,3,9,800)
w(138,4,9,800)
w(137,2,9,800)
w(138,5,9,800)
r(137,2,5,804)
r(136,0,5,804)
r(125,6,5,804)
w(137,4,5,804)
w(139,2,5,810)
w(139,3,5,810)
r(137,4,5,810)
w(139,4,5,810)
w(139,5,5,810)
w(139,6,5,810)
w(136,5,8,812)
w(137,5,8,812)
w(133,5,8,812)
r(139,0,8,812)
r(139,0,8,812)
r(136,0,3,813)
r(139,6,3,813)
r(139,6,3,813)
r(139,6,3,813)
r(139,6,3,813)
r(133,5,2,817)
w(125,7,2,817)
r(136,5,2,817)
r(140,0,2,817)
r(140,0,2,817)
w(140,1,2,817)
r(140,1,2,817)
w(137,6,7,821)
w(136,6,7,821)
r(140,0,7,821)
w(136,7,7,821)
r(140,1,5,823)
r(141,0,5,823)
r(141,0,5,823)
w(140,4,5,823)
w(140,5,5,823)
r(133,5,5,823)
r(137,5,5,823)
r(140,5,5,823)
w(140,6,4,829)
w(133,6,4,829)
r(141,0,4,829)
r(133,6,4,829)
w(141,2,4,829)
w(141,6,3,835)
w(142,4,3,835)
w(142,5,3,835)
w(142,6,3,835)
w(142,7,3,835)
r(142,7,3,835)
r(143,0,3,839)
w(143,3,3,839)
r(144,0,3,839)
r(141,6,3,839)
r(143,3,3,839)
r(143,3,3,839)
r(143,0,6,844)
r(125,7,6,844)
w(144,1,6,844)
r(143,0,6,844)
r(133,6,9,846)
r(143,3,9,846)
r(145,0,9,846)
r(145,0,9,846)
r(145,0,9,846)
w(133,8,9,846)
r(145,0,4,847)
w(145,1,4,847)
w(143,4,4,847)
r(143,4,4,847)
r(143,4,4,847)
r(143,4,4,847)
w(143,5,4,847)
r(143,5,0,849)
r(143,5,0,849)
w(143,7,0,849)
r(145,1,0,849)
r(145,1,7,852)
r(143,7,7,852)
r(133,8,7,852)
r(143,7,7,852)
r(143,7,7,852)
w(143,8,7,852)
r(145,1,8,853)
r(143,7,8,853)
r(133,8,8,853)
w(145,2,8,853)
w(144,2,8,853)
r(147,0,8,853)
w(145,3,6,855)
r(133,8,6,855)
r(145,3,6,855)
w(147,1,6,855)
r(144,2,6,857)
r(144,2,6,857)
r(147,1,6,857)
w(147,2,6,857)
w(144,3,4,861)
r(147,2,4,861)
r(147,2,4,861)
w(144,4,4,861)
r(145,3,4,861)
r(145,3,4,861)
w(144,5,4,861)
r(147,2,4,861)
w(147,3,1,863)
r(146,0,1,863)
r(145,3,1,863)
r(147,3,1,863)
r(144,2,1,863)
r(147,3,8,867)
r(147,3,8,867)
r(147,3,8,867)
w(145,6,8,867)
r(147,3,0,871)
r(146,0,0,871)
r(147,3,0,871)
r(147,3,0,871)
w(145,7,0,871)
w(147,8,0,871)
r(149,0,0,871)
r(150,0,1,877)
r(151,0,1,877)
r(151,0,1,877)
w(151,1,1,877)
r(151,1,3,880)
w(144,8,3,880)
r(148,0,3,880)
w(151,2,3,880)
w(150,3,3,880)
r(144,8,3,880)
w(151,3,3,880)
r(151,3,3,880)
r(151,1,6,881)
r(151,1,6,881)
r(151,1,6,881)
w(146,2,6,881)
w(151,4,7,883)
w(150,4,7,883)
r(150,4,7,883)
r(151,4,7,883)
r(144,8,7,883)
r(144,8,4,885)
w(151,5,4,885)
r(151,5,4,885)
w(151,6,4,885)
r(150,4,4,885)
w(151,7,0,889)
r(151,7,0,889)
w(152,1,0,889)
w(151,8,0,889)
w(153,1,0,889)
w(153,3,6,896)
w(153,4,6,896)
r(153,4,6,896)
w(153,5,6,896)
w(153,6,6,896)
w(153,7,6,896)
r(153,7,6,896)
r(154,0,2,901)
r(152,1,2,901)
r(152,1,2,901)
w(154,4,2,901)
w(154,5,2,901)
w(154,6,2,901)
w(154,7,2,901)
w(154,8,2,901)
r(155,0,9,902)
r(155,0,9,902)
r(146,2,9,902)
r(150,4,9,902)
r(155,0,9,902)
r(146,2,9,902)
w(146,4,9,902)
r(155,0,9,902)
r(155,0,4,903)
r(155,0,4,903)
r(156,0,4,903)
w(156,1,4,903)
w(156,2,4,903)
w(155,1,7,906)
r(146,2,7,906)
r(155,1,7,906)
r(155,1,7,906)
r(155,1,7,906)
w(148,2,7,906)
r(156,0,7,906)
w(155,2,7,906)
r(148,2,3,912)
r(157,0,3,912)
r(157,0,3,912)
r(157,0,3,912)
w(157,2,3,912)
w(157,3,3,912)
w(152,6,0,916)
w(156,8,0,916)
r(157,3,0,916)
w(152,7,0,916)
r(157,3,2,919)
r(157,3,2,919)
r(157,3,2,919)
w(148,3,2,919)
r(152,7,8,920)
r(152,7,8,920)
r(157,3,8,920)
r(152,7,8,920)
r(157,3,8,920)
w(159,1,8,920)
r(148,2,8,920)
w(157,7,3,922)
w(157,8,3,922)
r(158,0,3,922)
r(158,0,3,922)
r(157,8,3,922)
r(157,8,3,922)
w(159,6,0,931)
w(160,3,0,931)
r(159,6,0,931)
w(148,4,0,931)
r(159,6,0,931)
r(146,4,6,933)
r(158,0,6,933)
w(146,7,6,933)
w(161,1,6,933)
r(160,0,6,933)
r(161,1,0,940)
r(158,0,0,940)
r(161,1,0,940)
r(161,1,0,940)
w(158,5,5,941)
r(158,5,5,941)
w(161,2,5,941)
r(161,2,5,941)
w(146,8,5,941)
w(158,6,5,941)
w(148,6,5,941)
r(160,3,9,945)
w(161,4,9,945)
r(158,6,9,945)
r(160,3,9,945)
w(161,5,9,945)
w(148,7,9,945)
w(164,1,8,948)
r(164,1,8,948)
w(164,2,8,948)
r(162,0,8,948)
w(164,3,5,954)
r(148,7,5,954)
w(164,4,5,954)
w(164,5,5,954)
r(162,0,5,954)
r(164,5,5,954)
w(162,1,5,954)
r(165,0,0,960)
r(165,0,0,960)
r(165,0,0,960)
w(162,5,0,960)
r(162,5,0,960)
r(165,0,0,960)
r(165,0,8,964)
w(162,7,8,964)
w(166,1,8,964)
r(160,3,8,964)
r(166,1,8,964)
w(166,2,8,964)
r(166,2,0,970)
r(162,7,0,970)
r(160,3,0,970)
w(166,6,0,970)
w(166,7,0,970)
r(166,7,0,970)
w(162,8,0,970)
r(167,0,3,971)
w(168,2,3,971)
r(168,2,3,971)
r(168,2,3,971)
r(169,0,8,981)
w(167,2,8,981)
w(169,1,8,981)
r(169,1,8,981)
w(169,2,8,981)
r(169,2,8,981)
w(169,3,8,981)
r(169,3,8,981)
w(170,1,7,987)
r(167,2,7,987)
r(171,0,7,987)
r(167,2,7,987)
w(167,4,7,987)
r(167,4,7,987)
r(171,0,9,992)
r(172,0,9,992)
r(171,0,9,992)
r(171,0,9,992)
r(171,0,1,994)
w(160,8,1,994)
w(172,1,1,994)
r(171,0,1,994)
w(171,6,1,994)
w(167,7,1,994)
w(171,7,1,994)
r(173,0,8,1001)
r(172,1,8,1001)
r(174,0,8,1001)
r(173,0,8,1001)
w(167,8,5,1003)
w(173,2,5,1003)
w(173,3,5,1003)
r(172,1,5,1003)
r(173,3,5,1003)
w(174,1,5,1003)
r(174,1,5,1006)
w(174,4,5,1006)
r(173,3,5,1006)
w(170,3,5,1006)
r(173,3,5,1006)
r(175,0,0,1013)
r(175,0,0,1013)
r(175,0,0,1013)
r(175,0,0,1013)
r(175,0,0,1013)
r(172,1,0,1013)
r(174,4,2,1014)
w(175,2,2,1014)
w(174,5,2,1014)
w(175,3,2,1014)
w(174,6,2,1014)
w(172,2,2,1014)
w(172,3,2,1014)
w(175,6,0,1019)
w(175,7,0,1019)
r(175,7,0,1019)
r(175,7,0,1019)
r(177,0,9,1022)
r(172,3,9,1022)
w(177,1,9,1022)
r(172,3,9,1022)
r(177,1,9,1022)
r(177,1,4,1025)
w(177,4,4,1025)
r(172,3,4,1025)
w(177,5,4,1025)
w(176,3,4,1025)
w(177,6,4,1029)
r(177,6,4,1029)
r(177,6,4,1029)
r(177,6,4,1029)
w(172,6,4,1029)
w(177,7,4,1029)
r(172,6,4,1029)
w(170,4,4,1029)
r(172,3,8,1031)
r(177,5,8,1031)
w(176,4,8,1031)
r(176,4,8,1031)
w(178,4,1,1038)
w(178,5,1,1038)
w(178,6,1,1038)
r(170,4,1,1038)
r(176,4,1,1038)
w(176,6,1,1038)
w(176,7,1,1038)
r(178,6,1,1038)
r(179,0,0,1039)
w(179,2,0,1039)
r(178,0,0,1039)
r(172,6,0,1039)
r(178,0,0,1039)
r(179,2,0,1039)
r(172,6,0,1039)
r(179,2,3,1041)
r(179,2,3,1041)
r(178,6,3,1041)
r(178,6,3,1041)
r(179,2,3,1041)
r(178,6,3,1041)
w(180,3,5,1047)
r(180,3,5,1047)
r(172,6,5,1047)
w(180,4,5,1047)
r(179,2,5,1047)
r(180,4,5,1047)
w(180,5,5,1047)
w(179,5,1,1049)
r(180,5,1,1049)
w(180,8,1,1049)
r(180,8,1,1049)
r(179,5,1,1049)
r(180,8,7,1051)
r(179,5,7,1051)
r(181,0,7,1051)
r(181,0,7,1051)
w(181,1,2,1053)
r(179,5,2,1053)
w(170,6,2,1053)
r(181,1,2,1053)
w(179,6,2,1053)
r(181,1,2,1053)
w(181,4,7,1059)
w(181,5,7,1059)
r(181,5,7,1059)
w(181,6,7,1059)
r(182,0,2,1062)
r(181,6,2,1062)
w(170,7,2,1062)
r(181,6,2,1062)
w(182,1,0,1063)
r(179,6,0,1063)
w(183,1,0,1063)
r(182,1,0,1063)
w(183,2,2,1065)
r(183,2,2,1065)
r(183,2,2,1065)
w(182,2,2,1065)
w(179,8,8,1069)
r(183,2,8,1069)
w(170,8,8,1069)
w(183,3,8,1069)
w(183,4,8,1069)
r(183,4,8,1069)
w(183,5,8,1069)
w(183,6,8,1069)
r(185,0,0,1071)
w(186,1,0,1071)
r(182,2,0,1071)
w(186,2,0,1071)
r(186,2,0,1071)
w(186,3,7,1078)
w(184,1,7,1078)
r(186,3,7,1078)
w(184,2,7,1078)
w(185,2,0,1080)
r(184,2,0,1080)
w(184,5,0,1080)
r(184,5,0,1080)
w(186,7,0,1080)
w(187,1,1,1085)
r(187,1,1,1085)
w(184,6,1,1085)
w(187,2,1,1085)
r(182,2,1,1085)
w(184,7,1,1085)
r(182,2,1,1085)
w(184,8,1,1085)
r(188,0,9,1089)
w(187,8,9,1089)
r(188,0,9,1089)
r(189,0,9,1089)
w(189,1,9,1089)
r(189,1,9,1089)
r(185,2,9,1089)
w(189,2,9,1089)
w(189,5,6,1093)
r(185,2,6,1093)
r(188,0,6,1093)
w(189,6,6,1093)
w(188,1,6,1093)
r(189,6,1,1096)
w(188,2,1,1096)
w(188,3,1,1096)
w(185,4,1,1096)
w(182,6,1,1096)
w(188,4,1,1096)
r(189,6,1,1096)
r(190,0,5,1099)
r(163,0,5,1099)
r(182,6,5,1099)
r(188,4,5,1099)
r(190,0,1,1109)
r(190,0,1,1109)
r(191,0,1,1109)
w(182,8,1,1109)
r(188,4,5,1111)
w(190,6,5,1111)
r(190,6,5,1111)
w(190,7,5,1111)
r(182,6,5,1111)
r(193,0,4,1114)
r(193,0,4,1114)
w(163,7,4,1114)
w(192,1,4,1114)
r(191,0,4,1120)
w(194,1,4,1120)
r(192,1,4,1120)
r(193,0,4,1120)
w(194,2,4,1120)
w(193,1,4,1120)
w(192,3,4,1120)
r(193,1,4,1120)
w(193,4,3,1125)
r(192,3,3,1125)
r(192,3,3,1125)
r(195,0,3,1125)
r(193,4,3,1125)
w(193,5,7,1127)
r(195,0,7,1127)
r(195,0,7,1127)
w(195,1,7,1127)
w(195,2,7,1127)
r(195,2,7,1127)
r(195,2,7,1127)
r(193,5,7,1127)
r(194,2,6,1129)
w(163,8,6,1129)
r(193,5,6,1129)
r(195,2,6,1129)
r(195,2,6,1133)
r(195,2,6,1133)
r(194,2,6,1133)
w(195,3,6,1133)
w(195,4,6,1133)
r(193,5,2,1139)
r(191,0,2,1139)
w(193,6,2,1139)
w(193,7,2,1139)
r(193,7,2,1139)
r(191,0,2,1139)
r(195,4,2,1139)
w(196,2,3,1143)
w(196,3,3,1143)
w(194,6,3,1143)
r(196,3,3,1143)
r(193,7,9,1145)
w(196,4,9,1145)
r(193,7,9,1145)
r(196,4,9,1145)
r(194,6,9,1145)
r(193,7,9,1145)
r(196,4,9,1145)
w(194,7,9,1145)
w(191,5,9,1148)
r(193,7,9,1148)
r(196,4,9,1148)
r(193,7,9,1148)
r(193,7,9,1148)
r(196,4,9,1148)
r(196,4,9,1148)
r(163,8,9,1148)
r(194,7,2,1150)
r(196,4,2,1150)
w(196,5,2,1150)
w(196,6,2,1150)
w(196,7,2,1150)
w(196,8,2,1150)
r(198,0,5,1152)
r(198,0,5,1152)
w(194,8,5,1152)
w(197,1,5,1152)
w(197,2,5,1152)
r(197,0,2,1153)
r(198,0,2,1153)
r(198,0,2,1153)
w(198,1,2,1153)
r(198,1,2,1153)
w(198,2,2,1153)
r(197,0,2,1153)
w(198,3,2,1153)
w(198,4,8,1157)
w(198,5,8,1157)
w(191,6,8,1157)
w(191,7,8,1157)
r(194,8,8,1157)
r(198,5,5,1163)
r(198,5,5,1163)
r(200,0,5,1163)
r(197,2,5,1163)
r(201,0,5,1163)
r(201,0,5,1163)
r(201,0,5,1163)
r(197,2,1,1165)
w(198,7,1,1165)
r(198,7,1,1165)
r(198,7,1,1165)
w(197,7,1,1165)
r(197,7,1,1165)
w(198,8,1,1165)
w(201,1,9,1166)
w(201,2,9,1166)
r(197,2,9,1166)
r(201,2,9,1166)
r(201,2,9,1166)
r(201,2,9,1166)
r(201,2,9,1166)
r(202,0,9,1166)
w(199,1,3,1171)
r(202,0,3,1171)
r(202,0,3,1171)
w(201,4,3,1171)
r(200,0,3,1171)
w(201,5,3,1171)
r(199,1,3,1171)
w(203,1,3,1171)
w(201,8,3,1173)
r(203,1,3,1173)
w(200,2,3,1173)
r(202,0,3,1173)
r(203,1,3,1173)
r(203,1,3,1175)
r(200,2,3,1175)
r(204,0,3,1175)
w(203,2,3,1175)
r(204,0,3,1175)
r(204,0,8,1179)
w(202,3,8,1179)
w(204,1,8,1179)
w(199,2,8,1179)
w(204,2,8,1179)
r(200,2,8,1179)
w(203,3,8,1179)
w(204,3,8,1179)
r(200,2,0,1181)
r(203,3,0,1181)
w(203,4,0,1181)
r(203,4,0,1181)
r(204,3,0,1181)
r(203,4,0,1181)
r(204,3,0,1181)
r(203,4,0,1185)
w(205,2,0,1185)
r(205,2,0,1185)
w(202,4,0,1185)
w(205,6,1,1190)
r(205,6,1,1190)
w(203,7,1,1190)
r(203,7,1,1190)
r(205,6,1,1190)
r(205,6,1,1190)
w(203,8,1,1190)
r(205,6,5,1192)
w(200,5,5,1192)
r(205,6,5,1192)
w(206,1,5,1192)
w(202,5,5,1192)
w(206,2,5,1192)
w(205,7,5,1192)
r(206,2,1,1196)
w(200,6,1,1196)
r(205,7,1,1196)
w(200,7,1,1196)
r(200,7,1,1196)
r(206,2,1,1196)
r(207,0,0,1203)
w(207,6,0,1203)
w(206,5,0,1203)
r(207,6,0,1203)
w(207,7,0,1203)
r(207,7,0,1203)
w(209,1,7,1208)
r(199,2,7,1208)
w(206,8,7,1208)
r(202,5,7,1208)
r(209,1,7,1208)
r(209,1,7,1208)
w(208,2,1,1215)
r(209,1,1,1215)
w(209,3,1,1215)
w(202,8,1,1215)
w(209,4,1,1215)
w(209,5,1,1215)
r(209,5,1,1215)
r(199,2,6,1221)
r(210,0,6,1221)
w(210,7,6,1221)
w(211,1,6,1221)
w(211,2,6,1221)
r(211,2,6,1221)
r(199,2,6,1221)
r(211,2,6,1221)
w(211,5,1,1227)
r(211,5,1,1227)
w(208,7,1,1227)
r(211,5,1,1227)
r(211,5,1,1227)
w(211,6,1,1227)
r(212,0,1,1227)
w(211,7,1,1227)
w(214,1,9,1228)
r(214,1,9,1228)
r(214,1,9,1228)
r(213,0,9,1228)
r(214,1,9,1228)
w(212,1,9,1228)
r(213,0,9,1228)
w(214,5,0,1232)
w(214,6,0,1232)
r(214,6,0,1232)
r(213,0,0,1232)
r(214,6,0,1232)
r(214,6,0,1232)
r(212,1,9,1236)
w(216,1,9,1236)
w(216,2,9,1236)
w(212,2,9,1236)
r(215,0,9,1236)
w(215,1,9,1236)
r(213,0,9,1236)
w(213,5,9,1236)
w(216,7,4,1243)
r(199,2,4,1243)
r(216,7,4,1243)
w(216,8,4,1243)
w(199,5,4,1243)
r(217,0,9,1246)
w(215,2,9,1246)
w(217,1,9,1246)
w(213,8,9,1246)
w(217,2,9,1246)
w(217,3,9,1246)
r(217,3,9,1246)
r(217,3,4,1248)
w(217,6,4,1248)
w(217,7,4,1248)
r(218,0,4,1248)
w(218,3,2,1253)
r(218,3,2,1253)
r(219,0,2,1253)
w(218,4,2,1253)
r(199,5,2,1253)
r(218,4,3,1258)
w(219,1,3,1258)
r(218,4,3,1258)
w(219,2,3,1258)
r(219,0,7,1261)
r(212,2,7,1261)
r(212,2,7,1261)
w(212,4,7,1261)
w(218,7,4,1267)
r(219,2,4,1267)
w(219,8,4,1267)
r(219,8,4,1267)
r(219,8,4,1267)
w(215,5,4,1267)
r(199,5,4,1267)
r(220,0,3,1269)
r(215,2,3,1269)
w(221,1,3,1269)
r(215,2,3,1269)
w(221,2,3,1269)
w(212,6,3,1269)
r(221,2,1,1274)
r(215,5,1,1274)
w(222,1,1,1274)
w(215,7,1,1274)
r(222,1,1,1274)
w(212,7,1,1274)
r(222,1,1,1274)
w(221,3,1,1274)
r(222,1,8,1278)
w(221,4,8,1278)
w(222,8,8,1278)
r(215,7,8,1278)
w(215,8,8,1278)
w(223,4,9,1284)
w(223,5,9,1284)
r(223,5,9,1284)
w(223,6,9,1284)
r(224,0,9,1284)
r(221,4,9,1284)
r(221,4,5,1285)
r(224,0,5,1285)
w(225,1,5,1285)
r(224,0,5,1285)
r(225,1,5,1285)
w(225,2,3,1288)
r(221,4,3,1288)
r(225,2,3,1288)
w(221,8,3,1288)
r(225,2,3,1288)
w(225,3,3,1288)
r(225,3,3,1288)
r(225,3,3,1288)
r(225,1,5,1289)
r(221,4,5,1289)
r(225,1,5,1289)
w(224,1,5,1289)
w(226,2,7,1294)
r(227,0,7,1294)
r(199,5,7,1294)
r(227,0,7,1294)
r(226,2,7,1294)
r(225,3,9,1295)
r(226,0,9,1295)
r(227,0,9,1295)
w(227,1,9,1295)
r(224,1,9,1295)
r(227,1,9,1295)
r(224,1,1,1296)
r(224,1,1,1296)
w(226,3,1,1296)
w(227,2,1,1296)
r(227,2,1,1296)
w(226,4,9,1301)
w(226,5,9,1301)
r(227,2,9,1301)
w(212,8,9,1301)
r(226,5,9,1301)
r(226,5,9,1301)
r(227,2,9,1301)
w(227,3,9,1301)
r(227,3,8,1306)
w(224,3,8,1306)
r(212,8,8,1306)
r(226,5,8,1306)
w(224,4,8,1306)
w(227,6,8,1306)
r(226,5,8,1306)
r(227,6,8,1306)
w(224,5,5,1310)
w(226,7,5,1310)
w(226,8,5,1310)
r(227,6,5,1310)
r(226,8,5,1310)
w(228,1,4,1312)
r(230,0,4,1312)
r(229,0,4,1312)
w(229,1,4,1312)
r(229,1,4,1312)
r(229,1,4,1312)
r(229,1,0,1316)
r(228,1,0,1316)
r(230,0,0,1316)
w(229,2,0,1316)
r(224,5,0,1316)
r(231,0,4,1324)
w(231,4,4,1324)
w(231,5,4,1324)
r(228,1,4,1324)
r(231,5,4,1324)
w(231,6,4,1324)
w(231,7,4,1324)
r(233,0,4,1330)
r(232,0,4,1330)
r(233,0,4,1330)
r(233,0,4,1330)
r(233,0,4,1330)
r(232,0,3,1331)
r(230,0,3,1331)
w(232,1,3,1331)
w(232,2,3,1331)
r(232,2,3,1331)
w(232,3,3,1331)
r(232,3,3,1331)
w(224,7,5,1334)
w(234,1,5,1334)
r(224,7,5,1334)
w(234,2,5,1334)
w(234,3,4,1336)
w(233,1,4,1336)
w(234,4,4,1336)
r(199,5,4,1336)
r(224,7,4,1336)
r(234,4,4,1336)
r(224,7,6,1337)
r(234,2,6,1337)
r(228,1,6,1337)
w(228,3,6,1337)
w(234,5,0,1340)
w(234,6,0,1340)
r(233,1,0,1340)
r(224,7,0,1340)
w(235,4,2,1348)
w(233,3,2,1348)
r(235,4,2,1348)
r(235,4,2,1348)
r(235,4,2,1348)
r(233,3,2,1348)
r(233,3,1,1353)
r(233,3,1,1353)
w(233,6,1,1353)
w(237,1,1,1353)
r(237,1,1,1353)
r(237,1,1,1356)
r(237,1,1,1356)
r(228,3,1,1356)
w(233,8,1,1356)
r(237,1,1,1356)
w(237,4,1,1356)
r(233,8,1,1356)
w(228,4,0,1360)
r(228,4,0,1360)
w(224,8,0,1360)
w(237,5,0,1360)
w(238,4,1,1365)
w(238,5,1,1365)
r(240,0,1,1365)
w(240,1,1,1365)
r(240,1,1,1365)
r(240,1,1,1365)
r(240,1,6,1367)
r(238,5,6,1367)
w(240,5,6,1367)
w(240,6,6,1367)
w(241,1,5,1371)
r(241,1,5,1371)
r(241,1,5,1371)
r(241,1,5,1371)
w(241,2,5,1371)
w(241,3,5,1371)
w(238,7,1,1374)
r(241,0,1,1374)
r(241,0,1,1374)
r(241,0,1,1374)
r(238,7,1,1374)
w(238,8,1,1374)
r(241,0,1,1374)
r(239,0,8,1376)
w(228,8,8,1376)
w(242,1,8,1376)
w(241,4,8,1376)
r(241,3,0,1378)
r(228,4,0,1378)
r(241,3,0,1378)
w(239,3,0,1378)
w(239,4,0,1378)
r(241,3,0,1378)
r(241,3,0,1378)
w(236,1,0,1378)
r(239,0,9,1379)
r(228,8,9,1379)
r(228,8,9,1379)
w(241,5,9,1379)
w(242,2,9,1379)
w(241,6,9,1379)
r(228,8,9,1379)
w(239,5,2,1381)
r(242,2,2,1381)
r(241,6,2,1381)
r(239,5,2,1381)
w(241,7,2,1381)
r(228,8,2,1381)
w(239,6,2,1381)
r(228,8,4,1383)
r(241,7,4,1383)
r(241,7,4,1383)
r(242,2,4,1383)
w(241,8,4,1383)
r(241,8,0,1387)
r(241,8,0,1387)
r(242,2,0,1387)
r(242,2,0,1387)
w(242,3,0,1387)
w(239,8,8,1394)
w(243,1,8,1394)
r(243,1,8,1394)
r(243,1,8,1394)
r(244,0,8,1394)
r(244,0,8,1394)
r(243,1,8,1394)
w(243,2,8,1394)
r(243,2,8,1399)
r(243,2,8,1399)
w(243,7,8,1399)
w(243,8,8,1399)
r(243,8,8,1399)
w(246,1,8,1399)
w(246,2,0,1403)
r(244,0,0,1403)
w(246,3,0,1403)
r(246,3,0,1403)
r(246,3,0,1403)
r(246,3,0,1403)
r(247,0,9,1409)
w(246,5,9,1409)
r(244,0,9,1409)
r(244,0,9,1409)
r(246,5,9,1409)
w(246,6,9,1409)
w(245,1,0,1411)
r(244,0,0,1411)
r(248,0,0,1411)
w(245,2,0,1411)
w(244,4,5,1414)
r(247,0,5,1414)
w(247,2,5,1414)
r(244,4,5,1414)
w(244,5,8,1416)
r(244,5,8,1416)
r(244,5,8,1416)
r(247,2,8,1416)
w(248,1,8,1416)
r(248,1,8,1416)
r(248,1,1,1418)
w(245,3,1,1418)
w(245,4,1,1418)
w(247,3,1,1418)
r(248,1,1,1418)
r(244,5,1,1418)
w(248,2,2,1421)
r(248,2,2,1421)
r(248,2,2,1421)
r(248,2,2,1421)
r(244,5,8,1426)
r(244,5,8,1426)
r(247,3,8,1426)
r(248,2,8,1426)
w(236,2,8,1426)
w(248,3,8,1426)
r(248,3,8,1426)
r(247,3,4,1427)
w(247,5,4,1427)
r(248,2,4,1427)
r(248,2,4,1427)
r(248,3,2,1429)
w(247,6,2,1429)
w(249,1,2,1429)
w(249,2,2,1429)
r(248,3,0,1434)
w(249,4,0,1434)
w(248,6,0,1434)
r(248,6,0,1434)
r(247,6,0,1434)
w(249,5,0,1434)
w(249,7,4,1440)
r(250,0,4,1440)
r(249,7,4,1440)
w(236,5,4,1440)
w(250,2,4,1440)
w(250,3,4,1440)
w(249,8,4,1440)
r(245,4,4,1440)
w(250,7,3,1441)
r(250,7,3,1441)
w(250,8,3,1441)
r(245,4,3,1441)
r(252,0,9,1443)
w(251,1,9,1443)
r(252,0,9,1443)
r(252,0,9,1443)
w(252,1,9,1443)
w(252,2,9,1443)
r(252,2,5,1445)
w(252,3,5,1445)
w(252,4,5,1445)
w(245,6,5,1445)
w(251,2,9,1449)
w(253,1,9,1449)
w(252,5,9,1449)
r(245,6,9,1449)
r(245,6,9,1449)
r(252,5,9,1449)
r(252,5,9,1449)
w(252,8,6,1451)
r(252,8,6,1451)
r(252,8,6,1451)
r(252,8,6,1451)
r(251,2,3,1458)
w(251,4,3,1458)
w(251,5,3,1458)
w(254,1,3,1458)
w(254,2,3,1458)
w(253,2,3,1458)
r(254,2,3,1458)
w(251,6,3,1458)
w(254,7,0,1464)
r(254,7,0,1464)
r(254,7,0,1464)
r(253,2,0,1464)
w(254,8,0,1464)
r(254,8,0,1464)
r(254,8,0,1464)
r(254,8,0,1464)
w(236,7,2,1468)
w(255,1,2,1468)
r(254,8,2,1468)
w(255,2,2,1468)
w(236,8,2,1468)
r(254,8,2,1468)
r(256,0,6,1473)
w(256,1,6,1473)
r(255,2,6,1473)
w(256,2,6,1473)
w(256,8,8,1477)
r(255,2,8,1477)
r(255,2,8,1477)
r(255,2,8,1477)
w(255,7,3,1483)
w(253,7,3,1483)
r(255,7,3,1483)
r(255,7,3,1483)
w(259,1,3,1483)
w(253,8,3,1483)
w(259,2,3,1483)
r(253,8,3,1483)
r(259,2,1,1486)
r(259,2,1,1486)
w(261,1,1,1486)
r(261,1,1,1486)
w(261,2,1,1486)
r(262,0,1,1486)
r(262,0,1,1486)
w(257,1,1,1486)
r(262,0,1,1489)
r(261,2,1,1489)
r(257,1,1,1489)
r(261,2,1,1489)
w(261,4,1,1489)
r(261,4,1,1489)
r(262,0,1,1489)
r(261,4,7,1491)
w(261,5,7,1491)
w(262,1,7,1491)
r(262,1,7,1491)
w(260,4,7,1491)
w(261,6,0,1496)
w(262,2,0,1496)
w(261,7,0,1496)
w(262,3,0,1496)
w(262,5,6,1497)
r(262,5,6,1497)
w(261,8,6,1497)
r(261,8,6,1497)
w(262,6,2,1499)
r(262,6,2,1499)
r(262,6,2,1499)
r(261,8,2,1499)
w(260,5,8,1504)
w(260,6,8,1504)
r(262,6,8,1504)
r(262,6,8,1504)
w(260,7,8,1504)
w(262,7,8,1504)
r(263,0,8,1504)
w(262,8,8,1504)
w(264,3,4,1507)
w(265,1,4,1507)
w(263,1,4,1507)
w(264,4,4,1507)
r(263,1,4,1507)
w(257,2,4,1507)
r(264,4,4,1507)
r(264,4,4,1507)
r(265,1,8,1511)
r(265,1,8,1511)
w(263,2,8,1511)
r(263,2,8,1511)
r(257,2,8,1511)
w(264,6,8,1511)
r(263,2,8,1511)
r(258,0,2,1514)
r(266,0,2,1514)
r(266,0,2,1514)
w(266,2,2,1514)
w(265,3,2,1514)
w(266,3,2,1514)
r(266,3,9,1515)
r(266,3,9,1515)
r(266,3,9,1515)
r(266,3,9,1515)
r(263,2,2,1522)
r(266,3,2,1522)
w(257,6,2,1522)
w(266,8,2,1522)
r(263,2,2,1522)
r(257,2,1,1523)
r(267,0,1,1523)
w(267,1,1,1523)
r(265,3,1,1523)
r(267,1,3,1527)
r(267,1,3,1527)
w(267,3,3,1527)
w(267,4,3,1527)
r(267,4,2,1532)
w(268,1,2,1532)
w(257,7,2,1532)
w(265,6,2,1532)
r(268,1,2,1532)
r(268,1,2,1532)
r(257,7,2,1532)
r(265,6,1,1534)
w(267,6,1,1534)
w(268,2,1,1534)
w(268,3,1,1534)
r(268,3,1,1534)
r(267,6,1,1534)
w(268,4,1,1534)
r(270,0,7,1540)
w(270,2,7,1540)
r(268,4,7,1540)
w(270,3,7,1540)
r(270,3,7,1540)
w(270,8,7,1543)
r(258,0,7,1543)
r(270,8,7,1543)
w(271,1,7,1543)
w(269,2,2,1546)
r(271,1,2,1546)
w(271,2,2,1546)
w(271,3,2,1546)
r(271,3,2,1546)
r(269,2,2,1546)
w(271,4,9,1548)
w(271,5,9,1548)
r(271,5,9,1548)
r(271,5,9,1548)
w(271,6,9,1548)
r(271,6,9,1548)
r(268,4,9,1548)
r(271,3,2,1551)
r(271,3,2,1551)
r(269,2,2,1551)
w(269,3,2,1551)
r(271,3,2,1551)
r(269,3,2,1551)
r(271,3,2,1551)
r(268,4,4,1552)
r(268,4,4,1552)
r(271,6,4,1552)
w(268,8,4,1552)
w(258,2,3,1553)
r(272,0,3,1553)
r(272,0,3,1553)
w(272,1,3,1553)
w(258,3,3,1553)
r(271,6,3,1553)
w(269,5,9,1559)
r(271,6,9,1559)
w(271,8,9,1559)
w(258,4,9,1559)
w(269,6,9,1559)
w(273,1,9,1559)
w(273,2,9,1559)
r(257,7,1,1561)
w(272,6,1,1561)
r(269,6,1,1561)
w(272,7,1,1561)
w(269,7,8,1564)
r(273,2,8,1564)
r(272,7,8,1564)
w(272,8,8,1564)
r(272,8,8,1564)
r(274,0,8,1564)
r(273,2,6,1568)
w(273,5,6,1568)
r(273,5,6,1568)
w(273,6,6,1568)
w(273,7,6,1568)
r(273,7,6,1568)
r(273,7,6,1568)
w(273,8,6,1568)
w(276,1,0,1569)
r(273,2,0,1569)
r(273,2,0,1569)
r(273,2,0,1569)
r(274,0,4,1572)
w(276,2,4,1572)
w(276,3,4,1572)
r(277,0,4,1572)
r(274,0,4,1572)
r(276,3,4,1572)
w(274,1,4,1572)
w(276,4,1,1577)
r(277,0,1,1577)
w(277,1,1,1577)
r(277,1,1,1577)
r(277,1,1,1577)
w(274,2,1,1577)
w(277,2,1,1577)
r(274,2,1,1577)
r(277,2,9,1581)
r(278,0,9,1581)
r(274,2,9,1581)
r(274,2,9,1581)
r(278,0,8,1583)
r(276,4,8,1583)
r(278,0,8,1583)
r(274,2,8,1583)
w(274,4,1,1585)
r(276,4,1,1585)
w(275,1,1,1585)
w(277,8,1,1585)
r(276,4,1,1585)
r(275,1,1,1585)
r(275,1,1,1585)
r(278,0,4,1587)
r(278,0,4,1587)
r(278,0,4,1587)
w(258,5,4,1587)
w(258,6,4,1587)
