w(3,2,9,6)
r(2,0,9,6)
w(3,3,9,6)
r(2,0,9,6)
r(4,0,2,8)
r(4,0,2,8)
r(1,0,2,8)
w(2,1,2,8)
r(4,0,2,8)
r(3,3,1,11)
w(4,4,1,11)
r(2,0,1,11)
w(4,5,1,11)
r(3,3,1,11)
r(3,3,1,11)
w(4,6,1,11)
r(1,0,0,12)
r(4,0,0,12)
r(3,3,0,12)
r(2,1,0,12)
w(5,1,8,16)
r(3,3,8,16)
w(3,4,8,16)
r(5,1,8,16)
r(5,1,8,16)
w(2,2,8,16)
w(2,4,2,25)
r(6,0,2,25)
w(6,1,2,25)
w(6,2,2,25)
r(6,2,2,25)
w(3,6,2,25)
w(6,6,6,28)
w(6,7,6,28)
w(3,7,6,28)
w(3,8,6,28)
r(7,0,8,34)
r(7,0,8,34)
w(7,2,8,34)
r(7,2,8,34)
w(7,3,8,34)
r(9,0,6,40)
r(8,0,6,40)
w(10,1,6,40)
w(8,4,6,40)
w(9,1,6,40)
r(8,4,6,40)
w(10,2,6,40)
w(7,6,7,42)
w(7,7,7,42)
w(2,8,7,42)
w(7,8,7,42)
r(8,0,7,42)
w(1,5,7,42)
r(7,8,7,42)
r(1,5,7,42)
r(10,2,4,49)
w(10,6,4,49)
w(9,2,4,49)
w(10,7,4,49)
w(8,6,4,49)
r(9,2,9,53)
r(8,6,9,53)
r(10,7,9,53)
r(10,7,9,53)
w(8,8,9,53)
r(9,2,9,53)
r(10,7,9,53)
r(12,0,8,59)
w(11,2,8,59)
r(1,5,8,59)
r(11,2,8,59)
r(12,0,8,59)
r(11,2,8,59)
w(1,6,8,59)
w(13,3,6,66)
w(1,7,6,66)
r(13,3,6,66)
r(13,3,6,66)
r(12,0,6,66)
w(9,7,6,66)
r(12,0,6,66)
r(13,3,6,66)
r(9,7,8,71)
w(9,8,8,71)
w(13,8,8,71)
w(14,1,8,71)
r(14,0,7,72)
r(1,7,7,72)
r(14,0,7,72)
r(14,0,7,72)
w(12,4,7,84)
w(14,6,7,84)
r(15,0,7,84)
w(12,5,7,84)
w(15,1,7,84)
w(17,4,8,92)
r(17,4,8,92)
r(17,4,8,92)
r(18,0,8,92)
r(17,4,8,92)
w(18,2,8,92)
w(18,3,3,97)
w(17,6,3,97)
r(17,6,3,97)
w(18,4,3,97)
w(18,5,3,97)
r(18,5,3,97)
r(15,1,1,99)
r(19,0,1,99)
w(16,4,1,99)
w(19,3,1,99)
r(19,3,1,99)
r(20,0,1,99)
w(20,1,1,99)
w(19,4,9,106)
w(20,3,9,106)
r(20,3,9,106)
r(20,3,9,106)
r(16,4,9,106)
w(20,4,9,106)
r(21,0,0,109)
r(21,0,0,109)
r(21,0,0,109)
w(21,3,0,109)
r(21,3,6,113)
w(21,4,6,113)
w(21,5,6,113)
w(0,1,6,113)
r(15,1,4,114)
w(15,7,4,114)
w(20,5,4,114)
w(20,6,4,114)
r(21,5,0,116)
w(16,5,0,116)
r(15,1,0,116)
r(0,1,0,116)
r(21,5,0,116)
w(21,6,0,116)
r(21,6,0,116)
w(21,7,0,116)
w(20,8,3,121)
w(15,8,3,121)
r(22,0,3,121)
w(22,1,3,121)
w(22,2,3,121)
r(23,0,3,121)
r(16,5,1,124)
w(16,7,1,124)
r(22,0,1,124)
r(24,0,1,124)
r(23,0,2,128)
w(22,4,2,128)
w(23,3,2,128)
r(23,3,2,128)
r(23,3,2,128)
w(23,4,2,128)
w(23,5,2,128)
r(22,4,2,137)
w(25,1,2,137)
w(22,7,2,137)
r(22,7,2,137)
r(25,1,2,137)
w(22,8,2,137)
w(25,2,2,137)
r(24,0,2,137)
r(24,0,7,141)
w(24,4,7,141)
w(26,2,7,141)
w(27,1,7,141)
r(27,1,7,141)
w(27,2,7,141)
w(27,3,7,141)
r(26,2,1,144)
r(24,4,1,144)
w(26,4,1,144)
w(26,5,1,144)
r(26,5,1,144)
r(26,5,3,147)
r(27,3,3,147)
r(26,5,3,147)
w(24,5,3,147)
w(27,4,3,147)
w(28,1,4,152)
w(28,2,4,152)
r(28,2,4,152)
w(28,3,4,152)
r(24,5,4,152)
w(24,6,4,152)
r(28,3,4,152)
r(28,3,3,155)
w(24,8,3,155)
r(28,3,3,155)
w(27,5,3,155)
r(24,8,4,160)
r(28,3,4,160)
r(30,0,4,160)
w(27,8,4,160)
r(30,0,4,160)
w(30,1,3,161)
r(30,1,3,161)
r(30,1,3,161)
r(30,1,3,161)
w(29,2,3,161)
r(30,1,3,161)
r(32,0,9,164)
w(30,2,9,164)
w(30,3,9,164)
r(30,3,9,164)
r(30,3,9,164)
w(30,4,2,169)
w(30,5,2,169)
r(30,5,2,169)
w(29,3,2,169)
r(32,0,1,172)
r(30,5,1,172)
r(32,0,1,172)
w(29,4,1,172)
w(33,1,1,172)
r(32,0,1,172)
r(33,1,1,172)
w(33,2,1,172)
w(33,4,9,178)
w(32,7,9,178)
w(33,5,9,178)
w(33,6,9,178)
w(33,7,9,178)
w(34,1,4,186)
r(0,1,4,186)
w(34,2,4,186)
w(34,3,4,186)
w(35,1,4,186)
w(34,4,4,186)
r(35,1,4,186)
r(34,4,4,186)
w(35,4,0,191)
w(36,2,0,191)
w(35,5,0,191)
w(35,6,0,191)
r(36,2,0,191)
w(0,3,5,196)
w(36,6,5,196)
r(29,4,5,196)
w(36,7,5,196)
r(31,0,5,196)
r(35,6,5,196)
r(36,7,5,196)
r(29,4,5,196)
w(37,3,0,202)
w(37,4,0,202)
r(31,0,0,202)
r(29,4,0,202)
w(37,5,0,202)
w(31,3,0,202)
r(31,3,0,202)
r(37,0,3,203)
r(38,0,3,203)
r(31,0,3,203)
r(37,0,3,203)
w(38,1,3,203)
w(37,7,2,207)
w(38,2,2,207)
r(31,3,2,207)
r(31,3,2,207)
r(37,7,3,209)
r(29,4,3,209)
r(38,2,3,209)
r(39,0,3,209)
w(39,1,3,209)
r(39,1,3,209)
r(39,1,3,209)
r(39,1,3,209)
r(39,1,9,213)
r(39,1,9,213)
r(39,1,9,213)
w(38,3,9,213)
w(39,2,1,216)
w(29,7,1,216)
r(31,3,1,216)
w(39,3,1,216)
r(31,3,1,216)
w(39,4,1,216)
w(38,8,2,219)
r(39,4,2,219)
r(39,4,2,219)
r(38,8,2,219)
r(31,3,2,219)
r(29,7,2,219)
r(41,0,2,219)
r(41,0,4,221)
r(41,0,4,221)
w(41,1,4,221)
w(29,8,4,221)
r(41,1,4,221)
r(41,1,1,223)
w(41,2,1,223)
w(40,1,1,223)
w(41,3,1,223)
r(41,3,1,223)
r(41,3,1,223)
r(41,3,6,225)
w(41,4,6,225)
r(41,4,6,225)
r(40,1,6,225)
r(41,4,6,225)
w(40,2,6,225)
w(41,5,6,225)
r(41,5,6,225)
r(40,2,6,232)
w(41,6,6,232)
r(41,6,6,232)
r(41,6,6,232)
w(40,3,6,232)
w(40,4,6,232)
w(31,5,6,232)
r(40,4,1,235)
r(42,0,1,235)
w(31,8,1,235)
r(43,0,1,235)
r(43,0,1,235)
r(43,0,0,237)
r(43,0,0,237)
r(43,0,0,237)
r(40,4,0,237)
w(43,2,0,237)
w(43,3,9,241)
w(42,2,9,241)
w(43,4,9,241)
w(43,5,9,241)
w(43,6,9,241)
r(40,4,9,241)
r(44,0,9,241)
r(43,6,9,241)
w(45,2,2,246)
w(45,3,2,246)
r(40,4,2,246)
w(40,7,2,246)
r(40,7,2,246)
w(45,6,5,249)
w(45,7,5,249)
r(45,7,5,249)
r(40,7,5,249)
w(42,3,5,249)
r(44,0,6,251)
r(40,7,6,251)
r(40,7,6,251)
r(45,7,6,251)
r(45,7,6,251)
r(40,7,6,251)
w(45,8,6,251)
r(45,8,6,251)
w(46,1,8,258)
r(40,7,8,258)
w(46,2,8,258)
r(40,7,8,258)
r(46,2,8,258)
w(46,3,8,258)
r(46,3,8,258)
r(46,0,5,260)
w(47,1,5,260)
w(47,2,5,260)
w(47,3,5,260)
w(48,2,5,268)
r(0,3,5,268)
r(44,0,5,268)
r(48,2,5,268)
r(48,2,5,268)
r(48,2,5,268)
w(44,3,8,270)
w(42,4,8,270)
w(46,8,8,270)
r(47,3,8,270)
r(0,3,1,274)
r(44,3,1,274)
r(48,2,1,274)
r(49,0,1,274)
r(49,0,1,274)
w(49,2,1,274)
w(42,5,1,274)
r(44,3,1,274)
r(44,3,2,279)
r(49,2,2,279)
w(48,7,2,279)
w(48,8,2,279)
w(49,3,2,279)
r(49,3,3,285)
r(49,3,3,285)
r(50,0,3,285)
r(50,0,3,285)
r(49,3,3,285)
r(49,3,9,286)
r(50,0,9,286)
r(50,0,9,286)
r(49,3,9,286)
r(50,0,9,286)
w(50,2,9,286)
w(44,7,2,292)
w(49,7,2,292)
w(49,8,2,292)
r(51,0,2,292)
w(51,1,6,295)
r(53,0,6,295)
r(50,2,6,295)
w(51,2,6,295)
w(52,2,0,299)
w(50,6,0,299)
r(53,0,0,299)
r(50,6,0,299)
w(50,7,0,299)
w(50,8,0,299)
r(50,8,0,299)
w(53,1,0,299)
w(0,8,7,301)
r(53,0,7,301)
r(53,0,7,301)
w(54,1,7,301)
r(54,1,7,301)
w(54,2,7,301)
r(51,2,7,301)
w(54,4,8,309)
w(54,5,8,309)
r(54,5,8,309)
w(54,6,8,309)
r(54,6,8,309)
r(52,2,8,309)
w(54,7,8,309)
r(53,1,2,310)
w(55,3,2,310)
r(55,3,2,310)
r(53,1,2,310)
w(53,3,2,310)
w(52,8,2,310)
r(52,8,2,310)
w(51,4,5,315)
w(58,1,5,315)
w(56,1,5,315)
w(58,2,5,315)
r(57,0,5,315)
r(58,2,5,315)
r(58,2,5,315)
r(53,3,4,317)
r(58,0,4,317)
r(58,0,4,317)
r(58,0,4,317)
w(57,4,5,321)
w(53,5,5,321)
r(58,2,5,321)
w(58,4,5,321)
r(58,4,5,321)
w(58,6,4,326)
w(58,7,4,326)
w(57,8,4,326)
w(58,8,4,326)
r(57,8,4,326)
r(59,0,4,326)
w(59,1,6,329)
r(57,4,6,329)
w(51,5,6,329)
w(59,2,6,329)
w(59,3,6,329)
w(60,1,6,329)
w(60,2,1,332)
w(51,6,1,332)
w(59,5,1,332)
w(51,7,1,332)
w(59,6,1,332)
r(60,2,2,336)
w(59,7,2,336)
w(59,8,2,336)
r(59,8,2,336)
r(60,2,2,336)
w(60,4,2,336)
w(60,8,1,343)
w(51,8,1,343)
r(60,8,1,343)
r(61,0,1,343)
w(61,6,1,343)
w(62,3,9,347)
r(63,0,9,347)
w(62,4,9,347)
r(56,1,9,347)
r(56,1,2,351)
w(62,5,2,351)
w(63,2,2,351)
r(61,6,2,351)
r(61,6,2,351)
w(64,1,2,351)
w(63,3,2,351)
r(62,5,2,351)
w(64,4,8,356)
r(63,3,8,356)
r(63,3,8,356)
r(63,3,8,356)
w(64,5,8,356)
w(62,6,8,356)
r(63,3,8,356)
w(64,6,8,356)
r(64,6,1,360)
r(64,6,1,360)
r(66,0,1,360)
w(62,7,1,360)
r(56,1,1,360)
r(66,0,1,360)
r(56,1,1,360)
w(67,1,1,360)
r(66,0,7,365)
w(66,2,7,365)
r(66,2,7,365)
r(67,1,7,365)
r(66,2,7,365)
r(67,1,7,365)
w(67,3,9,370)
r(66,2,9,370)
w(66,7,9,370)
w(67,4,9,370)
w(66,8,9,370)
r(68,0,5,372)
r(65,0,5,372)
r(68,0,5,372)
r(62,7,5,372)
r(69,0,5,372)
r(68,0,4,373)
w(68,2,4,373)
r(68,2,4,373)
w(68,3,4,373)
w(67,8,4,373)
w(68,4,4,373)
w(69,1,8,378)
r(68,4,8,378)
w(69,2,8,378)
w(65,1,8,378)
w(68,5,8,378)
r(68,5,8,378)
r(69,2,8,378)
w(68,6,8,378)
r(68,6,5,382)
w(69,5,5,382)
r(70,0,5,382)
r(70,0,5,382)
w(62,8,5,382)
r(62,7,3,383)
r(70,0,3,383)
r(70,0,3,383)
r(70,0,3,383)
w(56,6,3,383)
r(69,2,3,383)
r(69,5,8,385)
w(56,7,8,385)
r(70,0,8,385)
w(70,1,8,385)
r(70,1,7,388)
r(69,5,7,388)
w(69,6,7,388)
w(70,2,7,388)
r(69,6,7,388)
w(69,7,7,388)
r(69,7,7,388)
w(71,1,2,394)
r(65,1,2,394)
r(70,2,2,394)
r(71,1,2,394)
r(69,7,2,394)
r(70,2,2,394)
w(70,4,2,394)
r(72,0,1,399)
w(70,8,1,399)
r(56,7,1,399)
r(71,1,1,399)
w(72,1,1,399)
r(70,4,9,400)
r(70,4,9,400)
r(70,4,9,400)
r(72,0,9,400)
r(71,1,9,400)
w(71,3,9,400)
r(72,0,9,400)
w(71,4,9,400)
r(72,1,1,406)
r(72,1,1,406)
w(73,2,1,406)
r(56,7,1,406)
r(71,4,2,410)
r(56,7,2,410)
r(73,2,2,410)
r(71,4,2,410)
r(73,2,2,410)
r(73,2,2,410)
r(56,7,2,410)
w(72,5,5,412)
r(73,2,5,412)
w(71,5,5,412)
w(72,6,5,412)
w(73,8,5,412)
r(73,8,5,412)
r(72,6,5,412)
w(71,6,3,415)
w(75,1,3,415)
r(76,0,3,415)
r(76,0,3,415)
r(75,1,8,422)
r(65,1,8,422)
w(75,2,8,422)
w(74,1,8,422)
w(76,1,8,422)
w(75,3,8,422)
r(76,1,8,422)
w(76,3,5,429)
w(77,3,5,429)
r(77,3,5,429)
w(77,4,5,429)
w(76,4,5,429)
r(77,4,7,432)
w(77,8,7,432)
w(65,4,7,432)
w(76,7,7,432)
r(78,0,4,436)
r(76,7,4,436)
w(78,1,4,436)
r(79,0,4,436)
r(71,6,4,436)
w(71,8,4,436)
w(65,5,4,436)
w(74,3,0,442)
r(71,8,0,442)
r(71,8,0,442)
r(78,1,0,442)
r(71,8,0,442)
w(78,3,0,442)
r(78,3,0,442)
r(79,0,3,444)
r(79,0,3,444)
w(80,1,3,444)
r(79,0,3,444)
r(79,0,3,444)
r(81,0,3,444)
w(81,1,3,444)
r(79,0,3,444)
w(81,5,1,448)
w(79,2,1,448)
r(81,5,1,448)
w(79,3,1,448)
r(81,5,4,452)
w(74,4,4,452)
r(79,3,4,452)
r(81,5,4,452)
r(81,5,4,452)
w(79,4,4,452)
r(79,4,4,452)
r(81,5,4,452)
w(81,8,3,453)
r(65,5,3,453)
r(79,3,3,453)
r(79,3,3,453)
r(81,8,3,453)
r(81,8,3,453)
w(82,4,6,459)
w(82,5,6,459)
r(82,5,6,459)
r(82,5,6,459)
r(84,0,0,464)
r(84,0,0,464)
r(84,0,0,464)
r(84,0,0,464)
r(80,1,2,468)
w(82,6,2,468)
w(83,1,2,468)
w(82,7,2,468)
w(83,2,2,468)
w(82,8,2,468)
r(80,1,2,468)
r(84,0,9,469)
r(80,1,9,469)
r(65,5,9,469)
w(74,6,9,469)
r(84,0,9,469)
w(74,7,9,472)
w(83,5,9,472)
w(84,7,9,472)
r(84,7,9,472)
r(83,5,9,472)
w(80,5,0,478)
r(84,7,0,478)
r(84,7,0,478)
w(84,8,0,478)
w(80,6,0,478)
r(84,8,0,478)
r(80,6,0,478)
r(83,5,0,478)
w(85,1,7,479)
r(85,1,7,479)
r(85,1,7,479)
r(83,5,7,479)
r(85,1,7,479)
w(85,2,7,479)
r(85,2,7,479)
r(85,2,7,479)
r(86,0,6,483)
r(65,5,6,483)
r(83,5,6,483)
r(85,2,6,483)
w(85,5,6,483)
w(85,6,6,483)
r(85,6,6,483)
r(88,0,1,485)
r(89,0,1,485)
r(88,0,1,485)
r(88,0,1,485)
r(88,0,2,490)
w(89,1,2,490)
r(89,1,2,490)
w(87,1,2,490)
w(89,2,2,490)
w(89,3,2,490)
r(80,6,2,490)
w(89,5,6,493)
w(89,6,6,493)
r(89,6,6,493)
w(89,7,6,493)
r(86,0,6,493)
r(80,6,1,495)
w(87,2,1,495)
r(89,3,1,495)
w(87,3,1,495)
w(88,2,6,497)
r(80,6,6,497)
r(89,7,6,497)
w(89,8,6,497)
r(90,0,7,501)
r(87,3,7,501)
w(90,1,7,501)
w(90,2,7,501)
w(88,3,7,501)
w(88,4,7,501)
r(90,2,5,505)
w(90,7,5,505)
r(90,7,5,505)
r(90,7,5,505)
r(91,0,5,505)
w(90,8,5,505)
r(92,0,7,507)
w(92,1,7,507)
r(88,4,7,507)
w(88,5,7,507)
w(92,2,7,507)
r(92,2,7,507)
r(92,2,7,507)
r(88,5,7,507)
r(92,2,5,512)
r(88,5,5,512)
w(92,6,5,512)
r(87,3,5,512)
w(92,7,5,512)
r(88,5,5,512)
w(86,1,5,512)
w(93,3,7,519)
w(91,2,7,519)
r(93,3,7,519)
w(88,8,7,519)
w(95,6,3,529)
w(91,5,3,529)
r(94,0,3,529)
r(95,6,3,529)
r(95,6,3,529)
w(91,7,0,534)
w(94,5,0,534)
w(86,2,0,534)
w(86,3,0,534)
r(96,0,5,536)
r(94,5,5,536)
w(96,1,5,536)
w(96,2,5,536)
r(96,2,5,536)
w(87,8,5,536)
w(91,8,9,538)
r(96,0,9,538)
r(96,0,9,538)
r(97,0,9,538)
w(86,4,9,538)
w(96,3,4,542)
w(94,6,4,542)
w(94,7,4,542)
r(96,3,4,542)
w(94,8,4,542)
r(96,3,6,544)
r(87,8,6,544)
r(96,3,6,544)
w(96,6,6,544)
w(98,1,6,544)
w(99,1,6,548)
r(97,0,6,548)
w(86,5,6,548)
w(99,2,6,548)
w(98,4,6,548)
r(98,4,6,548)
w(99,3,6,548)
w(98,8,9,552)
r(100,0,9,552)
r(101,0,9,552)
w(97,2,9,552)
w(101,1,9,552)
w(101,2,9,552)
w(101,3,9,552)
r(100,0,4,555)
w(97,3,4,555)
r(86,5,4,555)
w(101,6,4,555)
r(99,3,0,562)
w(99,7,0,562)
w(99,8,0,562)
w(101,7,0,562)
r(99,8,0,562)
w(101,8,0,562)
r(103,0,0,562)
r(102,0,0,562)
w(102,2,8,568)
r(102,2,8,568)
r(86,5,8,568)
w(100,2,8,568)
w(97,4,8,568)
r(103,0,8,568)
w(97,5,8,568)
r(103,0,8,568)
r(97,5,4,575)
r(102,2,4,575)
w(97,8,4,575)
w(103,5,4,575)
r(102,2,4,575)
w(103,6,4,575)
w(104,1,9,578)
w(105,1,9,578)
w(105,2,9,578)
r(105,2,9,578)
w(105,8,2,584)
r(86,5,2,584)
r(106,0,2,584)
w(103,8,2,584)
w(106,1,2,584)
w(107,1,2,584)
w(107,2,2,584)
w(104,3,9,585)
r(106,0,9,585)
r(100,2,9,585)
r(106,0,9,585)
w(100,5,9,585)
r(106,1,2,588)
r(106,1,2,588)
r(104,3,2,588)
r(107,2,2,588)
w(106,3,2,588)
w(107,4,2,588)
r(106,3,9,589)
r(107,4,9,589)
r(104,3,9,589)
r(100,5,9,589)
w(106,4,9,589)
w(106,5,9,589)
r(106,5,3,591)
r(106,5,3,591)
w(106,6,3,591)
w(107,5,3,591)
r(106,6,3,591)
r(104,3,2,593)
r(104,3,2,593)
w(106,7,2,593)
w(106,8,2,593)
r(106,8,5,596)
w(100,6,5,596)
w(107,6,5,596)
w(108,1,5,596)
r(107,6,4,599)
w(108,3,4,599)
r(108,3,4,599)
r(108,3,4,599)
r(107,6,6,601)
w(107,7,6,601)
w(108,4,6,601)
w(108,5,6,601)
w(108,6,6,601)
w(107,8,9,604)
w(108,7,9,604)
r(108,7,9,604)
r(109,0,9,604)
r(110,0,9,607)
r(109,0,9,607)
w(110,2,9,607)
r(110,2,9,607)
w(110,3,9,607)
w(110,4,9,607)
r(110,4,9,607)
r(110,4,2,609)
r(110,4,2,609)
r(100,6,2,609)
r(109,0,2,609)
r(110,4,7,612)
w(110,5,7,612)
w(109,2,7,612)
r(110,5,7,612)
w(100,8,0,620)
r(110,5,0,620)
w(112,1,0,620)
w(104,6,0,620)
r(112,1,0,620)
w(109,6,2,625)
w(104,7,2,625)
w(112,3,2,625)
w(112,4,2,625)
r(104,7,2,625)
r(100,8,2,625)
w(112,5,2,625)
r(112,5,3,631)
r(112,5,3,631)
w(112,8,3,631)
r(113,0,3,631)
r(113,0,3,631)
r(100,8,3,631)
w(113,1,3,631)
w(113,2,3,631)
r(115,0,0,635)
w(114,1,0,635)
w(116,2,0,635)
r(114,1,0,635)
r(116,2,0,635)
w(115,1,8,641)
r(116,2,8,641)
r(114,1,8,641)
w(116,3,8,641)
r(116,3,8,641)
w(115,2,8,641)
r(116,3,8,641)
r(116,3,3,643)
w(116,5,3,643)
w(115,5,3,643)
r(116,5,3,643)
w(117,1,4,645)
w(116,6,4,645)
r(116,6,4,645)
r(115,5,4,645)
r(115,5,4,645)
r(115,5,4,645)
r(115,5,4,645)
r(116,6,6,649)
r(117,1,6,649)
w(116,7,6,649)
r(116,7,6,649)
w(111,2,6,649)
w(116,8,6,649)
w(114,2,1,651)
w(114,3,1,651)
w(118,2,1,651)
r(118,2,1,651)
r(118,2,1,653)
r(114,3,1,653)
w(115,7,1,653)
r(115,7,1,653)
w(111,4,6,657)
w(118,3,6,657)
r(114,3,6,657)
w(118,4,6,657)
r(118,4,4,659)
w(115,8,4,659)
r(118,4,4,659)
r(115,8,4,659)
r(115,8,4,659)
r(115,8,4,659)
w(119,1,4,659)
r(118,4,3,660)
r(119,0,3,660)
r(119,0,3,660)
w(111,5,3,660)
r(117,1,3,660)
w(118,5,3,660)
w(118,6,3,660)
r(119,1,5,663)
r(120,0,5,663)
w(120,1,5,663)
r(114,3,5,663)
r(119,1,5,663)
r(120,1,8,667)
w(120,2,8,667)
r(119,1,8,667)
w(119,3,8,667)
w(119,4,8,667)
r(120,2,1,671)
r(119,4,1,671)
r(120,2,1,671)
r(120,2,1,671)
r(120,2,1,671)
r(119,4,1,671)
r(120,2,1,671)
w(119,6,1,671)
w(120,6,8,674)
r(120,6,8,674)
r(114,3,8,674)
w(120,7,8,674)
w(119,8,8,674)
r(119,8,8,674)
r(114,3,9,680)
r(117,1,9,680)
w(122,3,9,680)
r(122,3,9,680)
r(114,3,9,680)
w(122,4,9,680)
w(122,5,9,680)
r(123,0,2,686)
r(123,0,2,686)
r(123,0,2,686)
w(121,8,2,686)
w(124,1,2,686)
r(123,0,1,689)
r(124,1,1,689)
w(123,5,1,689)
w(123,6,1,689)
r(123,6,1,689)
r(123,6,1,689)
r(123,6,1,689)
r(123,6,1,689)
w(124,5,4,691)
r(114,3,4,691)
w(124,6,4,691)
r(123,6,4,691)
w(123,7,1,694)
r(114,3,1,694)
w(123,8,1,694)
w(125,1,1,694)
r(125,1,7,699)
w(125,2,7,699)
w(114,6,7,699)
w(124,7,7,699)
w(114,7,7,699)
r(125,2,7,699)
w(114,8,7,699)
r(125,2,7,703)
r(126,0,7,703)
w(117,4,7,703)
r(126,0,7,703)
r(125,2,7,703)
r(126,0,7,703)
r(126,0,7,703)
r(126,0,8,707)
r(127,0,8,707)
r(127,0,8,707)
r(114,8,8,707)
r(111,5,8,707)
w(127,1,8,707)
w(127,5,4,712)
r(127,5,4,712)
r(128,0,4,712)
r(128,0,4,712)
w(126,4,0,715)
r(126,4,0,715)
r(127,5,0,715)
r(117,4,0,715)
w(126,5,7,717)
r(127,5,7,717)
r(127,5,7,717)
r(127,5,7,717)
r(127,5,7,717)
r(127,5,2,721)
w(126,6,2,721)
r(128,0,2,721)
w(127,7,2,721)
w(127,8,2,721)
r(127,8,2,721)
r(127,8,2,721)
w(129,2,2,726)
w(128,1,2,726)
w(128,2,2,726)
r(126,6,2,726)
r(128,2,1,727)
r(126,6,1,727)
r(126,6,1,727)
w(129,4,1,727)
r(126,6,4,734)
r(126,6,4,734)
r(126,6,4,734)
w(126,8,4,734)
w(129,5,4,734)
w(129,6,4,734)
r(129,6,4,734)
w(128,4,2,736)
w(128,5,2,736)
r(130,0,2,736)
r(130,0,2,736)
r(130,0,2,736)
r(131,0,5,737)
w(131,1,5,737)
r(131,1,5,737)
r(130,0,5,737)
w(131,4,4,748)
w(117,6,4,748)
r(128,5,4,748)
r(131,4,4,748)
w(130,6,4,748)
r(131,4,4,748)
r(128,5,4,748)
r(131,4,4,748)
r(131,4,8,753)
r(111,5,8,753)
w(130,8,8,753)
r(131,4,8,753)
r(134,0,3,755)
r(134,0,3,755)
w(135,1,3,755)
w(135,2,3,755)
r(135,2,6,759)
r(135,2,6,759)
r(111,5,6,759)
r(132,0,6,759)
r(134,0,6,759)
w(134,3,6,759)
w(135,8,6,763)
r(136,0,6,763)
r(132,0,6,763)
r(136,0,6,763)
r(136,0,6,763)
r(136,0,6,763)
r(132,0,6,763)
w(133,4,5,770)
r(111,5,5,770)
r(136,0,5,770)
w(134,6,5,770)
r(136,0,5,770)
r(134,6,5,770)
w(136,2,5,770)
w(136,6,8,775)
w(137,1,8,775)
r(137,1,8,775)
w(137,2,8,775)
w(136,7,8,775)
w(136,8,8,775)
r(138,0,1,778)
w(138,1,1,778)
r(138,1,1,778)
r(138,1,1,778)
w(138,2,1,778)
r(137,2,2,781)
r(137,2,2,781)
r(132,0,2,781)
w(138,4,2,781)
r(137,2,3,783)
w(133,5,3,783)
r(137,2,3,783)
r(133,5,3,783)
r(137,2,3,783)
w(137,5,3,783)
r(132,0,3,783)
w(132,6,8,786)
r(138,4,8,786)
w(138,5,8,786)
r(138,5,8,786)
r(137,5,8,786)
r(138,5,3,788)
r(138,5,3,788)
r(132,6,3,788)
r(138,5,3,788)
w(137,6,3,788)
w(133,6,1,791)
r(137,5,1,791)
r(132,6,1,791)
w(138,6,1,791)
w(138,7,1,791)
r(140,0,6,793)
w(140,1,6,793)
w(140,2,6,793)
w(132,7,6,793)
r(137,6,6,793)
w(140,3,6,793)
r(137,6,6,793)
r(132,7,6,793)
w(140,5,5,799)
w(132,8,5,799)
w(140,6,5,799)
r(140,6,5,799)
r(140,6,5,799)
r(132,8,5,799)
r(141,0,4,805)
r(132,8,4,805)
w(140,8,4,805)
r(141,0,4,805)
w(142,1,4,805)
w(141,2,4,805)
w(142,2,4,805)
r(142,2,4,805)
w(143,4,9,815)
w(144,1,9,815)
r(133,6,9,815)
w(141,8,9,815)
w(143,6,8,818)
r(143,6,8,818)
r(139,0,8,818)
w(143,7,8,818)
r(143,7,8,818)
w(145,2,6,822)
r(147,0,6,822)
w(147,1,6,822)
r(146,0,6,822)
w(147,4,9,828)
r(147,4,9,828)
r(147,4,9,828)
r(144,1,9,828)
w(145,4,9,828)
w(144,4,9,828)
w(147,6,6,834)
r(147,6,6,834)
w(147,7,6,834)
w(147,8,6,834)
w(144,5,6,834)
w(144,6,6,834)
w(145,5,7,835)
r(147,4,7,835)
w(145,6,7,835)
w(145,7,7,835)
r(148,0,0,837)
w(148,1,0,837)
r(146,0,0,837)
w(148,2,0,837)
r(145,4,0,837)
r(145,4,0,837)
r(148,2,3,841)
w(148,5,3,841)
w(148,6,3,841)
r(148,6,3,841)
w(146,4,3,841)
w(149,1,3,841)
r(149,1,6,845)
r(144,6,6,845)
r(139,0,6,845)
r(150,0,6,845)
r(146,4,6,845)
w(149,3,6,845)
r(150,0,6,845)
r(149,3,6,845)
r(144,6,0,850)
r(149,3,0,850)
r(149,3,0,850)
r(146,4,0,850)
w(150,8,0,850)
r(150,0,5,851)
r(144,6,5,851)
w(139,2,5,851)
w(151,1,5,851)
r(151,1,5,851)
r(151,1,5,851)
w(151,2,1,854)
w(149,6,1,854)
w(151,3,1,854)
r(149,6,1,854)
r(149,6,1,854)
r(152,0,1,854)
w(149,7,1,854)
w(146,7,6,861)
r(151,3,6,861)
w(151,5,6,861)
r(152,0,6,861)
r(151,5,2,865)
w(153,6,2,865)
r(151,5,2,865)
r(152,0,2,865)
r(153,6,8,868)
w(146,8,8,868)
r(152,0,8,868)
w(151,8,8,868)
r(151,8,8,868)
r(154,0,8,872)
w(154,2,8,872)
w(154,3,8,872)
w(154,4,8,872)
w(154,6,6,876)
r(154,6,6,876)
w(154,7,6,876)
r(153,6,6,876)
r(153,6,6,876)
r(152,0,6,876)
r(155,0,0,879)
r(155,0,0,879)
r(154,7,0,879)
w(155,1,0,879)
r(156,0,0,890)
w(152,4,0,890)
r(156,0,0,890)
r(157,0,0,890)
w(152,5,0,890)
r(139,2,0,890)
w(155,2,0,890)
r(157,0,0,890)
w(157,6,0,894)
r(155,2,0,894)
w(157,7,0,894)
r(152,5,0,894)
r(157,7,0,894)
r(146,8,0,894)
r(139,2,0,894)
w(157,8,0,894)
w(152,6,6,897)
w(155,5,6,897)
w(158,1,6,897)
w(139,3,6,897)
r(158,1,6,897)
w(158,2,6,897)
w(155,6,6,897)
w(155,8,9,901)
r(155,8,9,901)
r(139,3,9,901)
r(159,0,9,901)
r(159,0,1,905)
w(159,2,1,905)
r(158,2,1,905)
w(158,5,1,905)
w(159,3,1,905)
w(158,6,1,905)
r(158,6,1,905)
r(158,6,1,905)
w(159,4,7,908)
w(161,1,7,908)
w(161,2,7,908)
r(162,0,7,908)
w(160,1,7,908)
r(162,0,7,908)
r(161,2,9,912)
w(162,4,9,912)
w(159,7,9,912)
r(162,4,9,912)
w(159,8,9,912)
w(162,7,1,916)
w(163,1,1,916)
w(162,8,1,916)
w(160,2,1,916)
r(160,2,1,916)
r(162,4,9,918)
r(161,2,9,918)
r(163,0,9,918)
r(164,0,9,918)
w(164,1,9,918)
w(164,2,9,918)
w(160,3,1,922)
r(161,2,1,922)
w(164,7,1,922)
w(160,4,1,922)
w(163,2,1,922)
r(164,7,1,922)
w(163,5,0,929)
r(165,0,0,929)
r(160,4,0,929)
r(161,2,0,929)
w(163,6,0,929)
r(165,0,3,933)
w(165,3,3,933)
w(161,3,3,933)
w(163,8,3,933)
r(165,3,3,933)
w(165,5,2,940)
w(165,6,2,940)
w(165,7,2,940)
r(165,7,2,940)
r(165,7,2,940)
r(166,0,2,940)
r(165,7,2,940)
r(166,0,2,940)
w(160,8,4,941)
r(167,0,4,941)
r(167,0,4,941)
r(167,0,4,941)
r(167,0,5,946)
w(167,5,5,946)
r(166,0,5,946)
w(167,6,5,946)
r(167,6,0,952)
w(166,4,0,952)
w(166,5,0,952)
r(169,0,0,952)
w(169,1,0,952)
r(169,1,7,959)
r(169,1,7,959)
r(169,1,7,959)
r(169,1,7,959)
r(166,5,7,959)
w(168,3,7,959)
r(169,1,7,959)
w(169,6,7,959)
w(170,1,4,960)
r(168,0,4,960)
r(170,1,4,960)
r(168,0,4,960)
r(161,3,7,969)
w(171,7,7,969)
w(168,5,7,969)
w(170,5,7,969)
w(171,8,7,969)
w(170,6,7,969)
r(172,0,9,972)
r(173,0,9,972)
r(172,0,9,972)
r(139,3,9,972)
w(168,7,9,972)
w(173,2,9,972)
r(139,3,9,972)
r(172,0,9,972)
w(176,5,9,989)
r(177,0,9,989)
w(175,2,9,989)
w(176,6,9,989)
w(175,3,9,989)
w(177,3,9,989)
w(175,5,0,993)
r(174,0,0,993)
w(177,4,0,993)
w(177,5,0,993)
r(175,5,0,993)
w(174,2,1,995)
r(176,6,1,995)
w(178,1,1,995)
w(139,8,1,995)
w(174,3,1,995)
w(175,7,9,998)
w(175,8,9,998)
w(177,7,9,998)
r(177,7,9,998)
r(178,1,9,998)
w(178,6,4,1002)
w(178,7,4,1002)
w(178,8,4,1002)
r(180,0,4,1002)
r(178,8,4,1002)
r(175,8,0,1003)
r(178,1,0,1003)
w(180,1,0,1003)
w(180,2,0,1003)
r(181,0,0,1003)
w(180,3,6,1006)
w(181,1,6,1006)
w(181,2,6,1006)
r(181,2,6,1006)
w(181,3,6,1006)
w(181,5,8,1010)
r(181,5,8,1010)
r(180,3,8,1010)
w(180,4,8,1010)
r(182,0,9,1014)
r(182,0,9,1014)
r(183,0,9,1014)
w(183,1,9,1014)
r(179,0,7,1015)
w(182,1,7,1015)
w(182,2,7,1015)
r(182,2,7,1015)
w(180,5,7,1015)
r(174,3,7,1015)
w(182,3,7,1015)
w(182,4,7,1015)
w(180,6,3,1018)
r(182,4,3,1018)
w(174,6,3,1018)
w(179,1,3,1018)
r(182,4,3,1018)
r(180,6,3,1018)
r(180,6,3,1023)
r(182,4,3,1023)
r(182,4,3,1023)
w(182,6,3,1023)
r(180,6,3,1023)
w(183,2,3,1023)
r(180,6,3,1023)
r(184,0,2,1026)
r(184,0,2,1026)
r(183,1,2,1026)
r(183,1,2,1026)
w(185,2,2,1026)
w(185,3,2,1026)
w(184,1,6,1027)
r(174,6,6,1027)
r(185,0,6,1027)
r(174,6,6,1027)
r(185,0,6,1027)
r(183,2,6,1027)
r(184,1,6,1027)
r(185,0,6,1027)
r(184,1,0,1030)
w(184,2,0,1030)
r(185,3,0,1030)
r(183,2,0,1030)
r(184,2,2,1039)
r(184,2,2,1039)
r(186,0,2,1039)
r(186,0,2,1039)
w(185,4,7,1040)
w(174,7,7,1040)
w(184,4,7,1040)
w(185,5,7,1040)
w(174,8,7,1040)
r(185,5,7,1040)
r(185,5,7,1040)
w(184,5,7,1040)
w(179,3,0,1041)
r(179,3,0,1041)
r(186,0,0,1041)
r(184,2,0,1041)
w(186,3,0,1041)
r(186,3,1,1045)
r(187,0,1,1045)
w(187,1,1,1045)
w(186,4,1,1045)
w(186,5,1,1045)
r(186,5,1,1045)
w(188,1,1,1045)
w(186,8,6,1049)
r(186,8,6,1049)
r(183,2,6,1049)
r(189,0,6,1049)
w(189,1,7,1053)
w(187,5,7,1053)
w(183,5,7,1053)
w(189,2,7,1053)
r(187,5,7,1053)
r(189,2,7,1053)
w(179,4,7,1056)
r(189,2,7,1056)
w(189,3,7,1056)
w(189,4,7,1056)
r(183,5,7,1056)
r(188,1,6,1058)
r(183,5,6,1058)
w(187,6,6,1058)
r(189,4,6,1058)
w(189,5,6,1058)
w(188,2,6,1058)
r(189,5,6,1058)
w(183,8,0,1063)
w(189,7,0,1063)
w(187,8,0,1063)
w(189,8,0,1063)
r(190,0,0,1063)
r(187,8,0,1063)
r(191,0,0,1063)
r(191,0,7,1065)
w(192,1,7,1065)
r(191,0,7,1065)
r(192,1,7,1065)
r(192,1,7,1065)
w(191,1,8,1068)
r(188,2,8,1068)
w(191,2,8,1068)
w(191,3,8,1068)
w(191,4,8,1068)
w(191,5,8,1068)
r(191,5,8,1068)
r(190,0,8,1068)
w(190,1,3,1071)
r(191,5,3,1071)
r(191,5,3,1071)
r(191,5,3,1071)
w(191,7,3,1071)
w(190,2,3,1071)
w(191,8,3,1071)
w(192,4,1,1074)
w(193,1,1,1074)
r(193,1,1,1074)
r(192,4,1,1074)
r(192,4,1,1074)
r(193,1,1,1074)
w(193,6,0,1079)
r(179,4,0,1079)
w(192,7,0,1079)
r(193,6,0,1079)
r(192,7,0,1079)
w(193,7,0,1079)
r(193,7,0,1082)
r(194,0,0,1082)
r(192,7,0,1082)
r(188,2,0,1082)
r(194,0,0,1082)
r(194,0,0,1082)
r(195,0,0,1082)
r(194,0,0,1082)
w(188,5,6,1083)
r(193,7,6,1083)
w(188,6,6,1083)
r(193,7,6,1083)
w(193,8,6,1083)
r(193,8,6,1083)
w(192,8,6,1083)
w(190,4,6,1083)
w(195,1,6,1086)
r(195,1,6,1086)
w(194,1,6,1086)
r(195,1,6,1086)
r(194,1,6,1086)
r(179,4,6,1086)
w(194,4,3,1093)
r(195,1,3,1093)
w(179,7,3,1093)
r(195,1,3,1093)
w(179,8,3,1093)
w(195,4,3,1093)
w(194,5,3,1093)
w(196,2,6,1095)
w(196,3,6,1095)
w(196,4,6,1095)
w(195,5,6,1095)
w(196,6,7,1105)
w(195,6,7,1105)
r(190,4,7,1105)
w(195,7,7,1105)
w(196,7,7,1105)
r(196,7,7,1105)
r(188,6,7,1105)
r(198,0,4,1107)
w(198,3,4,1107)
r(188,6,4,1107)
r(198,3,4,1107)
r(198,3,4,1107)
w(198,4,3,1115)
w(199,1,3,1115)
w(197,1,3,1115)
w(198,5,3,1115)
w(199,2,3,1115)
w(198,6,3,1115)
r(190,4,3,1115)
w(198,7,3,1115)
w(199,6,8,1119)
r(201,0,8,1119)
r(202,0,8,1119)
w(200,6,8,1119)
w(200,7,8,1119)
r(200,7,8,1119)
r(200,7,8,1119)
r(199,6,3,1121)
r(202,0,3,1121)
r(199,6,3,1121)
r(200,7,3,1121)
r(200,7,3,1121)
r(200,7,3,1121)
r(200,7,3,1121)
w(200,8,3,1121)
w(197,3,0,1124)
r(200,8,0,1124)
w(199,7,0,1124)
w(202,3,0,1124)
r(201,0,2,1125)
r(202,0,2,1125)
r(203,0,2,1125)
r(199,6,2,1125)
w(203,1,8,1127)
r(199,7,8,1127)
r(203,1,8,1127)
w(203,2,8,1127)
r(203,2,9,1133)
r(203,2,9,1133)
w(203,3,9,1133)
w(203,4,9,1133)
r(199,7,9,1133)
w(199,8,9,1133)
w(201,1,9,1133)
r(201,1,3,1135)
r(204,0,3,1135)
w(204,1,3,1135)
r(205,0,3,1135)
r(204,1,8,1138)
r(205,0,8,1138)
r(204,1,8,1138)
r(205,0,8,1138)
r(204,1,8,1138)
w(205,1,8,1138)
r(204,1,9,1141)
w(204,3,9,1141)
r(204,3,9,1141)
r(201,1,9,1141)
r(201,1,9,1141)
r(205,1,9,1141)
w(205,3,9,1141)
r(205,3,3,1145)
w(204,4,3,1145)
r(205,3,3,1145)
w(204,5,3,1145)
w(205,4,4,1148)
r(202,3,4,1148)
r(201,1,4,1148)
w(205,5,4,1148)
r(204,5,1,1151)
r(206,0,1,1151)
r(206,0,1,1151)
w(206,1,1,1151)
r(206,1,1,1151)
r(206,1,6,1153)
r(204,5,6,1153)
r(206,1,6,1153)
r(204,5,6,1153)
r(204,5,6,1153)
r(204,5,6,1153)
r(202,3,6,1153)
w(206,2,9,1158)
w(201,4,9,1158)
w(206,3,9,1158)
r(206,3,9,1158)
r(206,3,9,1158)
r(207,0,8,1163)
w(208,1,8,1163)
r(202,3,8,1163)
r(201,4,8,1163)
r(204,5,6,1164)
w(206,8,6,1164)
w(204,7,6,1164)
w(204,8,6,1164)
r(206,8,6,1164)
w(202,5,0,1166)
r(202,5,0,1166)
w(207,1,0,1166)
w(207,2,0,1166)
w(202,6,3,1168)
r(208,1,3,1168)
w(208,2,3,1168)
r(202,6,3,1168)
r(197,3,3,1168)
w(208,3,3,1168)
r(207,2,3,1168)
r(207,2,6,1173)
r(207,2,6,1173)
r(208,3,6,1173)
r(207,2,6,1173)
r(207,2,6,1173)
r(207,2,0,1174)
r(207,2,0,1174)
w(207,4,0,1174)
w(207,5,0,1174)
w(208,5,0,1174)
w(202,7,0,1174)
r(197,3,9,1177)
r(207,5,9,1177)
r(208,5,9,1177)
w(197,5,9,1177)
r(207,5,9,1177)
r(207,5,9,1177)
w(208,6,9,1177)
r(207,5,3,1180)
r(208,6,3,1180)
w(207,8,3,1180)
r(207,8,3,1180)
r(210,0,3,1180)
r(209,0,3,1180)
r(208,6,7,1182)
r(207,5,7,1182)
w(208,7,7,1182)
w(208,8,7,1182)
r(207,5,7,1182)
w(202,8,7,1182)
r(201,4,7,1182)
r(209,0,0,1184)
r(211,0,0,1184)
w(211,1,0,1184)
w(209,1,0,1184)
r(211,1,0,1184)
r(211,1,8,1191)
w(209,5,8,1191)
w(209,6,8,1191)
r(211,1,8,1191)
r(211,1,8,1191)
w(210,2,8,1198)
w(209,8,8,1198)
r(212,0,8,1198)
w(212,1,8,1198)
w(210,3,8,1198)
w(212,2,8,1198)
r(213,0,0,1203)
w(213,1,0,1203)
r(212,0,0,1203)
r(201,4,0,1203)
r(213,1,0,1203)
r(212,0,0,1203)
r(212,0,0,1203)
r(212,0,0,1203)
r(213,1,5,1209)
w(214,3,5,1209)
w(213,5,5,1209)
w(214,4,5,1209)
w(213,6,5,1209)
w(214,6,1,1213)
r(213,6,1,1213)
r(214,6,1,1213)
w(197,6,1,1213)
r(201,4,1,1213)
w(214,7,1,1213)
r(214,7,1,1213)
r(215,0,7,1217)
w(215,1,7,1217)
r(215,1,7,1217)
w(213,8,7,1217)
r(213,8,7,1217)
r(213,8,7,1217)
w(210,5,7,1217)
r(213,8,7,1217)
w(215,7,1,1224)
w(216,5,1,1224)
w(215,8,1,1224)
w(218,1,1,1224)
r(218,1,1,1224)
w(197,7,8,1226)
w(218,2,8,1226)
r(216,5,8,1226)
w(218,3,8,1226)
w(218,4,8,1226)
w(217,1,2,1230)
w(218,7,2,1230)
r(218,7,2,1230)
r(218,7,2,1230)
r(218,7,2,1230)
r(218,7,2,1230)
w(218,8,2,1230)
r(218,8,2,1230)
w(219,1,9,1231)
r(217,1,9,1231)
w(219,2,9,1231)
w(219,3,9,1231)
r(219,3,4,1234)
r(210,5,4,1234)
r(219,3,4,1234)
w(219,4,4,1234)
w(197,8,4,1234)
w(217,2,4,1234)
r(216,5,4,1238)
w(216,7,4,1238)
w(219,7,4,1238)
r(217,2,4,1238)
r(210,5,5,1241)
r(217,2,5,1241)
r(219,4,5,1241)
r(219,4,5,1241)
r(219,4,5,1241)
w(210,8,5,1241)
r(216,7,2,1242)
r(219,7,2,1242)
r(210,5,2,1242)
r(219,7,2,1242)
w(216,8,7,1244)
w(219,8,7,1244)
r(216,8,7,1244)
r(220,0,7,1244)
r(221,0,7,1244)
w(220,1,5,1245)
w(221,1,5,1245)
r(221,1,5,1245)
r(221,1,5,1245)
w(217,3,5,1245)
w(221,2,1,1250)
w(221,3,1,1250)
w(221,4,1,1250)
w(221,5,1,1250)
w(217,5,0,1258)
w(223,1,0,1258)
r(220,1,0,1258)
r(220,1,0,1258)
r(222,0,0,1258)
r(222,0,0,1258)
w(223,2,0,1258)
r(223,2,0,1258)
r(224,0,9,1264)
r(220,1,9,1264)
w(224,2,9,1264)
r(224,2,9,1264)
r(224,2,9,1264)
w(224,3,9,1264)
w(224,4,9,1264)
r(224,4,9,1267)
w(225,3,9,1267)
w(224,7,9,1267)
r(224,7,9,1267)
w(224,8,9,1267)
w(225,4,9,1273)
r(222,0,9,1273)
w(225,5,9,1273)
w(225,6,9,1273)
w(225,7,9,1273)
w(226,1,9,1273)
w(225,8,9,1273)
w(222,1,9,1273)
w(227,3,4,1275)
r(226,1,4,1275)
w(226,5,4,1275)
r(226,5,4,1275)
w(227,4,5,1279)
w(226,6,5,1279)
r(226,6,5,1279)
w(226,7,5,1279)
r(227,3,4,1280)
r(217,5,4,1280)
r(226,5,4,1280)
r(226,5,4,1280)
r(227,3,4,1280)
r(227,3,4,1280)
r(227,3,4,1280)
r(228,0,7,1285)
r(228,0,7,1285)
w(228,1,7,1285)
r(228,1,7,1285)
r(228,1,6,1289)
r(228,1,6,1289)
r(228,1,6,1289)
w(227,5,6,1289)
r(222,1,6,1289)
r(227,4,5,1295)
w(222,5,5,1295)
w(222,6,5,1295)
w(228,2,5,1295)
w(217,6,5,1295)
w(228,8,6,1297)
r(228,8,6,1297)
r(228,8,6,1297)
r(228,8,6,1297)
r(228,8,4,1300)
r(228,8,4,1300)
r(230,0,4,1300)
w(231,1,4,1300)
r(229,0,4,1300)
r(222,6,4,1300)
w(230,1,4,1300)
w(231,2,4,1300)
w(230,2,6,1303)
w(222,8,6,1303)
r(222,8,6,1303)
r(230,2,6,1303)
w(231,5,6,1303)
w(231,6,1,1305)
w(232,1,1,1305)
r(231,6,1,1305)
r(233,0,1,1305)
w(233,1,1,1305)
w(230,3,1,1305)
r(229,0,1,1305)
w(231,7,6,1309)
w(230,4,6,1309)
w(231,8,6,1309)
w(230,5,6,1309)
r(232,1,6,1309)
w(234,1,6,1309)
w(234,2,6,1309)
w(230,8,6,1312)
w(232,2,6,1312)
r(234,2,6,1312)
w(234,4,6,1312)
r(234,4,6,1312)
r(229,0,7,1315)
r(233,1,7,1315)
r(230,8,7,1315)
r(233,1,7,1315)
r(230,8,7,1315)
w(233,2,7,1315)
w(234,7,2,1317)
r(234,7,2,1317)
w(234,8,2,1317)
r(233,2,2,1317)
r(234,8,1,1320)
w(233,3,1,1320)
r(236,0,1,1320)
w(235,1,1,1320)
w(232,3,1,1320)
r(229,0,1,1320)
r(233,3,1,1320)
r(233,3,6,1325)
r(233,3,6,1325)
r(233,3,6,1325)
r(235,1,6,1325)
w(236,3,6,1325)
w(236,4,6,1325)
r(236,4,6,1325)
r(233,3,5,1328)
w(236,8,5,1328)
r(233,3,5,1328)
r(235,1,5,1328)
w(232,5,5,1328)
r(232,5,5,1328)
w(233,5,8,1329)
r(233,5,8,1329)
r(236,4,8,1329)
r(236,4,8,1329)
r(235,1,8,1329)
r(236,8,5,1333)
r(236,8,5,1333)
r(233,5,5,1333)
r(233,5,5,1333)
w(237,1,5,1333)
w(237,2,5,1333)
w(237,3,5,1333)
r(233,5,6,1338)
r(237,3,6,1338)
r(232,5,6,1338)
w(235,4,6,1338)
w(232,6,6,1338)
r(235,4,6,1338)
r(235,4,1,1344)
w(235,6,1,1344)
r(233,5,1,1344)
r(235,6,1,1344)
w(235,8,8,1352)
r(233,5,8,1352)
w(239,3,8,1352)
w(239,4,8,1352)
r(239,4,8,1352)
w(232,8,8,1352)
w(240,1,8,1352)
w(239,5,8,1352)
r(242,0,0,1355)
w(240,2,0,1355)
r(242,0,0,1355)
r(240,2,0,1355)
r(233,5,0,1355)
r(233,5,0,1355)
w(240,3,0,1355)
r(229,0,8,1359)
w(242,1,8,1359)
r(242,1,8,1359)
w(242,2,8,1359)
r(242,2,8,1359)
r(242,2,8,1359)
w(242,3,8,1359)
r(241,0,2,1363)
r(242,3,2,1363)
r(242,3,2,1363)
w(242,5,2,1363)
r(242,5,2,1363)
w(243,3,2,1363)
w(242,7,5,1366)
r(242,7,5,1366)
r(242,7,5,1366)
w(241,1,5,1366)
r(242,7,5,1366)
w(240,4,5,1366)
r(241,1,5,1366)
r(242,7,0,1371)
r(241,1,0,1371)
w(242,8,0,1371)
r(242,8,0,1371)
w(240,6,1,1373)
r(240,6,1,1373)
w(244,3,1,1373)
r(244,3,1,1373)
r(240,6,1,1373)
w(243,5,5,1378)
w(240,7,5,1378)
w(241,4,5,1378)
w(240,8,5,1378)
r(244,3,5,1378)
r(243,5,4,1384)
r(244,3,4,1384)
w(245,2,4,1384)
w(246,1,4,1384)
w(245,3,4,1384)
w(246,2,4,1384)
r(246,2,4,1384)
r(246,2,4,1384)
r(246,2,5,1389)
r(247,0,5,1389)
w(246,5,5,1389)
r(246,5,5,1389)
r(241,4,9,1394)
r(246,5,9,1394)
r(249,0,9,1394)
r(247,0,9,1394)
w(246,7,0,1396)
r(245,3,0,1396)
w(245,7,0,1396)
r(246,7,0,1396)
r(241,4,0,1396)
w(246,8,0,1396)
r(246,8,0,1396)
w(245,8,0,1396)
w(249,1,6,1399)
r(247,0,6,1399)
r(249,1,6,1399)
w(249,2,6,1399)
r(249,2,6,1399)
w(248,1,1,1403)
w(248,2,1,1403)
r(248,2,1,1403)
w(247,1,1,1403)
w(248,3,1,1403)
w(248,5,5,1407)
w(249,8,5,1407)
r(248,5,5,1407)
r(250,0,5,1407)
w(250,1,5,1407)
r(247,1,5,1407)
r(229,0,5,1407)
w(247,2,7,1409)
w(241,5,7,1409)
r(250,0,7,1409)
r(229,0,7,1409)
r(247,2,7,1409)
r(248,3,7,1409)
w(241,6,7,1409)
w(250,4,5,1413)
r(248,5,5,1413)
w(250,5,5,1413)
w(250,6,5,1413)
r(247,2,5,1413)
w(250,7,5,1413)
r(250,1,9,1414)
w(241,8,9,1414)
r(252,0,9,1414)
r(229,0,9,1414)
r(252,0,9,1414)
w(252,1,9,1414)
w(252,2,8,1418)
r(251,0,8,1418)
r(252,2,8,1418)
w(251,1,8,1418)
r(251,1,8,1418)
r(252,2,8,1418)
w(247,7,3,1422)
r(252,2,3,1422)
w(253,1,3,1422)
w(252,5,3,1422)
r(251,1,3,1422)
w(251,4,3,1422)
r(252,5,3,1422)
w(251,5,3,1422)
w(254,2,7,1434)
w(251,6,7,1434)
r(255,0,7,1434)
w(255,1,7,1434)
r(251,6,7,1434)
w(254,3,7,1434)
r(253,1,7,1434)
w(251,7,7,1434)
w(256,1,5,1435)
r(254,0,5,1435)
r(254,0,5,1435)
r(253,1,5,1435)
r(254,0,5,1435)
r(254,3,8,1442)
w(257,1,8,1442)
r(256,1,8,1442)
r(256,1,8,1442)
w(257,2,8,1442)
r(256,1,8,1442)
w(256,3,8,1442)
w(256,4,8,1442)
r(256,4,4,1448)
w(253,4,4,1448)
r(258,0,4,1448)
r(256,4,4,1448)
w(258,1,4,1448)
w(256,5,3,1450)
w(257,8,3,1450)
r(253,1,3,1450)
w(255,4,3,1450)
r(256,5,3,1450)
w(256,6,3,1450)
r(258,0,3,1450)
r(253,1,3,1450)
w(258,5,2,1456)
r(258,5,2,1456)
r(258,5,2,1456)
w(258,6,2,1456)
r(259,0,2,1456)
r(258,6,2,1456)
w(260,1,2,1456)
w(259,1,3,1457)
r(261,0,3,1457)
r(261,0,3,1457)
r(260,0,3,1457)
r(261,0,3,1457)
r(259,1,3,1457)
r(261,0,3,1457)
r(261,0,3,1457)
w(261,2,6,1460)
w(261,3,6,1460)
w(261,4,6,1460)
w(261,5,6,1460)
w(260,2,3,1467)
w(263,1,3,1467)
r(260,2,3,1467)
w(263,2,3,1467)
r(263,2,3,1467)
r(259,1,3,1467)
r(259,1,8,1469)
r(263,2,8,1469)
r(259,1,8,1469)
r(263,2,8,1469)
w(263,7,8,1469)
r(263,7,5,1471)
w(259,3,5,1471)
r(260,2,5,1471)
r(263,7,5,1471)
r(263,7,5,1471)
r(263,7,5,1471)
w(263,8,7,1475)
r(260,2,7,1475)
w(260,4,7,1475)
r(263,8,7,1475)
w(260,5,7,1475)
w(253,5,7,1475)
r(264,0,7,1475)
w(264,5,9,1480)
w(264,6,9,1480)
w(264,7,9,1480)
r(264,7,9,1480)
r(264,7,9,1480)
r(260,5,9,1480)
r(264,7,9,1480)
r(259,3,9,1480)
r(260,5,2,1486)
r(253,5,2,1486)
w(259,7,2,1486)
w(265,2,2,1486)
w(260,7,2,1486)
r(265,2,2,1486)
r(259,7,2,1486)
w(265,3,2,1486)
r(259,7,3,1488)
r(262,0,3,1488)
r(259,7,3,1488)
r(259,7,3,1488)
w(253,8,8,1490)
w(265,4,8,1490)
w(267,1,8,1490)
r(265,4,8,1490)
r(265,4,8,1490)
r(265,4,1,1495)
r(265,4,1,1495)
w(265,6,1,1495)
r(265,6,1,1495)
w(265,7,1,1495)
r(265,7,1,1495)
w(267,2,1,1495)
r(267,2,1,1495)
r(267,2,4,1498)
r(269,0,4,1498)
w(269,1,4,1498)
w(267,3,4,1498)
w(269,2,3,1499)
r(269,2,3,1499)
r(266,0,3,1499)
r(267,3,3,1499)
w(267,4,3,1499)
w(267,5,3,1499)
r(262,0,2,1502)
w(267,6,2,1502)
r(267,6,2,1502)
w(269,3,2,1502)
r(267,6,2,1502)
w(266,3,2,1502)
w(267,7,4,1505)
w(266,4,4,1505)
r(266,4,4,1505)
r(267,7,4,1505)
r(266,4,8,1509)
r(269,3,8,1509)
w(266,5,8,1509)
w(269,5,8,1509)
r(269,5,8,1509)
w(269,8,7,1512)
r(269,8,7,1512)
r(267,7,7,1512)
w(268,1,7,1512)
r(269,8,7,1512)
w(268,2,3,1515)
r(269,8,3,1515)
w(267,8,3,1515)
r(269,8,3,1515)
r(270,0,3,1515)
r(270,0,3,1515)
w(271,1,9,1517)
r(266,5,9,1517)
r(266,5,9,1517)
r(266,5,9,1517)
w(270,1,9,1517)
r(266,5,9,1517)
r(262,0,9,1524)
r(271,1,9,1524)
r(271,1,9,1524)
w(270,6,9,1524)
r(266,5,9,1524)
r(266,5,8,1530)
w(272,4,8,1530)
w(266,8,8,1530)
w(273,1,8,1530)
r(266,8,9,1539)
r(266,8,9,1539)
w(274,1,9,1539)
r(274,1,9,1539)
r(274,1,9,1539)
r(274,1,9,1539)
r(274,1,9,1539)
w(268,5,3,1542)
r(268,5,3,1542)
w(272,7,3,1542)
w(272,8,3,1542)
w(268,6,3,1542)
r(272,8,3,1542)
w(273,5,9,1546)
w(273,6,9,1546)
w(274,5,9,1546)
r(274,5,9,1546)
r(273,6,9,1546)
w(273,7,9,1546)
r(276,0,8,1553)
w(276,1,8,1553)
r(276,1,8,1553)
w(276,2,8,1553)
w(276,3,8,1553)
w(277,1,8,1553)
r(275,0,8,1553)
w(277,3,4,1555)
r(277,3,4,1555)
r(278,0,4,1555)
r(262,0,4,1555)
r(278,0,5,1559)
w(278,1,5,1559)
r(278,1,5,1559)
r(277,3,5,1559)
w(278,2,5,1559)
w(278,3,5,1559)
r(277,3,9,1563)
w(278,7,9,1563)
r(262,0,9,1563)
r(268,6,9,1563)
w(278,8,9,1563)
r(277,3,9,1563)
r(279,0,9,1563)
w(279,1,9,1563)
w(279,2,1,1565)
r(279,2,1,1565)
w(279,3,1,1565)
r(279,3,1,1565)
r(279,3,1,1565)
r(277,3,4,1569)
r(277,3,4,1569)
r(275,0,4,1569)
r(279,3,4,1569)
w(277,6,4,1569)
r(279,3,4,1569)
w(277,7,4,1569)
w(275,3,4,1569)
r(279,3,5,1574)
r(281,0,5,1574)
r(279,3,5,1574)
r(275,3,5,1574)
w(279,8,1,1577)
r(279,8,1,1577)
r(279,8,1,1577)
r(281,0,1,1577)
r(282,0,1,1577)
r(282,0,1,1577)
w(282,1,1,1577)
r(282,1,1,1577)
r(282,1,6,1581)
r(281,0,6,1581)
r(275,3,6,1581)
r(281,0,6,1581)
w(282,4,6,1581)
r(275,3,6,1581)
r(281,0,6,1581)
w(282,5,6,1581)
w(282,6,1,1584)
w(282,7,1,1584)
w(281,3,1,1584)
r(282,7,1,1584)
w(282,8,1,1584)
w(280,1,1,1584)
r(275,3,9,1586)
r(282,5,9,1586)
w(283,1,9,1586)
r(283,1,9,1586)
r(283,1,9,1586)
w(280,2,7,1590)
w(283,2,7,1590)
w(275,5,7,1590)
r(283,2,7,1590)
r(283,2,7,1590)
r(283,2,7,1590)
w(283,8,1,1593)
r(283,8,1,1593)
r(283,8,1,1593)
r(284,0,1,1593)
w(275,6,6,1601)
w(284,1,6,1601)
w(284,2,6,1601)
r(284,2,6,1601)
w(281,4,6,1601)
w(284,3,6,1601)
w(281,6,6,1604)
r(281,6,6,1604)
w(285,1,6,1604)
w(281,7,6,1604)
r(280,2,6,1604)
r(281,7,6,1604)
r(285,1,6,1604)
r(285,0,7,1605)
r(281,4,7,1605)
r(285,0,7,1605)
w(286,1,7,1605)
r(285,1,4,1608)
r(281,7,4,1608)
w(285,2,4,1608)
w(285,3,4,1608)
w(286,2,4,1608)
r(286,2,4,1608)
r(285,3,4,1608)
r(285,3,7,1611)
r(281,7,7,1611)
r(286,2,7,1611)
w(285,7,7,1611)
r(285,7,7,1611)
r(262,0,7,1611)
r(285,7,2,1616)
w(285,8,2,1616)
r(262,0,2,1616)
r(285,8,2,1616)
w(287,1,3,1617)
w(281,8,3,1617)
r(287,1,3,1617)
r(287,1,3,1617)
w(286,4,8,1622)
r(286,4,8,1622)
r(287,1,8,1622)
w(287,5,8,1622)
r(287,5,8,1622)
r(262,0,8,1622)
w(287,6,8,1622)
r(288,0,8,1622)
r(289,0,4,1623)
r(288,0,4,1623)
r(289,0,4,1623)
r(288,0,4,1623)
w(289,4,2,1629)
r(289,4,2,1629)
r(288,0,2,1629)
w(289,5,2,1629)
r(289,5,2,1629)
w(289,6,2,1629)
w(289,7,2,1629)
r(289,7,2,1629)
r(289,0,3,1632)
w(280,4,3,1632)
r(289,0,3,1632)
r(290,0,3,1632)
r(290,0,3,1632)
w(290,1,7,1634)
r(280,2,7,1634)
r(290,1,7,1634)
w(288,3,7,1634)
r(290,1,9,1638)
w(290,3,9,1638)
r(288,3,9,1638)
r(286,4,9,1638)
w(288,6,9,1638)
w(290,4,9,1645)
r(288,6,9,1645)
w(280,6,9,1645)
w(288,8,9,1645)
w(280,7,9,1645)
r(288,8,9,1645)
r(291,0,3,1648)
r(292,0,3,1648)
r(292,0,3,1648)
r(292,0,3,1648)
w(291,1,3,1648)
r(286,4,3,1648)
r(291,0,9,1649)
r(292,0,9,1649)
r(291,0,9,1649)
w(293,1,9,1649)
r(292,0,9,1649)
r(292,0,9,1649)
r(292,0,9,1649)
r(292,0,1,1652)
w(292,1,1,1652)
w(291,2,1,1652)
r(292,1,1,1652)
r(291,2,1,1652)
w(292,4,3,1656)
r(292,4,3,1656)
w(291,4,3,1656)
w(292,5,3,1656)
r(291,4,3,1656)
r(291,4,3,1656)
r(292,5,3,1660)
w(293,2,3,1660)
w(291,6,3,1660)
r(292,5,3,1660)
r(294,0,9,1663)
r(291,6,9,1663)
w(291,8,9,1663)
r(291,8,9,1663)
r(293,2,6,1667)
w(294,4,6,1667)
r(294,4,6,1667)
r(294,4,6,1667)
r(294,4,6,1667)
w(294,5,6,1667)
r(295,0,6,1667)
r(294,5,6,1667)
w(294,6,8,1672)
r(295,0,8,1672)
r(294,6,8,1672)
w(293,4,8,1672)
r(293,4,8,1672)
r(294,6,8,1672)
r(295,0,6,1676)
w(295,3,6,1676)
r(293,4,6,1676)
r(293,4,6,1676)
r(293,4,6,1676)
r(293,4,6,1676)
w(295,4,6,1676)
w(293,5,0,1679)
r(296,0,0,1679)
w(296,1,0,1679)
r(293,5,0,1679)
r(296,1,0,1679)
w(296,2,0,1679)
r(296,2,0,1679)
w(293,6,0,1679)
r(298,0,1,1683)
r(298,0,1,1683)
r(298,0,1,1683)
w(299,1,1,1683)
w(296,7,7,1686)
w(295,7,7,1686)
r(280,7,7,1686)
w(295,8,7,1686)
w(296,8,7,1686)
r(296,8,7,1686)
r(280,7,7,1686)
r(295,8,7,1686)
w(299,2,5,1688)
r(299,2,5,1688)
r(299,2,5,1688)
r(298,0,5,1688)
w(298,1,5,1688)
r(298,1,5,1688)
w(299,4,3,1692)
r(298,1,3,1692)
r(299,4,3,1692)
w(297,3,3,1692)
w(298,3,7,1693)
r(298,3,7,1693)
r(299,2,7,1693)
r(298,3,7,1693)
r(298,3,7,1693)
w(298,4,7,1693)
r(298,4,7,1693)
r(299,2,7,1693)
w(299,7,0,1698)
r(298,4,0,1698)
r(299,7,0,1698)
r(298,4,0,1698)
r(299,7,0,1698)
w(298,8,0,1698)
r(298,4,3,1700)
w(301,1,3,1700)
w(262,6,3,1700)
w(301,2,3,1700)
r(299,4,3,1700)
r(299,7,4,1701)
w(300,2,4,1701)
w(297,4,4,1701)
r(301,0,4,1701)
r(297,4,4,1701)
r(299,7,4,1701)
w(301,3,7,1706)
w(299,8,7,1706)
w(301,4,7,1706)
r(297,4,7,1706)
r(297,4,7,1706)
r(297,4,7,1706)
r(301,4,7,1706)
r(302,0,5,1711)
r(302,0,5,1711)
w(302,1,5,1711)
w(302,2,5,1711)
r(299,8,5,1711)
r(299,8,5,1711)
r(302,2,5,1711)
r(302,2,5,1711)
r(302,0,3,1713)
w(297,6,3,1713)
r(303,0,3,1713)
r(303,0,3,1713)
r(302,0,3,1713)
w(303,1,5,1715)
r(302,2,5,1715)
r(303,1,5,1715)
r(297,6,5,1715)
r(303,1,8,1717)
r(297,6,8,1717)
r(302,2,8,1717)
r(302,2,8,1717)
r(303,1,8,1717)
w(303,2,8,1717)
w(302,5,8,1717)
w(302,8,5,1722)
r(302,8,5,1722)
r(303,2,5,1722)
r(302,8,5,1722)
w(297,7,5,1722)
r(303,2,5,1722)
r(303,2,2,1726)
r(303,2,2,1726)
r(262,6,2,1726)
w(303,5,2,1726)
r(297,7,2,1726)
w(304,6,2,1726)
w(304,8,2,1730)
r(303,5,2,1730)
r(305,0,2,1730)
r(305,0,2,1730)
w(305,1,2,1730)
r(297,7,1,1731)
r(303,5,1,1731)
r(297,7,1,1731)
w(303,7,1,1731)
r(303,7,2,1733)
r(305,1,2,1733)
r(305,1,2,1733)
r(303,7,2,1733)
w(305,2,2,1733)
r(303,7,2,1733)
r(303,7,0,1737)
w(305,3,0,1737)
r(305,3,0,1737)
r(305,3,0,1737)
w(305,4,0,1737)
r(305,4,0,1737)
w(305,5,0,1737)
w(305,6,0,1737)
r(305,6,1,1743)
w(307,4,1,1743)
w(300,4,1,1743)
r(305,6,1,1743)
w(306,2,1,1743)
w(307,5,1,1743)
w(307,6,1,1743)
w(308,2,3,1747)
r(307,0,3,1747)
r(308,2,3,1747)
r(307,0,3,1747)
r(308,2,3,1747)
w(308,3,3,1747)
w(308,7,7,1755)
w(306,4,7,1755)
w(309,1,7,1755)
r(309,1,7,1755)
w(306,5,7,1755)
r(306,5,9,1762)
r(309,1,9,1762)
w(309,3,9,1762)
w(310,6,9,1762)
w(309,4,9,1762)
w(310,7,9,1762)
w(310,8,9,1762)
r(310,8,9,1762)
r(311,0,1,1767)
r(300,4,1,1767)
w(311,8,1,1767)
w(262,8,1,1767)
r(312,0,1,1767)
r(313,0,1,1767)
r(306,5,6,1769)
r(313,0,6,1769)
r(313,0,6,1769)
r(312,0,6,1769)
w(312,4,6,1769)
w(313,1,3,1774)
r(306,5,3,1774)
w(313,2,3,1774)
r(313,2,3,1774)
w(313,3,3,1774)
w(313,4,3,1774)
w(314,1,3,1774)
r(313,4,3,1774)
w(312,8,0,1782)
w(315,4,0,1782)
w(316,1,0,1782)
r(317,0,0,1782)
r(315,4,0,1782)
w(316,2,0,1782)
w(319,2,4,1787)
r(318,0,4,1787)
r(318,0,4,1787)
r(318,0,4,1787)
r(316,2,4,1787)
r(317,0,4,1787)
r(318,0,4,1787)
r(316,2,4,1787)
w(318,6,5,1791)
w(316,5,5,1791)
r(316,5,5,1791)
w(318,7,5,1791)
w(316,6,5,1791)
r(318,7,5,1791)
r(316,6,5,1791)
w(320,1,4,1795)
r(316,6,4,1795)
w(316,8,4,1795)
r(316,8,4,1795)
w(320,2,4,1795)
w(319,4,4,1795)
r(320,2,4,1795)
r(320,2,2,1798)
w(321,1,2,1798)
w(317,3,2,1798)
w(320,4,2,1798)
r(317,3,2,1798)
r(320,4,2,1798)
r(321,1,2,1798)
w(320,5,6,1799)
r(320,5,6,1799)
r(320,5,6,1799)
r(321,1,6,1799)
w(320,6,6,1799)
r(320,6,5,1803)
r(321,1,5,1803)
w(319,5,5,1803)
r(320,6,5,1803)
w(319,6,5,1803)
w(321,2,5,1803)
r(320,6,5,1803)
w(320,7,5,1803)
r(322,0,9,1806)
w(317,4,9,1806)
w(322,2,9,1806)
w(322,3,9,1806)
w(317,5,9,1806)
w(317,6,9,1806)
r(317,6,1,1815)
w(323,3,1,1815)
r(323,3,1,1815)
w(321,6,1,1815)
r(323,3,1,1815)
r(317,6,1,1815)
r(321,6,1,1815)
w(323,5,2,1819)
w(321,7,2,1819)
w(323,6,2,1819)
r(323,6,2,1819)
r(324,0,2,1819)
w(314,2,2,1819)
w(321,8,2,1819)
r(323,6,2,1819)
w(327,1,8,1829)
w(327,2,8,1829)
w(327,3,8,1829)
r(327,3,8,1829)
r(325,0,8,1829)
w(324,1,8,1829)
r(327,3,8,1829)
w(325,4,8,1829)
w(328,4,6,1833)
r(328,4,6,1833)
r(328,4,6,1833)
w(314,3,6,1833)
w(328,5,6,1833)
r(328,5,6,1833)
r(329,0,6,1833)
r(329,0,6,1833)
r(328,5,9,1837)
w(324,2,9,1837)
w(328,6,9,1837)
w(328,7,9,1837)
r(328,7,9,1837)
r(328,7,9,1837)
r(324,2,9,1837)
w(328,8,9,1837)
r(330,0,2,1840)
r(330,0,2,1840)
w(324,4,2,1840)
r(329,0,2,1840)
r(329,0,2,1848)
r(331,0,2,1848)
r(330,0,2,1848)
r(330,0,2,1848)
r(326,0,2,1848)
r(330,0,0,1851)
r(329,0,0,1851)
w(330,7,0,1851)
r(330,7,0,1851)
r(330,7,0,1851)
w(329,5,8,1852)
r(330,0,8,1852)
r(329,5,8,1852)
r(330,0,8,1852)
w(314,4,8,1852)
r(330,0,8,1852)
w(329,6,8,1852)
r(330,0,8,1852)
r(324,4,5,1853)
w(330,8,5,1853)
w(331,1,5,1853)
r(330,8,5,1853)
r(332,0,5,1853)
r(332,0,5,1853)
r(332,0,8,1855)
r(332,0,8,1855)
w(331,2,8,1855)
r(332,0,8,1855)
w(332,1,8,1855)
r(331,2,8,1858)
r(332,1,8,1858)
r(332,1,8,1858)
r(332,1,8,1858)
w(332,2,8,1858)
w(326,3,8,1858)
w(331,4,5,1867)
r(332,2,5,1867)
w(332,4,5,1867)
w(331,5,5,1867)
w(331,6,5,1867)
r(331,6,5,1867)
r(324,4,4,1872)
r(324,4,4,1872)
r(333,0,4,1872)
w(333,1,4,1872)
w(333,2,4,1872)
w(333,3,4,1872)
r(326,3,4,1872)
w(333,8,5,1876)
w(326,5,5,1876)
w(334,3,5,1876)
r(333,8,5,1876)
r(333,8,9,1880)
r(333,8,9,1880)
r(324,4,9,1880)
w(335,1,9,1880)
r(335,1,9,1880)
w(324,8,9,1880)
w(314,6,9,1880)
w(335,5,0,1887)
r(335,5,0,1887)
r(335,5,0,1887)
r(326,5,0,1887)
w(335,6,0,1887)
w(335,7,0,1887)
r(335,7,0,1887)
r(337,0,7,1890)
w(337,2,7,1890)
r(337,2,7,1890)
r(337,2,7,1890)
r(336,0,0,1895)
r(326,5,0,1895)
w(334,8,0,1895)
r(337,2,0,1895)
w(337,3,0,1895)
w(338,1,5,1897)
r(337,2,5,1897)
w(338,2,5,1897)
r(337,2,5,1897)
r(338,2,3,1900)
r(337,3,3,1900)
w(337,5,3,1900)
w(337,6,3,1900)
r(337,6,3,1900)
w(337,7,3,1900)
r(338,2,3,1900)
r(338,2,9,1905)
w(339,1,9,1905)
r(338,2,9,1905)
r(336,0,9,1905)
w(339,2,9,1905)
w(336,4,9,1905)
w(336,5,9,1905)
w(339,5,2,1909)
w(339,6,2,1909)
r(338,2,2,1909)
r(338,2,2,1909)
r(340,0,6,1913)
r(338,2,6,1913)
r(326,5,6,1913)
r(338,2,6,1913)
r(326,5,6,1913)
r(340,0,6,1913)
r(336,5,6,1913)
w(338,4,6,1913)
w(339,7,1,1915)
r(326,5,1,1915)
w(339,8,1,1915)
w(340,1,1,1915)
r(340,1,1,1915)
r(314,6,9,1921)
r(340,1,9,1921)
r(338,4,9,1921)
w(340,3,9,1921)
r(340,3,9,1921)
r(336,5,9,1921)
w(336,7,4,1923)
r(326,5,4,1923)
r(340,1,4,1923)
r(340,1,4,1923)
w(314,8,4,1923)
w(340,6,6,1925)
r(314,8,6,1925)
w(338,8,6,1925)
r(338,8,6,1925)
r(340,6,6,1925)
r(342,0,6,1927)
w(340,7,6,1927)
r(336,7,6,1927)
w(340,8,6,1927)
r(340,8,6,1927)
r(341,0,6,1927)
w(341,1,1,1930)
w(342,1,1,1930)
r(343,0,1,1930)
w(336,8,1,1930)
r(343,0,5,1933)
r(336,7,5,1933)
r(343,0,5,1933)
r(343,0,5,1933)
w(343,1,5,1933)
r(343,1,5,1933)
r(343,1,5,1933)
w(344,3,3,1939)
r(343,1,3,1939)
r(343,1,3,1939)
w(342,3,3,1939)
w(343,4,3,1939)
r(342,3,6,1943)
r(345,0,6,1943)
w(345,2,6,1943)
r(345,2,6,1943)
r(345,0,3,1944)
r(345,0,3,1944)
w(342,8,3,1944)
r(342,8,3,1944)
w(346,3,8,1956)
r(347,0,8,1956)
w(346,4,8,1956)
w(347,1,8,1956)
w(347,2,8,1956)
w(347,3,8,1956)
r(344,3,8,1956)
r(347,3,8,1956)
r(347,3,7,1961)
r(346,4,7,1961)
r(347,3,7,1961)
r(346,4,7,1961)
w(349,1,7,1961)
r(346,4,7,1961)
r(350,0,7,1961)
w(350,1,7,1961)
w(347,8,3,1962)
r(347,8,3,1962)
w(344,7,3,1962)
w(344,8,3,1962)
r(347,8,3,1962)
w(346,5,3,1962)
r(352,0,6,1968)
r(348,0,6,1968)
r(351,0,6,1968)
r(348,0,6,1968)
w(351,2,0,1973)
w(352,1,0,1973)
w(348,2,0,1973)
r(351,2,0,1973)
w(351,3,0,1973)
w(352,2,0,1973)
w(353,2,9,1977)
r(353,2,9,1977)
w(353,3,9,1977)
r(341,1,9,1977)
w(353,4,9,1977)
r(353,4,6,1981)
w(348,5,6,1981)
r(348,5,6,1981)
r(352,2,6,1981)
r(352,2,6,1981)
w(352,6,6,1984)
r(353,4,6,1984)
w(353,6,6,1984)
r(353,6,6,1984)
w(348,6,1,1990)
r(353,6,1,1990)
r(352,6,1,1990)
w(348,7,1,1990)
r(354,0,1,1990)
w(354,1,1,1990)
r(354,1,1,1990)
r(352,6,0,1993)
r(352,6,0,1993)
r(354,1,0,1993)
w(341,4,0,1993)
w(341,5,0,1993)
r(354,1,4,1998)
r(356,0,4,1998)
w(356,1,4,1998)
w(356,2,4,1998)
r(355,0,4,1998)
w(352,7,3,2002)
w(352,8,3,2002)
w(354,3,3,2002)
r(354,3,3,2002)
r(354,3,3,2002)
r(354,3,3,2002)
w(355,1,3,2002)
r(341,5,3,2002)
w(356,3,7,2004)
r(354,1,7,2004)
r(357,0,7,2004)
r(356,3,7,2004)
r(355,0,7,2004)
w(356,4,7,2004)
r(357,0,7,2004)
r(356,4,7,2004)
w(357,1,3,2008)
r(341,5,3,2008)
r(341,5,3,2008)
r(341,5,3,2008)
w(355,3,3,2008)
r(357,1,3,2008)
w(357,2,3,2008)
w(355,4,3,2008)
r(355,4,4,2012)
r(358,0,4,2012)
w(355,6,4,2012)
w(359,1,4,2012)
w(341,8,6,2013)
r(356,4,6,2013)
r(356,4,6,2013)
w(357,7,6,2013)
r(355,4,6,2013)
w(357,8,6,2013)
r(355,4,6,2013)
w(359,2,0,2019)
w(356,8,0,2019)
r(359,2,0,2019)
w(358,1,0,2019)
r(359,2,0,2019)
r(360,0,0,2023)
r(360,0,0,2023)
r(360,0,0,2023)
r(361,0,0,2023)
r(361,0,0,2023)
w(360,2,9,2026)
w(360,3,9,2026)
w(360,4,9,2026)
r(360,4,9,2026)
w(361,1,9,2026)
r(355,6,8,2027)
r(361,1,8,2027)
r(360,0,8,2027)
r(360,0,8,2027)
r(355,6,8,2027)
r(355,6,8,2027)
w(358,2,8,2027)
r(361,1,9,2034)
w(361,6,9,2034)
w(362,1,9,2034)
r(362,1,9,2034)
r(362,1,2,2037)
w(363,1,2,2037)
r(361,6,2,2037)
r(361,6,2,2037)
w(363,2,8,2040)
r(363,2,8,2040)
r(362,1,8,2040)
r(364,0,8,2040)
r(362,1,8,2040)
r(349,1,1,2041)
w(361,7,1,2041)
r(363,1,1,2041)
r(361,7,1,2041)
w(361,8,1,2041)
r(362,1,1,2041)
r(362,1,1,2041)
r(362,1,7,2045)
w(362,3,7,2045)
r(362,3,7,2045)
w(364,1,7,2045)
w(364,2,7,2045)
w(362,6,5,2051)
r(362,6,5,2051)
r(364,2,5,2051)
w(358,4,5,2051)
r(362,6,5,2051)
r(362,6,5,2051)
r(362,6,5,2051)
r(364,2,6,2058)
w(364,7,6,2058)
r(365,0,6,2058)
w(363,6,6,2058)
w(365,3,6,2058)
r(366,0,1,2062)
r(365,3,1,2062)
r(365,3,1,2062)
r(366,0,1,2062)
w(365,6,0,2064)
r(366,0,0,2064)
r(365,6,0,2064)
w(365,7,0,2064)
w(366,1,0,2064)
r(358,4,8,2069)
r(365,7,8,2069)
r(363,6,8,2069)
w(363,7,8,2069)
r(365,7,0,2070)
r(366,1,0,2070)
r(365,7,0,2070)
w(366,4,0,2070)
r(349,1,0,2070)
r(365,7,0,2070)
r(367,0,0,2070)
w(363,8,2,2071)
r(367,0,2,2071)
r(363,8,2,2071)
r(367,0,2,2071)
w(367,1,0,2075)
r(367,1,0,2075)
r(367,1,0,2075)
w(366,5,0,2075)
w(366,6,0,2075)
r(367,1,0,2075)
r(366,6,0,2075)
r(367,1,0,2075)
w(366,7,4,2078)
r(367,1,4,2078)
r(367,1,4,2078)
w(367,4,4,2078)
r(367,4,7,2082)
w(367,7,7,2082)
r(368,0,7,2082)
w(367,8,7,2082)
r(368,0,7,2082)
w(349,5,5,2086)
r(368,0,5,2086)
w(349,6,5,2086)
r(370,0,5,2086)
r(370,0,9,2089)
r(370,0,9,2089)
r(369,0,9,2089)
w(368,1,9,2089)
r(370,0,9,2089)
r(370,0,9,2089)
w(370,2,9,2089)
r(368,0,8,2091)
r(370,0,8,2091)
w(369,2,8,2091)
r(370,0,8,2091)
r(368,0,8,2091)
r(369,2,3,2093)
r(370,2,3,2093)
r(368,1,3,2093)
r(370,2,3,2093)
r(369,2,3,2093)
r(370,2,3,2093)
r(370,2,3,2093)
w(369,3,5,2099)
w(368,3,5,2099)
w(349,7,5,2099)
r(370,2,5,2099)
w(370,5,5,2099)
w(370,6,5,2099)
r(369,3,5,2099)
w(370,7,5,2099)
w(369,7,7,2110)
w(368,4,7,2110)
w(371,3,7,2110)
r(371,3,7,2110)
r(371,3,7,2110)
r(369,7,7,2110)
r(371,3,7,2110)
r(368,4,7,2110)
r(373,0,9,2112)
r(374,0,9,2112)
r(373,0,9,2112)
r(374,0,9,2112)
r(368,3,4,2115)
w(374,1,4,2115)
r(374,1,4,2115)
w(372,3,4,2115)
w(372,4,4,2115)
w(374,2,4,2115)
w(374,5,2,2122)
r(374,5,2,2122)
r(374,5,2,2122)
w(373,3,2,2122)
w(372,7,2,2122)
r(372,7,2,2122)
w(372,8,2,2122)
w(377,1,9,2128)
r(349,7,9,2128)
r(376,0,9,2128)
r(377,1,9,2128)
r(375,0,9,2128)
w(377,2,9,2128)
r(378,0,6,2134)
w(378,1,6,2134)
r(376,0,6,2134)
w(378,2,6,2134)
w(377,6,8,2136)
w(377,7,8,2136)
w(377,8,8,2136)
r(373,3,8,2136)
r(373,3,8,2136)
r(376,0,8,2136)
r(376,0,8,2136)
r(376,0,8,2136)
w(378,7,2,2138)
w(378,8,2,2138)
w(375,7,2,2138)
r(379,0,2,2138)
w(379,1,2,2138)
r(379,1,2,2138)
w(379,2,2,2138)
w(376,4,6,2143)
r(379,2,6,2143)
r(379,2,6,2143)
w(379,4,6,2143)
w(376,6,6,2150)
r(381,0,6,2150)
w(376,7,6,2150)
w(381,2,6,2150)
w(381,3,6,2150)
r(376,7,6,2150)
r(375,7,6,2155)
r(381,3,6,2155)
r(375,7,6,2155)
w(381,7,6,2155)
w(376,8,6,2155)
w(381,8,2,2163)
w(384,1,2,2163)
w(383,1,2,2163)
r(384,1,2,2163)
w(373,7,2,2163)
r(382,0,2,2163)
r(384,1,2,2163)
r(384,1,9,2166)
w(383,3,9,2166)
r(383,3,9,2166)
w(383,4,9,2166)
w(382,4,9,2166)
w(384,5,9,2166)
w(384,6,9,2166)
r(384,6,0,2172)
w(383,8,0,2172)
w(384,7,0,2172)
w(382,6,0,2172)
r(384,7,0,2172)
r(384,7,0,2172)
w(385,1,4,2173)
r(385,1,4,2173)
r(383,4,4,2173)
r(385,1,4,2173)
w(373,8,4,2173)
r(387,0,8,2178)
r(387,0,8,2178)
r(385,1,8,2178)
r(385,1,8,2178)
r(385,1,8,2178)
w(387,1,8,2178)
w(385,2,8,2178)
w(385,3,8,2178)
r(385,3,7,2182)
w(387,2,7,2182)
w(387,3,7,2182)
w(387,4,7,2182)
w(387,7,0,2186)
r(387,7,0,2186)
r(385,3,0,2186)
r(387,7,0,2186)
w(387,8,0,2186)
r(387,8,0,2186)
r(386,0,0,2186)
r(389,0,3,2187)
r(387,8,3,2187)
r(389,0,3,2187)
r(386,0,3,2187)
r(389,0,3,2187)
w(386,2,3,2187)
r(390,0,3,2187)
r(388,0,3,2187)
r(380,0,4,2190)
w(380,4,4,2190)
r(389,0,4,2190)
r(386,2,4,2190)
w(389,3,4,2190)
r(388,0,6,2193)
r(390,0,6,2193)
r(388,0,6,2193)
r(389,3,6,2193)
w(390,2,5,2195)
r(386,2,5,2195)
r(389,3,5,2195)
r(389,3,5,2195)
w(391,5,4,2209)
r(391,5,4,2209)
r(390,2,4,2209)
r(390,2,4,2209)
w(391,6,4,2209)
r(391,6,4,2209)
w(390,6,4,2209)
w(390,7,4,2209)
r(392,0,1,2215)
r(386,2,1,2215)
w(392,4,1,2215)
w(392,5,1,2215)
r(392,5,1,2215)
r(390,7,1,2215)
w(390,8,1,2215)
r(392,5,2,2218)
r(392,5,2,2218)
w(380,7,2,2218)
r(395,0,2,2218)
w(395,1,2,2218)
r(388,0,5,2223)
w(395,8,5,2223)
w(393,2,5,2223)
r(395,8,5,2223)
w(394,3,5,2223)
r(388,0,7,2226)
r(395,8,7,2226)
r(395,8,7,2226)
w(393,3,7,2226)
w(393,4,7,2226)
w(388,5,0,2228)
r(393,2,0,2228)
w(380,8,0,2228)
r(393,2,0,2228)
r(396,0,0,2228)
r(393,2,0,2228)
r(396,0,0,2228)
r(393,4,0,2234)
r(396,0,0,2234)
r(396,0,0,2234)
r(396,0,0,2234)
r(393,4,0,2234)
w(397,1,9,2237)
r(393,4,9,2237)
w(396,3,9,2237)
w(397,2,9,2237)
r(394,3,9,2237)
w(396,4,9,2237)
r(396,4,9,2237)
w(398,1,6,2241)
r(388,5,6,2241)
r(396,4,6,2241)
r(396,4,6,2241)
r(398,1,6,2241)
r(396,4,6,2241)
r(396,4,6,2241)
r(396,4,1,2242)
w(393,8,1,2242)
w(396,7,1,2242)
r(394,3,1,2242)
r(396,7,1,2242)
w(394,5,1,2242)
r(396,7,1,2242)
r(399,0,4,2246)
w(399,2,4,2246)
w(388,8,4,2246)
r(399,2,4,2246)
w(400,2,6,2250)
w(399,4,6,2250)
r(400,2,6,2250)
w(399,5,6,2250)
w(398,4,6,2250)
r(398,4,6,2250)
r(399,5,6,2250)
w(399,8,4,2254)
r(398,4,4,2254)
r(398,4,4,2254)
r(399,8,4,2254)
r(398,4,4,2254)
w(401,1,4,2254)
w(401,2,4,2254)
w(401,3,4,2254)
r(398,4,6,2255)
w(398,6,6,2255)
r(401,0,6,2255)
r(401,0,6,2255)
r(398,6,6,2255)
r(398,6,6,2255)
r(398,6,8,2259)
r(401,3,8,2259)
w(398,7,8,2259)
r(398,7,8,2259)
r(401,3,3,2261)
w(401,4,3,2261)
r(398,6,3,2261)
r(401,4,3,2261)
r(401,4,3,2261)
r(401,4,3,2261)
w(401,5,3,2261)
r(401,3,1,2263)
r(401,3,1,2263)
w(398,8,1,2263)
r(401,3,1,2263)
r(400,2,1,2263)
r(394,5,1,2263)
r(401,3,1,2263)
r(400,2,4,2266)
w(403,2,4,2266)
r(400,2,4,2266)
r(402,0,4,2266)
w(394,8,4,2266)
r(402,0,4,2266)
w(403,3,2,2271)
r(402,0,2,2271)
r(403,3,2,2271)
w(403,4,2,2271)
w(403,5,2,2271)
w(402,2,2,2271)
w(403,6,2,2271)
w(403,7,2,2271)
r(402,2,8,2277)
r(405,0,8,2277)
w(402,4,8,2277)
w(405,1,8,2277)
w(405,2,8,2277)
r(405,2,8,2277)
r(405,2,8,2277)
w(405,6,1,2291)
w(404,1,1,2291)
w(404,2,1,2291)
w(402,6,1,2291)
r(405,6,1,2291)
r(404,2,1,2291)
r(402,4,3,2293)
r(406,0,3,2293)
r(402,4,3,2293)
w(406,2,3,2293)
r(406,2,3,2293)
r(404,2,7,2297)
w(406,5,7,2297)
r(406,5,7,2297)
w(404,4,7,2297)
w(406,6,7,2297)
r(404,4,7,2300)
r(406,6,7,2300)
w(404,6,7,2300)
r(406,6,7,2300)
r(407,0,7,2300)
r(407,0,9,2302)
r(406,6,9,2302)
w(408,1,9,2302)
w(407,2,9,2302)
w(407,3,9,2302)
r(408,1,9,2302)
w(408,3,9,2306)
w(407,7,9,2306)
r(407,7,9,2306)
w(397,6,9,2306)
w(408,4,9,2306)
r(408,4,1,2309)
r(408,4,1,2309)
r(404,6,1,2309)
w(408,6,1,2309)
r(404,6,5,2312)
r(397,6,5,2312)
r(404,6,5,2312)
w(410,2,5,2312)
w(410,3,5,2317)
w(409,2,5,2317)
r(409,2,5,2317)
w(397,7,5,2317)
w(400,6,5,2317)
r(409,2,5,2317)
w(410,7,6,2322)
w(410,8,6,2322)
r(410,8,6,2322)
w(409,4,6,2322)
w(411,1,6,2322)
w(411,2,6,2322)
r(400,6,5,2325)
r(411,2,5,2325)
r(411,2,5,2325)
w(411,7,5,2325)
w(411,8,5,2325)
r(400,6,9,2327)
r(411,8,9,2327)
r(411,8,9,2327)
r(411,8,9,2327)
w(409,6,9,2327)
r(413,0,9,2327)
r(413,0,6,2329)
w(413,1,6,2329)
r(412,0,6,2329)
w(413,2,6,2329)
w(412,1,8,2332)
w(409,7,8,2332)
r(400,6,8,2332)
w(413,3,8,2332)
w(412,2,8,2332)
w(409,8,7,2337)
r(413,3,7,2337)
r(413,3,7,2337)
w(413,6,7,2337)
w(413,7,7,2337)
r(413,7,7,2337)
r(413,7,7,2337)
w(415,1,3,2343)
r(414,0,3,2343)
w(415,2,3,2343)
w(414,1,3,2343)
r(415,2,3,2343)
w(415,3,3,2343)
w(412,4,3,2343)
w(414,2,3,2343)
r(417,0,7,2350)
w(417,1,7,2350)
w(417,2,7,2350)
r(414,2,7,2350)
w(414,4,7,2350)
w(400,8,9,2354)
r(417,2,9,2354)
w(417,4,9,2354)
w(417,5,9,2354)
w(412,7,9,2354)
r(400,8,9,2354)
w(414,7,2,2359)
w(412,8,2,2359)
w(414,8,2,2359)
w(417,6,2,2359)
r(400,8,2,2359)
w(417,7,2,2359)
r(417,7,2,2359)
r(417,5,4,2360)
r(414,4,4,2360)
r(417,5,4,2360)
r(400,8,4,2360)
r(417,5,3,2363)
r(414,4,3,2363)
r(418,0,3,2363)
r(414,4,3,2363)
w(419,1,3,2363)
w(419,2,3,2363)
w(420,1,3,2363)
r(419,2,1,2365)
r(418,0,1,2365)
w(419,5,1,2365)
w(419,6,1,2365)
r(420,1,1,2365)
r(420,1,4,2368)
w(419,7,4,2368)
r(419,7,4,2368)
w(419,8,4,2368)
r(418,0,4,2368)
r(419,6,0,2369)
r(418,0,0,2369)
w(420,2,0,2369)
r(416,0,0,2369)
w(420,3,0,2369)
r(421,0,1,2371)
w(421,1,1,2371)
r(420,3,1,2371)
r(420,3,1,2371)
w(421,2,1,2371)
w(421,3,1,2371)
w(418,2,3,2380)
r(420,3,3,2380)
w(418,3,3,2380)
r(421,3,3,2380)
w(421,4,5,2381)
r(421,4,5,2381)
w(420,4,5,2381)
w(420,5,5,2381)
r(421,4,5,2381)
w(422,1,0,2384)
r(421,4,0,2384)
w(421,8,0,2384)
r(423,0,0,2384)
r(422,1,0,2384)
w(424,1,0,2384)
r(424,1,0,2384)
w(423,3,0,2395)
w(418,5,0,2395)
w(423,4,0,2395)
w(425,1,0,2395)
w(425,2,0,2395)
w(416,2,0,2395)
r(425,2,3,2397)
r(425,2,3,2397)
r(423,4,3,2397)
r(422,1,3,2397)
r(426,0,7,2402)
w(426,2,7,2402)
w(426,3,7,2402)
r(422,1,7,2402)
r(426,3,7,2402)
w(423,7,7,2402)
r(422,1,7,2406)
r(416,2,7,2406)
w(423,8,7,2406)
w(426,5,7,2406)
w(426,6,7,2406)
w(418,8,7,2406)
w(428,2,3,2416)
w(427,2,3,2416)
r(428,2,3,2416)
w(428,3,3,2416)
w(430,1,0,2423)
w(429,3,0,2423)
w(427,6,0,2423)
w(430,2,0,2423)
r(429,3,0,2423)
w(430,3,0,2423)
r(429,3,0,2423)
w(430,4,0,2423)
w(431,3,7,2426)
r(431,3,7,2426)
r(431,3,7,2426)
w(431,4,7,2426)
w(431,5,7,2426)
r(422,1,1,2432)
w(429,5,1,2432)
w(431,6,1,2432)
w(431,7,1,2432)
r(431,7,1,2432)
w(431,8,1,2432)
w(429,6,1,2432)
r(433,0,8,2433)
r(429,6,8,2433)
r(432,0,8,2433)
r(422,1,8,2433)
r(432,0,9,2438)
w(433,4,9,2438)
r(433,4,9,2438)
w(422,5,9,2438)
r(433,4,9,2438)
r(433,0,0,2439)
r(432,0,0,2439)
r(429,6,0,2439)
r(434,0,0,2439)
r(434,0,0,2439)
r(434,0,0,2439)
r(432,0,1,2441)
r(429,6,1,2441)
r(434,0,1,2441)
w(434,1,1,2441)
w(432,2,1,2441)
w(434,2,1,2441)
r(432,2,0,2445)
w(432,5,0,2445)
r(429,6,0,2445)
r(434,2,0,2445)
w(432,6,0,2445)
r(429,6,0,2445)
w(435,1,7,2449)
r(434,2,7,2449)
w(434,8,7,2449)
r(434,8,7,2449)
r(436,0,7,2449)
w(436,1,7,2449)
w(436,2,1,2454)
r(436,2,1,2454)
w(436,3,1,2454)
w(436,4,1,2454)
r(435,1,3,2458)
r(437,0,3,2458)
w(437,1,3,2458)
r(438,0,3,2458)
w(438,1,3,2458)
w(416,3,3,2458)
w(435,2,7,2459)
w(436,7,7,2459)
w(436,8,7,2459)
r(436,8,7,2459)
r(436,8,7,2459)
r(436,8,7,2459)
w(422,7,7,2459)
w(437,4,7,2463)
w(437,5,7,2463)
w(416,4,7,2463)
r(437,5,7,2463)
r(438,1,7,2463)
r(438,1,7,2463)
w(437,8,4,2468)
r(435,2,4,2468)
w(438,3,4,2468)
w(435,6,4,2468)
r(439,0,4,2468)
r(438,3,4,2468)
w(435,7,4,2468)
r(438,3,4,2468)
r(439,0,1,2470)
w(439,1,1,2470)
r(439,1,1,2470)
w(439,2,1,2470)
w(439,3,1,2470)
w(439,4,1,2470)
w(435,8,8,2471)
r(439,4,8,2471)
r(422,7,8,2471)
r(438,3,8,2471)
r(438,3,8,2471)
w(438,4,8,2471)
r(438,4,5,2474)
r(439,4,5,2474)
r(435,8,5,2474)
r(438,4,5,2474)
w(438,5,5,2474)
r(439,4,5,2474)
w(416,5,0,2479)
w(439,6,0,2479)
w(439,7,0,2479)
r(439,7,0,2479)
r(439,7,0,2479)
r(440,0,3,2485)
w(422,8,3,2485)
r(440,0,3,2485)
r(440,0,3,2485)
r(440,0,3,2485)
w(438,7,8,2487)
r(439,7,8,2487)
r(438,7,8,2487)
w(440,1,8,2487)
w(441,1,8,2487)
w(440,2,8,2487)
w(440,3,8,2487)
w(440,8,9,2492)
r(443,0,9,2492)
w(442,2,9,2492)
w(443,1,9,2492)
w(442,3,9,2492)
w(443,2,9,2492)
r(416,5,9,2492)
r(442,3,3,2496)
w(443,5,3,2496)
w(416,8,3,2496)
r(442,3,3,2496)
w(441,2,3,2496)
r(443,5,3,2496)
w(443,8,4,2500)
r(443,8,4,2500)
r(444,0,4,2500)
w(442,6,4,2500)
r(443,8,4,2500)
w(441,3,4,2500)
r(441,3,4,2500)
w(444,1,4,2500)
w(442,7,9,2506)
w(445,2,9,2506)
w(441,4,9,2506)
w(445,3,9,2506)
w(445,4,9,2506)
w(445,5,9,2506)
r(442,7,0,2514)
w(446,2,0,2514)
w(444,4,0,2514)
r(446,2,0,2514)
r(446,2,0,2514)
r(446,2,0,2514)
r(447,0,0,2514)
r(446,2,0,2514)
r(444,1,6,2516)
w(441,8,6,2516)
r(446,0,6,2516)
r(447,0,6,2516)
w(447,1,6,2516)
r(446,0,6,2516)
r(446,0,6,2516)
w(447,2,6,2516)
r(446,2,0,2519)
w(447,5,0,2519)
r(444,4,0,2519)
r(447,5,0,2519)
w(449,1,0,2519)
w(446,6,0,2519)
w(449,2,4,2523)
r(449,2,4,2523)
w(447,6,4,2523)
w(446,7,4,2523)
r(449,2,4,2523)
w(447,7,4,2523)
r(447,7,4,2523)
w(444,5,5,2526)
r(450,0,5,2526)
r(450,0,5,2526)
w(451,1,5,2526)
r(451,1,5,2526)
r(451,1,5,2526)
r(451,1,5,2526)
r(450,0,5,2526)
r(451,1,7,2532)
w(450,5,7,2532)
w(450,6,7,2532)
w(450,7,7,2532)
w(449,4,7,2532)
r(451,1,0,2534)
r(450,0,0,2534)
r(452,0,0,2534)
w(452,1,0,2534)
r(451,1,0,2534)
r(452,1,0,2534)
w(448,2,0,2534)
r(451,1,0,2534)
w(451,6,7,2538)
r(449,4,7,2538)
w(444,6,7,2538)
r(452,1,7,2538)
r(452,1,7,2538)
w(451,7,7,2538)
r(451,7,7,2538)
r(449,4,6,2541)
r(452,1,6,2541)
r(451,7,6,2541)
w(449,5,6,2541)
r(452,1,6,2541)
w(453,1,6,2541)
w(444,7,6,2541)
w(453,2,5,2544)
w(452,8,5,2544)
r(453,2,5,2544)
r(448,2,5,2544)
w(453,3,5,2544)
r(452,8,5,2544)
r(449,5,5,2544)
r(444,7,5,2544)
r(452,1,4,2545)
r(452,1,4,2545)
r(454,0,4,2545)
w(454,1,4,2545)
r(444,7,4,2545)
r(453,3,2,2548)
r(453,3,2,2548)
w(449,6,2,2548)
w(454,2,2,2548)
w(454,3,2,2548)
r(453,3,2,2548)
r(454,3,9,2550)
r(454,3,9,2550)
r(453,3,9,2550)
r(448,2,9,2550)
r(453,3,0,2557)
w(454,5,0,2557)
w(453,6,0,2557)
w(454,6,0,2557)
w(454,7,0,2557)
r(453,6,0,2557)
r(455,0,2,2559)
r(455,0,2,2559)
w(455,1,2,2559)
w(455,2,2,2559)
r(444,7,2,2559)
w(455,3,8,2562)
r(455,3,8,2562)
r(455,3,8,2562)
r(455,3,8,2562)
r(455,3,8,2562)
r(453,6,8,2562)
w(455,4,8,2562)
w(455,7,4,2567)
r(455,7,4,2567)
r(449,6,4,2567)
r(455,7,4,2567)
r(449,6,4,2567)
r(455,7,4,2567)
r(455,7,4,2567)
r(455,7,4,2567)
w(456,4,5,2571)
w(457,1,5,2571)
r(457,1,5,2571)
r(457,1,5,2571)
w(456,5,5,2571)
w(457,2,5,2571)
r(457,0,1,2573)
r(456,0,1,2573)
w(458,1,1,2573)
r(458,1,1,2573)
r(448,2,1,2573)
w(457,5,7,2576)
r(456,5,7,2576)
w(456,7,7,2576)
w(457,6,7,2576)
w(457,8,0,2580)
r(448,2,0,2580)
w(461,1,0,2580)
w(460,1,0,2580)
w(461,2,0,2584)
r(461,2,0,2584)
w(461,3,0,2584)
r(460,1,0,2584)
w(461,4,0,2584)
w(458,3,0,2584)
w(461,7,4,2589)
r(459,0,4,2589)
r(448,2,4,2589)
r(461,7,4,2589)
w(460,4,4,2589)
r(461,7,0,2592)
w(460,8,0,2592)
r(458,3,0,2592)
r(461,7,0,2592)
r(460,8,0,2592)
r(462,0,1,2593)
r(463,0,1,2593)
r(463,0,1,2593)
r(462,0,1,2593)
w(459,2,9,2596)
w(463,1,9,2596)
w(463,2,9,2596)
r(458,3,9,2596)
r(463,2,9,2596)
w(463,5,0,2602)
w(463,6,0,2602)
r(463,6,0,2602)
w(448,3,0,2602)
r(463,6,9,2605)
r(462,0,9,2605)
w(459,4,9,2605)
r(463,6,9,2605)
r(463,6,6,2607)
r(463,6,6,2607)
r(463,6,6,2607)
r(463,6,6,2607)
r(463,6,6,2607)
r(458,3,6,2607)
w(462,3,8,2609)
r(462,3,8,2609)
r(463,6,8,2609)
r(459,4,8,2609)
r(458,3,8,2609)
r(458,3,8,2609)
r(458,3,8,2609)
w(464,1,8,2609)
w(464,2,3,2615)
w(458,7,3,2615)
r(464,2,3,2615)
r(464,2,3,2615)
r(458,7,3,2615)
w(464,3,3,2615)
r(459,4,3,2615)
w(464,6,1,2623)
r(464,6,1,2623)
w(462,5,1,2623)
w(458,8,1,2623)
r(448,3,1,2623)
r(462,5,1,2623)
r(464,6,1,2623)
w(466,2,4,2628)
w(466,3,4,2628)
w(466,4,4,2628)
w(465,2,4,2628)
r(466,4,4,2628)
w(465,3,4,2628)
r(466,4,4,2628)
w(462,7,2,2633)
r(462,7,2,2633)
r(465,3,2,2633)
w(462,8,2,2633)
r(465,3,2,2633)
r(467,0,7,2635)
w(465,4,7,2635)
r(467,0,7,2635)
r(465,4,7,2635)
w(468,1,7,2635)
w(467,2,7,2635)
w(467,4,7,2640)
r(448,3,7,2640)
r(467,4,7,2640)
w(467,5,7,2640)
r(469,0,7,2645)
w(469,3,7,2645)
w(468,4,7,2645)
r(468,4,7,2645)
r(469,3,7,2645)
r(465,4,1,2649)
r(468,4,1,2649)
w(469,6,1,2649)
r(468,4,1,2649)
r(468,4,1,2649)
r(469,6,1,2649)
w(469,8,6,2654)
r(470,0,6,2654)
w(468,7,6,2654)
r(470,0,6,2654)
r(470,0,6,2654)
r(470,0,6,2654)
w(468,8,6,2654)
r(470,0,6,2654)
r(468,8,4,2655)
r(470,0,4,2655)
r(470,0,4,2655)
r(468,8,4,2655)
r(470,0,4,2655)
r(468,8,4,2655)
w(470,2,4,2662)
w(471,1,4,2662)
w(471,2,4,2662)
w(470,3,4,2662)
r(470,3,4,2662)
r(470,3,4,2662)
r(459,4,4,2662)
w(470,4,4,2662)
w(470,8,0,2665)
w(471,4,0,2665)
r(459,4,0,2665)
r(470,8,0,2665)
r(459,4,0,2665)
r(471,4,3,2667)
w(472,1,3,2667)
w(471,5,3,2667)
w(473,1,3,2667)
w(471,6,8,2671)
w(473,2,8,2671)
r(471,6,8,2671)
w(471,7,8,2671)
w(472,2,8,2671)
r(471,7,8,2671)
w(471,8,8,2671)
r(473,2,0,2674)
w(473,3,0,2674)
r(473,3,0,2674)
r(473,3,0,2674)
r(473,3,0,2674)
w(473,4,0,2674)
r(473,4,0,2674)
r(473,4,0,2678)
r(473,4,0,2678)
r(474,0,0,2678)
w(473,7,0,2678)
r(472,2,0,2678)
w(472,4,0,2678)
r(472,4,0,2678)
r(473,7,0,2678)
r(473,7,6,2681)
r(448,3,6,2681)
r(474,0,6,2681)
r(459,4,6,2681)
r(472,4,2,2686)
w(475,1,2,2686)
w(475,2,2,2686)
w(475,3,2,2686)
r(475,3,2,2686)
r(475,3,2,2686)
w(474,2,2,2686)
r(475,3,2,2686)
w(477,2,8,2694)
r(474,2,8,2694)
r(472,4,8,2694)
r(474,2,8,2694)
w(477,3,8,2694)
r(478,0,6,2701)
r(472,4,6,2701)
w(479,1,6,2701)
w(478,1,6,2701)
w(478,2,6,2701)
w(480,1,7,2706)
r(479,1,7,2706)
w(480,2,7,2706)
w(479,7,7,2706)
r(479,7,7,2706)
r(479,7,7,2706)
w(478,7,2,2709)
r(479,7,2,2709)
w(478,8,2,2709)
w(448,6,2,2709)
r(479,7,2,2709)
w(479,8,2,2709)
w(481,1,2,2709)
w(481,4,6,2717)
w(482,6,6,2717)
r(481,4,6,2717)
w(481,5,6,2717)
w(481,6,6,2717)
r(480,2,6,2717)
r(482,6,6,2717)
r(482,0,1,2718)
r(482,0,1,2718)
r(483,0,1,2718)
r(476,0,1,2718)
r(484,0,6,2723)
r(484,0,6,2723)
r(484,0,6,2723)
w(481,7,6,2723)
r(480,2,6,2723)
w(480,4,6,2723)
r(484,0,6,2723)
w(485,1,9,2727)
r(476,0,9,2727)
r(484,0,9,2727)
w(484,2,9,2727)
r(485,1,9,2727)
r(485,1,9,2727)
w(485,2,9,2727)
w(480,5,9,2727)
r(485,2,1,2730)
w(484,6,1,2730)
r(480,5,1,2730)
r(484,6,1,2730)
w(480,6,1,2730)
r(485,2,1,2733)
r(484,6,1,2733)
r(484,6,1,2733)
r(480,6,1,2733)
r(484,6,1,2733)
r(485,2,1,2733)
r(485,2,1,2733)
w(485,4,8,2738)
r(485,4,8,2738)
r(486,0,8,2738)
r(486,0,8,2738)
w(480,8,8,2738)
r(486,0,8,2738)
r(486,0,8,2738)
r(486,0,5,2739)
w(486,1,5,2739)
r(480,6,5,2739)
r(480,6,5,2739)
r(485,4,1,2742)
w(486,2,1,2742)
r(486,2,1,2742)
w(476,6,1,2742)
r(486,2,1,2742)
w(485,8,7,2749)
w(487,1,7,2749)
r(486,2,7,2749)
w(486,5,7,2749)
r(487,1,7,2749)
w(488,1,7,2749)
r(486,5,8,2751)
r(488,1,8,2751)
w(486,6,8,2751)
w(486,7,8,2751)
r(486,7,8,2751)
r(486,7,3,2753)
r(488,1,3,2753)
r(476,6,3,2753)
w(488,3,3,2753)
w(486,8,3,2753)
w(488,4,3,2753)
w(487,4,2,2756)
w(476,7,2,2756)
r(488,4,2,2756)
r(488,4,2,2756)
r(489,0,2,2756)
w(489,1,5,2758)
r(489,1,5,2758)
r(488,4,5,2758)
w(489,2,5,2758)
w(483,3,5,2758)
r(489,2,5,2758)
r(488,4,5,2758)
w(489,5,4,2762)
w(483,4,4,2762)
r(488,4,4,2762)
r(489,5,4,2762)
r(489,5,4,2762)
r(487,4,4,2762)
w(489,8,8,2766)
r(489,8,8,2766)
r(489,8,8,2766)
r(489,8,8,2766)
w(488,6,8,2766)
w(488,7,8,2766)
w(476,8,8,2766)
r(491,0,9,2770)
w(487,6,9,2770)
r(483,4,9,2770)
r(490,0,9,2770)
r(491,0,9,2770)
r(487,6,9,2770)
r(490,0,9,2770)
r(487,4,8,2773)
w(490,2,8,2773)
w(491,1,8,2773)
w(490,3,8,2773)
r(490,3,8,2773)
w(490,4,8,2773)
r(487,4,8,2773)
w(490,5,8,2773)
w(490,7,9,2777)
r(490,7,9,2777)
w(491,2,9,2777)
w(490,8,9,2777)
r(490,8,9,2777)
r(490,8,9,2777)
w(491,3,9,2777)
r(492,0,6,2782)
w(492,3,6,2782)
w(491,6,6,2782)
w(492,4,6,2782)
w(492,5,6,2782)
r(492,5,6,2782)
r(491,6,6,2786)
w(492,8,6,2786)
r(491,6,6,2786)
r(491,6,6,2786)
r(492,8,6,2786)
r(487,6,6,2786)
w(494,1,3,2787)
r(494,1,3,2787)
r(494,1,3,2787)
r(487,6,3,2787)
w(494,2,5,2790)
r(494,2,5,2790)
w(494,3,5,2790)
r(493,0,5,2790)
w(494,5,9,2793)
r(487,6,9,2793)
w(493,1,9,2793)
w(487,7,9,2793)
r(494,5,1,2799)
r(494,5,1,2799)
w(495,1,1,2799)
r(494,5,1,2799)
r(494,5,1,2799)
r(487,7,1,2799)
w(494,6,4,2800)
r(494,6,4,2800)
r(494,6,4,2800)
w(494,7,4,2800)
r(493,1,4,2800)
w(494,8,4,2800)
r(494,5,6,2805)
r(493,1,6,2805)
r(494,5,6,2805)
r(494,5,6,2805)
w(496,1,6,2805)
w(496,2,6,2805)
w(496,3,6,2805)
w(487,8,6,2805)
r(496,0,8,2806)
r(496,0,8,2806)
r(496,0,8,2806)
r(496,0,8,2806)
r(493,1,8,2806)
r(496,3,0,2809)
r(493,1,0,2809)
r(496,3,0,2809)
r(497,0,0,2809)
r(483,4,0,2809)
w(496,7,9,2812)
r(496,7,9,2812)
w(493,5,9,2812)
w(497,2,9,2812)
w(495,2,9,2812)
r(493,5,9,2812)
r(496,7,9,2812)
w(495,3,1,2815)
r(493,5,1,2815)
w(493,6,1,2815)
w(496,8,1,2815)
w(498,1,1,2815)
w(493,7,1,2815)
r(493,7,8,2817)
w(498,2,8,2817)
r(493,7,8,2817)
r(493,7,8,2817)
r(498,2,8,2817)
r(498,2,8,2817)
r(495,3,4,2819)
r(498,2,4,2819)
w(498,3,4,2819)
r(498,3,4,2819)
r(498,3,4,2819)
r(498,3,4,2819)
r(495,3,2,2822)
w(498,4,2,2822)
r(499,0,2,2822)
r(499,0,2,2822)
r(498,4,2,2822)
r(499,0,2,2822)
r(498,4,2,2822)
r(498,4,5,2823)
r(499,0,5,2823)
w(498,5,5,2823)
w(498,6,5,2823)
w(498,7,5,2823)
r(499,0,5,2823)
w(498,8,3,2826)
w(500,1,3,2826)
r(499,0,3,2826)
r(499,0,3,2826)
r(495,3,3,2826)
r(497,2,3,2826)
w(500,6,3,2829)
w(500,7,3,2829)
r(500,7,3,2829)
w(500,8,3,2829)
r(500,8,3,2829)
w(501,1,2,2835)
r(499,0,2,2835)
w(499,2,2,2835)
w(501,2,2,2835)
r(499,2,2,2835)
r(483,4,2,2835)
w(501,3,2,2835)
r(497,2,3,2839)
w(499,8,3,2839)
r(502,0,3,2839)
r(502,0,3,2839)
r(497,2,3,2839)
r(499,8,3,2839)
r(502,0,2,2845)
w(502,3,2,2845)
r(502,3,2,2845)
w(503,1,2,2845)
w(502,4,2,2845)
r(483,4,2,2845)
w(497,4,7,2846)
r(502,0,7,2846)
r(497,4,7,2846)
r(499,8,7,2846)
w(497,5,7,2846)
r(497,5,7,2846)
w(497,6,7,2846)
w(495,6,7,2846)
w(502,7,6,2852)
w(502,8,6,2852)
r(505,0,6,2852)
r(504,0,6,2852)
r(483,4,9,2857)
w(505,1,9,2857)
r(505,1,9,2857)
w(503,4,9,2857)
w(495,7,9,2857)
w(504,1,9,2857)
w(505,2,9,2857)
w(504,4,6,2859)
r(505,2,6,2859)
r(503,4,6,2859)
r(504,4,6,2859)
w(503,7,6,2859)
r(504,4,6,2859)
r(504,4,8,2862)
w(503,8,8,2862)
w(483,6,8,2862)
r(505,2,8,2862)
r(505,2,8,2862)
r(505,2,7,2864)
r(505,2,7,2864)
r(504,4,7,2864)
w(504,5,7,2864)
w(507,1,7,2864)
w(507,2,7,2864)
r(507,2,7,2864)
r(507,2,7,2864)
w(483,7,0,2867)
w(507,4,0,2867)
r(507,4,0,2867)
r(506,0,0,2867)
r(507,4,0,2867)
w(508,1,0,2867)
r(507,4,4,2870)
w(508,2,4,2870)
r(503,8,4,2870)
r(507,4,4,2870)
r(483,7,4,2870)
r(483,7,8,2875)
w(509,1,8,2875)
r(509,1,8,2875)
w(507,6,8,2875)
w(509,2,8,2875)
w(509,3,1,2878)
r(506,0,1,2878)
r(509,3,1,2878)
r(510,0,1,2878)
r(510,0,1,2878)
w(509,7,1,2882)
w(509,8,1,2882)
w(510,3,1,2882)
w(510,4,1,2882)
w(511,1,7,2886)
w(511,2,7,2886)
w(511,3,7,2886)
r(510,4,7,2886)
w(508,6,7,2886)
r(511,3,7,2886)
r(510,4,7,2886)
r(510,4,5,2887)
r(511,3,5,2887)
w(510,8,5,2887)
r(506,0,5,2887)
r(506,0,5,2887)
r(512,0,5,2887)
r(511,3,7,2890)
w(512,1,7,2890)
r(511,3,7,2890)
r(512,1,7,2890)
w(512,3,7,2893)
w(512,4,7,2893)
r(512,4,7,2893)
r(511,3,7,2893)
w(512,5,7,2893)
r(512,5,7,2893)
w(512,6,3,2898)
r(512,6,3,2898)
w(512,7,3,2898)
w(512,8,3,2898)
r(512,8,3,2898)
r(483,7,3,2898)
r(511,3,8,2899)
r(513,0,8,2899)
w(513,2,8,2899)
r(513,2,8,2899)
r(511,3,8,2899)
r(511,3,5,2903)
r(513,2,5,2903)
r(513,2,5,2903)
w(513,6,5,2903)
r(508,6,3,2907)
r(511,3,3,2907)
w(511,4,3,2907)
w(511,5,3,2907)
w(513,7,3,2907)
w(513,8,3,2907)
r(506,0,3,2907)
w(516,2,9,2912)
r(515,0,9,2912)
r(516,2,9,2912)
r(516,2,9,2912)
r(516,2,9,2912)
w(516,3,9,2912)
r(515,0,9,2912)
r(506,0,6,2918)
r(517,0,6,2918)
r(517,0,6,2918)
w(517,1,6,2918)
w(515,4,1,2919)
r(516,3,1,2919)
w(516,8,1,2919)
w(515,5,1,2919)
r(506,0,1,2919)
r(514,0,1,2919)
r(515,5,1,2919)
w(517,2,0,2922)
r(515,5,0,2922)
r(517,2,0,2922)
r(515,5,0,2922)
w(508,8,0,2922)
r(515,5,0,2922)
r(517,2,0,2922)
r(515,5,0,2922)
w(517,3,2,2924)
w(517,4,2,2924)
r(518,0,2,2924)
w(517,5,2,2924)
r(517,5,2,2924)
w(518,1,2,2924)
r(515,5,2,2924)
r(517,5,2,2924)
r(515,5,6,2928)
w(515,8,6,2928)
r(515,8,6,2928)
r(506,0,6,2928)
r(518,1,9,2930)
r(515,5,9,2930)
r(515,5,9,2930)
w(519,1,9,2930)
w(519,2,9,2930)
w(506,4,9,2930)
r(519,2,9,2930)
r(519,2,8,2933)
r(514,0,8,2933)
w(519,4,8,2933)
w(518,2,8,2933)
w(519,5,8,2933)
w(518,3,4,2936)
w(519,6,4,2936)
w(520,2,4,2936)
r(518,3,4,2936)
r(520,2,4,2936)
w(519,7,4,2936)
r(519,7,4,2936)
w(506,7,7,2940)
r(519,7,7,2940)
r(519,7,7,2940)
r(520,2,7,2940)
r(518,3,3,2941)
r(519,7,3,2941)
r(519,7,3,2941)
r(519,7,3,2941)
w(519,8,3,2941)
w(520,4,3,2941)
r(519,8,0,2945)
r(519,8,0,2945)
r(520,4,0,2945)
r(519,8,0,2945)
w(506,8,0,2945)
w(521,1,0,2945)
r(520,4,0,2945)
w(521,4,7,2949)
w(520,6,7,2949)
r(520,6,7,2949)
w(521,5,7,2949)
r(518,3,7,2949)
w(521,6,7,2949)
w(521,8,3,2952)
r(518,3,3,2952)
r(521,8,3,2952)
r(523,0,3,2952)
r(521,8,3,2952)
w(518,7,3,2952)
r(523,0,3,2952)
w(523,1,4,2955)
r(522,0,4,2955)
r(524,0,4,2955)
r(524,0,4,2955)
r(523,1,4,2955)
r(524,0,4,2955)
w(525,1,0,2958)
r(524,0,0,2958)
r(524,0,0,2958)
r(525,1,0,2958)
r(523,1,3,2961)
r(524,0,3,2961)
w(525,2,3,2961)
r(524,0,3,2961)
r(523,1,7,2962)
w(524,3,7,2962)
r(523,1,7,2962)
r(524,3,7,2962)
r(523,1,7,2962)
r(525,2,6,2965)
r(524,3,6,2965)
r(525,2,6,2965)
r(524,3,6,2965)
w(524,4,7,2967)
r(523,1,7,2967)
w(524,5,7,2967)
r(524,5,7,2967)
w(524,6,7,2967)
w(523,4,3,2972)
r(523,4,3,2972)
w(524,7,3,2972)
w(523,5,3,2972)
w(524,8,3,2972)
r(526,0,6,2975)
w(526,2,6,2975)
r(526,2,6,2975)
w(522,1,6,2975)
r(523,1,6,2975)
r(526,0,1,2978)
r(514,0,1,2978)
w(523,7,1,2978)
w(525,4,1,2978)
w(528,2,2,2987)
w(528,3,2,2987)
w(528,4,2,2987)
w(528,5,2,2987)
r(527,0,2,2987)
r(525,4,2,2987)
r(528,5,2,2987)
w(528,6,2,2987)
w(525,6,1,2989)
r(525,6,1,2989)
w(527,2,1,2989)
w(529,1,1,2989)
w(527,3,1,2989)
w(527,6,1,2995)
w(527,7,1,2995)
r(529,1,1,2995)
r(529,1,1,2995)
w(522,4,1,2995)
w(529,6,6,2997)
w(529,7,6,2997)
w(529,8,6,2997)
r(529,8,6,2997)
w(525,7,6,2997)
r(530,0,0,3001)
r(527,7,0,3001)
r(522,4,0,3001)
r(530,0,0,3001)
r(530,0,0,3001)
w(530,2,0,3001)
w(527,8,0,3001)
w(530,4,8,3003)
w(522,7,8,3003)
r(530,4,8,3003)
r(531,0,8,3003)
w(530,5,9,3005)
r(531,0,9,3005)
r(530,5,9,3005)
r(530,5,9,3005)
r(530,5,9,3005)
r(531,0,9,3005)
r(530,5,6,3007)
w(530,6,6,3007)
r(531,0,6,3007)
r(531,0,6,3007)
r(531,0,6,3007)
r(530,6,6,3007)
w(530,7,6,3007)
r(530,7,2,3010)
w(514,3,2,3010)
w(530,8,2,3010)
w(532,1,2,3010)
r(531,0,0,3015)
r(532,1,0,3015)
r(530,8,0,3015)
w(532,2,0,3015)
r(530,8,0,3015)
w(532,3,0,3015)
r(531,0,0,3015)
w(533,3,2,3020)
r(533,3,2,3020)
r(533,3,2,3020)
r(532,3,2,3020)
w(533,6,5,3023)
r(533,6,5,3023)
r(531,0,5,3023)
w(533,7,5,3023)
r(514,3,5,3023)
r(531,0,5,3023)
r(532,3,4,3026)
w(535,1,4,3026)
r(532,3,4,3026)
w(535,2,4,3026)
w(532,6,9,3028)
r(532,6,9,3028)
r(534,0,9,3028)
r(533,7,9,3028)
w(533,8,9,3028)
r(532,6,9,3028)
r(532,6,9,3028)
w(532,7,9,3028)
r(535,2,8,3034)
w(535,4,8,3034)
w(534,1,8,3034)
r(531,0,8,3034)
r(535,4,8,3034)
r(531,0,8,3034)
w(534,3,6,3040)
r(537,0,6,3040)
w(531,8,6,3040)
r(531,8,6,3040)
w(537,2,2,3043)
w(538,1,2,3043)
r(537,2,2,3043)
r(536,0,2,3043)
r(536,0,2,3043)
r(536,0,2,3043)
r(537,2,2,3043)
w(537,3,2,3043)
r(534,3,0,3046)
w(537,4,0,3046)
r(537,4,0,3046)
r(534,3,0,3046)
r(536,0,0,3046)
w(534,4,0,3046)
r(536,0,0,3046)
r(537,4,0,3046)
r(537,4,7,3048)
r(536,0,7,3048)
r(536,0,7,3048)
w(537,5,7,3048)
r(514,3,7,3048)
w(537,6,7,3048)
r(538,1,7,3048)
r(534,4,8,3051)
r(537,6,8,3051)
w(534,5,8,3051)
r(537,6,8,3051)
r(537,6,8,3051)
r(537,6,8,3051)
r(538,1,8,3051)
r(539,0,6,3056)
w(536,4,6,3056)
w(539,1,6,3056)
r(539,1,6,3056)
w(539,5,3,3059)
w(539,6,3,3059)
w(534,6,3,3059)
r(538,1,3,3059)
r(536,4,3,3059)
r(539,6,7,3062)
r(539,6,7,3062)
w(538,2,7,3062)
w(539,7,7,3062)
w(514,5,7,3062)
r(538,2,7,3062)
w(534,7,7,3062)
r(536,4,7,3062)
r(538,2,2,3067)
r(541,0,2,3067)
w(541,1,2,3067)
r(541,1,2,3067)
w(541,2,2,3067)
r(534,7,2,3067)
w(514,6,2,3067)
w(538,7,3,3074)
r(514,6,3,3074)
w(542,1,3,3074)
r(542,1,3,3074)
r(540,0,0,3078)
w(542,4,0,3078)
w(540,4,0,3078)
r(542,4,0,3078)
r(542,4,7,3082)
r(538,7,7,3082)
r(542,4,7,3082)
w(514,7,7,3082)
w(540,6,0,3086)
w(543,1,0,3086)
w(540,7,0,3086)
r(542,4,0,3086)
r(546,0,8,3089)
r(545,0,8,3089)
r(546,0,8,3089)
r(547,0,8,3089)
r(546,0,9,3095)
w(543,2,9,3095)
w(543,3,9,3095)
r(543,3,9,3095)
r(547,0,9,3095)
r(545,0,3,3098)
w(547,4,3,3098)
r(547,4,3,3098)
r(545,0,3,3098)
r(546,0,3,3098)
r(547,4,3,3098)
w(545,2,3,3098)
r(546,0,7,3105)
r(546,0,7,3105)
r(546,0,7,3105)
r(548,0,7,3105)
w(545,4,3,3106)
r(543,3,3,3106)
w(545,5,3,3106)
r(548,0,3,3106)
r(548,0,3,3106)
w(546,6,6,3110)
r(548,0,6,3110)
w(548,2,6,3110)
r(548,2,6,3110)
w(548,3,6,3110)
r(545,5,9,3114)
r(548,3,9,3114)
r(548,3,9,3114)
r(549,0,9,3114)
r(543,3,9,3114)
r(549,0,9,3114)
w(546,7,9,3114)
w(548,5,5,3115)
r(548,5,5,3115)
w(548,6,5,3115)
w(548,7,5,3115)
w(544,1,5,3115)
r(545,5,5,3115)
w(548,8,5,3115)
r(545,5,5,3115)
w(546,8,9,3117)
r(549,0,9,3117)
w(549,1,9,3117)
r(550,0,9,3117)
r(549,1,8,3124)
w(545,7,8,3124)
r(545,7,8,3124)
r(543,3,8,3124)
r(549,1,8,3124)
w(544,2,9,3125)
w(549,2,9,3125)
w(550,1,9,3125)
w(549,3,9,3125)
w(549,4,9,3125)
w(550,2,9,3125)
w(549,5,9,3125)
r(549,5,9,3125)
r(549,5,5,3128)
w(550,4,5,3128)
r(543,3,5,3128)
r(550,4,5,3128)
w(550,5,5,3128)
w(551,2,5,3132)
w(551,3,5,3132)
r(551,3,5,3132)
r(545,7,5,3132)
r(551,3,5,3132)
r(543,3,5,3132)
w(545,8,5,3132)
r(551,0,0,3133)
r(550,5,0,3133)
r(550,5,0,3133)
r(550,5,0,3133)
r(550,5,0,3133)
r(551,0,0,3133)
w(552,1,0,3133)
w(550,7,4,3135)
w(550,8,4,3135)
r(551,3,4,3135)
w(551,4,4,3135)
r(551,4,4,3135)
r(551,4,4,3135)
r(551,4,4,3135)
w(551,5,0,3139)
r(552,1,0,3139)
r(551,5,0,3139)
r(552,1,0,3139)
w(553,1,0,3139)
r(551,5,2,3143)
r(553,1,2,3143)
r(551,5,2,3143)
r(551,5,2,3143)
w(552,2,2,3143)
r(552,2,2,3143)
w(553,3,2,3145)
r(551,5,2,3145)
r(544,2,2,3145)
r(551,5,2,3145)
r(551,5,2,3145)
r(551,5,2,3145)
w(553,4,2,3145)
r(551,5,4,3148)
r(553,4,4,3148)
w(551,8,4,3148)
r(553,4,4,3148)
w(543,5,3,3149)
r(553,4,3,3149)
r(551,5,3,3149)
r(551,5,3,3149)
r(552,2,3,3149)
r(551,5,3,3149)
r(551,5,3,3149)
