w(4,3,2,15)
w(4,4,2,15)
r(2,0,2,15)
r(4,4,2,15)
r(2,0,2,15)
r(1,0,2,15)
r(3,0,2,15)
w(1,1,2,15)
r(2,0,0,16)
r(2,0,0,16)
r(5,0,0,16)
r(3,0,0,16)
r(3,0,0,16)
w(5,1,0,16)
r(3,0,0,16)
r(3,0,0,16)
w(5,6,0,26)
r(2,0,0,26)
r(5,6,0,26)
w(2,5,0,26)
r(5,6,0,26)
r(6,0,0,26)
w(6,2,0,26)
r(6,0,1,27)
r(6,0,1,27)
r(2,0,1,27)
r(2,0,1,27)
r(7,0,1,27)
r(7,0,1,27)
r(7,0,1,27)
r(7,0,6,35)
w(6,3,6,35)
r(7,0,6,35)
w(7,1,6,35)
w(2,7,6,35)
w(2,8,6,35)
r(6,3,6,35)
w(6,7,4,40)
w(7,7,4,40)
w(7,8,4,40)
w(0,4,4,40)
w(6,8,4,40)
r(6,8,4,40)
w(8,1,4,40)
w(8,2,4,40)
w(9,2,7,43)
r(8,2,7,43)
r(1,1,7,43)
r(10,0,7,43)
r(8,2,7,43)
r(8,2,7,43)
w(10,1,8,49)
r(8,2,8,49)
r(8,2,8,49)
r(8,2,8,49)
r(0,4,8,49)
w(1,7,8,49)
w(8,4,5,52)
w(8,5,5,52)
r(8,5,5,52)
w(8,6,5,52)
w(8,7,5,52)
w(9,3,5,52)
r(11,0,2,57)
w(10,5,2,57)
w(9,5,2,57)
w(11,4,2,57)
r(9,5,2,57)
r(10,5,3,60)
r(9,5,3,60)
r(11,4,3,60)
r(11,4,3,60)
r(10,5,2,61)
r(11,4,2,61)
w(11,7,2,61)
w(10,6,2,61)
w(0,6,1,64)
w(0,7,1,64)
r(10,6,1,64)
w(11,8,1,64)
w(12,1,6,68)
r(10,6,6,68)
w(10,7,6,68)
w(10,8,6,68)
r(10,6,8,69)
r(10,6,8,69)
r(12,0,8,69)
r(9,5,8,69)
w(9,7,4,78)
w(15,2,4,78)
w(15,3,4,78)
r(15,3,4,78)
r(15,3,4,78)
w(13,3,4,78)
r(13,3,4,78)
r(9,5,6,83)
r(0,7,6,83)
w(16,2,6,83)
w(16,3,6,83)
r(13,0,6,83)
w(13,6,5,84)
r(16,0,5,84)
r(16,0,5,84)
r(13,6,5,84)
r(13,3,8,86)
w(16,4,8,86)
w(16,5,8,86)
w(17,1,8,86)
r(16,5,8,86)
r(13,6,4,94)
r(14,0,4,94)
r(18,0,4,94)
r(18,0,4,94)
r(18,0,4,94)
w(14,3,7,95)
w(17,3,7,95)
w(16,8,7,95)
r(13,6,7,95)
w(17,4,7,95)
w(18,1,5,97)
r(13,6,5,97)
r(18,1,5,97)
r(17,1,5,97)
r(18,1,5,97)
r(14,3,3,100)
w(19,1,3,100)
r(18,1,3,100)
w(19,2,3,100)
r(18,1,3,100)
r(18,1,3,100)
r(17,4,3,100)
w(19,3,3,100)
r(18,1,9,102)
r(18,1,9,102)
r(18,1,9,102)
w(18,3,9,102)
r(14,3,9,102)
w(18,4,9,102)
w(18,5,9,102)
w(19,5,9,106)
w(17,6,9,106)
w(19,6,9,106)
r(18,5,9,106)
r(18,5,9,106)
w(18,7,9,106)
w(18,8,9,106)
r(19,3,3,107)
r(18,5,3,107)
r(20,0,3,107)
r(20,0,3,107)
r(20,0,3,110)
w(17,7,3,110)
r(19,6,3,110)
r(20,0,3,110)
w(20,1,9,116)
w(20,2,9,116)
w(20,3,9,116)
r(0,7,9,116)
r(19,6,9,116)
w(20,4,9,116)
r(20,0,7,119)
r(20,0,7,119)
r(21,0,7,119)
w(22,1,7,119)
w(21,1,7,119)
w(20,7,7,125)
r(20,7,7,125)
w(20,8,7,125)
r(20,8,7,125)
r(20,8,7,125)
r(22,1,7,125)
w(21,3,7,125)
r(23,0,7,125)
r(0,7,2,135)
r(21,3,2,135)
r(14,3,2,135)
r(23,0,2,135)
w(24,1,2,135)
w(22,7,2,135)
w(23,4,8,136)
r(23,4,8,136)
w(23,5,8,136)
r(14,3,8,136)
r(23,5,8,136)
r(24,1,7,139)
w(24,4,7,139)
r(21,3,7,139)
r(22,7,7,139)
w(22,8,9,142)
r(22,8,9,142)
r(25,0,9,142)
w(24,5,9,142)
w(24,6,9,142)
r(25,0,9,142)
w(24,7,9,142)
r(24,7,9,142)
r(27,0,6,146)
r(27,0,6,146)
w(28,3,6,146)
r(25,0,6,146)
w(14,5,1,151)
r(28,3,1,151)
r(27,0,1,151)
r(25,0,1,151)
r(27,0,1,151)
w(25,3,9,153)
r(25,3,9,153)
r(28,3,9,153)
w(28,7,9,153)
w(25,5,8,158)
r(27,0,8,158)
r(29,0,8,158)
w(29,1,8,158)
w(29,3,5,165)
w(25,8,5,165)
r(14,5,5,165)
r(29,3,5,165)
r(29,3,5,165)
r(25,8,5,165)
r(31,0,5,171)
r(26,0,5,171)
r(30,0,5,171)
r(31,0,5,171)
w(30,1,5,171)
r(33,0,5,178)
r(30,1,5,178)
w(33,1,5,178)
w(33,2,5,178)
r(27,0,8,179)
r(31,0,8,179)
r(27,0,8,179)
w(31,4,8,179)
w(31,5,8,179)
r(31,5,8,179)
w(27,7,8,179)
w(31,6,8,179)
w(14,8,7,183)
r(33,2,7,183)
r(14,8,7,183)
r(30,1,7,183)
r(30,1,7,183)
r(32,0,7,183)
r(32,0,7,183)
r(33,2,7,183)
w(33,3,3,185)
w(30,5,3,185)
w(30,6,3,185)
r(30,6,3,185)
r(33,3,3,185)
r(30,6,3,185)
r(30,6,3,185)
w(30,7,3,185)
r(33,3,4,189)
r(33,3,4,189)
w(33,4,4,189)
w(32,2,4,189)
w(33,5,4,189)
w(33,8,2,191)
r(14,8,2,191)
r(33,8,2,191)
r(34,0,2,191)
r(35,0,9,198)
r(34,0,9,198)
w(35,4,9,198)
r(32,2,9,198)
w(35,5,9,198)
r(32,2,9,198)
w(35,6,9,198)
w(34,3,4,200)
r(32,2,4,200)
w(32,6,4,200)
w(35,7,4,200)
r(32,6,4,200)
r(14,8,7,204)
r(35,7,7,204)
r(35,7,7,204)
r(34,3,7,204)
r(35,7,7,204)
w(26,1,9,206)
r(35,7,9,206)
r(36,0,9,206)
r(32,6,9,206)
r(37,0,7,210)
r(37,0,7,210)
r(36,0,7,210)
r(38,0,7,210)
r(38,0,7,210)
r(37,0,3,212)
r(37,0,3,212)
r(34,3,3,212)
r(38,0,3,212)
r(32,6,3,212)
w(38,1,3,212)
w(37,4,2,219)
w(37,5,2,219)
r(38,0,2,219)
r(37,5,2,219)
r(38,0,2,219)
r(37,5,2,219)
w(37,6,2,219)
w(37,7,2,219)
r(39,0,4,220)
r(40,0,4,220)
r(38,1,4,220)
r(36,0,4,220)
r(37,0,8,222)
r(26,1,8,222)
r(37,0,8,222)
w(39,1,8,222)
r(37,0,8,222)
w(38,2,8,222)
w(40,1,8,222)
r(40,1,8,222)
r(40,1,9,226)
w(40,3,9,226)
w(38,4,9,226)
r(40,3,9,226)
r(40,3,9,235)
w(38,5,9,235)
r(38,5,9,235)
w(36,3,9,235)
w(38,6,9,235)
w(40,6,9,235)
r(40,6,9,235)
r(38,6,9,235)
w(39,2,4,237)
w(39,3,4,237)
r(41,0,4,237)
r(39,3,4,237)
w(41,3,6,243)
w(41,4,6,243)
w(41,5,6,243)
w(41,6,6,243)
r(43,0,9,246)
w(39,5,9,246)
r(42,0,9,246)
r(43,0,9,246)
r(43,0,9,246)
w(43,6,4,248)
r(36,3,4,248)
w(42,2,4,248)
w(43,7,4,248)
r(39,3,4,248)
r(43,7,4,248)
r(42,2,0,253)
r(43,7,0,253)
w(36,5,0,253)
w(44,1,0,253)
w(44,2,0,253)
r(39,5,0,253)
r(39,5,0,253)
r(44,2,0,253)
w(44,4,2,255)
r(44,4,2,255)
r(44,4,2,255)
r(42,2,2,255)
w(39,7,2,255)
r(42,2,2,255)
r(42,2,9,257)
w(42,3,9,257)
w(42,4,9,257)
r(44,4,9,257)
r(44,4,9,257)
r(44,4,8,261)
w(44,5,8,261)
r(39,7,8,261)
r(36,5,8,261)
w(44,6,8,261)
r(42,4,8,261)
r(44,6,8,261)
r(46,0,8,266)
w(42,7,8,266)
r(46,0,8,266)
w(42,8,8,266)
w(46,1,8,266)
r(42,8,8,266)
r(45,0,8,266)
r(46,1,8,271)
w(47,3,8,271)
w(46,4,8,271)
r(46,4,8,271)
w(45,1,7,278)
w(47,5,7,278)
w(46,8,7,278)
w(45,2,7,278)
r(46,8,7,278)
w(45,3,7,278)
r(47,5,7,278)
w(48,5,7,284)
r(47,5,7,284)
w(47,7,7,284)
r(47,7,7,284)
w(47,8,7,284)
w(45,6,7,290)
w(36,7,7,290)
r(36,7,7,290)
w(45,7,7,290)
r(50,0,9,291)
r(50,0,9,291)
r(45,3,9,291)
r(50,0,9,291)
r(49,0,9,297)
r(45,7,9,297)
r(50,0,9,297)
r(49,0,9,297)
r(36,7,4,299)
w(50,3,4,299)
w(50,4,4,299)
r(50,4,4,299)
w(50,5,4,299)
r(45,7,3,303)
r(50,5,3,303)
r(50,5,3,303)
w(52,1,3,303)
r(52,1,3,303)
r(50,5,3,303)
r(50,5,3,303)
r(52,1,5,308)
r(50,5,5,308)
r(45,7,5,308)
w(53,1,5,308)
w(53,2,5,308)
r(53,2,3,311)
w(54,1,3,311)
r(52,1,3,311)
r(53,2,3,311)
w(52,4,6,316)
r(53,2,6,316)
r(53,2,6,316)
r(52,4,6,316)
r(53,2,6,316)
w(52,5,6,316)
w(52,6,6,316)
r(52,6,4,318)
r(52,6,4,318)
r(54,1,4,318)
w(55,2,4,318)
r(52,6,4,318)
r(55,2,4,318)
w(54,2,5,326)
r(55,2,5,326)
r(55,2,5,326)
w(56,1,5,326)
w(55,3,5,326)
r(55,3,5,326)
w(54,3,5,326)
w(55,4,5,326)
r(51,0,6,331)
r(26,1,6,331)
w(57,1,6,331)
w(57,2,6,331)
r(56,1,6,331)
w(51,3,6,331)
r(56,1,6,331)
w(57,5,1,334)
r(57,5,1,334)
r(57,5,1,334)
r(57,5,1,334)
w(57,6,1,334)
w(57,7,1,334)
w(56,5,1,334)
w(58,1,3,341)
r(54,3,3,341)
w(58,2,3,341)
w(54,5,3,341)
r(58,2,3,341)
w(58,3,3,341)
w(56,6,3,341)
r(58,3,3,341)
r(58,3,3,344)
w(58,8,3,344)
r(58,8,3,344)
w(26,2,3,344)
r(54,5,3,344)
w(54,6,3,344)
r(59,0,8,345)
r(59,0,8,345)
r(59,0,8,345)
w(59,1,8,345)
r(59,1,8,345)
r(60,0,5,351)
w(59,2,5,351)
w(51,6,5,351)
w(59,3,5,351)
r(59,3,5,351)
w(59,4,5,351)
w(51,7,5,351)
w(51,8,3,354)
r(60,0,3,354)
r(60,0,3,354)
r(60,0,3,354)
r(61,0,2,355)
w(60,1,2,355)
r(59,4,2,355)
r(59,4,2,355)
r(59,4,2,355)
w(60,2,2,355)
r(60,2,2,355)
r(61,0,8,359)
r(59,4,8,359)
w(26,4,8,359)
r(26,4,8,359)
w(60,3,8,359)
r(60,3,8,359)
r(59,4,8,362)
w(63,1,8,362)
w(63,2,8,362)
w(60,6,8,362)
w(61,4,7,365)
r(63,2,7,365)
r(63,2,7,365)
r(63,2,7,365)
r(61,4,7,365)
r(61,4,4,368)
r(26,4,4,368)
w(63,5,4,368)
r(63,5,4,368)
w(63,6,4,368)
w(63,7,4,368)
w(63,8,4,368)
r(61,4,4,368)
r(63,2,2,370)
r(63,2,2,370)
w(60,7,2,370)
w(64,1,2,370)
w(64,2,2,370)
w(64,3,2,370)
w(60,8,2,370)
w(64,4,2,370)
r(64,4,4,373)
w(65,2,4,373)
r(64,4,4,373)
w(65,3,4,373)
r(64,4,4,376)
w(61,5,4,376)
w(65,4,4,376)
w(64,6,4,376)
r(61,5,0,380)
w(64,7,0,380)
r(64,7,0,380)
w(65,7,0,380)
r(64,7,0,380)
r(65,7,7,385)
r(66,0,7,385)
w(61,7,7,385)
r(66,0,7,385)
r(66,0,7,385)
r(26,4,7,385)
r(66,0,6,388)
w(65,8,6,388)
r(66,0,6,388)
w(67,1,6,388)
r(66,0,6,388)
w(66,2,9,391)
r(26,4,9,391)
r(66,2,9,391)
w(66,3,9,391)
w(66,4,9,391)
w(66,5,9,391)
r(66,5,5,393)
w(67,2,5,393)
r(66,5,5,393)
r(66,5,5,393)
w(66,7,8,396)
r(66,7,8,396)
r(66,7,8,396)
r(67,2,8,396)
r(66,7,8,396)
r(68,0,6,401)
r(68,0,6,401)
w(67,3,6,401)
w(67,4,6,401)
w(69,1,6,401)
r(68,0,1,406)
r(68,0,1,406)
w(68,1,1,406)
w(68,2,1,406)
w(68,3,1,406)
r(69,0,1,406)
w(68,4,1,406)
r(68,4,1,406)
w(62,6,5,413)
w(70,1,5,413)
w(69,2,5,413)
r(69,2,5,413)
w(67,5,5,413)
r(26,4,6,418)
w(67,6,6,418)
w(67,7,6,418)
w(69,7,6,418)
r(71,0,6,418)
r(71,0,6,418)
w(71,3,9,422)
r(71,3,9,422)
r(71,3,9,422)
r(71,3,9,422)
w(69,8,9,422)
r(71,3,9,422)
w(71,4,9,422)
r(71,4,9,422)
w(73,1,6,425)
r(73,1,6,425)
w(73,2,6,425)
r(71,4,6,425)
r(71,4,6,425)
r(73,2,6,425)
r(71,4,6,425)
r(72,0,4,427)
w(71,8,4,427)
r(73,2,4,427)
r(73,2,4,427)
r(62,6,4,427)
r(75,0,9,438)
r(73,2,9,438)
r(62,6,9,438)
w(75,3,9,438)
w(26,6,9,438)
w(73,3,4,443)
w(74,2,4,443)
w(73,4,4,443)
w(73,5,4,443)
w(74,3,4,443)
w(73,6,4,443)
r(76,0,5,444)
w(77,2,5,444)
r(76,0,5,444)
r(77,2,5,444)
r(77,2,1,448)
r(72,0,1,448)
w(72,4,1,448)
r(77,2,1,448)
r(76,0,1,448)
w(76,2,3,453)
r(76,2,3,453)
r(76,2,3,453)
w(76,3,3,453)
r(77,2,3,453)
r(77,2,3,453)
w(77,3,3,453)
w(76,6,7,459)
r(76,6,7,459)
w(72,6,7,459)
w(76,7,7,459)
r(79,0,7,459)
r(79,0,7,459)
w(79,7,3,465)
r(80,0,3,465)
r(72,6,3,465)
r(72,6,3,465)
r(79,7,3,465)
w(80,3,3,465)
w(79,8,3,465)
r(72,6,6,468)
r(81,0,6,468)
w(78,1,6,468)
r(81,0,6,468)
r(80,3,6,468)
r(80,3,6,468)
w(81,1,5,470)
w(81,2,5,470)
w(80,5,5,470)
w(81,3,5,470)
w(72,7,8,471)
r(81,0,8,471)
r(81,0,8,471)
r(80,3,8,471)
r(81,0,8,471)
w(80,6,8,473)
w(72,8,8,473)
r(80,6,8,473)
r(81,3,8,473)
r(26,6,8,473)
w(81,4,5,478)
w(80,7,5,478)
r(81,4,5,478)
r(81,4,5,478)
r(81,4,5,478)
r(81,4,5,478)
r(81,4,5,478)
w(80,8,8,482)
w(78,2,8,482)
r(82,0,8,482)
r(80,8,8,482)
r(82,0,8,482)
r(80,8,8,482)
r(82,0,5,484)
w(82,1,5,484)
r(82,1,5,484)
r(80,7,5,484)
r(80,7,5,484)
r(83,0,5,484)
w(84,1,5,484)
w(82,2,5,484)
r(82,2,3,487)
r(82,2,3,487)
w(83,1,3,487)
w(82,4,3,487)
r(84,1,4,491)
w(78,3,4,491)
w(84,3,4,491)
w(84,4,4,491)
r(82,4,4,491)
r(78,2,8,492)
w(82,5,8,492)
r(82,5,8,492)
r(82,5,8,492)
r(78,2,8,492)
r(84,1,8,492)
w(82,6,8,492)
r(82,6,8,492)
r(83,1,9,495)
r(82,6,9,495)
r(78,3,9,495)
r(82,6,9,495)
w(78,4,9,495)
w(82,8,6,499)
r(84,4,6,499)
w(83,2,6,499)
r(82,8,6,499)
r(82,8,6,499)
r(82,8,6,499)
r(85,0,6,499)
r(85,0,1,501)
w(84,6,1,501)
w(85,2,1,501)
r(85,2,1,501)
w(83,4,0,503)
r(83,4,0,503)
r(78,4,0,503)
r(85,2,0,503)
r(85,2,0,503)
w(84,7,0,503)
w(84,8,5,506)
w(85,3,5,506)
w(85,4,5,506)
r(84,8,5,506)
r(84,8,5,506)
r(84,8,5,506)
r(85,2,8,507)
r(85,2,8,507)
r(86,0,8,507)
r(85,2,8,507)
r(85,2,8,507)
r(85,2,8,507)
w(78,7,8,517)
r(83,4,8,517)
w(85,7,8,517)
w(86,6,8,517)
w(85,8,8,517)
r(86,6,8,517)
r(86,6,8,517)
r(85,8,8,517)
w(87,5,5,519)
w(87,6,5,519)
w(87,7,5,519)
r(87,7,5,519)
r(87,7,2,522)
r(86,6,2,522)
r(88,0,2,522)
w(26,8,2,522)
w(88,1,2,522)
w(88,2,2,522)
r(88,2,8,527)
w(89,1,8,527)
r(83,4,8,527)
r(88,2,8,527)
w(89,2,8,527)
r(83,4,0,534)
r(89,2,0,534)
r(90,0,0,534)
w(83,8,0,534)
r(88,2,0,534)
w(89,7,0,534)
r(91,0,5,536)
r(88,2,5,536)
w(88,8,5,536)
r(88,8,5,536)
r(89,7,5,536)
w(92,1,5,536)
w(89,8,5,536)
w(92,2,5,536)
w(92,6,7,540)
w(91,1,7,540)
w(92,7,7,540)
r(92,7,7,540)
r(92,7,7,540)
r(89,8,7,540)
r(91,1,2,542)
r(89,8,2,542)
w(92,8,2,542)
w(91,2,2,542)
w(93,1,4,547)
w(93,2,4,547)
w(94,1,4,547)
w(94,2,4,547)
r(78,7,4,547)
w(93,3,4,547)
r(94,2,4,547)
w(93,4,4,547)
r(95,0,8,551)
w(94,3,8,551)
w(95,1,8,551)
r(91,2,8,551)
r(94,3,8,551)
w(94,4,8,551)
w(91,3,1,554)
r(95,1,1,554)
r(94,4,1,554)
w(94,5,1,554)
w(94,7,8,558)
r(94,7,8,558)
r(95,1,8,558)
r(94,7,8,558)
r(98,0,1,563)
r(98,0,1,563)
r(96,0,1,563)
r(90,0,1,563)
w(96,4,5,568)
w(96,5,5,568)
w(90,1,5,568)
r(91,3,5,568)
r(98,0,6,569)
w(98,3,6,569)
r(98,3,6,569)
w(98,4,6,569)
w(98,5,6,569)
r(96,0,6,569)
w(91,6,0,571)
r(97,0,0,571)
w(96,6,0,571)
r(96,6,0,571)
r(96,6,0,571)
w(91,7,0,571)
r(97,0,5,574)
r(98,5,5,574)
r(98,5,5,574)
r(90,1,5,574)
r(91,7,5,574)
r(98,5,5,574)
w(98,6,8,577)
w(91,8,8,577)
w(97,1,8,577)
w(96,7,8,577)
r(98,6,8,577)
r(98,6,8,577)
r(99,0,5,580)
r(99,0,5,580)
r(98,5,5,580)
r(99,0,5,580)
r(98,5,5,580)
w(99,1,7,582)
w(98,8,7,582)
r(99,1,7,582)
r(101,0,7,582)
r(99,1,7,582)
r(99,1,7,582)
r(100,0,7,582)
r(99,1,7,582)
w(99,3,7,586)
w(101,5,7,586)
r(99,3,7,586)
r(99,3,7,586)
r(101,5,7,586)
w(101,6,7,586)
r(101,6,7,589)
r(101,6,7,589)
w(99,7,7,589)
w(101,8,7,589)
r(102,0,3,593)
r(99,7,3,593)
w(90,2,3,593)
r(99,7,3,593)
r(101,8,5,595)
r(101,8,5,595)
w(100,1,5,595)
r(101,8,5,595)
w(102,1,5,595)
r(102,1,5,595)
w(102,2,5,595)
r(102,2,5,595)
w(99,8,1,598)
w(102,4,1,598)
r(99,8,1,598)
w(102,5,1,598)
r(102,5,1,598)
w(103,1,5,602)
w(103,2,5,602)
w(102,6,5,602)
r(102,6,5,602)
w(100,2,5,602)
r(100,2,5,602)
r(102,6,5,602)
r(97,1,5,602)
w(103,4,2,608)
w(104,5,2,608)
w(104,6,2,608)
w(90,3,2,608)
w(105,1,2,611)
r(105,1,2,611)
r(103,4,2,611)
r(103,4,2,611)
r(105,1,2,611)
w(100,6,2,611)
r(90,3,4,614)
w(105,2,4,614)
w(90,4,4,614)
r(103,4,4,614)
r(103,4,4,614)
w(103,5,4,614)
r(105,2,4,614)
w(105,5,3,620)
w(105,6,3,620)
w(100,7,3,620)
w(105,7,3,620)
w(90,5,3,620)
r(105,7,3,620)
w(100,8,3,620)
r(105,2,1,621)
w(103,8,1,621)
r(106,0,1,621)
r(107,0,1,621)
w(107,1,1,629)
w(108,1,1,629)
r(107,1,1,629)
w(107,2,1,629)
w(107,3,1,629)
r(106,0,1,629)
w(106,2,5,633)
r(90,5,5,633)
w(106,3,5,633)
r(107,3,5,633)
w(107,7,5,633)
w(107,8,5,633)
w(109,1,7,635)
w(109,2,7,635)
w(90,6,7,635)
w(108,5,7,635)
w(108,6,7,635)
w(109,3,7,635)
w(108,7,7,635)
r(109,3,7,635)
r(106,3,3,638)
r(109,3,3,638)
r(106,3,3,638)
r(109,3,3,638)
r(109,3,3,638)
w(109,7,3,638)
r(109,7,3,638)
r(109,7,3,638)
r(110,0,0,643)
w(111,1,0,643)
w(111,2,0,643)
r(110,0,0,643)
w(108,8,5,646)
r(110,0,5,646)
r(111,0,5,646)
r(90,6,5,646)
w(110,1,5,646)
r(110,1,5,646)
w(106,6,5,646)
w(110,5,8,651)
r(110,5,8,651)
w(110,6,8,651)
r(110,6,8,651)
r(106,6,8,651)
r(110,6,8,651)
r(97,1,7,656)
w(110,7,7,656)
r(111,2,7,656)
w(110,8,7,656)
w(111,5,8,661)
r(111,5,8,661)
w(97,6,8,661)
r(110,6,8,661)
r(111,5,8,661)
r(110,6,8,661)
w(106,8,8,661)
r(110,6,8,661)
w(112,6,3,666)
w(112,7,3,666)
r(112,7,3,666)
w(112,8,3,666)
r(114,0,3,666)
w(114,1,3,666)
r(115,0,7,669)
w(115,1,7,669)
w(115,2,7,669)
w(114,3,7,669)
w(114,4,6,677)
r(113,0,6,677)
w(114,5,6,677)
w(114,6,6,677)
w(114,7,6,677)
r(115,2,6,677)
w(113,1,6,677)
r(115,2,1,680)
r(113,0,1,680)
w(115,3,1,680)
r(115,3,1,680)
r(114,3,1,680)
w(115,4,1,680)
w(115,5,1,680)
r(116,0,8,684)
r(97,6,8,684)
r(113,1,8,684)
r(116,0,8,684)
r(113,1,0,687)
r(116,0,0,687)
w(116,2,0,687)
r(115,5,0,687)
w(97,8,0,687)
w(116,3,0,687)
w(113,5,3,690)
w(117,2,3,690)
r(113,5,3,690)
r(116,3,3,690)
w(113,6,3,690)
w(117,3,3,690)
w(117,4,3,690)
r(113,6,5,695)
r(116,3,5,695)
w(116,8,5,695)
r(113,6,5,695)
r(117,4,5,695)
w(117,6,5,695)
r(118,0,5,695)
w(118,1,5,695)
r(116,8,9,701)
r(117,6,9,701)
r(116,8,9,701)
r(113,6,9,701)
r(116,8,5,702)
r(113,6,5,702)
r(113,6,5,702)
r(121,0,5,702)
w(121,1,5,702)
r(120,0,5,702)
r(121,0,2,703)
r(121,0,2,703)
w(120,1,2,703)
r(120,1,2,703)
w(120,2,2,703)
r(121,0,2,703)
r(121,0,2,703)
r(120,2,2,705)
r(121,1,2,705)
r(120,2,2,705)
r(121,1,2,705)
r(121,1,5,707)
w(121,2,5,707)
r(121,2,5,707)
r(120,2,5,707)
r(113,6,5,707)
w(121,3,2,711)
r(119,0,2,711)
r(119,0,2,711)
r(121,3,2,711)
w(119,1,2,711)
w(120,5,4,717)
r(121,3,4,717)
w(118,2,4,717)
w(119,2,4,717)
w(120,6,4,717)
w(122,2,5,722)
w(122,3,5,722)
r(120,6,5,722)
r(120,6,5,722)
r(122,3,5,722)
w(122,4,5,722)
r(122,4,1,731)
w(123,2,1,731)
w(122,8,1,731)
r(123,2,1,731)
w(123,3,1,731)
r(123,3,1,731)
w(113,8,1,731)
r(119,2,1,731)
r(125,0,4,733)
r(124,0,4,733)
r(124,0,4,733)
w(125,1,4,733)
r(124,0,4,733)
r(127,0,6,739)
r(125,1,6,739)
w(127,1,6,739)
r(125,1,6,739)
r(127,1,6,739)
w(125,5,6,739)
r(127,1,8,748)
r(127,1,8,748)
w(128,1,8,748)
w(127,5,8,748)
w(119,4,8,748)
w(128,2,8,748)
r(128,2,8,748)
w(127,7,6,763)
r(127,7,6,763)
w(128,5,6,763)
r(128,5,6,763)
w(127,8,6,763)
w(128,6,6,763)
w(126,4,6,763)
r(129,0,2,768)
r(129,0,2,768)
r(126,4,2,768)
r(129,0,2,768)
w(129,7,2,768)
r(126,4,2,768)
r(129,7,2,768)
r(129,7,2,768)
r(119,4,7,773)
r(119,4,7,773)
r(132,0,7,773)
w(131,1,7,773)
r(130,0,9,774)
w(130,7,9,774)
r(132,0,9,774)
r(130,7,9,774)
w(132,3,9,774)
w(132,4,9,774)
w(130,8,9,774)
w(132,5,9,774)
r(132,5,9,778)
r(133,0,9,778)
r(119,4,9,778)
r(133,0,9,778)
r(132,5,9,778)
r(131,1,8,779)
r(119,4,8,779)
r(133,0,8,779)
w(132,8,8,779)
r(132,8,9,789)
r(134,0,9,789)
w(134,1,9,789)
w(134,2,9,789)
r(134,2,9,789)
r(134,2,9,789)
w(134,3,9,789)
r(133,0,9,789)
r(131,1,7,795)
w(131,3,7,795)
r(133,0,7,795)
w(135,7,7,795)
w(135,8,7,795)
w(133,5,7,795)
w(136,1,2,801)
r(119,4,2,801)
r(136,1,2,801)
r(119,4,2,801)
w(136,2,2,801)
r(118,2,2,801)
w(136,3,2,801)
r(133,0,2,801)
r(137,0,4,803)
r(136,0,4,803)
r(131,3,4,803)
r(137,0,4,803)
w(138,1,4,803)
w(138,2,4,803)
w(138,3,1,806)
r(138,3,1,806)
r(138,3,1,806)
w(137,1,1,806)
w(118,6,4,808)
r(137,0,4,808)
r(138,2,4,808)
r(138,2,4,808)
r(138,3,8,812)
r(138,3,8,812)
w(131,5,8,812)
w(138,4,8,812)
r(138,4,0,815)
r(138,4,0,815)
r(138,4,0,815)
w(131,6,0,815)
r(138,4,0,815)
w(138,8,0,815)
r(137,1,0,815)
r(137,1,0,815)
w(118,7,4,818)
r(139,0,4,818)
w(139,1,4,818)
w(139,2,4,818)
r(137,1,9,821)
r(137,1,9,821)
w(137,5,9,821)
r(139,0,9,821)
r(139,0,9,821)
r(139,0,9,821)
r(137,5,9,821)
r(139,2,1,822)
w(139,5,1,822)
r(139,5,1,822)
r(139,5,1,822)
r(140,0,9,829)
r(141,0,9,829)
w(140,2,9,829)
r(140,2,9,829)
w(140,3,9,829)
