w(4,3,9,11)
r(3,0,9,11)
w(1,1,9,11)
r(3,0,9,11)
w(6,1,3,28)
r(1,1,3,28)
r(6,1,3,28)
w(7,1,3,28)
r(8,0,0,33)
r(7,1,0,33)
w(8,6,0,33)
w(8,7,0,33)
r(1,1,5,34)
w(1,4,5,34)
r(8,0,5,34)
w(2,5,5,34)
r(7,1,8,36)
w(8,8,8,36)
r(9,0,8,36)
r(7,1,8,36)
w(7,5,8,36)
r(2,0,8,36)
r(9,0,6,39)
w(9,1,6,39)
w(2,6,6,39)
r(7,5,6,39)
r(9,1,2,43)
r(0,0,2,43)
w(9,3,2,43)
w(7,6,2,43)
r(9,3,2,43)
w(9,4,2,43)
r(9,4,2,43)
r(1,4,2,43)
r(1,4,0,47)
r(7,6,0,47)
r(7,6,0,47)
r(9,4,0,47)
r(2,6,0,47)
r(10,0,0,47)
r(7,6,0,47)
r(10,0,0,47)
r(9,4,2,48)
r(9,4,2,48)
w(9,7,2,48)
w(2,7,2,48)
w(1,5,2,48)
w(9,8,2,48)
r(9,8,2,48)
r(9,8,2,48)
w(10,4,0,54)
r(1,5,0,54)
r(1,5,0,54)
w(10,5,0,54)
r(7,6,0,54)
w(10,6,0,54)
w(1,6,0,54)
r(10,6,0,54)
r(11,0,9,63)
r(12,0,9,63)
w(0,2,9,63)
w(13,1,9,63)
w(11,1,9,63)
w(13,2,9,63)
r(13,2,9,63)
w(12,3,3,69)
w(12,4,3,69)
r(11,0,3,69)
r(13,0,3,69)
r(13,0,3,69)
r(12,4,3,69)
r(12,4,3,69)
r(13,2,7,71)
w(14,1,7,71)
w(11,3,7,71)
r(14,1,7,71)
w(1,8,7,71)
r(14,1,7,71)
w(14,5,5,79)
w(15,1,5,79)
r(14,5,5,79)
w(14,6,5,79)
r(14,6,5,79)
r(14,6,5,79)
w(14,7,5,79)
r(14,7,5,79)
r(15,0,0,80)
r(15,0,0,80)
r(16,0,0,80)
w(16,2,0,80)
r(16,2,0,80)
r(15,1,8,85)
r(16,2,8,85)
w(16,6,8,85)
r(15,1,8,85)
w(17,1,8,85)
r(11,3,8,85)
r(15,1,8,85)
r(16,6,8,85)
r(15,1,3,89)
r(17,1,3,89)
r(17,1,3,89)
w(18,1,3,89)
w(18,2,3,89)
w(18,3,3,89)
r(15,1,3,89)
w(11,8,0,93)
w(18,7,0,93)
r(15,1,0,93)
r(15,1,0,93)
r(15,1,0,93)
r(18,7,0,93)
r(20,0,1,98)
w(15,5,1,98)
w(20,2,1,98)
r(20,2,1,98)
r(20,2,1,98)
r(19,0,1,98)
w(15,6,1,98)
r(21,0,9,105)
r(22,0,9,105)
w(22,1,9,105)
w(22,2,9,105)
r(22,2,9,105)
r(20,2,1,107)
w(20,6,1,107)
w(19,4,1,107)
w(20,7,1,107)
r(20,7,1,107)
r(21,0,7,109)
r(22,2,7,109)
w(22,6,7,109)
r(21,0,7,109)
w(21,2,1,113)
w(19,5,1,113)
r(21,2,1,113)
r(21,2,1,113)
w(22,7,1,113)
r(21,2,1,113)
r(19,5,1,113)
w(22,8,1,113)
r(22,6,6,115)
r(23,0,6,115)
w(23,1,6,115)
w(23,2,6,115)
r(19,4,6,115)
r(21,0,6,115)
w(19,6,4,118)
r(23,2,4,118)
r(21,2,4,118)
r(23,2,4,118)
w(19,7,4,118)
r(23,2,4,118)
w(23,6,4,118)
r(21,2,3,122)
w(21,7,3,122)
r(21,7,3,122)
r(21,7,3,122)
r(19,7,3,122)
w(21,8,3,122)
w(24,1,3,122)
w(25,1,3,122)
w(26,2,3,126)
w(17,3,3,126)
r(24,1,3,126)
w(24,3,3,126)
r(24,3,3,126)
r(24,3,3,126)
w(24,5,7,132)
w(25,3,7,132)
r(24,5,7,132)
w(24,6,7,132)
r(24,6,7,132)
r(24,6,7,132)
r(26,2,7,132)
w(24,7,7,132)
w(25,6,2,140)
r(27,0,2,140)
w(25,7,2,140)
r(27,0,2,140)
w(25,8,6,144)
r(27,0,6,144)
w(28,4,6,144)
r(27,0,6,144)
w(28,5,6,144)
r(27,0,6,144)
w(27,6,6,144)
w(29,4,6,152)
w(29,5,6,152)
w(29,6,6,152)
r(29,6,6,152)
w(28,7,6,152)
r(25,8,6,152)
w(29,7,6,152)
r(29,7,6,152)
r(32,0,0,160)
w(32,4,0,160)
w(31,1,0,160)
r(32,4,0,160)
r(31,1,0,160)
r(32,4,0,160)
r(30,0,0,160)
w(31,5,0,169)
w(31,6,0,169)
r(30,0,0,169)
w(31,7,0,169)
w(33,5,0,169)
r(33,5,0,169)
r(34,0,0,169)
r(31,7,8,171)
r(33,5,8,171)
r(33,5,8,171)
w(33,7,8,171)
r(33,7,8,171)
r(33,7,8,171)
r(30,0,8,171)
w(33,8,8,171)
r(35,0,3,173)
w(35,1,3,173)
r(36,0,3,173)
w(35,2,3,173)
w(35,3,9,176)
r(37,0,9,176)
w(35,4,9,176)
r(35,4,9,176)
r(35,4,9,176)
r(36,0,9,176)
r(36,0,9,176)
r(35,4,9,176)
r(38,0,0,180)
r(37,0,0,180)
r(36,0,0,180)
r(38,0,0,180)
r(35,4,2,182)
r(35,4,2,182)
w(35,7,2,182)
r(37,0,2,182)
r(37,0,2,182)
w(35,8,2,182)
w(38,1,2,182)
r(37,0,6,186)
r(34,0,6,186)
r(34,0,6,186)
w(36,3,6,186)
r(36,0,3,188)
r(37,0,3,188)
r(38,1,3,188)
r(36,0,3,188)
r(38,1,1,189)
w(36,4,1,189)
w(34,1,1,189)
w(38,4,1,189)
r(37,0,7,194)
r(38,4,7,194)
w(36,5,7,194)
w(38,5,7,194)
r(34,1,8,201)
r(38,5,8,201)
w(38,8,8,201)
r(39,0,8,201)
r(40,0,8,201)
r(39,0,8,201)
w(37,5,9,203)
w(39,2,9,203)
r(40,0,9,203)
w(39,3,9,203)
w(40,1,9,203)
w(40,2,9,203)
r(37,5,9,203)
r(40,2,9,203)
w(37,6,7,205)
r(40,2,7,205)
w(40,4,7,205)
r(39,3,7,205)
w(40,5,7,205)
r(40,5,8,207)
r(39,3,8,207)
r(40,5,8,207)
r(40,5,8,207)
w(39,4,4,210)
r(40,5,4,210)
w(39,5,4,210)
r(40,5,4,210)
r(34,1,4,210)
r(41,0,5,213)
r(41,0,5,213)
w(37,7,5,213)
r(41,0,5,213)
w(41,2,8,215)
w(41,3,8,215)
w(0,5,8,215)
r(39,5,8,215)
r(39,5,8,215)
r(39,5,8,215)
w(41,4,2,220)
r(34,1,2,220)
w(41,5,2,220)
r(34,1,2,220)
r(34,1,2,220)
r(41,5,2,220)
w(41,6,2,220)
w(0,6,2,220)
w(42,3,1,225)
r(0,6,1,225)
r(42,3,1,225)
r(39,5,1,225)
r(34,1,1,225)
r(43,0,1,225)
r(0,6,1,225)
w(42,4,1,225)
w(45,3,9,232)
w(45,4,9,232)
r(45,4,9,232)
w(44,2,9,232)
r(34,1,9,232)
w(45,5,1,234)
w(44,3,1,234)
r(44,3,1,234)
r(44,3,1,234)
w(44,4,1,234)
w(44,5,1,234)
r(46,0,9,243)
w(46,5,9,243)
r(0,6,9,243)
w(46,6,9,243)
r(46,6,9,243)
w(46,7,9,243)
r(49,0,2,249)
r(50,0,2,249)
r(49,0,2,249)
r(50,0,2,249)
w(47,3,0,251)
w(47,4,0,251)
w(47,5,0,251)
r(47,5,0,251)
w(43,5,0,251)
w(47,6,0,251)
w(49,1,0,251)
w(50,1,9,255)
r(43,5,9,255)
r(49,1,9,255)
w(49,5,9,255)
r(49,5,9,255)
w(49,8,7,260)
r(43,5,7,260)
r(49,8,7,260)
r(49,8,7,260)
r(49,8,7,260)
w(52,1,7,260)
w(52,2,7,260)
w(50,3,7,260)
w(43,8,2,263)
r(50,3,2,263)
w(52,7,2,263)
w(50,5,2,263)
w(50,6,5,265)
w(50,7,5,265)
w(52,8,5,265)
r(43,8,5,265)
r(52,8,5,265)
w(53,1,3,269)
w(50,8,3,269)
r(50,8,3,269)
w(53,2,3,269)
r(43,8,3,269)
r(53,2,8,273)
w(53,8,8,273)
r(51,0,8,273)
r(54,0,8,273)
r(53,8,8,273)
w(56,4,6,282)
r(54,0,6,282)
r(55,0,6,282)
r(56,4,6,282)
w(48,4,6,282)
w(55,1,6,282)
r(54,0,6,282)
w(57,2,9,288)
r(54,0,9,288)
w(54,6,9,288)
w(54,7,9,288)
w(57,3,9,288)
r(48,0,9,288)
r(57,3,9,288)
w(57,4,9,288)
r(57,0,1,292)
w(55,3,1,292)
w(58,1,1,292)
r(59,0,1,292)
w(58,2,1,292)
w(58,3,1,292)
w(59,1,1,292)
w(59,4,2,296)
w(58,4,2,296)
r(59,4,2,296)
r(55,3,2,296)
r(59,4,1,299)
w(55,7,1,299)
r(59,4,1,299)
w(59,6,1,299)
w(59,7,3,302)
r(59,7,3,302)
r(59,7,3,302)
w(55,8,3,302)
w(51,2,3,302)
w(59,8,3,302)
w(58,6,3,302)
r(55,8,3,302)
r(55,8,1,308)
w(58,8,1,308)
w(60,1,1,308)
w(60,2,1,308)
w(61,1,1,308)
w(60,3,1,308)
r(60,3,1,308)
w(61,2,1,308)
w(60,8,2,311)
r(51,2,2,311)
r(60,8,2,311)
r(60,8,2,311)
w(62,1,1,316)
r(55,8,1,316)
r(62,1,1,316)
w(62,2,1,316)
w(62,3,1,316)
r(61,2,7,318)
r(62,3,7,318)
w(51,5,7,318)
r(62,3,7,318)
r(62,3,7,318)
r(62,3,7,318)
r(63,0,7,318)
w(63,1,4,320)
r(55,8,4,320)
r(48,4,4,320)
w(62,5,4,320)
r(62,5,4,320)
w(62,6,4,320)
w(51,6,1,321)
w(51,7,1,321)
r(51,7,1,321)
r(55,8,1,321)
w(62,7,0,325)
w(63,2,0,325)
r(63,2,0,325)
r(62,7,0,325)
w(63,3,0,325)
r(64,0,8,328)
r(63,3,8,328)
r(64,0,8,328)
r(63,3,8,328)
w(65,1,8,328)
w(63,4,3,329)
r(64,0,3,329)
r(64,0,3,329)
r(65,0,3,329)
w(64,3,3,329)
w(63,5,8,331)
w(64,4,8,331)
r(64,4,8,331)
r(63,5,8,331)
r(63,5,8,331)
w(64,5,8,333)
w(65,2,8,333)
r(65,2,8,333)
r(64,5,8,333)
w(63,6,6,335)
r(64,5,6,335)
w(64,6,6,335)
w(65,3,6,335)
r(64,6,2,339)
r(65,3,2,339)
r(64,6,2,339)
w(63,8,2,339)
r(63,8,2,339)
r(64,6,2,339)
r(48,4,2,339)
r(65,3,7,341)
r(63,6,7,341)
r(66,0,7,341)
r(66,0,7,341)
w(66,1,7,341)
r(65,3,3,343)
r(66,1,3,343)
r(66,1,3,343)
w(66,2,3,343)
w(67,1,3,343)
w(66,3,3,343)
w(66,4,9,347)
w(67,2,9,347)
r(66,4,9,347)
r(66,4,9,347)
w(66,5,9,347)
w(65,5,9,347)
r(65,5,9,347)
r(68,0,6,349)
w(68,1,6,349)
r(68,1,6,349)
w(67,4,6,349)
w(65,6,2,354)
w(51,8,2,354)
w(48,8,2,354)
w(67,5,2,354)
w(67,6,2,354)
w(68,2,2,354)
r(67,6,2,354)
r(68,2,7,358)
w(69,1,7,358)
r(68,2,7,358)
w(68,5,7,358)
r(67,6,7,358)
w(67,7,7,358)
r(70,0,3,363)
r(65,6,3,363)
r(68,5,3,363)
r(68,5,3,363)
r(48,8,3,363)
r(69,1,3,363)
w(70,2,3,363)
r(72,0,3,363)
r(72,0,1,369)
w(72,1,1,369)
r(70,0,1,369)
r(72,1,1,369)
w(72,2,1,369)
r(70,0,1,369)
r(70,0,1,369)
r(72,2,1,369)
w(72,8,3,376)
w(70,4,3,376)
r(73,0,3,376)
w(69,2,3,376)
w(70,5,3,376)
r(73,0,3,376)
w(70,6,3,376)
w(73,1,0,379)
r(73,1,0,379)
w(73,2,0,379)
w(73,3,0,379)
w(71,4,0,379)
r(69,1,0,379)
r(48,8,0,379)
w(75,1,1,384)
r(75,1,1,384)
r(74,0,1,384)
r(75,1,1,384)
r(74,0,1,384)
w(74,5,4,390)
w(76,1,4,390)
r(76,1,4,390)
r(76,1,4,390)
w(71,5,0,398)
r(71,5,0,398)
r(76,1,0,398)
r(76,1,0,398)
w(76,4,0,398)
r(76,4,0,398)
w(74,8,0,398)
r(69,2,2,402)
w(78,3,2,402)
w(79,1,2,402)
r(77,0,2,402)
r(79,1,2,402)
w(71,7,2,402)
r(79,1,2,402)
w(69,4,9,404)
r(79,0,9,404)
r(79,0,9,404)
r(71,5,9,404)
r(79,0,9,404)
w(79,2,7,405)
w(79,3,7,405)
r(78,3,7,405)
w(79,4,7,405)
r(79,4,7,405)
r(79,4,1,409)
w(79,5,1,409)
r(79,5,1,409)
r(79,5,1,409)
w(79,7,1,411)
r(78,3,1,411)
r(78,3,1,411)
r(78,3,1,411)
r(71,7,1,414)
w(78,4,1,414)
r(77,0,1,414)
r(79,7,1,414)
r(79,7,0,417)
w(79,8,0,417)
r(79,8,0,417)
r(71,7,0,417)
w(71,8,0,417)
r(80,0,0,417)
w(81,1,0,417)
w(80,1,1,419)
r(80,1,1,419)
w(78,5,1,419)
r(80,1,1,419)
w(78,8,1,423)
w(80,3,1,423)
r(80,3,1,423)
w(81,3,1,423)
w(69,6,3,426)
w(82,1,3,426)
w(82,2,3,426)
r(69,6,3,426)
r(80,3,3,426)
r(82,2,3,426)
r(80,3,3,426)
r(80,3,0,431)
r(82,2,0,431)
r(80,3,0,431)
w(69,7,0,431)
r(82,2,0,431)
r(82,2,0,431)
w(77,3,2,436)
w(80,7,2,436)
w(80,8,2,436)
w(82,5,2,436)
r(83,0,2,436)
w(83,1,2,436)
r(83,1,0,437)
r(77,3,0,437)
r(69,7,0,437)
w(81,5,0,437)
r(81,5,0,437)
r(69,7,0,437)
w(82,8,0,437)
r(83,1,0,437)
w(81,6,8,445)
r(69,7,8,445)
r(83,1,8,445)
w(83,2,8,445)
w(84,1,8,445)
w(81,7,8,445)
w(83,3,8,445)
w(84,8,1,450)
r(85,0,1,450)
r(85,0,1,450)
w(85,3,1,450)
r(84,8,1,450)
r(85,3,8,455)
r(88,0,8,455)
r(89,0,8,455)
r(86,0,8,455)
w(86,1,8,455)
r(77,3,8,455)
w(85,6,6,458)
w(88,1,6,458)
r(88,1,6,458)
r(86,0,6,458)
r(85,6,6,458)
w(85,7,6,458)
w(85,8,6,458)
w(89,1,1,463)
w(89,2,1,463)
w(89,3,1,463)
w(89,4,1,463)
r(89,4,1,463)
w(89,5,1,463)
w(89,6,1,463)
w(89,7,1,463)
r(89,0,4,464)
r(90,0,4,464)
r(90,0,4,464)
w(86,6,4,464)
r(90,0,4,464)
r(86,1,8,466)
r(86,1,8,466)
w(87,1,8,466)
r(86,1,8,466)
r(87,1,8,466)
r(86,1,8,466)
w(90,1,8,466)
r(86,6,3,469)
r(86,6,3,469)
w(86,8,3,469)
w(90,4,3,469)
r(86,8,0,472)
r(90,4,0,472)
w(90,5,0,472)
r(86,8,0,472)
r(90,5,0,472)
w(90,6,0,472)
w(90,7,0,472)
w(91,4,5,475)
r(91,4,5,475)
w(91,5,5,475)
r(90,7,5,475)
r(88,1,1,479)
w(87,3,1,479)
r(87,3,1,479)
r(92,0,1,479)
r(91,5,1,479)
r(87,3,1,479)
r(91,5,6,481)
w(92,1,6,481)
w(92,2,6,481)
w(91,6,6,481)
r(92,2,0,484)
r(92,2,0,484)
r(88,1,0,484)
r(92,2,0,484)
r(92,2,0,484)
w(93,1,9,485)
r(87,3,9,485)
w(87,4,9,485)
w(92,6,9,485)
w(92,7,9,485)
w(92,8,4,490)
w(94,1,4,490)
w(94,2,4,490)
r(94,2,4,490)
w(94,3,4,490)
w(94,4,4,490)
w(88,2,5,491)
w(87,5,5,491)
w(93,2,5,491)
r(87,5,5,491)
w(94,5,5,493)
w(94,6,5,493)
w(93,3,5,493)
w(94,7,5,493)
r(94,7,5,493)
w(94,8,0,497)
w(88,4,0,497)
r(93,3,0,497)
r(88,4,0,497)
w(87,7,0,497)
r(95,0,1,500)
r(95,0,1,500)
r(87,5,1,500)
w(95,1,1,500)
w(95,2,1,500)
w(93,4,1,500)
w(93,6,8,504)
r(95,2,8,504)
r(95,2,8,504)
w(93,7,8,504)
r(95,2,8,504)
r(95,2,8,504)
w(95,8,8,504)
r(93,7,8,504)
r(97,0,6,511)
w(97,2,6,511)
r(98,0,6,511)
w(88,5,6,511)
w(97,8,6,515)
w(96,4,6,515)
w(98,2,6,515)
r(98,2,6,515)
r(97,8,6,515)
w(96,5,7,518)
r(97,8,7,518)
r(97,8,7,518)
w(96,6,7,518)
r(88,5,7,518)
w(96,7,7,518)
r(97,8,7,518)
r(96,7,0,519)
r(97,8,0,519)
r(96,7,0,519)
r(97,8,0,519)
w(99,1,0,519)
r(88,5,0,519)
w(99,2,0,519)
w(98,3,9,523)
w(99,3,9,523)
r(99,3,9,523)
r(99,3,9,523)
r(96,7,9,523)
r(99,3,9,523)
r(96,7,9,523)
r(99,3,9,523)
r(99,3,3,527)
r(96,7,3,527)
r(99,3,3,527)
w(99,5,3,527)
r(96,7,3,527)
r(96,7,3,527)
w(99,6,3,527)
r(96,7,3,527)
w(100,2,4,535)
r(98,3,4,535)
r(101,0,4,535)
w(98,5,4,535)
w(100,3,4,535)
w(100,4,4,535)
r(101,0,4,535)
r(98,3,5,536)
r(100,0,5,536)
w(101,5,5,536)
r(98,3,5,536)
w(100,6,5,543)
w(98,8,5,543)
w(101,8,5,543)
r(101,8,5,543)
w(88,7,5,543)
r(101,8,5,543)
r(102,0,5,543)
r(88,5,6,545)
r(102,0,6,545)
r(102,0,6,545)
w(103,1,6,545)
r(88,7,2,548)
r(103,1,2,548)
w(102,5,2,548)
r(102,5,2,548)
r(102,5,4,549)
r(102,5,4,549)
r(103,1,4,549)
w(103,2,4,549)
r(102,5,4,549)
w(102,6,4,549)
r(103,2,2,551)
r(103,2,2,551)
w(104,1,2,551)
w(102,7,2,551)
r(102,7,3,554)
r(102,7,3,554)
w(102,8,3,554)
w(105,1,3,554)
w(105,2,3,554)
w(105,3,3,554)
r(105,3,1,559)
r(88,7,1,559)
r(88,7,1,559)
w(103,4,1,559)
w(103,5,1,559)
r(104,1,3,565)
w(106,2,3,565)
w(107,1,3,565)
r(88,7,3,565)
r(106,2,3,565)
w(107,2,3,565)
r(106,2,3,565)
r(104,1,3,565)
w(106,5,4,570)
w(106,6,4,570)
r(88,7,4,570)
w(106,7,4,570)
r(104,1,4,570)
r(88,7,4,570)
r(106,7,4,570)
r(104,1,3,571)
r(108,0,3,571)
w(107,5,3,571)
w(108,1,3,571)
r(107,5,0,574)
r(108,1,0,574)
w(108,2,0,574)
r(108,2,0,574)
w(108,3,0,574)
r(104,1,0,574)
w(107,6,0,574)
r(108,3,0,578)
w(108,5,0,578)
w(108,6,0,578)
w(109,1,0,578)
w(108,7,0,578)
r(109,1,0,578)
w(109,2,0,578)
r(109,2,0,578)
r(108,7,4,582)
w(108,8,4,582)
r(104,1,4,582)
r(108,8,4,582)
w(109,5,4,582)
w(104,2,4,582)
w(109,6,4,582)
r(109,6,1,585)
r(110,0,1,585)
w(104,3,1,585)
w(111,2,1,585)
w(104,4,1,585)
w(77,7,8,589)
w(111,3,8,589)
r(111,3,8,589)
w(111,4,8,589)
r(109,6,8,589)
r(111,4,8,589)
w(109,8,8,589)
w(104,5,8,589)
r(111,4,4,594)
r(77,7,4,594)
r(109,8,4,594)
r(104,5,4,594)
r(110,0,4,594)
r(110,0,4,594)
w(111,8,4,594)
r(111,8,4,594)
w(112,1,8,596)
r(104,5,8,596)
r(111,4,8,596)
w(104,6,8,596)
r(104,6,8,596)
r(112,1,8,596)
w(104,7,8,596)
w(114,4,9,600)
r(114,4,9,600)
r(114,4,9,600)
r(114,4,9,600)
r(114,4,9,600)
w(104,8,9,600)
r(114,4,9,600)
r(114,4,8,603)
w(114,5,8,603)
w(110,2,8,603)
r(114,5,8,603)
r(116,0,7,611)
w(112,6,7,611)
w(116,1,7,611)
w(115,1,7,611)
r(112,6,7,611)
w(112,7,7,611)
w(116,2,7,611)
w(112,8,7,611)
r(116,2,5,614)
w(115,2,5,614)
w(116,5,5,614)
r(115,2,5,614)
r(116,5,7,621)
w(115,3,7,621)
r(116,5,7,621)
r(116,5,7,621)
r(115,3,7,621)
r(116,5,7,621)
r(116,5,7,621)
r(117,0,0,623)
w(117,2,0,623)
w(113,3,0,623)
r(117,2,0,623)
w(117,3,0,623)
r(116,5,0,623)
r(116,5,0,623)
w(117,7,8,630)
r(118,0,8,630)
w(117,8,8,630)
r(113,3,8,630)
w(115,6,9,632)
r(118,0,9,632)
w(118,7,9,632)
r(118,7,9,632)
r(119,0,9,632)
w(118,8,9,632)
w(115,7,9,632)
r(119,0,9,632)
r(118,0,3,633)
w(120,1,3,633)
w(120,2,3,633)
r(120,2,3,633)
w(120,3,3,633)
r(119,0,3,633)
w(120,4,4,635)
r(120,4,4,635)
r(120,4,4,635)
r(110,2,4,635)
w(120,5,9,640)
w(119,1,9,640)
w(119,2,9,640)
w(115,8,9,640)
r(119,2,9,640)
w(120,6,9,640)
w(120,7,9,640)
r(122,0,1,645)
w(122,3,1,645)
r(122,3,1,645)
w(121,3,1,645)
r(121,3,1,645)
r(119,2,1,645)
r(122,3,3,651)
w(119,7,3,651)
w(122,6,3,651)
r(119,7,3,651)
r(122,6,3,651)
w(119,8,3,651)
r(121,3,8,653)
r(122,3,8,653)
r(119,2,8,653)
r(119,2,8,653)
r(121,3,8,653)
r(125,0,0,656)
r(124,0,0,656)
r(124,0,0,656)
r(124,0,0,656)
r(124,0,0,656)
w(124,1,0,656)
w(124,2,0,656)
w(124,3,0,656)
w(124,5,3,662)
r(124,5,3,662)
w(124,6,3,662)
r(124,6,3,662)
r(126,0,5,669)
w(126,2,5,669)
r(126,2,5,669)
w(125,2,5,669)
w(126,3,5,669)
r(125,2,0,674)
r(128,0,0,674)
r(123,0,0,674)
r(125,2,0,674)
w(125,4,0,674)
w(128,1,0,674)
r(123,0,0,674)
r(123,0,2,684)
w(128,3,2,684)
r(125,4,2,684)
r(113,3,2,684)
w(123,2,2,684)
r(128,3,2,684)
w(128,4,2,684)
r(128,4,2,684)
w(129,1,6,686)
r(113,3,6,686)
w(129,2,6,686)
r(113,3,6,686)
w(127,6,6,686)
w(129,3,6,686)
w(113,4,5,689)
w(129,5,5,689)
r(123,2,5,689)
r(129,5,5,689)
r(113,4,5,689)
w(125,8,5,689)
w(127,7,1,693)
r(127,7,1,693)
w(123,3,1,693)
w(129,6,1,693)
r(131,0,3,698)
w(131,1,3,698)
r(131,1,3,698)
r(127,7,3,698)
w(130,2,3,698)
w(130,3,3,698)
w(131,2,3,698)
w(131,4,4,701)
r(131,4,4,701)
w(131,5,4,701)
r(131,5,4,701)
w(131,6,4,701)
r(130,3,3,706)
r(131,6,3,706)
w(131,7,3,706)
r(131,7,3,706)
w(130,4,3,706)
r(131,7,3,706)
w(130,5,3,706)
w(131,8,3,706)
r(133,0,4,709)
w(133,7,4,709)
w(133,8,4,709)
r(123,3,4,709)
w(113,5,4,709)
r(133,8,4,709)
r(132,0,4,709)
r(134,0,4,709)
r(134,0,5,717)
w(134,1,5,717)
w(135,1,5,717)
w(135,2,5,717)
r(134,1,5,717)
w(113,6,5,717)
r(135,2,0,723)
w(135,3,0,723)
w(134,7,0,723)
w(123,6,0,723)
w(135,4,0,723)
r(136,0,8,728)
r(136,0,8,728)
r(136,0,8,728)
w(136,4,8,728)
r(136,4,8,728)
r(136,4,8,728)
r(136,4,8,728)
r(136,4,8,728)
w(136,6,5,732)
w(136,7,5,732)
r(136,7,5,732)
r(138,0,5,732)
w(136,8,5,732)
w(138,1,8,735)
w(140,1,8,735)
r(140,1,8,735)
w(140,2,8,735)
w(140,3,8,735)
w(138,2,8,735)
w(140,4,8,735)
r(140,4,3,738)
r(140,4,3,738)
w(140,7,3,738)
w(140,8,3,738)
r(140,8,3,738)
w(139,1,3,738)
r(138,2,9,739)
w(141,1,9,739)
w(141,2,9,739)
w(141,3,9,739)
r(141,3,7,741)
r(138,2,7,741)
w(141,4,7,741)
r(138,2,7,741)
r(139,1,7,741)
r(141,4,7,741)
r(141,4,7,741)
r(132,0,7,741)
w(141,5,2,745)
w(141,6,2,745)
r(141,6,2,745)
w(138,5,2,745)
r(139,1,2,745)
r(141,6,2,745)
r(139,1,1,747)
r(141,6,1,747)
r(141,6,1,747)
r(141,6,1,747)
r(141,6,1,747)
r(138,5,1,747)
r(132,0,1,747)
w(138,7,1,747)
w(138,8,9,749)
r(132,0,9,749)
w(141,8,9,749)
r(139,1,9,749)
r(142,0,3,756)
w(142,1,3,756)
w(142,2,3,756)
r(142,2,3,756)
r(142,2,3,756)
w(132,6,3,756)
w(137,1,2,758)
w(143,1,2,758)
r(137,1,2,758)
w(137,2,2,758)
r(143,1,2,758)
r(132,0,2,758)
w(143,2,2,758)
w(143,7,8,763)
r(142,2,8,763)
w(139,2,8,763)
r(139,2,8,763)
w(139,3,8,763)
r(142,2,8,763)
w(143,8,8,763)
r(143,2,2,771)
r(142,2,2,771)
w(142,6,2,771)
r(144,0,2,771)
r(144,0,2,771)
w(145,1,2,771)
r(137,2,7,776)
r(146,0,7,776)
w(146,1,7,776)
r(145,0,7,776)
w(144,2,7,776)
r(146,1,7,776)
w(146,2,7,776)
r(146,2,7,776)
r(146,2,0,782)
w(139,5,0,782)
w(144,8,0,782)
w(145,4,0,782)
r(137,2,0,782)
w(145,5,0,782)
r(146,2,0,782)
r(145,5,0,782)
w(139,7,9,786)
r(146,2,9,786)
r(147,0,9,786)
r(144,8,9,786)
r(144,8,9,786)
r(144,8,9,786)
w(145,8,9,786)
w(147,1,8,791)
r(144,8,8,791)
r(147,1,8,791)
r(147,1,8,791)
w(148,1,8,791)
r(147,1,8,803)
w(147,8,8,803)
r(151,0,8,803)
w(148,7,8,803)
w(151,1,8,803)
w(149,4,8,803)
w(152,1,8,807)
r(152,1,8,807)
w(151,8,8,807)
r(152,1,8,807)
w(149,7,1,822)
r(155,0,1,822)
r(155,0,1,822)
w(154,4,1,822)
r(155,0,1,822)
r(154,4,1,822)
w(153,5,6,825)
w(150,2,6,825)
r(153,5,6,825)
w(150,3,6,825)
r(153,5,6,825)
r(153,5,6,825)
w(152,5,6,825)
w(153,6,6,825)
r(154,4,9,826)
r(149,7,9,826)
w(154,7,9,826)
w(154,8,9,826)
r(156,0,9,826)
w(159,2,2,846)
r(157,0,2,846)
r(155,0,2,846)
r(159,2,2,846)
r(159,2,2,852)
w(159,4,2,852)
r(160,0,2,852)
r(160,0,2,852)
w(159,5,2,852)
w(159,6,2,852)
w(160,1,2,852)
w(156,2,7,866)
w(156,3,7,866)
w(156,4,7,866)
r(155,0,7,866)
r(156,4,7,866)
r(156,4,7,866)
r(155,0,7,866)
r(150,3,0,867)
r(158,0,0,867)
r(158,0,0,867)
r(158,0,0,867)
w(158,7,0,867)
w(158,8,0,867)
w(160,4,4,868)
r(157,0,4,868)
r(159,6,4,868)
w(159,8,4,868)
r(150,3,4,868)
w(160,5,4,868)
w(162,2,2,874)
r(137,2,2,874)
r(161,0,2,874)
w(162,3,2,874)
w(162,4,2,874)
w(162,5,2,874)
r(160,1,2,874)
w(161,3,1,875)
w(150,6,1,875)
r(162,0,1,875)
r(162,0,1,875)
w(164,3,7,882)
r(164,3,7,882)
w(163,5,7,882)
r(164,3,7,882)
w(161,5,7,882)
w(164,4,7,882)
r(164,4,7,882)
w(164,6,2,887)
r(163,5,2,887)
r(161,5,2,887)
r(161,5,2,887)
w(164,7,7,890)
r(163,5,7,890)
w(165,1,7,890)
r(165,1,7,890)
r(164,7,7,890)
r(165,1,7,895)
w(165,3,7,895)
r(165,3,7,895)
r(166,0,7,895)
r(161,5,7,895)
w(161,8,7,895)
r(165,3,7,895)
w(166,1,4,901)
r(166,1,4,901)
w(150,8,4,901)
r(161,8,4,901)
w(166,2,4,901)
r(165,3,4,901)
r(166,2,4,901)
w(166,5,6,905)
w(165,5,6,905)
r(165,5,6,905)
r(165,5,6,905)
w(166,6,6,905)
w(165,6,6,905)
r(165,6,13,909)
r(168,0,13,909)
w(168,1,13,909)
w(168,2,13,909)
w(168,3,13,909)
r(137,2,2,914)
w(169,1,2,914)
r(169,1,2,914)
r(168,3,2,914)
r(169,1,1,922)
w(169,6,1,922)
w(171,1,1,922)
r(171,1,1,922)
r(167,0,1,922)
r(169,6,1,922)
w(171,2,1,922)
r(169,6,5,926)
r(171,2,5,926)
w(171,4,5,926)
r(167,0,5,926)
r(171,4,5,926)
w(169,8,19,931)
w(171,6,19,931)
r(169,8,19,931)
w(171,7,19,931)
r(169,8,19,931)
r(171,7,4,934)
r(167,0,4,934)
r(172,0,4,934)
r(170,0,4,934)
w(173,1,4,934)
w(173,5,1,938)
w(173,6,1,938)
r(170,0,1,938)
w(167,3,1,938)
w(174,1,19,941)
w(174,2,19,941)
w(170,5,19,941)
r(174,2,19,941)
r(174,2,19,941)
w(174,3,19,941)
w(174,4,0,946)
r(174,4,0,946)
w(170,6,0,946)
w(172,2,0,946)
r(174,4,0,946)
w(174,5,0,946)
r(175,0,2,949)
r(175,0,2,949)
w(175,1,2,949)
w(172,3,2,949)
w(175,2,19,951)
w(175,3,19,951)
r(175,3,19,951)
r(175,3,19,951)
w(167,5,19,951)
r(175,3,19,951)
w(175,4,19,951)
r(172,3,5,953)
r(175,4,5,953)
r(175,4,5,953)
r(175,4,5,953)
r(175,4,5,953)
r(172,3,5,953)
w(170,8,8,958)
w(172,4,8,958)
r(175,4,8,958)
r(175,4,8,958)
w(172,5,8,958)
r(175,4,8,958)
r(167,5,5,959)
r(170,6,5,959)
w(167,6,5,959)
w(175,6,5,959)
r(175,6,4,962)
r(170,8,4,962)
w(175,7,4,962)
r(175,7,4,962)
w(175,8,4,962)
r(177,0,4,962)
r(177,0,4,962)
w(177,1,4,962)
r(177,0,7,963)
r(177,0,7,963)
w(176,1,7,963)
w(167,7,7,963)
r(176,1,1,966)
r(177,1,1,966)
w(177,2,1,966)
r(137,2,1,966)
r(177,2,1,966)
r(177,1,5,968)
r(177,1,5,968)
w(176,2,5,968)
r(177,1,5,968)
r(176,2,5,968)
r(177,1,5,968)
w(176,3,5,968)
r(177,1,5,968)
r(176,1,13,970)
r(176,1,13,970)
w(177,3,13,970)
r(167,7,13,970)
r(176,3,1,974)
r(178,0,1,974)
w(177,5,1,974)
r(177,5,1,974)
r(176,3,1,974)
w(167,8,1,974)
r(177,5,1,974)
r(176,3,1,974)
r(177,5,4,980)
w(177,8,4,980)
w(178,2,4,980)
w(179,1,4,980)
w(179,2,4,980)
w(176,4,4,980)
r(179,2,6,983)
w(176,6,6,983)
r(178,2,6,983)
w(180,1,6,983)
w(179,6,19,988)
r(176,6,19,988)
w(179,7,19,988)
w(179,8,19,988)
r(179,8,19,988)
r(180,1,8,989)
w(176,8,8,989)
r(179,2,8,989)
r(181,0,8,989)
r(181,0,8,989)
w(181,1,8,989)
w(181,2,8,989)
r(182,0,6,993)
r(137,2,6,993)
r(182,0,6,993)
r(181,2,6,993)
w(181,3,6,993)
r(181,3,6,993)
w(182,2,7,999)
r(183,0,7,999)
r(183,0,7,999)
r(178,2,7,999)
w(178,6,5,1003)
r(184,0,5,1003)
w(184,1,5,1003)
r(184,1,5,1003)
w(184,2,5,1003)
w(182,3,5,1003)
w(184,3,19,1006)
w(178,7,19,1006)
r(184,3,19,1006)
r(180,1,19,1006)
w(184,4,13,1007)
r(180,1,13,1007)
w(184,5,13,1007)
r(182,3,13,1007)
r(180,1,0,1009)
r(137,2,0,1009)
r(184,5,0,1009)
r(184,5,0,1009)
r(184,5,5,1011)
r(182,3,5,1011)
r(178,7,5,1011)
r(184,5,5,1011)
r(184,5,5,1011)
w(184,6,5,1011)
w(180,4,5,1011)
w(185,2,19,1021)
r(182,3,19,1021)
w(185,3,19,1021)
r(185,3,19,1021)
r(185,3,19,1021)
r(185,3,19,1021)
w(182,4,6,1022)
r(184,6,6,1022)
w(184,7,6,1022)
w(180,5,6,1022)
w(184,8,6,1022)
r(182,4,6,1022)
r(184,8,6,1022)
r(185,3,6,1026)
r(185,3,6,1026)
w(187,2,6,1026)
w(185,8,6,1026)
r(137,2,2,1027)
w(186,1,2,1027)
r(187,0,2,1027)
r(188,0,2,1027)
r(188,0,2,1027)
r(188,0,2,1027)
r(188,0,2,1027)
r(180,5,2,1027)
r(186,1,13,1030)
w(188,1,13,1030)
r(187,2,13,1030)
r(188,1,13,1030)
r(188,1,4,1042)
w(188,3,4,1042)
w(188,4,4,1042)
r(187,2,4,1042)
r(187,2,4,1042)
w(180,8,4,1042)
w(186,4,4,1042)
r(188,4,4,1042)
w(189,1,5,1045)
w(191,1,5,1045)
w(191,2,5,1045)
w(191,3,5,1045)
w(191,4,5,1045)
w(191,5,5,1045)
r(189,1,5,1045)
r(191,5,2,1048)
w(191,8,2,1048)
r(191,8,2,1048)
w(189,2,2,1048)
r(186,4,2,1048)
w(189,3,2,1048)
r(190,0,2,1048)
r(192,0,2,1048)
r(186,4,7,1049)
w(192,1,7,1049)
w(192,2,7,1049)
r(189,1,7,1049)
r(192,2,13,1053)
w(192,3,13,1053)
r(192,3,13,1053)
r(192,3,13,1053)
r(186,4,5,1055)
r(189,3,5,1055)
r(189,3,5,1055)
r(192,2,5,1055)
r(189,3,5,1055)
w(186,7,5,1055)
w(189,8,5,1055)
r(192,3,1,1057)
r(192,3,1,1057)
w(192,6,1,1057)
r(189,8,1,1057)
w(186,8,6,1060)
w(192,7,6,1060)
r(192,7,6,1060)
r(189,8,6,1060)
w(192,8,6,1060)
r(192,8,6,1060)
w(193,1,6,1060)
r(193,1,19,1064)
r(194,0,19,1064)
r(190,0,19,1064)
w(195,1,19,1064)
r(137,2,19,1064)
w(193,3,19,1064)
r(193,3,19,1064)
w(193,5,1,1067)
r(194,0,1,1067)
r(195,1,1,1067)
w(193,6,1,1067)
r(193,6,1,1067)
r(194,0,6,1070)
r(190,0,6,1070)
r(137,2,6,1070)
w(195,2,6,1070)
w(190,2,2,1072)
r(137,2,2,1072)
r(193,6,2,1072)
w(194,1,2,1072)
w(193,7,2,1072)
r(195,2,0,1081)
r(196,0,0,1081)
w(196,2,0,1081)
r(196,2,0,1081)
w(196,3,0,1081)
w(197,1,1,1086)
r(196,3,1,1086)
w(190,5,1,1086)
w(196,8,1,1086)
w(198,1,19,1087)
r(196,3,19,1087)
w(198,2,19,1087)
r(196,3,19,1087)
r(196,3,19,1087)
r(198,2,6,1089)
w(194,7,6,1089)
r(199,0,6,1089)
r(198,2,6,1089)
w(198,3,6,1089)
r(199,0,6,1089)
r(199,0,6,1089)
r(198,3,2,1095)
w(199,2,2,1095)
r(199,2,2,1095)
r(199,2,2,1095)
r(199,2,2,1095)
w(199,3,2,1095)
r(199,3,6,1098)
r(198,3,6,1098)
w(199,6,6,1098)
r(198,3,6,1098)
r(200,0,6,1098)
w(200,1,5,1100)
r(199,6,5,1100)
r(199,6,5,1100)
w(198,6,5,1100)
w(198,8,6,1107)
w(201,1,6,1107)
r(198,8,6,1107)
w(201,2,6,1107)
w(201,3,6,1107)
w(201,4,6,1107)
r(202,0,5,1108)
w(202,1,5,1108)
r(201,0,5,1108)
r(197,1,5,1108)
r(200,1,5,1108)
w(202,2,5,1108)
w(203,1,19,1110)
w(203,2,19,1110)
w(203,3,19,1110)
w(200,2,19,1110)
r(203,3,19,1110)
r(203,3,19,1114)
r(203,3,19,1114)
r(202,2,19,1114)
w(200,3,19,1114)
r(203,3,7,1116)
r(202,2,7,1116)
w(202,3,7,1116)
w(203,7,7,1116)
w(202,4,7,1116)
r(202,4,0,1121)
w(200,6,0,1121)
w(200,7,0,1121)
w(190,8,0,1121)
r(204,0,0,1121)
w(202,5,0,1121)
w(202,6,0,1121)
r(202,6,19,1125)
r(202,6,19,1125)
w(202,7,19,1125)
w(204,3,19,1125)
r(202,7,19,1125)
w(204,4,0,1127)
w(204,5,0,1127)
r(205,0,0,1127)
w(204,6,0,1127)
r(206,0,0,1127)
w(207,1,5,1129)
r(204,6,5,1129)
r(204,6,5,1129)
r(197,1,5,1129)
r(204,6,5,1129)
w(204,7,5,1129)
w(208,3,7,1137)
w(208,4,7,1137)
r(205,0,7,1137)
w(205,2,7,1137)
w(207,2,0,1140)
w(207,3,0,1140)
r(208,0,0,1140)
r(208,0,0,1140)
r(205,0,0,1140)
w(207,4,5,1141)
w(209,1,5,1141)
r(209,1,5,1141)
r(206,0,5,1141)
w(209,2,2,1150)
w(209,3,2,1150)
w(207,5,2,1150)
w(207,6,2,1150)
w(209,4,2,1150)
r(209,4,2,1150)
w(205,3,2,1150)
r(206,0,6,1157)
r(205,2,6,1157)
w(210,1,6,1157)
w(210,2,6,1157)
r(207,4,6,1157)
w(210,3,6,1157)
w(210,4,6,1157)
w(210,5,6,1157)
w(211,5,5,1160)
r(210,0,5,1160)
r(210,0,5,1160)
w(211,6,5,1160)
w(205,6,5,1160)
r(211,6,4,1163)
r(205,6,4,1163)
r(210,5,4,1163)
w(206,5,4,1163)
w(205,7,4,1163)
r(210,5,4,1163)
r(205,7,4,1163)
r(210,5,4,1163)
r(211,6,6,1169)
r(211,6,6,1169)
r(212,0,6,1169)
w(212,2,6,1169)
w(212,3,6,1169)
r(213,0,6,1169)
r(213,0,6,1169)
w(211,7,0,1171)
w(211,8,0,1171)
r(212,0,0,1171)
w(197,2,0,1171)
r(212,0,0,1171)
r(211,6,8,1174)
r(214,0,8,1174)
w(214,1,8,1174)
w(214,2,8,1174)
w(214,3,8,1174)
w(215,3,1,1184)
r(213,0,1,1184)
w(214,7,1,1184)
w(197,3,1,1184)
w(215,4,1,1184)
w(214,8,1,1184)
r(213,0,1,1184)
r(217,0,5,1187)
r(217,0,5,1187)
w(217,3,5,1187)
r(215,4,5,1187)
r(215,4,5,1187)
w(215,8,6,1193)
r(217,3,6,1193)
w(217,4,6,1193)
r(213,0,6,1193)
r(213,0,6,1193)
r(213,0,6,1193)
w(213,5,6,1193)
w(219,2,0,1196)
r(219,2,0,1196)
w(218,3,0,1196)
r(219,2,0,1196)
w(219,3,0,1196)
w(218,4,6,1200)
r(219,3,6,1200)
w(213,6,6,1200)
r(218,4,6,1200)
r(218,4,6,1200)
w(218,5,6,1200)
w(213,7,6,1200)
r(213,7,5,1205)
w(219,7,5,1205)
w(219,8,5,1205)
r(218,5,5,1205)
r(219,3,6,1207)
w(206,8,6,1207)
r(219,3,6,1207)
r(218,5,6,1207)
w(221,1,0,1211)
r(220,0,0,1211)
r(220,0,0,1211)
r(221,1,0,1211)
r(221,1,0,1211)
r(219,3,13,1212)
r(213,7,13,1212)
r(218,5,13,1212)
w(220,1,13,1212)
w(218,8,13,1212)
w(220,2,13,1212)
w(220,3,13,1212)
r(221,1,1,1216)
r(206,8,1,1216)
w(220,6,1,1216)
r(220,6,1,1216)
r(220,6,1,1216)
w(222,2,19,1222)
r(222,2,19,1222)
r(222,2,19,1222)
r(222,2,19,1222)
r(221,1,19,1222)
r(213,7,19,1222)
r(222,2,19,1222)
w(222,6,0,1225)
w(222,7,0,1225)
r(224,0,0,1225)
r(224,0,0,1225)
w(221,7,0,1229)
w(222,8,0,1229)
r(222,8,0,1229)
r(221,7,0,1229)
r(222,8,0,1229)
r(224,0,7,1233)
r(225,0,7,1233)
r(225,0,7,1233)
r(225,0,7,1233)
w(225,1,7,1233)
w(225,2,7,1233)
r(225,0,6,1234)
r(221,7,6,1234)
r(223,0,6,1234)
r(225,0,6,1234)
r(224,0,6,1234)
w(226,1,6,1234)
r(225,0,6,1234)
r(226,1,6,1234)
w(223,3,19,1240)
w(226,8,19,1240)
r(226,8,19,1240)
r(227,0,19,1240)
w(197,6,19,1240)
w(228,1,8,1244)
r(227,0,8,1244)
w(227,3,8,1244)
r(227,3,8,1244)
w(224,1,8,1244)
w(227,5,13,1248)
w(227,6,13,1248)
r(228,1,13,1248)
r(228,1,13,1248)
r(227,6,13,1248)
r(223,3,13,1248)
r(227,6,13,1248)
r(228,1,13,1248)
w(227,8,4,1251)
r(228,1,4,1251)
r(228,1,4,1251)
w(229,1,4,1251)
w(229,2,4,1251)
r(229,2,4,1251)
r(229,2,6,1253)
w(229,3,6,1253)
r(228,1,6,1253)
w(229,4,6,1253)
w(229,5,6,1253)
w(229,7,2,1258)
w(229,8,2,1258)
r(224,1,2,1258)
w(230,1,2,1258)
r(230,1,2,1258)
r(224,1,2,1258)
w(228,5,0,1259)
w(197,8,0,1259)
r(228,5,0,1259)
r(229,5,0,1259)
w(228,6,0,1259)
w(224,3,0,1259)
r(224,3,6,1261)
r(228,6,6,1261)
r(224,3,6,1261)
r(228,6,6,1261)
r(228,6,6,1261)
r(197,8,1,1263)
w(230,2,1,1263)
w(230,3,1,1263)
w(230,4,1,1263)
w(228,7,2,1266)
r(223,3,2,1266)
r(224,3,2,1266)
w(230,5,2,1266)
r(230,5,2,1266)
r(224,3,0,1269)
w(230,8,0,1269)
r(230,8,0,1269)
r(224,3,0,1269)
r(230,8,7,1273)
r(230,8,7,1273)
w(231,1,7,1273)
r(231,1,7,1273)
w(232,1,7,1273)
r(232,1,7,1273)
r(232,1,7,1273)
w(232,2,7,1273)
r(231,1,2,1276)
w(231,3,2,1276)
r(224,3,2,1276)
r(232,2,2,1276)
r(232,2,7,1278)
r(232,2,7,1278)
w(232,6,7,1278)
w(232,7,7,1278)
r(224,3,7,1278)
w(223,5,7,1278)
w(232,8,7,1278)
r(231,3,19,1279)
r(224,3,19,1279)
w(224,5,19,1279)
r(223,5,19,1279)
w(234,1,19,1279)
w(231,4,19,1283)
r(234,1,19,1283)
w(231,5,19,1283)
w(234,2,19,1283)
w(234,3,19,1283)
w(231,6,19,1283)
r(234,3,19,1283)
w(234,5,7,1289)
r(234,5,7,1289)
r(224,5,7,1289)
w(231,8,7,1289)
r(234,5,7,1289)
w(234,6,7,1289)
w(234,7,7,1289)
w(235,1,0,1291)
w(236,3,0,1291)
w(236,4,0,1291)
r(235,1,0,1291)
w(235,2,0,1291)
r(235,2,8,1293)
r(236,4,8,1293)
w(235,3,8,1293)
r(236,4,8,1293)
w(236,7,8,1293)
r(235,3,8,1293)
w(223,8,13,1296)
r(236,7,13,1296)
w(236,8,13,1296)
w(238,1,13,1296)
w(238,2,13,1296)
r(235,3,13,1296)
r(238,2,7,1297)
r(238,2,7,1297)
r(235,3,7,1297)
r(238,2,7,1297)
w(238,3,1,1304)
r(238,3,1,1304)
r(238,3,1,1304)
w(235,4,1,1304)
w(238,4,1,1304)
w(237,1,1,1304)
w(238,5,1,1304)
r(239,0,7,1309)
w(239,2,7,1309)
w(239,3,7,1309)
r(239,3,7,1309)
r(239,3,7,1309)
r(239,3,7,1309)
r(239,3,7,1309)
r(235,4,5,1310)
r(239,0,5,1310)
r(239,0,5,1310)
r(239,0,5,1310)
r(239,0,5,1310)
r(239,0,5,1310)
r(239,0,5,1310)
r(239,3,13,1311)
r(239,3,13,1311)
w(233,1,13,1311)
w(239,6,13,1311)
r(239,6,13,1311)
w(235,6,19,1314)
w(239,7,19,1314)
r(239,7,19,1314)
w(224,7,19,1314)
w(239,8,19,1314)
w(240,3,6,1322)
r(240,3,6,1322)
r(240,3,6,1322)
r(240,3,6,1322)
w(240,4,6,1322)
w(241,1,6,1322)
w(241,2,6,1322)
w(240,5,6,1322)
w(243,2,6,1328)
r(243,2,6,1328)
r(241,2,6,1328)
r(243,2,6,1328)
w(241,5,6,1328)
r(242,0,19,1338)
r(244,0,19,1338)
r(244,0,19,1338)
r(233,1,19,1338)
r(241,5,19,1338)
r(237,1,5,1339)
r(233,1,5,1339)
w(241,8,5,1339)
w(244,3,5,1339)
w(244,4,5,1339)
r(244,4,4,1343)
w(244,5,4,1343)
r(241,8,4,1343)
r(241,8,4,1343)
w(244,6,4,1343)
w(244,7,4,1343)
r(244,7,4,1343)
w(242,6,4,1343)
w(246,1,13,1348)
w(245,1,13,1348)
w(245,2,13,1348)
w(245,3,13,1348)
r(242,6,13,1348)
r(246,1,13,1348)
r(245,3,13,1348)
w(246,3,5,1352)
w(242,8,5,1352)
r(245,3,5,1352)
r(245,3,5,1352)
r(245,3,2,1354)
r(246,3,2,1354)
w(245,8,2,1354)
w(246,4,2,1354)
w(237,3,2,1354)
r(233,1,1,1358)
r(247,0,1,1358)
r(247,0,1,1358)
w(248,4,1,1358)
w(246,6,1,1358)
r(233,1,7,1363)
r(248,4,7,1363)
w(248,6,7,1363)
r(248,6,7,1363)
r(246,6,7,1363)
w(247,2,7,1363)
r(246,6,7,1363)
r(237,3,7,1363)
r(248,6,6,1366)
r(233,1,6,1366)
w(247,4,6,1366)
w(248,8,6,1366)
r(246,6,6,1366)
r(248,8,6,1366)
w(246,8,1,1370)
r(249,0,1,1370)
r(249,0,1,1370)
r(246,8,1,1370)
w(249,3,1,1370)
r(249,3,1,1370)
w(249,4,1,1370)
w(249,5,1,1370)
r(250,0,8,1372)
r(250,0,8,1372)
w(250,1,8,1372)
w(237,5,8,1372)
w(250,2,8,1372)
r(250,2,8,1372)
w(247,6,8,1372)
r(237,5,8,1372)
r(250,2,4,1376)
w(249,6,4,1376)
w(250,4,4,1376)
w(249,7,4,1376)
w(250,5,4,1376)
r(250,5,13,1379)
w(250,6,13,1379)
w(237,6,13,1379)
w(249,8,13,1379)
r(247,6,13,1379)
r(249,8,13,1379)
r(250,6,13,1379)
r(250,6,13,1379)
w(251,2,6,1386)
w(253,2,6,1386)
w(252,2,6,1386)
w(251,3,6,1386)
r(252,2,6,1386)
w(254,4,5,1389)
r(252,2,5,1389)
w(253,4,5,1389)
w(252,3,5,1389)
w(252,4,5,1389)
w(254,5,8,1392)
r(253,4,8,1392)
w(254,6,8,1392)
w(233,4,8,1392)
r(254,6,8,1392)
r(254,6,8,1392)
r(254,6,8,1392)
r(254,6,8,1392)
r(233,4,1,1396)
r(252,4,1,1396)
r(254,6,1,1396)
w(254,8,1,1396)
w(253,5,1,1396)
r(252,4,1,1396)
r(254,8,1,1396)
w(253,6,1,1396)
r(254,8,0,1397)
w(252,6,0,1397)
r(252,6,0,1397)
w(256,1,0,1397)
r(252,6,0,1397)
r(256,1,0,1397)
r(252,6,0,1397)
w(256,2,19,1400)
w(256,3,19,1400)
r(256,3,19,1400)
r(253,6,19,1400)
w(256,4,19,1400)
r(253,6,19,1400)
w(252,7,19,1400)
w(253,7,19,1400)
r(256,4,2,1403)
w(252,8,2,1403)
r(252,8,2,1403)
r(256,4,2,1403)
r(256,4,13,1406)
w(256,6,13,1406)
w(257,1,13,1406)
w(256,7,13,1406)
w(255,2,13,1406)
r(257,1,13,1406)
r(258,0,19,1409)
r(255,2,19,1409)
r(258,0,19,1409)
r(257,1,19,1409)
r(253,7,19,1409)
r(258,0,19,1409)
r(258,0,8,1411)
r(257,1,8,1411)
r(257,1,8,1411)
w(253,8,8,1411)
r(258,0,8,1411)
r(253,8,8,1411)
w(258,1,8,1411)
r(253,8,4,1413)
w(233,6,4,1413)
r(233,6,4,1413)
w(258,2,4,1413)
r(258,2,4,1413)
r(259,0,4,1413)
r(259,0,7,1418)
w(259,1,7,1418)
r(257,1,7,1418)
r(257,1,7,1418)
r(258,2,7,1418)
r(258,2,7,1418)
w(255,4,7,1418)
