r(0,0,9,10)
r(3,0,9,10)
r(2,0,9,10)
r(2,0,9,10)
w(3,1,0,15)
w(3,2,0,15)
w(3,3,0,15)
w(3,4,0,15)
r(4,0,0,15)
r(1,0,1,16)
r(5,0,1,16)
w(5,3,1,16)
w(5,4,1,16)
r(5,4,6,22)
r(2,0,6,22)
r(5,4,6,22)
w(5,7,6,22)
r(5,7,6,22)
r(5,7,6,22)
r(3,4,6,22)
r(5,7,6,22)
r(5,4,9,24)
w(1,1,9,24)
r(3,4,9,24)
r(3,4,9,24)
r(1,1,9,24)
w(1,2,9,24)
w(5,8,1,26)
r(3,4,1,26)
r(5,8,1,26)
w(2,3,1,26)
w(6,1,8,27)
w(3,8,8,27)
r(6,1,8,27)
r(6,1,8,27)
r(6,1,8,27)
r(6,1,0,29)
r(7,0,0,29)
r(7,0,0,29)
r(2,3,0,29)
r(6,1,0,29)
r(6,1,0,29)
w(6,2,0,29)
r(7,0,0,29)
r(6,2,8,31)
w(7,1,8,31)
w(7,2,8,31)
r(6,2,8,31)
r(6,2,8,31)
w(7,3,4,36)
w(2,4,4,36)
w(6,3,4,36)
r(7,3,4,36)
w(6,4,4,36)
r(7,3,7,41)
r(8,0,7,41)
r(8,0,7,41)
r(7,3,7,41)
w(6,7,2,46)
w(2,6,2,46)
r(0,0,2,46)
w(1,4,2,46)
r(6,7,2,46)
r(7,3,2,46)
w(7,7,2,46)
w(6,8,2,46)
r(1,2,5,48)
w(9,2,5,48)
w(0,1,5,48)
r(9,2,5,48)
r(8,0,3,49)
w(8,4,3,49)
r(8,4,3,49)
r(10,0,3,49)
w(8,5,3,49)
r(8,5,5,52)
r(1,4,5,52)
w(9,3,5,52)
w(8,6,5,52)
w(8,7,5,52)
r(9,3,5,52)
w(0,2,7,53)
r(8,5,7,53)
w(10,2,7,53)
w(0,3,7,53)
r(9,2,7,53)
w(9,5,2,61)
w(9,6,2,61)
w(11,1,2,61)
w(1,6,2,61)
r(9,6,2,61)
w(11,2,2,61)
r(9,6,2,61)
w(9,7,2,61)
r(1,6,5,65)
w(12,3,5,65)
w(10,3,5,65)
r(12,3,5,65)
w(10,4,7,67)
r(10,4,7,67)
r(12,3,7,67)
r(12,3,7,67)
r(12,3,7,67)
r(11,2,7,70)
r(13,0,7,70)
r(13,0,7,70)
r(12,3,7,70)
w(11,8,3,73)
w(12,4,3,73)
w(10,5,3,73)
r(11,8,3,73)
w(10,6,3,73)
r(1,6,7,82)
w(13,4,7,82)
w(10,7,7,82)
r(13,4,7,82)
w(1,8,7,82)
w(13,5,7,82)
w(13,6,7,82)
w(14,2,6,85)
r(14,2,6,85)
w(0,4,6,85)
w(14,3,6,85)
r(14,3,6,85)
w(15,2,5,90)
w(15,3,5,90)
r(0,4,5,90)
w(0,5,5,90)
r(14,3,5,90)
r(14,3,5,90)
r(14,3,5,90)
r(15,3,6,92)
r(14,3,6,92)
w(14,7,6,92)
w(14,8,6,92)
r(14,3,4,94)
w(15,4,4,94)
r(15,4,4,94)
r(15,4,4,94)
r(10,7,4,94)
w(17,1,4,94)
r(17,1,4,94)
w(16,1,3,99)
w(17,4,3,99)
r(17,4,3,99)
r(18,0,3,99)
r(15,4,3,99)
w(17,5,3,99)
r(17,5,3,99)
w(16,2,9,103)
w(15,7,9,103)
r(0,5,9,103)
r(18,0,9,103)
r(15,7,9,103)
r(17,5,9,103)
r(20,0,5,107)
r(20,0,5,107)
r(20,0,5,107)
r(20,0,5,107)
r(20,0,1,109)
w(19,2,1,109)
r(20,0,1,109)
w(20,1,1,109)
r(20,1,1,109)
r(19,2,1,109)
w(20,2,4,113)
r(19,2,4,113)
w(19,3,4,113)
r(16,2,4,113)
w(19,4,4,113)
w(20,3,4,113)
r(20,3,4,113)
w(19,6,8,117)
r(20,3,8,117)
r(18,0,8,117)
r(20,3,8,117)
w(20,6,8,117)
r(20,6,3,122)
w(18,5,3,122)
w(20,8,3,122)
r(22,0,3,122)
r(0,5,3,122)
r(22,0,3,122)
r(21,0,3,122)
r(21,0,3,122)
r(22,0,8,123)
w(22,1,8,123)
r(18,0,8,123)
w(0,6,8,123)
r(22,1,8,123)
r(21,0,8,123)
w(22,2,8,123)
r(22,2,9,134)
w(21,2,9,134)
r(22,2,9,134)
w(18,6,9,134)
w(22,5,9,134)
r(21,2,9,134)
w(22,6,9,134)
w(24,3,1,139)
w(16,5,1,139)
r(21,2,1,139)
w(24,4,1,139)
w(0,7,1,139)
w(24,5,1,139)
w(24,6,1,139)
w(24,7,1,139)
w(25,3,2,142)
w(23,2,2,142)
r(25,3,2,142)
r(25,3,2,142)
r(21,2,7,147)
w(0,8,7,147)
r(25,3,7,147)
r(26,0,7,147)
r(23,2,6,149)
w(26,1,6,149)
w(26,2,6,149)
w(26,3,6,149)
r(25,3,6,149)
r(25,3,5,151)
r(0,7,5,151)
w(25,5,5,151)
r(23,2,5,151)
w(25,6,5,151)
r(23,2,7,157)
w(27,4,7,157)
w(26,4,7,157)
w(27,5,7,157)
r(27,5,7,157)
r(26,4,7,157)
w(28,1,4,161)
w(23,5,4,161)
w(28,2,4,161)
r(28,2,4,161)
r(28,2,4,161)
r(26,4,4,161)
w(26,6,4,161)
r(28,2,4,161)
w(28,3,3,164)
r(26,6,3,164)
r(28,3,3,164)
r(26,6,3,164)
w(28,4,3,164)
r(28,4,3,164)
w(28,5,3,164)
w(26,7,6,167)
w(28,6,6,167)
w(28,7,6,167)
r(23,5,6,167)
r(28,7,6,167)
r(28,7,6,167)
r(23,5,9,170)
r(28,7,9,170)
r(28,7,9,170)
w(31,1,9,170)
r(32,0,6,174)
r(32,0,6,174)
w(31,2,6,174)
r(31,2,6,174)
r(30,0,4,179)
w(32,1,4,179)
r(23,5,4,179)
w(32,2,4,179)
w(23,6,4,179)
r(31,1,4,179)
w(29,1,4,179)
w(31,5,9,181)
w(31,6,9,181)
w(32,5,9,181)
r(31,6,9,181)
r(32,5,9,181)
r(31,6,9,181)
r(32,5,9,183)
r(31,6,9,183)
r(32,5,9,183)
w(31,7,9,183)
w(31,8,9,183)
w(29,3,9,183)
r(33,0,4,186)
r(32,5,4,186)
r(33,0,4,186)
r(32,5,4,186)
r(32,5,4,186)
r(29,3,4,186)
w(33,1,0,188)
r(32,5,0,188)
r(32,5,0,188)
r(32,5,0,188)
w(32,6,0,188)
w(32,7,0,188)
w(23,8,0,188)
w(32,8,4,192)
r(33,1,4,192)
r(32,8,4,192)
r(33,1,4,192)
r(23,8,4,192)
w(34,1,2,194)
w(33,4,2,194)
r(34,1,2,194)
r(34,1,2,194)
w(33,5,2,194)
r(34,1,2,194)
w(33,6,2,198)
r(35,0,2,198)
w(34,8,2,198)
w(33,7,2,198)
r(33,7,2,198)
w(33,8,1,199)
r(36,0,1,199)
w(36,1,1,199)
r(33,8,1,199)
r(29,3,1,199)
r(29,3,1,199)
r(37,0,1,199)
w(36,2,3,207)
w(36,3,3,207)
w(35,1,3,207)
w(37,1,3,207)
w(36,4,3,207)
w(37,2,3,207)
r(29,3,3,207)
w(38,1,8,211)
r(38,1,8,211)
r(38,1,8,211)
r(38,1,8,211)
w(37,3,1,214)
r(38,0,1,214)
r(38,0,1,214)
r(38,0,1,214)
w(38,6,8,218)
r(38,6,8,218)
r(38,6,8,218)
w(37,5,8,218)
r(29,3,8,218)
w(29,6,8,218)
r(38,6,8,218)
r(38,6,8,218)
r(38,6,5,219)
r(37,5,5,219)
r(35,1,5,219)
r(38,6,5,219)
r(38,6,5,219)
r(37,5,9,222)
w(38,7,9,222)
r(37,5,9,222)
r(35,1,9,222)
r(38,7,9,222)
r(37,5,9,222)
r(40,0,0,229)
r(40,0,0,229)
r(37,5,0,229)
r(40,0,0,229)
r(40,0,0,229)
r(35,1,0,229)
r(37,5,3,230)
r(39,0,3,230)
w(39,3,3,230)
w(39,4,3,230)
r(35,1,3,230)
w(39,5,3,230)
w(39,6,3,230)
r(40,0,8,232)
w(37,7,8,232)
w(40,1,8,232)
r(37,7,8,232)
r(40,1,8,232)
r(35,1,8,232)
w(41,2,9,236)
r(37,7,9,236)
w(41,3,9,236)
w(30,2,9,236)
w(41,4,9,236)
r(40,1,9,236)
w(40,3,0,237)
r(40,3,0,237)
r(40,3,0,237)
r(40,3,0,237)
r(37,7,0,237)
r(40,3,0,237)
r(40,3,9,240)
w(40,6,9,240)
r(40,6,9,240)
r(40,6,9,240)
r(40,6,5,245)
w(41,5,5,245)
r(29,6,5,245)
r(40,6,5,245)
w(40,7,1,248)
r(37,7,1,248)
r(41,5,1,248)
r(42,0,1,248)
r(40,7,1,248)
r(40,7,1,248)
w(42,1,1,248)
w(43,1,7,253)
w(42,3,7,253)
r(43,1,7,253)
r(44,0,7,253)
w(44,1,7,253)
w(42,4,7,253)
r(44,1,7,253)
w(44,4,3,255)
r(44,4,3,255)
w(42,6,3,255)
r(44,4,3,255)
r(44,4,3,255)
r(44,4,3,255)
r(44,4,3,255)
w(44,5,4,259)
r(42,6,4,259)
r(44,5,4,259)
w(44,6,4,259)
r(43,1,4,259)
w(42,7,1,261)
r(41,5,1,261)
w(41,8,1,261)
r(44,4,1,261)
w(45,1,4,267)
r(45,1,4,267)
r(44,6,4,267)
w(45,2,4,267)
w(43,2,4,267)
w(46,1,4,267)
w(43,3,4,267)
r(47,0,6,269)
r(47,0,6,269)
r(47,0,6,269)
w(45,4,6,269)
r(43,3,6,269)
r(43,3,0,272)
w(47,1,0,272)
r(47,1,0,272)
r(45,4,0,272)
r(46,1,8,275)
w(46,4,8,275)
w(47,3,8,275)
w(47,4,8,275)
w(46,5,0,278)
w(45,5,0,278)
w(45,6,0,278)
r(47,4,0,278)
w(46,6,0,278)
r(47,4,6,281)
r(45,6,6,281)
r(47,4,6,281)
r(45,6,6,281)
r(47,4,6,281)
r(47,4,6,281)
r(45,6,6,281)
w(45,8,0,284)
r(45,8,0,284)
w(46,8,0,284)
w(43,4,0,284)
w(47,5,2,285)
r(47,5,2,285)
w(48,1,2,285)
w(47,6,2,285)
r(48,1,4,287)
r(46,8,4,287)
r(47,6,4,287)
w(47,7,4,287)
r(48,1,7,289)
w(30,3,7,289)
r(47,7,7,289)
w(48,2,7,289)
r(47,7,6,292)
r(47,7,6,292)
r(48,2,6,292)
w(47,8,6,292)
r(30,3,6,292)
w(49,1,1,294)
r(48,2,1,294)
r(49,1,1,294)
w(49,2,1,294)
r(49,2,1,294)
w(48,4,8,297)
r(49,2,8,297)
w(49,6,8,297)
r(43,4,8,297)
w(48,5,8,297)
w(49,7,4,301)
w(49,8,4,301)
r(49,8,4,301)
r(49,8,4,301)
w(50,1,9,302)
r(43,4,9,302)
r(48,5,9,302)
w(43,5,9,302)
r(49,6,5,303)
r(48,5,5,303)
r(48,5,5,303)
r(43,4,5,303)
r(49,6,5,303)
w(43,6,7,307)
r(48,5,7,307)
w(51,1,7,307)
w(51,2,7,307)
w(51,3,7,307)
r(43,6,5,309)
w(51,6,5,309)
r(51,6,5,309)
w(48,8,5,309)
r(51,6,1,312)
w(51,7,1,312)
r(51,7,1,312)
w(51,8,1,312)
r(51,8,1,312)
r(51,6,3,315)
r(53,0,3,315)
r(50,1,3,315)
w(53,1,3,315)
w(43,8,3,315)
w(53,2,3,315)
r(52,0,3,315)
w(53,3,3,315)
r(52,0,6,318)
r(53,3,6,318)
w(53,6,6,318)
r(53,6,6,318)
w(53,7,6,318)
r(50,1,6,318)
r(53,7,6,318)
r(54,0,6,318)
r(54,0,9,321)
r(55,0,9,321)
r(55,0,9,321)
r(55,0,9,321)
r(55,0,9,321)
r(55,0,9,321)
r(55,0,9,321)
r(53,7,4,322)
w(50,3,4,322)
r(52,0,4,322)
w(53,8,4,322)
w(55,1,4,322)
r(55,1,4,322)
w(55,3,4,326)
r(55,3,4,326)
w(55,4,4,326)
w(55,5,4,326)
r(54,0,4,326)
w(52,3,4,326)
r(55,5,5,327)
w(54,1,5,327)
r(52,3,5,327)
w(55,6,5,327)
r(52,3,5,327)
r(55,6,4,329)
r(55,6,4,329)
r(52,3,4,329)
r(52,3,4,329)
r(55,6,5,333)
w(55,7,5,333)
r(55,7,5,333)
r(55,7,5,333)
w(55,8,5,333)
r(55,8,5,333)
r(55,8,5,333)
w(56,3,6,337)
r(56,3,6,337)
w(56,4,6,337)
w(56,5,6,337)
r(52,3,6,337)
r(56,5,6,337)
r(56,5,6,337)
w(50,5,3,340)
w(50,6,3,340)
w(56,8,3,340)
r(56,8,3,340)
w(57,4,1,344)
r(50,6,1,344)
w(57,5,1,344)
r(52,3,1,344)
w(57,6,1,344)
r(57,6,1,344)
r(54,1,1,344)
w(52,6,8,346)
r(57,0,8,346)
r(58,0,8,346)
w(54,2,8,346)
r(52,6,8,346)
r(58,0,8,346)
r(57,0,8,346)
r(57,0,8,346)
r(57,6,7,350)
w(57,7,7,350)
r(57,7,7,350)
r(54,1,7,350)
w(57,8,7,350)
r(52,6,8,351)
w(52,7,8,351)
r(57,6,8,351)
r(52,7,8,351)
r(52,7,8,351)
r(59,0,9,356)
w(59,4,9,356)
r(58,0,9,356)
r(59,4,9,356)
r(59,4,9,356)
w(59,5,6,357)
r(59,5,6,357)
r(60,0,6,357)
r(59,5,6,357)
w(54,4,6,361)
r(59,5,6,361)
r(30,3,6,361)
w(60,1,6,361)
r(54,4,6,361)
r(59,5,1,362)
r(59,5,1,362)
w(59,6,1,362)
r(59,6,1,362)
w(59,7,1,362)
w(58,1,1,362)
r(60,1,6,367)
w(61,1,6,367)
r(61,1,6,367)
w(61,2,6,367)
w(61,3,6,367)
w(61,4,6,367)
w(61,5,6,367)
r(60,1,6,367)
r(61,5,3,372)
r(62,0,3,372)
r(58,1,3,372)
w(60,4,3,372)
w(62,1,3,372)
w(62,2,3,372)
r(62,2,7,379)
w(58,2,7,379)
w(62,5,7,379)
w(62,6,7,379)
w(62,7,7,379)
w(30,8,7,379)
w(58,4,7,381)
w(60,6,7,381)
r(30,8,7,381)
r(63,0,7,381)
r(60,6,7,381)
w(63,2,7,381)
w(63,3,7,381)
r(60,6,7,381)
w(60,8,7,387)
r(63,3,7,387)
r(58,4,7,387)
r(63,3,7,387)
w(58,6,7,387)
r(54,4,7,387)
r(63,3,7,387)
r(63,3,2,389)
r(58,4,2,389)
w(64,1,2,389)
w(54,7,2,389)
r(58,6,8,391)
r(63,3,8,391)
r(54,7,8,391)
w(63,5,8,391)
r(54,7,8,391)
r(63,5,5,393)
r(58,6,5,393)
r(64,1,5,393)
w(63,6,5,393)
r(66,0,2,403)
r(65,0,2,403)
w(65,8,2,403)
r(65,8,2,403)
r(65,8,2,403)
w(67,1,2,403)
r(65,8,1,405)
r(68,0,1,405)
r(68,0,1,405)
r(64,1,1,405)
r(67,1,8,408)
w(68,1,8,408)
r(68,1,8,408)
w(64,7,8,408)
r(67,1,4,413)
r(68,1,4,413)
w(68,4,4,413)
w(68,5,4,413)
w(64,8,4,413)
w(66,2,4,413)
w(68,6,4,413)
r(70,0,3,417)
r(71,0,3,417)
r(66,2,3,417)
w(70,1,3,417)
w(70,2,3,417)
r(71,0,3,417)
w(71,1,3,417)
r(71,1,2,421)
r(70,2,2,421)
w(71,2,2,421)
r(71,2,2,421)
w(71,3,2,421)
w(71,4,2,421)
r(70,2,8,427)
r(70,2,8,427)
w(71,7,8,427)
r(70,2,8,427)
w(70,4,8,427)
r(71,7,8,427)
r(71,7,8,427)
w(72,2,8,431)
w(72,3,8,431)
r(70,4,8,431)
w(72,4,8,431)
w(72,5,8,431)
r(72,5,8,431)
r(72,5,8,431)
r(73,0,6,438)
w(74,3,6,438)
w(67,5,6,438)
r(66,2,6,438)
r(75,0,9,443)
w(75,2,9,443)
w(75,3,9,443)
r(69,0,9,443)
r(73,0,5,446)
r(67,5,5,446)
r(73,0,5,446)
w(73,6,5,446)
w(75,5,6,451)
w(75,6,6,451)
r(73,6,6,451)
w(69,3,6,451)
r(75,6,6,451)
w(69,4,6,451)
r(73,6,6,451)
r(77,0,7,454)
r(77,0,7,454)
w(77,1,7,454)
r(77,1,7,454)
r(76,0,7,454)
r(67,5,5,455)
w(75,7,5,455)
w(76,1,5,455)
r(76,1,5,455)
r(75,7,5,455)
w(75,8,5,455)
w(67,8,5,455)
r(76,1,5,455)
r(77,1,4,457)
r(69,4,4,457)
r(77,1,4,457)
r(76,1,4,457)
w(77,2,4,457)
r(77,2,5,459)
w(66,5,5,459)
w(77,3,5,459)
r(77,3,5,459)
r(76,1,5,459)
r(67,8,8,461)
w(77,4,8,461)
r(77,4,8,461)
r(69,4,8,461)
r(77,4,8,464)
r(76,1,8,464)
r(66,5,8,464)
w(77,5,8,464)
r(67,8,8,464)
w(77,6,8,464)
r(77,6,8,464)
r(78,0,8,464)
r(78,0,2,467)
w(77,8,2,467)
r(77,8,2,467)
w(76,3,2,467)
r(79,0,2,467)
w(78,1,7,469)
w(69,6,7,469)
w(76,4,7,469)
r(79,0,7,469)
w(79,1,3,471)
r(79,1,3,471)
w(66,6,3,471)
w(78,2,3,471)
r(79,1,3,471)
r(79,1,2,473)
r(79,1,2,473)
r(79,1,2,473)
r(79,1,2,473)
w(79,2,2,473)
r(79,2,4,475)
r(78,2,4,475)
r(79,2,4,475)
r(79,2,4,475)
w(79,3,4,475)
w(66,7,2,477)
w(79,4,2,477)
w(79,5,2,477)
r(76,4,2,477)
r(76,4,2,483)
w(79,6,2,483)
r(76,4,2,483)
w(76,5,2,483)
w(79,7,2,483)
r(79,7,2,483)
r(76,5,2,483)
w(78,4,6,488)
r(80,0,6,488)
r(76,4,6,488)
w(78,5,6,488)
w(78,6,6,488)
w(80,1,6,488)
w(78,7,6,488)
r(76,4,6,488)
r(80,1,5,491)
w(80,8,5,491)
r(80,8,5,491)
r(78,7,5,491)
r(81,0,2,494)
r(81,0,2,494)
r(81,0,2,494)
r(76,5,2,494)
r(69,6,2,494)
r(66,7,1,495)
r(76,5,1,495)
r(76,5,1,495)
w(81,1,1,495)
r(76,5,6,498)
r(83,0,6,498)
w(83,1,6,498)
r(81,1,6,498)
w(81,2,6,498)
w(81,4,8,502)
w(83,2,8,502)
w(81,5,8,502)
w(81,6,8,502)
r(81,6,8,502)
w(81,7,7,504)
r(69,6,7,504)
w(83,3,7,504)
w(82,1,7,504)
w(81,8,7,504)
r(83,3,7,504)
r(81,8,7,504)
w(85,1,4,515)
r(69,6,4,515)
r(85,1,4,515)
r(85,1,4,515)
w(85,2,4,515)
w(85,5,3,519)
r(66,7,3,519)
r(86,0,3,519)
r(86,0,3,519)
r(86,0,3,519)
w(85,6,7,522)
r(85,6,7,522)
r(85,6,7,522)
r(85,6,7,522)
w(85,7,7,522)
w(86,8,7,522)
w(85,8,7,522)
w(69,7,7,522)
r(82,1,1,524)
r(88,0,1,524)
r(88,0,1,524)
w(88,1,1,524)
w(88,2,1,524)
w(87,1,1,524)
w(88,3,1,524)
r(88,3,6,528)
w(88,6,6,528)
r(82,1,6,528)
w(88,7,6,528)
w(88,8,6,528)
w(87,2,6,528)
r(87,1,3,532)
w(89,1,3,532)
w(69,8,3,532)
r(87,1,3,532)
r(87,1,3,532)
r(82,1,3,532)
w(82,5,1,536)
r(82,5,1,536)
w(89,5,1,536)
r(89,5,1,536)
r(89,5,1,536)
w(89,6,1,536)
w(82,6,1,536)
r(87,2,1,541)
r(87,2,1,541)
w(87,6,1,541)
w(87,7,1,541)
r(89,6,1,541)
w(90,1,8,543)
w(89,7,8,543)
w(90,2,8,543)
r(89,7,8,543)
r(89,7,8,543)
w(89,8,8,543)
w(91,3,4,549)
w(91,4,4,549)
w(91,5,4,549)
r(92,0,4,549)
r(91,5,4,549)
w(91,6,4,549)
r(92,0,4,549)
w(95,6,7,553)
r(94,0,7,553)
w(92,4,7,553)
r(94,0,7,553)
r(95,6,2,556)
w(94,4,2,556)
w(95,7,2,556)
w(94,5,2,556)
r(93,0,2,556)
w(92,6,5,560)
r(95,7,5,560)
r(95,7,5,560)
w(92,7,5,560)
w(96,2,6,564)
r(97,0,6,564)
w(97,2,6,564)
r(96,2,6,564)
w(96,3,6,564)
r(97,2,6,564)
w(90,3,6,564)
r(96,3,3,567)
r(96,3,3,567)
w(96,4,3,567)
r(97,2,3,567)
w(97,4,3,567)
r(94,5,3,567)
r(96,4,3,567)
r(96,4,2,569)
w(96,5,2,569)
r(96,5,2,569)
r(96,5,2,569)
r(97,4,1,573)
r(96,5,1,573)
r(97,4,1,573)
w(96,6,1,573)
w(94,7,1,573)
r(96,6,1,573)
w(96,7,1,573)
w(96,8,1,573)
r(98,0,5,579)
w(97,6,5,579)
w(98,3,5,579)
w(98,4,5,579)
r(97,6,5,579)
r(97,6,5,579)
w(98,5,5,579)
w(100,1,5,581)
r(101,0,5,581)
r(101,0,5,581)
w(90,5,5,581)
r(100,1,5,581)
r(99,0,5,584)
r(100,1,5,584)
r(99,0,5,584)
w(93,2,5,584)
r(100,1,6,586)
w(100,2,6,586)
w(99,2,6,586)
r(100,2,6,586)
w(100,3,6,586)
r(101,0,2,587)
r(100,3,2,587)
w(100,4,2,587)
r(100,4,2,587)
w(100,5,2,587)
r(100,5,2,587)
r(100,5,9,593)
w(99,3,9,593)
w(100,6,9,593)
w(101,1,9,593)
w(99,4,9,593)
w(100,7,9,593)
w(100,8,9,593)
r(100,8,9,593)
w(99,6,1,597)
r(99,6,1,597)
w(102,5,1,597)
r(99,6,1,597)
r(99,6,1,597)
r(99,6,1,597)
r(102,5,1,599)
r(93,2,1,599)
r(99,6,1,599)
r(99,6,1,599)
w(99,7,1,599)
w(102,8,6,603)
r(102,8,6,603)
w(93,3,6,603)
w(93,4,6,603)
r(99,7,6,603)
w(103,1,6,603)
r(103,1,6,603)
r(90,5,6,607)
r(90,5,6,607)
w(99,8,6,607)
w(103,6,6,607)
r(103,6,0,610)
r(103,6,0,610)
r(104,0,0,610)
w(103,7,0,610)
r(90,5,0,610)
w(104,1,5,612)
r(104,1,5,612)
r(103,6,5,612)
w(104,2,5,612)
w(104,3,5,612)
r(93,4,5,612)
w(104,4,0,614)
w(103,8,0,614)
r(104,4,0,614)
r(104,4,0,614)
r(90,5,0,614)
w(105,1,0,614)
r(105,1,0,614)
w(105,2,0,614)
r(105,2,7,618)
r(105,2,7,618)
r(104,4,7,618)
r(105,2,7,618)
w(104,5,7,618)
w(105,4,7,618)
w(104,6,0,622)
w(93,6,0,622)
r(105,4,0,622)
r(105,4,0,622)
r(101,1,0,622)
w(106,6,6,630)
r(107,0,6,630)
r(106,6,6,630)
r(106,6,6,630)
w(106,7,6,630)
r(107,0,9,632)
r(107,0,9,632)
w(107,4,9,632)
r(108,0,9,632)
r(107,4,9,632)
r(101,1,9,632)
w(106,8,9,632)
r(109,0,9,632)
r(109,0,2,633)
r(107,4,2,633)
w(109,1,2,633)
w(109,2,2,633)
w(109,3,2,633)
r(109,3,2,633)
w(93,7,8,635)
r(109,3,8,635)
r(109,3,8,635)
r(109,3,8,635)
r(107,4,8,635)
r(101,1,8,635)
r(107,4,8,635)
w(107,5,7,639)
r(107,5,7,639)
w(109,4,7,639)
w(109,5,7,639)
w(107,6,7,639)
r(109,5,7,639)
r(109,5,0,643)
r(109,5,0,643)
r(109,5,0,643)
w(93,8,0,643)
r(101,1,0,643)
w(101,4,0,643)
r(107,6,0,643)
w(107,7,1,648)
w(108,1,1,648)
r(101,1,1,648)
w(110,1,1,648)
r(110,1,1,648)
w(110,2,1,648)
w(110,3,1,648)
r(110,3,1,648)
r(107,7,3,652)
r(111,0,3,652)
r(110,3,3,652)
r(111,0,3,652)
r(112,0,3,652)
w(110,7,3,652)
w(110,8,3,652)
w(111,1,3,652)
r(111,1,7,661)
r(113,0,7,661)
w(112,1,7,661)
w(112,2,7,661)
r(108,1,7,661)
r(112,2,7,661)
r(113,0,7,661)
w(113,2,8,663)
w(108,3,8,663)
w(113,3,8,663)
r(112,0,8,663)
r(113,3,8,663)
r(111,1,8,663)
w(111,3,8,663)
r(113,3,8,663)
w(108,4,1,665)
r(114,0,1,665)
r(113,3,1,665)
r(112,2,1,665)
r(113,3,1,665)
r(113,3,1,665)
r(112,2,1,665)
w(113,8,6,670)
w(115,1,6,670)
r(108,4,6,670)
r(115,1,6,670)
r(113,8,6,670)
r(113,8,6,670)
r(116,0,1,677)
w(116,4,1,677)
w(116,5,1,677)
r(116,5,1,677)
w(116,6,1,677)
r(115,1,1,677)
r(111,3,1,677)
r(117,0,7,679)
r(115,1,7,679)
w(111,7,7,679)
w(108,6,7,679)
r(117,0,7,679)
r(117,0,7,679)
r(115,1,7,679)
r(117,0,7,679)
r(114,0,6,684)
w(115,5,6,684)
r(111,7,6,684)
w(117,1,6,684)
r(117,1,6,684)
w(117,2,6,684)
r(115,5,6,684)
r(117,2,1,689)
w(117,5,1,689)
r(115,5,1,689)
w(108,7,1,689)
r(117,5,1,689)
r(119,0,0,692)
r(108,7,0,692)
r(119,0,0,692)
w(117,6,0,692)
r(118,0,0,692)
w(117,7,7,694)
w(117,8,7,694)
w(119,1,7,694)
r(117,8,7,694)
r(118,0,7,694)
r(120,0,8,695)
w(120,1,8,695)
w(118,3,8,695)
r(120,1,8,695)
r(120,1,3,700)
w(119,2,3,700)
w(120,2,3,700)
w(120,3,3,700)
r(108,7,3,700)
r(118,3,3,700)
w(120,4,3,700)
r(120,4,3,700)
r(120,4,7,703)
r(120,4,7,703)
r(118,3,7,703)
w(114,1,7,703)
r(108,7,7,703)
r(119,2,2,707)
w(119,7,2,707)
w(119,8,2,707)
r(118,3,2,707)
w(121,1,2,707)
r(121,0,4,708)
r(121,0,4,708)
r(118,3,4,708)
r(121,0,4,708)
r(122,0,4,708)
r(121,0,4,708)
r(122,0,4,708)
r(121,0,4,708)
r(121,1,1,713)
r(121,1,1,713)
w(121,2,1,713)
w(121,3,1,713)
r(121,3,1,713)
r(108,7,1,713)
w(121,8,5,716)
r(118,3,5,716)
r(122,0,5,716)
w(122,2,5,716)
r(123,0,5,716)
r(122,2,5,716)
w(123,1,5,716)
w(123,8,1,720)
w(124,1,1,720)
w(122,3,1,720)
r(124,1,1,720)
w(118,5,9,724)
w(124,3,9,724)
r(122,3,9,724)
r(124,3,9,724)
r(122,3,9,724)
w(124,6,2,729)
r(124,6,2,729)
r(124,6,2,729)
w(118,6,2,729)
w(124,7,7,731)
r(124,7,7,731)
w(124,8,7,731)
r(122,3,7,731)
r(124,8,7,731)
w(125,1,7,731)
w(125,2,3,737)
r(125,2,3,737)
r(122,3,3,737)
w(125,3,3,737)
w(125,4,3,737)
w(118,7,3,737)
r(108,7,3,737)
r(114,1,9,743)
r(126,0,9,743)
w(114,3,9,743)
r(127,0,9,743)
w(127,2,9,743)
r(127,2,9,743)
r(126,0,9,743)
r(126,0,6,747)
r(127,2,6,747)
r(127,2,6,747)
w(126,2,6,747)
r(127,2,6,747)
w(129,1,7,749)
w(128,2,7,749)
w(127,5,7,749)
r(127,5,7,749)
w(114,4,7,749)
w(127,6,7,749)
w(127,7,7,749)
w(126,3,1,751)
w(126,4,1,751)
r(126,4,1,751)
w(130,3,1,751)
r(130,3,1,751)
r(131,0,9,754)
r(131,0,9,754)
w(126,5,9,754)
r(129,1,9,754)
r(126,5,9,754)
r(131,0,9,754)
w(130,4,6,755)
w(130,5,6,755)
w(130,6,6,755)
w(130,7,6,755)
w(128,3,6,755)
w(130,8,6,755)
r(131,0,6,755)
w(128,4,6,757)
r(131,0,6,757)
r(131,0,6,757)
r(131,0,6,757)
r(131,0,6,757)
r(128,4,8,759)
w(131,1,8,759)
w(131,2,8,759)
r(131,2,8,759)
r(131,2,8,759)
r(129,1,8,759)
w(128,5,8,759)
r(131,2,8,762)
w(131,3,8,762)
r(131,3,8,762)
r(131,3,8,762)
w(131,4,8,762)
w(131,6,7,769)
w(128,7,7,769)
w(131,7,7,769)
r(129,1,7,769)
w(129,2,7,769)
w(114,6,7,769)
w(126,7,7,769)
w(132,3,4,777)
w(132,4,4,777)
r(126,7,4,777)
w(132,5,4,777)
w(133,1,4,777)
w(133,3,1,781)
w(133,4,1,781)
w(133,5,1,781)
r(129,2,1,781)
r(114,6,1,781)
w(135,3,8,787)
w(135,4,8,787)
r(133,1,8,787)
w(135,5,8,787)
w(135,6,8,787)
r(133,1,8,787)
r(133,5,3,800)
r(134,0,3,800)
r(133,5,3,800)
w(136,1,3,800)
w(136,2,3,800)
r(137,0,8,810)
r(142,0,8,810)
w(140,3,8,810)
w(140,4,8,810)
r(141,0,8,810)
w(140,5,8,810)
r(114,6,6,812)
w(134,3,6,812)
r(133,5,6,812)
r(135,0,6,812)
r(133,5,6,812)
r(140,5,6,820)
w(142,1,6,820)
w(140,7,6,820)
w(142,2,6,820)
r(140,7,6,820)
w(140,8,6,820)
r(142,0,8,822)
w(141,2,8,822)
r(129,2,8,822)
w(143,1,8,822)
r(142,2,9,825)
r(139,0,9,825)
r(143,1,9,825)
w(143,3,9,825)
w(141,5,9,825)
r(141,5,3,827)
r(141,5,3,827)
r(143,3,3,827)
r(143,3,3,827)
w(141,6,3,827)
r(143,3,3,830)
r(143,3,3,830)
r(143,3,3,830)
r(141,6,3,830)
w(129,8,3,830)
r(143,3,3,830)
r(143,3,3,830)
w(139,1,7,833)
r(142,2,7,833)
w(143,8,7,833)
w(142,6,7,833)
w(144,1,7,833)
r(141,6,7,833)
r(144,1,7,833)
r(141,6,8,834)
r(144,0,8,834)
r(144,0,8,834)
r(129,8,8,834)
r(141,6,8,834)
r(144,0,8,834)
r(145,0,3,841)
r(145,0,3,841)
w(146,1,3,841)
w(146,2,3,841)
r(145,0,3,841)
r(145,0,3,841)
r(141,6,8,842)
w(144,3,8,842)
r(141,6,8,842)
r(141,6,8,842)
w(144,4,8,842)
w(142,8,8,842)
w(144,5,8,842)
w(144,6,8,842)
r(146,2,4,844)
r(146,2,4,844)
w(145,5,4,844)
w(147,1,4,844)
w(145,6,4,844)
r(146,2,4,844)
r(145,6,9,849)
w(145,8,9,849)
r(145,8,9,849)
r(149,0,9,849)
r(148,0,9,849)
w(149,1,9,849)
r(147,1,9,849)
r(149,1,9,861)
w(149,4,9,861)
w(149,5,9,861)
w(149,6,9,861)
w(148,1,9,861)
w(146,4,9,861)
r(148,1,9,861)
w(149,7,9,861)
w(146,7,8,866)
w(150,6,8,866)
r(150,6,8,866)
r(146,7,8,866)
r(150,6,8,866)
w(150,7,4,870)
r(146,7,4,870)
r(146,7,4,870)
r(146,7,4,870)
w(146,8,4,870)
w(151,3,7,874)
r(151,3,7,874)
w(151,4,7,874)
w(147,4,7,874)
w(147,5,7,874)
w(148,2,7,874)
w(152,1,7,874)
w(152,2,7,874)
r(148,2,7,877)
r(151,4,7,877)
w(139,2,7,877)
w(153,1,7,877)
r(153,1,7,877)
r(152,2,7,877)
r(153,1,7,877)
w(147,6,3,879)
r(147,6,3,879)
w(147,7,3,879)
r(148,2,3,879)
w(151,7,3,879)
w(151,8,3,879)
r(148,2,3,879)
r(153,1,12,881)
r(148,2,12,881)
r(152,2,12,881)
r(152,2,12,881)
w(153,3,12,881)
r(147,7,12,881)
r(152,2,4,883)
r(153,3,4,883)
w(153,4,4,883)
w(153,5,4,883)
r(152,2,4,883)
r(153,5,4,883)
w(153,6,9,887)
r(152,2,9,887)
r(148,2,9,887)
w(153,7,9,887)
r(153,7,9,887)
r(153,7,9,887)
r(153,5,7,889)
r(153,5,7,889)
r(153,5,7,889)
w(152,5,7,889)
w(152,6,7,889)
r(153,5,7,889)
r(153,5,7,889)
r(153,5,7,889)
w(155,3,10,893)
r(152,6,10,893)
r(152,6,10,893)
r(155,3,10,893)
w(155,4,10,893)
w(155,5,10,893)
w(155,6,10,893)
w(156,2,4,899)
w(157,1,4,899)
w(157,2,4,899)
r(157,2,4,899)
w(157,3,4,899)
r(157,3,4,899)
r(157,3,6,902)
w(154,4,6,902)
r(148,2,6,902)
r(156,2,6,902)
r(157,3,6,902)
w(157,7,15,904)
r(157,7,15,904)
r(154,0,15,904)
r(157,7,15,904)
w(158,1,15,910)
w(156,4,15,910)
w(154,5,15,910)
w(158,2,15,910)
r(158,2,15,910)
r(156,4,15,910)
w(158,3,15,910)
w(156,6,10,913)
w(158,8,10,913)
r(158,8,10,913)
r(148,2,10,913)
r(158,8,10,913)
r(158,8,10,913)
r(159,0,10,913)
w(159,1,7,917)
w(159,2,7,917)
w(156,7,7,917)
w(159,3,7,917)
w(159,4,7,917)
w(159,6,7,921)
r(160,0,7,921)
w(159,7,7,921)
w(148,7,7,921)
w(159,8,7,921)
r(159,8,7,921)
r(161,0,7,921)
w(162,1,12,924)
w(161,1,12,924)
w(162,2,12,924)
r(161,1,12,924)
w(162,3,12,924)
w(161,2,12,924)
r(162,3,6,930)
w(162,7,6,930)
w(162,8,6,930)
w(161,4,6,930)
w(160,2,6,930)
r(163,0,6,930)
w(139,4,12,931)
r(161,2,12,931)
r(164,0,12,931)
r(164,0,12,931)
w(163,2,12,931)
r(163,2,15,934)
r(163,2,15,934)
r(163,2,15,934)
r(161,4,15,934)
w(163,3,15,934)
w(163,6,8,939)
w(161,7,8,939)
r(163,6,8,939)
r(161,7,8,939)
r(164,0,8,939)
w(163,7,8,939)
r(163,7,8,939)
w(163,8,8,939)
w(165,1,6,941)
w(160,3,6,941)
r(160,3,6,941)
r(160,3,6,941)
w(165,2,6,941)
r(165,2,6,941)
w(164,1,15,944)
w(161,8,15,944)
r(165,2,15,944)
w(165,5,15,944)
r(165,5,15,944)
w(160,4,11,949)
w(166,1,11,949)
w(164,2,11,949)
w(166,2,11,949)
w(165,6,11,949)
r(165,6,11,949)
r(165,6,11,949)
r(164,2,9,953)
w(167,2,9,953)
w(167,3,9,953)
r(167,3,9,953)
w(167,5,15,964)
r(160,4,15,964)
r(167,5,15,964)
r(167,5,15,964)
r(167,5,15,964)
r(167,5,15,964)
w(167,6,15,964)
r(160,4,15,964)
w(168,4,8,968)
r(168,4,8,968)
w(166,8,8,968)
r(139,4,8,968)
r(166,8,8,968)
w(170,1,8,968)
w(168,5,8,968)
w(168,6,8,968)
w(171,2,4,971)
r(170,1,4,971)
w(170,6,4,971)
w(169,3,4,971)
w(171,3,8,977)
w(171,4,8,977)
w(169,4,8,977)
r(171,4,8,977)
r(171,4,8,977)
r(171,4,8,977)
w(170,7,8,977)
w(172,1,4,981)
w(171,7,4,981)
w(171,8,4,981)
w(172,2,4,981)
r(173,0,4,981)
r(164,2,4,981)
w(173,1,8,983)
w(169,6,8,983)
r(172,0,8,983)
w(173,2,8,983)
w(173,3,8,983)
r(164,2,8,983)
w(169,7,8,983)
r(173,3,9,988)
w(164,4,9,988)
r(172,2,9,988)
r(173,3,9,988)
w(173,6,9,988)
w(173,7,9,988)
w(173,8,9,988)
w(172,4,12,991)
r(174,0,12,991)
w(169,8,12,991)
r(174,0,12,991)
r(174,0,12,994)
r(172,4,12,994)
w(174,2,12,994)
w(174,3,12,994)
w(172,5,12,994)
w(164,6,12,994)
r(172,5,12,999)
r(174,3,12,999)
r(174,3,12,999)
r(172,5,12,999)
r(174,3,12,999)
w(174,4,12,999)
w(172,7,12,999)
w(172,8,12,999)
r(174,4,7,1002)
w(174,6,7,1002)
r(174,6,7,1002)
w(174,7,7,1002)
w(177,2,9,1005)
w(175,1,9,1005)
w(177,3,9,1005)
w(177,4,9,1005)
w(177,5,7,1008)
w(176,3,7,1008)
r(139,4,7,1008)
w(177,6,7,1008)
r(164,6,7,1008)
w(175,4,4,1015)
r(178,0,4,1015)
r(164,6,4,1015)
w(178,5,4,1015)
w(178,6,4,1015)
w(175,5,4,1015)
r(175,5,4,1015)
r(178,6,7,1017)
r(176,3,7,1017)
r(178,6,7,1017)
r(178,6,7,1017)
r(178,6,7,1017)
r(179,0,7,1017)
w(179,1,7,1017)
r(179,1,11,1020)
r(179,1,11,1020)
w(176,6,11,1020)
r(179,1,11,1020)
r(179,1,11,1020)
w(179,2,15,1021)
w(175,8,15,1021)
r(176,3,15,1021)
w(179,3,15,1021)
r(176,3,15,1021)
r(179,3,8,1024)
r(176,6,8,1024)
w(179,4,8,1024)
r(179,4,8,1024)
r(179,4,8,1024)
w(179,5,8,1024)
r(179,5,11,1026)
w(179,6,11,1026)
w(179,7,11,1026)
w(179,8,11,1026)
r(176,6,11,1026)
r(176,6,6,1028)
w(176,7,6,1028)
r(176,7,6,1028)
w(180,1,6,1028)
r(176,7,10,1030)
r(180,1,10,1030)
w(180,2,10,1030)
r(180,2,10,1030)
w(180,3,10,1030)
w(180,4,10,1030)
r(180,4,10,1033)
w(176,8,10,1033)
r(180,4,10,1033)
r(180,4,10,1033)
w(180,6,6,1036)
w(180,7,6,1036)
r(176,8,6,1036)
r(176,8,6,1036)
r(180,7,6,1036)
w(180,8,6,1036)
r(182,0,12,1038)
r(182,0,12,1038)
r(181,0,12,1038)
w(182,1,12,1038)
w(182,2,12,1038)
r(183,0,12,1038)
w(183,1,9,1041)
r(139,4,9,1041)
r(181,0,9,1041)
w(181,1,9,1041)
r(139,4,9,1041)
w(182,3,9,1041)
w(181,2,9,1041)
r(182,3,9,1041)
r(181,2,6,1046)
w(183,3,6,1046)
w(182,8,6,1046)
w(183,4,6,1046)
r(183,1,15,1047)
r(182,3,15,1047)
r(182,3,15,1047)
w(184,1,15,1047)
w(181,3,15,1047)
r(183,1,15,1047)
r(182,8,11,1049)
r(185,0,11,1049)
w(183,5,11,1049)
w(185,1,11,1049)
w(185,2,3,1053)
r(185,2,3,1053)
r(185,2,3,1053)
r(185,2,3,1053)
r(139,4,3,1053)
w(185,4,10,1060)
r(183,5,10,1060)
w(185,5,10,1060)
r(185,5,10,1060)
w(183,7,10,1060)
w(185,6,10,1060)
w(185,7,10,1060)
r(183,7,10,1060)
r(186,0,12,1061)
w(186,7,12,1061)
r(187,0,12,1061)
r(187,0,12,1061)
r(186,7,12,1061)
w(186,8,12,1061)
w(187,1,12,1061)
r(188,0,12,1061)
r(181,3,10,1063)
w(188,1,10,1063)
w(187,2,10,1063)
r(188,1,10,1063)
r(188,1,10,1066)
r(181,3,10,1066)
r(188,1,10,1066)
r(181,3,10,1066)
w(188,2,10,1066)
r(184,1,12,1070)
w(187,4,12,1070)
r(187,4,12,1070)
r(188,2,12,1070)
r(188,2,3,1071)
r(181,3,3,1071)
r(187,2,3,1071)
w(139,8,3,1071)
r(188,2,3,1071)
r(188,2,3,1071)
r(188,2,3,1071)
w(188,4,12,1075)
r(187,4,12,1075)
w(181,5,12,1075)
w(187,5,12,1075)
r(184,1,12,1075)
r(188,4,12,1075)
r(187,5,12,1075)
r(188,4,10,1079)
r(188,4,10,1079)
r(184,1,10,1079)
w(181,6,10,1079)
w(187,6,10,1079)
r(187,6,10,1079)
r(181,6,10,1079)
r(190,0,10,1079)
w(187,7,3,1086)
r(187,7,3,1086)
w(184,3,3,1086)
w(190,2,3,1086)
r(190,2,3,1086)
r(190,2,3,1086)
w(181,8,3,1086)
r(190,2,9,1092)
w(192,3,9,1092)
w(184,5,9,1092)
r(190,2,9,1092)
r(184,5,9,1092)
w(192,4,9,1092)
w(191,3,9,1092)
w(190,8,7,1097)
w(192,8,7,1097)
r(193,0,7,1097)
w(193,1,7,1097)
w(193,2,7,1097)
r(193,2,11,1104)
w(191,5,11,1104)
w(194,1,11,1104)
r(191,5,11,1104)
w(193,3,11,1104)
w(184,7,11,1104)
w(193,6,12,1105)
r(194,1,12,1105)
r(193,6,12,1105)
w(193,7,12,1105)
r(193,7,12,1105)
r(193,7,12,1105)
r(193,7,10,1109)
r(193,7,10,1109)
w(193,8,10,1109)
r(189,0,10,1109)
r(193,8,10,1109)
w(191,7,10,1109)
r(195,0,10,1109)
r(189,0,11,1110)
w(194,3,11,1110)
w(194,4,11,1110)
r(184,7,11,1110)
w(189,2,11,1110)
r(194,4,11,1110)
r(194,4,9,1113)
r(195,0,9,1113)
r(189,2,9,1113)
r(195,0,9,1113)
r(194,4,9,1113)
r(196,0,9,1113)
r(195,0,10,1115)
r(195,0,10,1115)
r(196,0,10,1115)
w(195,2,10,1115)
r(194,4,10,1115)
w(195,3,10,1115)
r(194,4,8,1117)
r(194,4,8,1117)
w(194,6,8,1117)
r(194,6,8,1117)
w(195,4,8,1117)
w(195,5,8,1117)
r(184,7,8,1117)
r(194,6,8,1117)
r(195,5,7,1119)
w(196,1,7,1119)
w(196,2,7,1119)
r(194,6,7,1119)
w(195,7,6,1126)
r(195,7,6,1126)
r(196,2,6,1126)
r(195,7,6,1126)
w(195,8,6,1126)
r(195,8,6,1126)
w(197,1,6,1126)
r(198,0,12,1129)
r(197,1,12,1129)
r(198,0,12,1129)
w(198,1,12,1129)
r(197,1,12,1129)
r(198,1,12,1129)
w(198,2,10,1132)
w(197,5,10,1132)
r(198,2,10,1132)
w(197,6,10,1132)
w(197,7,10,1132)
r(198,2,10,1132)
r(201,0,12,1138)
w(201,5,12,1138)
r(200,0,12,1138)
w(200,2,12,1138)
r(200,2,12,1138)
r(201,5,12,1138)
r(200,0,15,1142)
w(198,3,15,1142)
w(198,4,15,1142)
r(189,2,15,1142)
w(198,5,15,1142)
w(198,6,15,1142)
w(198,7,15,1142)
w(198,8,15,1142)
r(200,2,4,1144)
r(200,2,4,1144)
r(196,2,4,1144)
w(201,6,4,1144)
w(201,7,4,1144)
w(201,8,4,1144)
r(199,0,4,1144)
w(199,1,4,1148)
w(202,2,4,1148)
w(202,3,4,1148)
r(200,2,4,1148)
w(200,5,4,1148)
w(202,4,4,1148)
r(203,0,7,1151)
r(202,4,7,1151)
w(203,2,7,1151)
r(203,2,7,1151)
w(202,5,7,1151)
r(196,2,7,1151)
r(203,2,4,1155)
w(203,3,4,1155)
w(196,7,4,1155)
w(203,4,4,1155)
r(202,5,4,1155)
w(202,6,4,1155)
r(202,6,11,1158)
r(199,1,11,1158)
w(203,6,11,1158)
w(203,7,11,1158)
w(203,8,3,1159)
w(204,1,3,1159)
w(204,2,3,1159)
w(199,3,3,1159)
r(204,2,7,1161)
r(204,2,7,1161)
r(205,0,7,1161)
w(205,1,7,1161)
r(204,2,7,1161)
r(204,2,7,1164)
r(205,1,7,1164)
w(205,2,7,1164)
r(204,2,7,1164)
w(199,4,7,1164)
w(196,8,3,1167)
w(204,3,3,1167)
w(204,4,3,1167)
r(199,3,3,1167)
w(204,5,3,1167)
r(199,3,3,1167)
r(204,5,3,1167)
r(199,4,15,1170)
w(204,8,15,1170)
r(206,0,15,1170)
r(205,2,15,1170)
r(189,2,15,1170)
w(206,1,15,1170)
w(205,4,15,1170)
r(206,1,15,1170)
r(206,1,8,1174)
r(205,4,8,1174)
r(205,4,8,1174)
w(205,7,8,1174)
r(205,7,8,1174)
r(196,8,8,1174)
w(189,4,8,1174)
w(189,5,8,1174)
w(206,6,4,1179)
w(206,7,4,1179)
r(196,8,4,1179)
r(206,7,4,1179)
w(207,1,4,1179)
r(206,7,11,1181)
r(206,7,11,1181)
r(189,5,11,1181)
r(208,0,11,1181)
w(207,3,11,1181)
w(207,4,11,1181)
r(199,4,7,1184)
r(208,0,7,1184)
r(209,0,7,1184)
r(209,0,7,1184)
r(207,4,7,1184)
r(207,4,7,1184)
w(207,5,6,1185)
r(206,7,6,1185)
r(189,5,6,1185)
r(207,5,6,1185)
w(207,6,6,1185)
r(207,6,6,1185)
w(207,7,6,1185)
r(206,7,6,1185)
w(209,1,12,1189)
w(209,2,12,1189)
r(208,0,12,1189)
r(207,7,12,1189)
w(209,3,12,1189)
r(207,7,12,1189)
r(209,3,12,1192)
r(208,0,12,1192)
w(209,6,12,1192)
w(208,2,12,1192)
r(209,6,12,1192)
r(209,6,15,1198)
r(208,2,15,1198)
w(210,1,15,1198)
w(210,2,15,1198)
r(210,2,15,1198)
w(210,3,15,1198)
w(189,6,15,1198)
w(208,4,10,1201)
r(211,0,10,1201)
w(210,8,10,1201)
r(208,4,10,1201)
r(210,8,10,1201)
r(211,0,11,1204)
r(212,0,11,1204)
r(212,0,11,1204)
w(208,5,11,1204)
w(208,6,11,1204)
r(212,0,11,1204)
w(211,2,6,1209)
w(199,6,6,1209)
w(212,1,6,1209)
r(199,6,6,1209)
w(212,2,6,1209)
r(212,2,6,1209)
r(212,2,10,1212)
r(199,6,10,1212)
w(208,8,10,1212)
r(212,2,10,1212)
w(211,4,10,1212)
r(211,2,15,1214)
w(213,1,15,1214)
r(212,2,15,1214)
r(199,6,15,1214)
r(212,2,15,1214)
w(213,2,15,1214)
w(213,3,6,1215)
r(212,2,6,1215)
r(211,4,6,1215)
r(211,4,6,1215)
w(212,5,6,1215)
w(212,6,10,1218)
w(211,5,10,1218)
r(189,6,10,1218)
w(199,7,10,1218)
w(212,7,10,1218)
r(189,6,10,1218)
r(213,3,10,1218)
r(211,5,8,1221)
w(214,3,8,1221)
w(214,4,8,1221)
w(214,5,8,1221)
r(214,5,8,1221)
w(214,6,9,1224)
w(214,7,9,1224)
w(214,8,9,1224)
w(199,8,9,1224)
r(211,5,3,1230)
r(216,0,3,1230)
r(216,0,3,1230)
r(216,0,3,1230)
w(215,1,8,1233)
r(215,1,8,1233)
w(215,2,8,1233)
w(215,3,8,1233)
w(215,4,8,1233)
w(215,5,8,1233)
w(215,6,8,1233)
r(199,7,8,1233)
w(216,1,10,1235)
r(216,1,10,1235)
w(211,8,10,1235)
r(216,1,10,1235)
w(213,4,10,1235)
r(199,8,10,1235)
w(216,7,9,1238)
r(218,0,9,1238)
r(216,7,9,1238)
r(217,0,9,1238)
w(216,8,9,1238)
r(217,0,9,1238)
r(216,8,9,1238)
w(217,1,9,1238)
r(213,4,8,1247)
w(218,1,8,1247)
w(217,3,8,1247)
w(219,1,8,1247)
w(219,2,8,1247)
w(217,4,8,1247)
w(219,3,8,1247)
w(219,4,8,1247)
r(221,0,3,1251)
r(222,0,3,1251)
w(218,3,3,1251)
r(221,0,3,1251)
r(222,0,12,1253)
r(213,4,12,1253)
r(221,0,12,1253)
r(218,1,12,1253)
w(221,2,12,1253)
r(221,2,12,1253)
r(213,4,12,1253)
w(222,1,12,1253)
w(221,3,12,1259)
r(221,3,12,1259)
r(222,1,12,1259)
w(213,7,12,1259)
w(221,4,12,1259)
r(221,4,12,1259)
w(222,5,12,1259)
w(222,6,12,1259)
w(221,7,10,1261)
r(221,7,10,1261)
r(222,6,10,1261)
w(222,7,10,1261)
r(222,7,8,1263)
w(222,8,8,1263)
r(222,8,8,1263)
r(213,7,8,1263)
r(222,8,8,1263)
r(221,7,8,1263)
r(222,8,8,1263)
w(218,6,15,1266)
r(221,7,15,1266)
r(221,7,15,1266)
w(223,1,15,1266)
w(223,2,15,1266)
w(223,3,15,1266)
w(223,4,15,1266)
r(221,7,15,1266)
w(223,7,9,1274)
r(223,7,9,1274)
w(218,7,9,1274)
r(223,7,9,1274)
w(224,1,9,1274)
r(223,7,9,1274)
r(223,7,9,1274)
w(224,2,4,1278)
r(225,0,4,1278)
w(218,8,4,1278)
r(226,0,4,1278)
w(226,3,4,1278)
w(226,4,4,1278)
w(226,6,10,1284)
w(225,4,10,1284)
r(226,6,10,1284)
r(226,6,10,1284)
r(225,4,10,1284)
w(226,7,10,1284)
r(226,7,10,1284)
w(227,4,6,1291)
w(228,1,6,1291)
r(227,4,6,1291)
w(225,7,6,1291)
w(229,4,3,1296)
w(229,5,3,1296)
r(225,7,3,1296)
w(229,6,3,1296)
r(230,0,9,1299)
w(229,7,9,1299)
r(229,7,9,1299)
r(229,7,9,1299)
w(230,1,15,1305)
w(220,4,15,1305)
r(230,1,15,1305)
r(231,0,15,1305)
r(224,2,15,1305)
r(231,0,11,1306)
w(224,6,11,1306)
w(231,1,11,1306)
r(231,1,11,1306)
r(231,1,11,1306)
w(231,7,4,1312)
w(231,8,4,1312)
r(232,0,4,1312)
r(232,0,4,1312)
r(232,0,4,1312)
w(232,1,4,1312)
r(230,1,9,1316)
r(232,1,9,1316)
r(230,1,9,1316)
w(232,5,9,1316)
r(232,1,11,1318)
r(232,1,11,1318)
w(230,6,11,1318)
r(224,6,11,1318)
r(232,1,11,1318)
w(230,7,11,1318)
w(230,8,11,1318)
r(232,1,11,1318)
w(233,1,10,1319)
r(232,5,10,1319)
r(224,6,10,1319)
w(232,6,10,1319)
w(232,7,10,1319)
r(232,7,10,1319)
w(220,5,11,1322)
r(224,6,11,1322)
r(224,6,11,1322)
w(232,8,11,1322)
r(232,7,12,1323)
r(234,0,12,1323)
w(228,4,12,1323)
w(234,1,12,1323)
r(233,1,12,1323)
r(234,1,12,1323)
w(234,2,12,1323)
r(224,6,12,1323)
w(234,7,6,1338)
w(228,6,6,1338)
r(234,7,6,1338)
r(234,7,6,1338)
w(220,7,6,1338)
r(233,1,6,1338)
r(234,7,6,1338)
w(235,6,6,1343)
r(237,0,6,1343)
w(237,2,6,1343)
r(235,6,6,1343)
r(235,6,8,1348)
r(238,0,8,1348)
r(237,2,8,1348)
r(220,7,8,1348)
r(237,2,8,1348)
w(237,3,6,1350)
r(235,6,6,1350)
r(236,0,6,1350)
r(235,6,6,1350)
r(235,6,6,1350)
w(235,8,6,1350)
w(238,1,3,1355)
w(239,1,3,1355)
r(239,1,3,1355)
w(239,2,3,1355)
r(239,2,3,1355)
w(238,2,3,1355)
r(237,2,3,1355)
w(220,8,8,1356)
w(236,3,8,1356)
r(239,0,8,1356)
r(237,3,8,1356)
r(239,0,8,1356)
w(236,4,6,1365)
r(239,2,6,1365)
w(239,6,6,1365)
r(236,4,6,1365)
w(237,7,6,1365)
w(239,7,6,1365)
w(237,8,6,1365)
w(239,8,6,1365)
w(233,4,11,1367)
r(220,5,11,1367)
w(233,5,11,1367)
r(234,2,11,1367)
r(233,5,11,1367)
r(234,2,11,1367)
r(240,0,8,1370)
w(240,2,8,1370)
w(240,3,8,1370)
w(240,4,8,1370)
r(240,4,8,1370)
r(237,3,8,1370)
w(240,5,8,1370)
r(241,0,8,1370)
w(242,1,15,1373)
w(241,2,15,1373)
w(241,3,15,1373)
r(242,1,15,1373)
r(242,1,15,1373)
w(241,8,8,1376)
r(241,8,8,1376)
r(242,1,8,1376)
r(241,8,8,1376)
w(242,4,6,1380)
r(241,8,6,1380)
r(242,4,6,1380)
w(242,5,6,1380)
r(241,8,10,1384)
r(236,4,10,1384)
r(241,8,10,1384)
r(236,4,10,1384)
r(242,5,3,1386)
r(242,5,3,1386)
w(238,4,3,1386)
r(242,5,3,1386)
r(241,8,12,1387)
r(242,5,12,1387)
w(242,6,12,1387)
w(242,7,12,1387)
r(244,0,10,1390)
r(238,4,10,1390)
r(243,0,10,1390)
w(244,2,10,1390)
r(243,0,10,1390)
r(243,0,4,1393)
w(244,3,4,1393)
r(243,0,4,1393)
w(244,4,4,1393)
r(244,4,4,1393)
w(244,5,4,1393)
w(244,6,4,1393)
r(244,6,4,1393)
r(243,0,15,1396)
r(246,0,15,1396)
w(243,3,15,1396)
r(245,0,15,1396)
w(246,1,15,1396)
r(245,0,15,1396)
r(243,3,15,1396)
w(246,2,10,1398)
r(243,3,10,1398)
r(246,2,10,1398)
w(246,3,10,1398)
r(246,3,10,1398)
r(243,3,10,1398)
w(246,4,7,1401)
r(246,4,7,1401)
r(243,3,7,1401)
w(243,4,7,1401)
w(243,5,7,1401)
w(246,5,7,1401)
w(246,6,7,1401)
w(245,4,8,1408)
r(245,4,8,1408)
r(245,4,8,1408)
w(243,8,8,1408)
r(243,8,8,1408)
r(247,0,8,1408)
w(245,5,8,1408)
r(243,8,8,1408)
w(249,4,4,1417)
r(245,5,4,1417)
w(248,7,4,1417)
r(238,4,4,1417)
r(248,7,4,1417)
r(248,0,8,1418)
r(249,0,8,1418)
r(245,5,8,1418)
r(220,8,8,1418)
r(248,7,3,1421)
r(249,4,3,1421)
r(248,7,3,1421)
r(249,4,3,1421)
r(245,5,3,1421)
r(245,5,3,1421)
r(248,7,11,1425)
w(238,6,11,1425)
w(245,7,11,1425)
w(249,5,11,1425)
w(249,6,11,1425)
w(245,8,11,1425)
r(249,6,11,1425)
w(252,1,11,1429)
r(252,1,11,1429)
w(252,2,11,1429)
r(251,0,11,1429)
r(250,0,11,1429)
r(220,8,11,1429)
r(250,0,11,1429)
w(250,2,4,1434)
r(252,2,4,1434)
r(252,2,4,1434)
w(252,5,4,1434)
r(252,5,4,1434)
w(252,6,4,1434)
w(250,3,4,1434)
r(251,0,6,1437)
r(220,8,6,1437)
r(253,0,6,1437)
r(250,3,6,1437)
w(252,8,10,1438)
r(252,8,10,1438)
w(250,5,10,1438)
r(250,5,10,1438)
r(251,0,10,1438)
r(238,6,10,1438)
w(253,1,10,1438)
r(251,0,10,1438)
w(253,2,10,1440)
r(253,2,10,1440)
r(220,8,10,1440)
r(253,2,10,1440)
r(253,2,10,1440)
r(250,5,3,1442)
w(250,6,3,1442)
r(251,0,3,1442)
r(253,2,3,1442)
r(251,0,12,1444)
r(250,6,12,1444)
r(220,8,12,1444)
w(251,1,12,1444)
r(253,2,6,1451)
w(253,3,6,1451)
w(253,4,6,1451)
w(251,2,6,1451)
w(253,5,6,1451)
w(250,7,6,1451)
w(250,8,6,1451)
r(253,5,8,1459)
w(253,8,8,1459)
w(254,1,8,1459)
w(254,2,8,1459)
r(254,2,8,1459)
w(251,7,8,1459)
r(254,2,8,1459)
w(254,3,8,1459)
w(256,1,6,1463)
w(256,2,6,1463)
r(256,2,6,1463)
r(256,2,6,1463)
w(256,3,6,1463)
w(255,2,6,1463)
r(220,8,6,1463)
r(256,3,6,1463)
r(256,3,12,1467)
r(257,0,12,1467)
r(256,3,12,1467)
r(256,3,12,1467)
r(255,2,12,1467)
r(257,0,12,1467)
w(255,5,8,1470)
w(256,6,8,1470)
r(256,6,8,1470)
r(255,5,8,1470)
r(256,6,8,1470)
r(256,6,8,1470)
r(256,6,8,1470)
r(255,5,8,1470)
r(255,5,9,1474)
r(255,5,9,1474)
r(255,5,9,1474)
w(256,7,9,1474)
w(255,7,9,1474)
w(256,8,9,1474)
r(255,7,9,1474)
w(259,1,9,1474)
w(257,3,9,1477)
r(259,1,9,1477)
w(258,1,9,1477)
w(259,2,9,1477)
r(259,2,9,1477)
w(258,2,8,1483)
w(259,3,8,1483)
w(259,4,8,1483)
w(259,5,8,1483)
w(259,6,8,1483)
r(259,6,8,1483)
r(260,0,8,1483)
r(259,6,8,1483)
w(260,3,6,1487)
r(261,0,6,1487)
w(260,4,6,1487)
w(260,5,6,1487)
w(261,2,6,1487)
r(257,3,6,1487)
w(260,6,6,1487)
w(257,4,10,1491)
w(261,4,10,1491)
r(257,4,10,1491)
w(258,6,10,1491)
r(261,4,10,1491)
r(261,4,9,1493)
r(261,4,9,1493)
r(258,6,9,1493)
w(257,6,9,1493)
w(263,4,12,1498)
r(264,0,12,1498)
r(258,6,12,1498)
w(262,1,12,1498)
w(263,5,12,1498)
w(263,6,12,1498)
r(263,6,12,1498)
r(263,6,12,1498)
w(264,2,12,1501)
w(264,3,12,1501)
r(262,1,12,1501)
r(263,6,12,1501)
r(264,3,15,1505)
w(264,4,15,1505)
w(264,5,15,1505)
r(264,5,15,1505)
w(264,6,15,1505)
w(257,7,15,1505)
r(257,7,15,1505)
r(263,6,15,1505)
w(265,2,12,1508)
r(265,2,12,1508)
r(266,0,12,1508)
r(266,0,12,1508)
r(266,0,12,1508)
r(266,0,12,1508)
w(266,1,12,1508)
r(266,1,7,1514)
r(258,6,7,1514)
r(266,1,7,1514)
r(262,1,7,1514)
w(265,5,7,1514)
w(265,6,7,1514)
w(268,2,10,1521)
r(268,2,10,1521)
w(268,3,10,1521)
w(268,4,10,1521)
w(268,7,8,1524)
r(267,0,8,1524)
r(267,0,8,1524)
w(265,8,8,1524)
r(262,1,15,1527)
w(269,1,15,1527)
r(267,0,15,1527)
r(268,7,15,1527)
r(268,7,15,1527)
w(269,2,15,1527)
r(267,0,15,1527)
r(268,7,15,1527)
r(269,2,9,1530)
w(269,3,9,1530)
r(269,3,9,1530)
r(268,7,9,1530)
w(269,4,9,1530)
w(270,1,9,1530)
r(269,4,9,1530)
w(267,2,9,1530)
w(267,3,15,1534)
r(262,1,15,1534)
w(270,2,15,1534)
w(270,3,15,1534)
w(269,5,15,1534)
w(269,6,15,1534)
r(258,6,3,1535)
w(270,7,3,1535)
w(269,8,3,1535)
r(270,7,3,1535)
w(273,3,12,1541)
r(272,0,12,1541)
r(273,3,12,1541)
r(272,0,12,1541)
w(267,5,12,1541)
r(273,3,12,1541)
w(273,4,12,1541)
r(267,5,12,1541)
w(273,8,4,1549)
w(267,7,4,1549)
r(267,7,4,1549)
r(274,0,4,1549)
r(271,0,4,1549)
r(271,0,4,1549)
w(274,1,4,1549)
w(274,3,15,1553)
r(271,0,15,1553)
w(274,4,15,1553)
w(274,5,15,1553)
r(274,5,15,1553)
w(275,1,15,1553)
w(274,6,15,1553)
w(274,7,15,1553)
r(272,0,6,1555)
r(276,0,6,1555)
r(271,0,6,1555)
w(271,8,6,1555)
r(271,8,6,1555)
r(276,0,6,1555)
r(275,1,6,1555)
w(276,3,6,1555)
r(276,3,11,1559)
r(276,3,11,1559)
r(276,3,11,1559)
r(272,0,11,1559)
w(278,1,11,1559)
r(278,1,7,1567)
w(278,4,7,1567)
r(278,4,7,1567)
r(277,0,7,1567)
w(275,4,7,1567)
w(275,5,7,1567)
r(277,0,4,1572)
r(278,4,4,1572)
r(262,1,4,1572)
w(277,5,4,1572)
w(277,6,4,1572)
w(277,7,4,1572)
w(278,8,4,1572)
r(272,0,4,1572)
w(275,7,7,1576)
w(279,2,7,1576)
w(275,8,7,1576)
r(262,1,7,1576)
r(275,8,7,1576)
w(279,3,7,1576)
w(279,4,7,1576)
r(280,0,3,1577)
w(280,2,3,1577)
w(280,3,3,1577)
r(281,0,3,1577)
r(279,4,3,1577)
w(281,1,3,1577)
r(279,4,3,1577)
r(279,4,3,1577)
r(279,4,11,1580)
r(280,3,11,1580)
w(279,7,11,1580)
w(279,8,11,1580)
r(282,0,11,1580)
w(282,1,11,1580)
r(280,3,10,1585)
w(282,3,10,1585)
w(280,7,10,1585)
r(280,7,10,1585)
r(282,3,6,1588)
r(282,3,6,1588)
w(280,8,6,1588)
r(282,3,6,1588)
r(282,3,6,1588)
w(272,2,12,1589)
w(281,2,12,1589)
w(262,2,12,1589)
r(282,3,12,1589)
r(283,0,12,1591)
r(282,3,12,1591)
r(283,0,12,1591)
r(281,2,12,1591)
r(282,3,12,1591)
r(283,0,12,1591)
w(283,1,12,1591)
r(281,2,6,1594)
w(283,2,6,1594)
r(283,2,6,1594)
r(281,2,6,1594)
r(282,3,6,1594)
r(283,2,6,1594)
r(282,3,6,1594)
r(283,1,12,1595)
r(281,2,12,1595)
w(272,3,12,1595)
r(272,3,12,1595)
r(282,3,12,1595)
w(283,5,7,1600)
w(282,7,7,1600)
w(282,8,7,1600)
r(283,5,7,1600)
r(283,5,7,1600)
r(281,2,7,1600)
r(282,8,7,1600)
r(282,8,7,1600)
w(284,3,12,1603)
w(272,4,12,1603)
w(284,4,12,1603)
r(281,2,12,1603)
w(284,5,8,1606)
w(283,7,8,1606)
w(284,6,8,1606)
r(281,2,8,1606)
w(283,8,8,1606)
w(284,7,8,1606)
w(285,3,15,1611)
w(285,4,15,1611)
w(285,5,15,1611)
w(286,1,15,1611)
r(262,2,15,1611)
w(285,6,8,1615)
w(262,3,8,1615)
r(281,2,8,1615)
r(272,4,8,1615)
r(281,2,11,1616)
w(281,4,11,1616)
r(272,4,11,1616)
r(285,5,11,1616)
w(286,2,11,1616)
w(286,3,11,1616)
w(286,5,8,1623)
r(287,0,8,1623)
w(287,2,8,1623)
r(287,2,8,1623)
w(287,3,8,1623)
w(281,6,8,1623)
w(288,1,10,1630)
r(288,1,10,1630)
w(288,2,10,1630)
w(288,3,10,1630)
r(289,0,15,1633)
w(289,2,15,1633)
w(289,3,15,1633)
r(288,0,15,1633)
r(289,3,15,1633)
r(288,3,7,1638)
w(288,8,7,1638)
r(288,8,7,1638)
r(289,3,7,1638)
r(262,3,7,1638)
w(290,1,11,1639)
r(289,3,11,1639)
w(262,4,11,1639)
r(288,3,11,1639)
r(262,4,12,1641)
r(289,3,12,1641)
r(290,1,12,1641)
r(289,3,12,1641)
w(289,8,12,1641)
r(292,0,12,1641)
w(292,3,15,1647)
r(292,3,15,1647)
w(292,4,15,1647)
w(292,5,15,1647)
r(292,5,15,1647)
w(292,8,7,1652)
r(292,8,7,1652)
w(293,1,7,1652)
w(293,2,7,1652)
w(272,5,7,1652)
w(293,3,7,1652)
w(290,4,15,1657)
r(291,0,15,1657)
r(293,3,15,1657)
w(290,5,15,1657)
r(293,3,15,1657)
r(291,0,15,1657)
w(291,3,15,1657)
r(293,3,15,1657)
r(291,3,3,1660)
r(291,3,3,1660)
r(293,3,3,1660)
r(291,3,3,1660)
w(272,6,3,1660)
w(294,1,12,1661)
r(290,5,12,1661)
w(294,2,12,1661)
r(294,2,12,1661)
w(294,3,12,1661)
r(291,3,4,1664)
w(291,4,4,1664)
w(291,5,4,1664)
w(290,7,4,1664)
r(294,3,6,1667)
w(291,7,6,1667)
r(294,3,6,1667)
r(294,3,6,1667)
w(294,6,6,1667)
r(294,6,6,1667)
r(291,7,6,1667)
r(291,7,6,1667)
w(294,7,9,1669)
r(262,4,9,1669)
w(262,5,9,1669)
w(290,8,9,1669)
w(272,7,9,1669)
r(294,7,9,1669)
r(294,7,12,1671)
w(291,8,12,1671)
w(294,8,12,1671)
w(295,1,12,1671)
r(290,8,12,1674)
r(272,7,12,1674)
r(290,8,12,1674)
r(291,8,12,1674)
r(295,1,12,1674)
r(291,8,12,1674)
r(295,1,12,1674)
w(295,2,3,1675)
w(295,3,3,1675)
r(272,7,3,1675)
r(291,8,3,1675)
r(295,3,3,1675)
w(295,4,3,1675)
r(295,4,4,1677)
r(295,4,4,1677)
r(295,4,4,1677)
r(297,0,4,1677)
r(262,5,4,1677)
w(295,5,9,1679)
w(296,1,9,1679)
r(295,5,9,1679)
r(296,1,9,1679)
r(295,5,9,1679)
w(272,8,8,1681)
r(297,0,8,1681)
w(297,1,8,1681)
r(297,1,8,1681)
r(295,5,8,1681)
r(295,5,4,1683)
w(295,6,4,1683)
w(295,7,4,1683)
w(262,6,4,1683)
w(297,2,4,1683)
w(295,8,12,1686)
r(298,0,12,1686)
w(298,1,12,1686)
r(296,1,12,1686)
r(298,0,10,1687)
r(297,2,10,1687)
w(297,3,10,1687)
w(297,4,10,1687)
r(298,1,11,1689)
r(297,4,11,1689)
r(298,1,11,1689)
w(297,5,11,1689)
w(296,2,11,1689)
r(299,0,11,1689)
w(298,2,11,1689)
w(300,1,4,1698)
w(300,2,4,1698)
r(296,2,4,1698)
r(300,2,4,1698)
r(300,2,4,1698)
r(300,2,4,1698)
w(300,3,4,1698)
r(301,0,4,1698)
r(296,2,11,1701)
w(296,5,11,1701)
r(300,3,11,1701)
r(300,3,11,1701)
r(300,3,11,1701)
r(296,5,6,1705)
r(296,5,6,1705)
r(301,0,6,1705)
w(300,5,6,1705)
w(300,6,6,1705)
r(301,0,6,1705)
w(300,7,6,1705)
r(300,7,6,1705)
r(301,0,4,1707)
w(301,2,4,1707)
r(301,2,4,1707)
r(299,0,4,1707)
r(301,2,15,1710)
w(296,6,15,1710)
r(301,2,15,1710)
w(301,3,15,1710)
r(301,3,8,1713)
r(302,0,8,1713)
w(296,7,8,1713)
r(301,3,8,1713)
r(301,3,8,1713)
w(302,1,4,1715)
w(302,2,4,1715)
r(302,2,4,1715)
r(296,6,4,1715)
w(302,3,4,1715)
w(301,4,4,1715)
w(302,4,4,1715)
w(262,7,3,1719)
r(302,4,3,1719)
r(296,7,3,1719)
w(302,8,3,1719)
r(302,8,3,1719)
r(301,4,3,1719)
r(302,8,3,1719)
r(302,8,3,1719)
w(301,5,7,1723)
w(303,1,7,1723)
r(303,1,7,1723)
w(301,6,7,1723)
r(303,1,7,1723)
r(303,1,7,1723)
w(296,8,7,1723)
r(303,1,7,1723)
r(303,1,7,1726)
r(303,1,7,1726)
r(305,0,7,1726)
r(303,1,7,1726)
r(303,1,7,1726)
w(303,3,7,1726)
w(303,4,7,1726)
r(304,0,8,1730)
w(305,1,8,1730)
r(304,0,8,1730)
r(303,4,8,1730)
r(305,1,8,1730)
w(306,4,12,1737)
w(306,5,12,1737)
r(305,1,12,1737)
w(304,6,12,1737)
w(305,3,12,1737)
w(305,4,12,1737)
r(299,0,12,1737)
r(307,0,4,1741)
w(307,1,4,1741)
r(299,0,4,1741)
r(307,1,4,1741)
r(307,1,4,1741)
r(304,6,4,1741)
r(307,1,4,1741)
r(307,1,9,1744)
r(307,1,9,1744)
r(304,6,9,1744)
r(307,1,9,1744)
w(307,3,9,1744)
r(309,0,9,1750)
r(309,0,9,1750)
r(299,0,9,1750)
w(305,7,9,1750)
r(309,0,9,1750)
r(305,7,15,1756)
w(308,5,15,1756)
w(309,3,15,1756)
w(309,4,15,1756)
w(305,8,15,1756)
r(311,0,4,1759)
w(310,1,4,1759)
w(311,1,4,1759)
w(311,2,4,1759)
r(311,2,7,1762)
w(311,3,7,1762)
w(310,2,7,1762)
w(299,4,7,1762)
r(262,7,7,1762)
w(311,4,7,1762)
r(310,2,7,1762)
r(311,4,9,1764)
r(311,4,9,1764)
r(299,4,9,1764)
w(310,3,9,1764)
r(311,4,9,1764)
w(311,5,9,1764)
r(311,5,9,1764)
r(311,5,3,1770)
w(308,8,3,1770)
r(310,3,3,1770)
r(310,3,3,1770)
r(310,3,3,1770)
w(311,6,7,1771)
w(311,7,7,1771)
w(311,8,7,1771)
r(311,8,7,1771)
w(313,1,12,1774)
w(313,2,12,1774)
w(313,3,12,1774)
r(313,3,12,1774)
r(262,7,12,1774)
r(313,3,12,1774)
r(313,0,6,1776)
r(310,3,6,1776)
w(310,5,6,1776)
w(310,6,6,1776)
r(314,0,6,1779)
r(314,0,6,1779)
r(314,0,6,1779)
r(314,0,6,1779)
r(314,0,6,1779)
r(314,0,6,1779)
r(315,0,6,1779)
r(314,0,6,1779)
w(299,5,15,1781)
r(314,0,15,1781)
r(315,0,15,1781)
r(314,0,15,1781)
r(262,7,15,1781)
r(314,0,10,1784)
r(315,0,10,1784)
w(314,2,10,1784)
r(312,0,10,1784)
r(315,0,10,1784)
r(262,7,10,1784)
r(315,0,10,1784)
w(314,4,3,1788)
w(312,1,3,1788)
r(315,0,3,1788)
r(315,0,3,1788)
r(312,1,3,1788)
r(314,4,3,1788)
r(314,4,11,1791)
w(314,7,11,1791)
r(312,1,11,1791)
w(314,8,11,1791)
r(314,8,11,1791)
r(315,0,4,1796)
r(316,0,4,1796)
r(316,0,4,1796)
w(316,1,4,1796)
w(315,3,4,1796)
w(316,2,4,1796)
w(316,3,4,1796)
w(316,4,4,1796)
r(320,0,11,1804)
r(318,0,11,1804)
r(318,0,11,1804)
r(312,1,11,1804)
r(318,0,11,1804)
w(312,8,8,1813)
r(318,0,8,1813)
r(318,0,8,1813)
r(320,0,8,1813)
r(318,0,8,1813)
w(320,3,4,1819)
r(320,3,4,1819)
r(320,3,4,1819)
r(318,0,4,1819)
r(319,0,4,1819)
w(318,5,4,1819)
w(318,6,4,1819)
w(322,2,7,1823)
w(322,3,7,1823)
r(322,3,7,1823)
w(322,4,7,1823)
r(322,4,7,1823)
w(322,5,7,1823)
w(320,8,7,1823)
r(323,0,8,1826)
r(262,7,8,1826)
w(323,1,8,1826)
r(323,1,8,1826)
r(319,0,9,1827)
w(321,1,9,1827)
r(322,5,9,1827)
r(322,5,9,1827)
r(322,5,9,1827)
w(323,2,15,1833)
r(322,5,15,1833)
w(321,2,15,1833)
r(322,5,15,1833)
w(323,3,15,1833)
r(322,5,15,1833)
w(324,1,10,1837)
r(322,5,10,1837)
w(321,4,10,1837)
r(321,4,10,1837)
r(319,0,10,1837)
w(321,5,10,1837)
r(323,3,10,1837)
r(325,0,7,1839)
w(325,3,7,1839)
r(323,3,7,1839)
r(321,5,7,1839)
r(325,3,7,1839)
r(321,5,7,1839)
w(323,8,3,1843)
r(323,8,3,1843)
r(323,8,3,1843)
w(325,6,3,1843)
r(321,5,3,1843)
r(323,8,3,1843)
r(321,5,10,1846)
w(325,7,10,1846)
r(323,8,10,1846)
w(325,8,10,1846)
r(319,0,10,1846)
r(319,0,10,1846)
r(325,6,6,1847)
r(323,8,6,1847)
r(325,6,6,1847)
r(321,5,6,1847)
r(325,6,6,1847)
r(321,5,8,1851)
r(321,5,8,1851)
r(325,8,8,1851)
w(326,1,8,1851)
w(326,2,8,1851)
r(327,0,8,1851)
r(319,0,12,1854)
w(327,2,12,1854)
r(326,2,12,1854)
r(326,2,12,1854)
r(327,2,12,1854)
w(321,8,12,1854)
w(326,6,10,1858)
r(327,2,10,1858)
r(327,2,10,1858)
w(326,7,10,1858)
r(327,2,10,1858)
w(326,8,10,1858)
w(329,1,15,1861)
r(329,1,15,1861)
r(319,0,15,1861)
r(329,1,15,1861)
w(329,2,15,1861)
r(329,2,15,1861)
w(327,4,15,1861)
r(329,2,15,1861)
r(329,2,11,1867)
r(327,4,11,1867)
w(329,3,11,1867)
w(329,4,11,1867)
r(329,2,7,1868)
r(329,2,7,1868)
w(324,3,7,1868)
r(327,4,7,1868)
w(328,1,3,1871)
w(327,8,3,1871)
r(327,8,3,1871)
w(330,1,3,1871)
w(330,2,3,1871)
r(330,2,3,1871)
r(328,1,3,1871)
r(330,2,3,1871)
r(334,0,9,1888)
r(334,0,9,1888)
w(319,6,9,1888)
r(319,6,9,1888)
r(334,0,9,1888)
r(334,0,9,1888)
r(319,6,9,1888)
w(333,1,4,1890)
r(334,0,4,1890)
w(333,2,4,1890)
r(333,2,4,1890)
w(334,3,4,1890)
r(328,1,4,1890)
r(334,3,4,1890)
w(333,3,4,1890)
w(334,8,4,1894)
r(328,1,4,1894)
r(335,0,4,1894)
w(333,4,4,1894)
r(333,4,4,1894)
r(335,0,4,1894)
r(335,0,4,1894)
r(335,0,9,1897)
w(333,5,9,1897)
w(335,1,9,1897)
w(335,2,9,1897)
w(335,3,9,1897)
r(319,6,9,1897)
r(319,6,9,1897)
w(333,6,4,1901)
r(335,3,4,1901)
r(333,6,4,1901)
r(335,3,4,1901)
r(335,3,4,1901)
w(333,7,4,1901)
r(335,3,4,1901)
r(330,2,11,1904)
w(330,5,11,1904)
w(330,6,11,1904)
r(331,0,11,1904)
w(324,4,11,1904)
w(330,7,11,1904)
r(335,3,6,1905)
r(335,3,6,1905)
r(335,3,6,1905)
r(335,3,6,1905)
w(335,5,7,1906)
r(335,5,7,1906)
w(333,8,7,1906)
w(328,7,7,1906)
r(335,5,4,1908)
w(335,6,4,1908)
r(333,8,4,1908)
w(335,7,4,1908)
r(335,7,4,1911)
w(319,8,4,1911)
r(319,8,4,1911)
w(335,8,4,1911)
r(336,0,6,1912)
r(328,7,6,1912)
r(328,7,6,1912)
r(335,7,6,1912)
w(336,1,6,1912)
w(336,2,4,1915)
w(337,1,4,1915)
r(337,1,4,1915)
r(336,2,4,1915)
w(337,2,4,1915)
r(336,2,4,1915)
w(334,2,10,1919)
r(319,8,10,1919)
r(328,1,10,1919)
r(333,8,10,1919)
w(339,1,9,1922)
r(337,2,9,1922)
w(336,5,9,1922)
r(337,2,9,1922)
w(337,5,7,1924)
r(338,0,7,1924)
r(337,5,7,1924)
r(337,5,7,1924)
r(336,2,7,1924)
w(337,6,7,1924)
r(339,0,7,1924)
r(339,0,7,1924)
r(330,2,12,1925)
r(330,2,12,1925)
r(331,0,12,1925)
r(330,2,12,1925)
w(331,4,12,1925)
r(338,0,15,1927)
w(337,7,15,1927)
r(336,5,15,1927)
w(337,8,15,1927)
w(336,6,15,1927)
r(340,0,8,1931)
r(324,4,8,1931)
r(336,6,8,1931)
w(338,1,8,1931)
w(340,2,8,1931)
r(340,2,8,1931)
r(338,1,8,1931)
w(340,3,8,1931)
w(339,4,7,1938)
r(340,3,7,1938)
r(340,3,7,1938)
w(340,7,7,1938)
w(338,2,7,1938)
w(340,8,7,1938)
w(341,1,7,1938)
r(324,4,7,1938)
w(339,5,12,1944)
w(341,3,12,1944)
r(341,3,12,1944)
r(336,6,12,1944)
w(341,4,12,1944)
w(336,8,12,1944)
r(341,4,12,1944)
w(343,2,9,1948)
r(343,2,9,1948)
r(343,2,9,1948)
r(342,0,9,1948)
r(343,0,8,1949)
r(338,2,8,1949)
r(343,0,8,1949)
r(343,0,8,1949)
w(343,3,15,1951)
r(342,0,15,1951)
w(324,5,15,1951)
r(342,0,15,1951)
r(343,3,15,1954)
r(339,5,15,1954)
r(338,2,15,1954)
w(343,5,15,1954)
r(343,5,15,1954)
r(342,0,15,1954)
r(342,0,11,1958)
w(324,6,11,1958)
r(343,5,11,1958)
r(338,2,11,1958)
w(342,4,11,1958)
r(343,5,11,1958)
w(343,6,11,1958)
w(324,7,15,1961)
r(343,6,15,1961)
r(338,2,15,1961)
w(342,6,15,1961)
w(339,7,6,1966)
w(324,8,6,1966)
w(339,8,6,1966)
r(343,6,6,1966)
r(343,6,6,1966)
w(342,7,6,1966)
w(346,1,4,1969)
r(346,1,4,1969)
w(346,2,4,1969)
w(346,3,4,1969)
r(348,0,11,1976)
r(348,0,11,1976)
r(347,0,11,1976)
r(348,0,11,1976)
w(347,3,11,1976)
w(347,4,11,1976)
w(347,5,11,1976)
r(345,0,11,1976)
r(348,0,12,1982)
r(347,5,12,1982)
w(347,8,12,1982)
r(345,0,12,1982)
r(348,0,10,1984)
r(345,0,10,1984)
w(348,6,10,1984)
w(348,7,10,1984)
r(347,5,10,1984)
r(347,5,10,1984)
r(349,0,10,1988)
r(350,0,10,1988)
w(349,1,10,1988)
w(350,1,10,1988)
r(350,1,10,1988)
w(350,2,10,1988)
w(345,2,4,1992)
w(345,3,4,1992)
w(349,4,4,1992)
w(338,7,4,1992)
r(345,3,4,1992)
w(338,8,4,1992)
w(350,6,12,1993)
r(338,2,12,1993)
r(349,1,12,1993)
w(350,7,12,1993)
w(350,8,12,1993)
r(350,8,12,1993)
r(350,8,12,1993)
r(350,8,6,1996)
w(349,5,6,1996)
w(352,1,6,1996)
w(352,2,6,1996)
r(349,5,6,2000)
r(353,0,6,2000)
r(353,0,6,2000)
r(353,0,6,2000)
r(349,5,6,2000)
r(353,0,6,2000)
w(351,1,10,2002)
w(352,6,10,2002)
w(352,7,10,2002)
w(352,8,10,2002)
r(349,5,10,2002)
w(345,4,10,2002)
w(349,6,10,2002)
r(352,8,10,2002)
r(353,0,6,2003)
r(353,0,6,2003)
w(345,5,6,2003)
r(353,0,6,2003)
r(353,0,6,2003)
w(353,1,6,2003)
r(353,1,6,2003)
w(345,8,13,2010)
r(349,6,13,2010)
r(353,1,13,2010)
r(353,1,13,2010)
r(353,1,13,2010)
r(345,8,13,2010)
w(353,4,7,2013)
w(353,5,7,2013)
w(354,1,7,2013)
w(354,2,7,2013)
w(354,3,7,2013)
r(353,5,7,2013)
w(344,3,7,2013)
r(353,5,7,2013)
r(354,3,4,2017)
w(353,6,4,2017)
r(353,6,4,2017)
r(354,3,4,2017)
w(353,7,4,2017)
r(354,3,4,2017)
w(354,7,7,2020)
r(354,7,7,2020)
w(354,8,7,2020)
w(356,1,7,2020)
r(354,8,7,2020)
r(355,0,7,2020)
w(356,2,7,2020)
w(356,3,7,2020)
r(356,3,9,2023)
r(354,8,9,2023)
r(354,8,9,2023)
w(356,5,9,2023)
r(356,5,9,2023)
r(355,0,9,2023)
w(356,6,9,2023)
r(356,6,9,2023)
w(356,7,7,2025)
r(355,0,7,2025)
w(356,8,7,2025)
r(356,8,7,2025)
r(356,8,7,2025)
w(355,2,7,2025)
r(357,0,7,2025)
r(354,8,7,2025)
r(357,0,12,2028)
w(358,1,12,2028)
w(357,1,12,2028)
r(357,1,12,2028)
w(355,3,12,2028)
w(351,2,13,2032)
w(344,4,13,2032)
r(355,3,13,2032)
r(357,1,13,2032)
r(357,1,13,2032)
w(357,5,13,2032)
w(357,6,13,2032)
r(357,1,9,2033)
r(355,3,9,2033)
w(358,3,9,2033)
w(355,5,9,2033)
r(344,3,9,2033)
r(355,5,9,2033)
r(357,1,9,2033)
r(358,3,9,2039)
w(357,7,9,2039)
w(357,8,9,2039)
r(351,2,9,2039)
w(358,5,4,2041)
r(351,2,4,2041)
w(355,6,4,2041)
w(359,1,4,2041)
r(358,5,4,2041)
r(359,1,6,2045)
w(358,7,6,2045)
w(359,3,6,2045)
r(359,3,6,2045)
r(358,7,12,2049)
r(359,3,12,2049)
r(355,6,12,2049)
w(359,7,12,2049)
r(359,7,13,2053)
r(359,7,13,2053)
r(359,7,13,2053)
w(359,8,13,2053)
r(351,2,13,2053)
w(358,8,13,2053)
r(344,4,4,2054)
r(351,2,4,2054)
w(355,8,4,2054)
r(359,8,4,2054)
r(358,8,4,2054)
r(359,8,4,2054)
r(360,0,12,2055)
w(360,1,12,2055)
r(361,0,12,2055)
r(360,1,12,2055)
w(361,1,12,2055)
r(360,1,12,2055)
r(361,1,12,2055)
r(360,1,12,2055)
r(360,1,7,2060)
w(362,2,7,2060)
r(361,1,7,2060)
r(362,2,7,2060)
r(360,1,7,2064)
w(360,8,7,2064)
r(361,1,7,2064)
r(361,1,7,2064)
w(363,1,7,2064)
r(361,1,7,2064)
w(361,3,13,2066)
w(361,4,13,2066)
w(361,5,13,2066)
w(361,6,13,2066)
w(362,4,11,2072)
w(363,5,11,2072)
r(364,0,11,2072)
r(364,0,11,2072)
w(363,6,11,2072)
r(363,6,11,2072)
r(363,6,11,2072)
w(363,7,11,2072)
w(364,3,11,2075)
r(365,0,11,2075)
r(344,4,11,2075)
w(365,1,11,2075)
w(365,2,6,2080)
w(362,5,6,2080)
w(351,7,6,2080)
w(365,3,6,2080)
r(365,3,8,2083)
w(362,6,8,2083)
r(365,3,8,2083)
w(365,7,8,2083)
r(365,7,8,2083)
r(364,3,8,2083)
r(365,7,11,2085)
r(362,6,11,2085)
w(365,8,11,2085)
w(362,7,11,2085)
w(364,5,11,2085)
r(365,8,11,2085)
r(366,0,4,2089)
r(366,0,4,2089)
r(366,0,4,2089)
r(366,0,4,2089)
r(366,0,4,2089)
w(366,1,4,2089)
w(366,2,4,2089)
r(366,0,15,2091)
r(366,0,15,2091)
r(364,5,15,2091)
r(366,0,15,2091)
r(366,0,15,2091)
r(366,2,7,2096)
w(366,5,7,2096)
r(364,5,7,2096)
w(366,6,7,2096)
w(366,7,7,2096)
r(368,0,10,2099)
r(368,0,10,2099)
r(364,5,10,2099)
r(364,5,10,2099)
r(368,0,10,2099)
r(366,7,9,2101)
w(366,8,9,2101)
r(364,5,9,2101)
r(367,0,9,2101)
w(364,7,9,2101)
r(344,4,9,2101)
r(344,4,9,2101)
r(367,0,9,2101)
w(368,1,8,2103)
w(344,6,8,2103)
w(368,2,8,2103)
r(364,5,8,2103)
w(368,6,15,2109)
w(370,1,15,2109)
r(368,6,15,2109)
w(370,2,15,2109)
r(369,0,15,2109)
r(344,6,15,2109)
w(368,7,15,2109)
r(371,0,13,2111)
w(371,3,13,2111)
w(344,7,13,2111)
r(370,2,13,2111)
w(371,4,13,2111)
w(370,5,7,2115)
w(371,5,7,2115)
w(371,6,7,2115)
w(344,8,7,2115)
w(371,7,7,2115)
w(372,3,6,2122)
r(372,3,6,2122)
r(369,0,6,2122)
w(370,7,6,2122)
w(369,3,6,2122)
w(367,4,6,2122)
r(369,3,12,2127)
r(370,7,12,2127)
w(372,8,12,2127)
r(370,7,12,2127)
w(369,5,12,2127)
r(374,0,12,2127)
r(370,7,12,2127)
w(369,6,12,2127)
r(367,4,9,2128)
r(374,0,9,2128)
r(374,0,9,2128)
r(374,0,9,2128)
w(374,1,9,2128)
w(374,2,9,2128)
w(374,3,9,2128)
r(374,0,8,2129)
w(373,2,8,2129)
r(374,0,8,2129)
w(369,7,8,2129)
r(374,0,8,2129)
r(375,0,8,2129)
w(374,5,9,2137)
w(373,3,9,2137)
w(374,6,9,2137)
w(374,7,9,2137)
r(369,7,4,2138)
r(376,0,4,2138)
w(376,1,4,2138)
w(376,2,4,2138)
w(376,3,4,2138)
r(376,3,4,2138)
w(376,8,13,2144)
r(375,0,13,2144)
w(375,6,13,2144)
r(376,8,13,2144)
r(375,6,13,2144)
w(367,5,4,2146)
w(367,6,4,2146)
w(369,8,4,2146)
w(375,7,4,2146)
r(375,7,4,2146)
r(367,6,4,2146)
r(376,8,4,2146)
r(376,8,4,2146)
r(377,0,9,2150)
r(378,0,9,2150)
r(367,6,9,2150)
r(377,0,9,2150)
r(369,8,9,2150)
r(378,0,9,2150)
r(367,6,9,2150)
w(378,1,10,2153)
r(378,1,10,2153)
r(378,1,10,2153)
w(378,2,10,2153)
r(369,8,10,2153)
r(369,8,10,2153)
r(369,8,9,2156)
w(377,2,9,2156)
r(377,2,9,2156)
r(369,8,9,2156)
r(377,2,9,2156)
r(377,2,9,2156)
w(367,8,9,2156)
r(377,2,9,2156)
w(378,3,7,2160)
r(379,0,7,2160)
r(377,2,7,2160)
w(378,4,7,2160)
r(377,2,7,2160)
r(378,4,7,2160)
r(379,0,7,2160)
w(378,6,13,2167)
w(378,7,13,2167)
w(377,6,13,2167)
w(377,7,13,2167)
r(377,7,13,2167)
w(378,8,13,2167)
w(379,2,13,2167)
w(380,1,13,2167)
w(382,5,9,2170)
r(382,5,9,2170)
w(382,6,9,2170)
r(379,0,9,2170)
w(373,5,9,2170)
w(382,7,9,2170)
w(382,8,9,2170)
r(382,8,9,2170)
r(381,0,15,2171)
r(381,0,15,2171)
w(380,5,15,2171)
w(383,1,15,2171)
r(383,1,7,2173)
w(383,2,7,2173)
r(379,2,7,2173)
w(381,1,7,2173)
r(383,2,10,2175)
r(379,2,10,2175)
r(383,2,10,2175)
r(381,1,10,2175)
w(383,7,11,2183)
r(373,5,11,2183)
r(383,7,11,2183)
r(383,7,11,2183)
r(383,7,11,2183)
r(383,7,11,2183)
r(384,0,10,2187)
r(384,0,10,2187)
r(381,1,10,2187)
w(384,3,10,2187)
w(381,6,10,2187)
w(380,6,10,2187)
r(379,2,10,2187)
w(381,7,10,2187)
w(373,8,7,2190)
r(384,0,7,2190)
r(380,5,7,2190)
w(379,5,7,2190)
w(384,8,12,2193)
r(379,5,12,2193)
r(381,7,12,2193)
r(381,7,12,2193)
r(386,0,12,2193)
w(386,1,12,2193)
w(379,6,12,2193)
r(379,6,13,2199)
w(380,8,13,2199)
w(387,2,13,2199)
r(386,1,13,2199)
w(387,3,13,2199)
r(388,0,13,2203)
w(388,4,13,2203)
w(387,7,13,2203)
r(390,0,13,2203)
r(389,0,12,2208)
r(387,7,12,2208)
r(387,7,12,2208)
w(387,8,12,2208)
r(390,0,12,2208)
w(388,5,4,2209)
w(389,1,4,2209)
r(388,5,4,2209)
r(387,7,4,2209)
r(387,7,4,2209)
r(388,5,4,2209)
w(388,6,4,2209)
w(388,7,4,2209)
r(387,8,6,2211)
r(389,1,6,2211)
w(391,1,6,2211)
r(391,1,6,2211)
w(391,2,4,2217)
w(392,1,4,2217)
r(385,0,4,2217)
w(391,3,4,2217)
r(391,3,4,2217)
w(391,4,4,2217)
r(389,1,11,2219)
r(392,1,11,2219)
w(392,4,11,2219)
w(393,3,11,2219)
r(392,4,11,2219)
r(392,4,11,2219)
r(389,1,15,2223)
r(390,0,15,2223)
r(393,3,15,2223)
w(393,4,15,2223)
r(392,4,15,2223)
r(392,4,15,2223)
r(393,4,7,2225)
w(393,8,7,2225)
r(392,4,7,2225)
r(389,1,7,2225)
r(390,0,11,2228)
w(389,2,11,2228)
r(392,4,11,2228)
w(394,1,11,2228)
r(394,1,11,2228)
r(392,4,11,2231)
r(385,0,11,2231)
w(385,4,11,2231)
w(390,1,11,2231)
r(385,4,12,2233)
r(394,1,12,2233)
w(385,5,12,2233)
r(389,2,12,2233)
w(392,7,12,2233)
r(394,1,12,2233)
w(389,3,9,2235)
w(394,5,9,2235)
w(394,6,9,2235)
w(394,7,9,2235)
r(394,7,9,2235)
r(394,7,9,2235)
w(394,8,8,2238)
r(392,7,8,2238)
r(395,0,8,2238)
r(395,0,8,2238)
r(395,0,8,2238)
w(395,1,8,2238)
w(389,4,8,2238)
r(392,7,8,2238)
r(390,1,12,2242)
r(390,1,12,2242)
r(396,0,12,2242)
w(390,2,12,2242)
w(389,5,12,2242)
r(396,0,12,2242)
r(395,1,12,2242)
w(396,1,12,2242)
w(395,3,4,2243)
r(390,1,4,2243)
r(395,3,4,2243)
r(395,3,4,2243)
r(395,3,4,2243)
r(389,4,4,2243)
r(395,3,4,2247)
w(385,7,4,2247)
r(396,1,4,2247)
w(395,4,4,2247)
r(395,4,4,2247)
w(395,5,4,2247)
w(395,6,4,2247)
w(397,4,12,2252)
r(397,4,12,2252)
w(397,5,12,2252)
r(396,1,12,2252)
r(397,5,12,2252)
w(397,6,12,2252)
r(397,6,12,2252)
w(397,7,12,2252)
w(389,6,6,2256)
r(398,0,6,2256)
r(396,1,6,2256)
r(396,1,6,2256)
w(396,4,6,2256)
w(398,2,6,2256)
w(398,3,6,2256)
w(389,7,6,2259)
r(398,3,6,2259)
r(396,4,6,2259)
w(398,7,6,2259)
r(396,4,6,2259)
r(398,7,6,2259)
r(398,7,6,2259)
r(396,4,15,2262)
w(396,6,15,2262)
r(396,6,15,2262)
r(396,6,15,2262)
w(390,4,15,2262)
w(398,8,15,2262)
w(389,8,13,2273)
w(399,3,13,2273)
r(399,3,13,2273)
r(399,3,13,2273)
r(396,6,13,2273)
r(396,6,13,2273)
w(399,4,13,2273)
w(390,6,12,2278)
r(402,0,12,2278)
w(402,1,12,2278)
w(402,2,12,2278)
w(402,3,12,2278)
r(402,3,12,2278)
r(402,3,12,2278)
w(400,6,12,2278)
w(385,8,9,2291)
w(403,2,9,2291)
w(390,7,9,2291)
w(403,3,9,2291)
w(404,2,9,2291)
w(403,4,9,2291)
r(406,0,12,2295)
r(405,0,12,2295)
r(405,0,12,2295)
w(401,8,12,2295)
r(405,0,12,2295)
w(405,2,4,2301)
r(405,2,4,2301)
r(405,2,4,2301)
r(401,8,4,2301)
w(405,3,4,2301)
w(407,1,4,2301)
r(407,1,4,2301)
r(390,7,4,2301)
r(410,0,7,2308)
w(410,4,7,2308)
w(407,8,7,2308)
w(409,1,7,2308)
r(410,4,7,2308)
r(410,4,7,2308)
r(408,0,7,2308)
r(410,0,13,2309)
r(410,0,13,2309)
r(410,0,13,2309)
w(411,1,13,2309)
r(412,0,8,2314)
w(412,1,8,2314)
w(411,3,8,2314)
w(412,2,8,2314)
w(412,3,8,2314)
r(412,3,11,2317)
r(408,0,11,2317)
r(412,3,11,2317)
w(412,7,11,2317)
w(409,3,10,2320)
w(412,8,10,2320)
r(411,3,10,2320)
r(412,8,10,2320)
r(412,8,10,2320)
r(412,8,10,2320)
r(408,0,10,2320)
w(408,2,10,2320)
w(406,1,9,2324)
w(411,7,9,2324)
r(411,7,9,2324)
r(413,0,9,2324)
r(408,2,4,2327)
r(413,0,4,2327)
w(413,2,4,2327)
r(413,2,4,2327)
r(413,2,4,2327)
r(408,2,15,2332)
r(413,2,15,2332)
r(413,2,15,2332)
r(406,1,15,2332)
w(413,3,15,2332)
r(413,3,15,2332)
w(413,4,15,2332)
w(413,8,12,2337)
w(414,5,12,2337)
r(408,2,12,2337)
r(414,5,12,2337)
r(409,3,12,2337)
r(413,8,12,2337)
w(408,6,8,2341)
r(414,0,8,2341)
r(414,0,8,2341)
r(414,0,8,2341)
r(415,0,8,2341)
r(415,0,8,2341)
r(414,0,8,2341)
r(415,0,8,2341)
w(406,2,4,2344)
r(415,0,4,2344)
r(414,5,4,2344)
r(415,0,4,2344)
r(415,0,4,2344)
r(415,0,4,2344)
r(415,0,4,2344)
w(415,3,10,2345)
w(414,6,10,2345)
r(414,6,10,2345)
r(415,3,10,2345)
r(415,3,10,2345)
r(415,3,15,2349)
w(415,4,15,2349)
w(416,1,15,2349)
r(416,1,15,2349)
r(415,4,15,2354)
r(414,6,15,2354)
w(415,8,15,2354)
r(415,8,15,2354)
w(414,8,15,2354)
r(415,4,8,2356)
w(406,4,8,2356)
r(417,0,8,2356)
r(417,0,8,2356)
w(418,1,8,2356)
w(417,1,8,2356)
w(418,2,8,2356)
r(416,1,8,2356)
w(406,5,4,2362)
w(418,4,4,2362)
r(417,1,4,2362)
r(417,1,4,2362)
w(417,2,11,2363)
r(418,2,11,2363)
w(416,3,11,2363)
r(417,2,11,2363)
w(417,3,11,2363)
r(409,3,11,2363)
w(417,4,11,2363)
w(417,7,4,2368)
w(418,5,4,2368)
w(409,8,4,2368)
w(418,6,4,2368)
r(418,6,4,2368)
r(417,7,4,2368)
r(417,7,4,2368)
w(418,8,10,2372)
w(420,2,10,2372)
r(419,0,10,2372)
r(420,2,10,2372)
r(421,0,11,2375)
w(420,4,11,2375)
r(421,0,11,2375)
r(420,4,11,2375)
w(420,5,9,2377)
w(420,6,9,2377)
r(419,0,9,2377)
w(420,7,9,2377)
r(416,3,9,2377)
r(422,0,4,2380)
r(421,0,4,2380)
r(419,0,4,2380)
r(422,0,4,2380)
w(422,2,13,2390)
w(422,3,13,2390)
w(421,2,13,2390)
w(421,3,13,2390)
r(421,3,13,2390)
w(416,6,13,2390)
w(422,4,13,2390)
r(421,3,13,2390)
r(423,0,8,2394)
r(421,3,8,2394)
w(423,4,8,2394)
r(416,6,8,2394)
w(423,7,7,2397)
r(419,0,7,2397)
w(419,2,7,2397)
r(421,3,7,2397)
w(419,3,12,2401)
r(416,6,12,2401)
r(419,3,12,2401)
w(416,7,12,2401)
r(423,7,12,2401)
r(423,7,12,2401)
w(423,8,12,2401)
r(419,3,12,2401)
r(419,3,7,2406)
w(424,2,7,2406)
r(424,2,7,2406)
w(424,3,7,2406)
r(421,3,7,2406)
w(424,4,7,2406)
w(419,5,7,2406)
w(425,1,12,2412)
r(424,4,12,2412)
r(424,4,12,2412)
w(416,8,12,2412)
r(425,1,12,2412)
w(425,2,12,2412)
r(426,0,10,2415)
w(426,5,10,2415)
r(426,5,10,2415)
r(425,2,10,2415)
r(425,2,10,2415)
w(426,6,10,2415)
r(426,6,10,2415)
w(426,7,10,2415)
w(426,8,9,2417)
r(426,8,9,2417)
w(419,6,9,2417)
r(427,0,9,2417)
w(425,5,10,2422)
r(425,5,10,2422)
r(427,0,10,2422)
w(419,7,10,2422)
r(428,0,12,2426)
r(427,0,12,2426)
w(425,8,12,2426)
r(425,8,12,2426)
w(428,4,12,2426)
r(425,8,12,2426)
w(427,2,11,2428)
r(428,0,11,2428)
r(428,0,11,2428)
w(419,8,11,2428)
r(427,2,11,2428)
r(429,0,11,2428)
w(427,3,11,2428)
r(428,4,9,2432)
w(429,2,9,2432)
r(430,0,9,2432)
r(427,3,9,2432)
r(419,8,9,2432)
r(430,0,9,2432)
w(429,3,9,2432)
r(430,0,9,2432)
r(430,0,4,2448)
w(430,8,4,2448)
r(430,8,4,2448)
r(433,0,4,2448)
r(430,8,4,2448)
w(434,4,9,2450)
r(432,0,9,2450)
w(434,5,9,2450)
r(434,5,9,2450)
w(434,6,9,2450)
r(434,6,9,2450)
r(435,0,15,2452)
w(435,2,15,2452)
w(435,3,15,2452)
w(435,4,15,2452)
w(433,2,15,2452)
w(435,5,15,2452)
w(432,1,15,2452)
r(435,5,9,2454)
w(435,7,9,2454)
r(435,7,9,2454)
w(435,8,9,2454)
r(435,8,9,2454)
r(432,1,4,2460)
w(438,1,4,2460)
w(438,2,4,2460)
r(438,2,4,2460)
w(438,3,4,2460)
w(437,1,9,2466)
w(432,3,9,2466)
r(438,3,9,2466)
r(437,1,9,2466)
w(432,6,15,2470)
r(438,3,15,2470)
w(438,7,15,2470)
w(438,8,15,2470)
w(432,8,15,2475)
r(439,0,15,2475)
r(432,8,15,2475)
w(439,6,15,2475)
r(432,6,9,2478)
w(437,5,9,2478)
r(437,5,9,2478)
w(437,6,9,2478)
w(436,2,9,2478)
r(439,0,9,2478)
r(437,6,9,2478)
w(439,7,6,2480)
r(437,1,6,2480)
r(439,7,6,2480)
w(439,8,6,2480)
r(431,0,6,2480)
r(441,0,6,2480)
r(441,0,6,2480)
r(441,0,9,2482)
r(437,6,9,2482)
r(437,6,9,2482)
r(441,0,9,2482)
r(441,0,9,2482)
r(441,0,6,2487)
w(440,1,6,2487)
w(441,1,6,2487)
r(440,1,6,2487)
r(436,2,6,2487)
w(441,2,6,2487)
w(441,5,15,2490)
w(441,6,15,2490)
r(437,6,15,2490)
r(437,6,15,2490)
r(431,0,4,2494)
r(442,0,4,2494)
r(442,0,4,2494)
w(442,2,4,2494)
r(442,2,4,2494)
w(433,3,10,2498)
w(433,4,10,2498)
r(433,4,10,2498)
w(433,5,10,2498)
w(433,6,10,2498)
r(433,6,10,2498)
r(435,0,10,2498)
r(431,0,15,2500)
r(440,1,15,2500)
w(442,3,15,2500)
w(442,4,15,2500)
w(442,8,22,2508)
w(443,1,22,2508)
w(440,3,22,2508)
w(443,2,22,2508)
w(443,3,22,2508)
r(443,3,22,2508)
w(444,1,9,2513)
r(431,0,9,2513)
r(444,1,9,2513)
r(444,1,9,2513)
w(440,6,9,2513)
r(443,3,9,2513)
r(443,3,9,2513)
w(444,5,9,2517)
r(445,0,9,2517)
r(436,2,9,2517)
r(445,0,9,2517)
r(445,0,15,2521)
r(440,6,15,2521)
w(436,4,15,2521)
r(445,0,15,2521)
r(445,0,15,2521)
w(445,2,15,2521)
w(440,7,15,2521)
r(445,2,8,2525)
r(445,2,8,2525)
r(445,2,8,2525)
r(445,2,8,2525)
w(445,4,8,2525)
w(431,4,8,2525)
r(445,4,8,2525)
w(440,8,8,2525)
r(445,4,22,2528)
r(440,8,22,2528)
w(445,6,22,2528)
r(444,5,22,2528)
r(445,6,22,2528)
r(444,5,22,2528)
r(440,8,22,2528)
w(431,5,22,2528)
w(447,1,15,2534)
w(447,2,15,2534)
r(444,5,15,2534)
r(447,2,15,2534)
w(444,8,15,2534)
w(447,3,15,2534)
r(447,3,15,2534)
w(436,6,15,2534)
r(444,8,4,2538)
w(431,7,4,2538)
r(444,8,4,2538)
w(446,2,4,2538)
r(444,8,4,2538)
r(448,0,4,2538)
w(448,1,4,2538)
w(449,1,9,2545)
w(448,4,9,2545)
w(448,5,9,2545)
w(449,2,9,2545)
r(449,2,9,2545)
w(448,6,9,2545)
w(449,4,8,2547)
r(449,4,8,2547)
r(431,7,8,2547)
w(449,5,8,2547)
r(449,5,8,2547)
w(449,6,4,2549)
w(431,8,4,2549)
r(449,6,4,2549)
r(446,2,4,2549)
w(448,8,4,2549)
r(449,6,4,2549)
r(449,6,4,2549)
w(446,5,13,2554)
r(451,0,13,2554)
r(449,6,13,2554)
w(449,7,13,2554)
r(451,0,13,2554)
w(449,8,13,2554)
r(446,5,13,2554)
r(450,0,13,2554)
r(446,2,17,2555)
r(452,0,17,2555)
w(452,1,17,2555)
r(452,1,17,2555)
w(450,1,17,2555)
w(451,1,17,2555)
r(452,1,17,2555)
w(451,2,17,2555)
r(452,1,13,2559)
w(452,3,13,2559)
r(450,1,13,2559)
w(451,4,13,2559)
w(452,4,13,2559)
w(452,5,13,2559)
r(446,5,9,2562)
w(451,5,9,2562)
r(452,5,9,2562)
r(452,5,9,2562)
r(451,5,9,2562)
r(436,6,22,2571)
w(446,7,22,2571)
w(454,1,22,2571)
w(453,1,22,2571)
w(454,5,17,2575)
w(454,6,17,2575)
r(453,1,17,2575)
w(454,7,17,2575)
r(450,1,17,2575)
r(456,0,17,2579)
r(454,7,17,2579)
r(454,7,17,2579)
r(454,7,17,2579)
w(453,7,10,2583)
w(453,8,10,2583)
r(454,7,10,2583)
r(436,6,10,2583)
r(454,7,10,2583)
r(454,7,10,2583)
r(454,7,10,2583)
w(454,8,10,2583)
w(457,3,13,2589)
w(456,2,13,2589)
r(457,3,13,2589)
w(457,4,13,2589)
w(456,3,13,2589)
w(457,5,13,2589)
r(450,1,13,2589)
w(456,4,13,2589)
r(456,0,8,2591)
r(458,0,8,2591)
w(458,1,8,2591)
r(458,1,8,2591)
r(458,1,8,2591)
r(458,1,8,2591)
r(458,1,8,2591)
r(456,0,8,2591)
r(458,1,4,2595)
r(458,1,4,2595)
w(450,6,4,2595)
r(456,4,4,2595)
w(458,2,4,2595)
r(455,0,13,2597)
r(456,4,13,2597)
w(458,5,13,2597)
r(458,5,13,2597)
r(456,4,13,2597)
w(458,6,13,2597)
r(456,4,13,2597)
r(458,6,6,2599)
r(459,0,6,2599)
w(450,8,6,2599)
r(458,6,6,2599)
w(459,1,6,2599)
r(459,1,11,2604)
r(459,1,11,2604)
r(455,0,11,2604)
w(455,3,11,2604)
r(450,8,11,2604)
r(458,6,11,2604)
w(458,7,17,2607)
w(458,8,17,2607)
w(459,2,17,2607)
w(459,3,17,2607)
r(458,8,17,2607)
r(460,0,17,2607)
w(455,5,8,2612)
r(455,5,8,2612)
r(460,0,8,2612)
r(459,3,8,2612)
w(460,8,8,2612)
r(460,8,22,2613)
r(459,3,22,2613)
r(460,8,22,2613)
w(455,6,22,2613)
r(461,0,22,2613)
w(455,7,17,2615)
r(436,6,17,2615)
r(461,0,17,2615)
r(461,0,17,2615)
r(461,0,17,2615)
w(461,1,17,2615)
r(461,1,8,2617)
w(436,7,8,2617)
r(461,1,8,2617)
w(459,5,8,2617)
r(459,5,8,2617)
r(461,1,15,2626)
r(461,1,15,2626)
w(461,5,15,2626)
w(461,6,15,2626)
r(459,5,8,2627)
w(462,3,8,2627)
r(462,3,8,2627)
w(462,4,8,2627)
w(459,7,8,2627)
r(463,0,8,2627)
r(459,7,13,2629)
r(462,4,13,2629)
w(462,5,13,2629)
w(462,6,13,2629)
w(459,8,13,2629)
w(464,1,9,2634)
w(462,7,9,2634)
w(464,2,9,2634)
w(462,8,9,2634)
r(462,8,9,2634)
w(465,1,9,2634)
r(462,8,9,2634)
r(462,8,9,2634)
w(465,2,17,2639)
w(466,5,17,2639)
r(465,2,17,2639)
r(466,5,17,2639)
w(436,8,17,2639)
r(466,5,17,2639)
w(466,6,17,2639)
r(465,2,22,2643)
r(464,2,22,2643)
w(467,1,22,2643)
w(465,3,22,2643)
r(467,1,22,2643)
r(465,3,22,2643)
r(468,0,9,2650)
w(467,6,9,2650)
r(465,3,9,2650)
r(465,3,9,2650)
w(468,1,9,2650)
r(463,0,9,2650)
w(465,8,10,2657)
r(467,6,10,2657)
r(463,0,10,2657)
r(463,0,10,2657)
r(467,6,10,2657)
r(467,6,10,2657)
w(470,1,10,2657)
w(470,2,10,2657)
w(469,2,17,2662)
r(470,2,17,2662)
r(470,2,17,2662)
r(470,2,17,2662)
r(470,2,17,2662)
w(471,1,17,2662)
w(472,1,4,2667)
r(472,1,4,2667)
w(472,2,4,2667)
r(463,0,4,2667)
r(471,0,4,2667)
r(472,2,4,2667)
w(472,3,4,2667)
r(471,0,4,2667)
w(472,5,6,2673)
r(472,5,6,2673)
r(472,5,6,2673)
r(471,1,6,2673)
r(472,5,6,2673)
w(468,7,6,2673)
w(472,6,6,2673)
w(474,2,4,2684)
w(474,3,4,2684)
w(468,8,4,2684)
w(473,7,4,2684)
r(473,7,4,2684)
r(474,3,4,2684)
w(476,3,6,2696)
r(474,3,6,2696)
w(476,4,6,2696)
w(463,7,6,2696)
w(476,5,6,2696)
w(476,6,6,2696)
r(475,0,6,2696)
w(476,7,6,2696)
r(475,0,11,2697)
r(478,0,11,2697)
r(479,0,11,2697)
w(478,4,11,2697)
w(475,3,11,2697)
r(478,4,11,2697)
r(478,4,11,2697)
w(475,4,6,2701)
r(478,4,6,2701)
r(478,4,6,2701)
w(478,5,6,2701)
r(478,5,6,2701)
r(479,0,6,2701)
r(480,0,22,2710)
w(475,6,22,2710)
r(479,0,22,2710)
r(480,0,22,2710)
w(480,1,22,2710)
r(480,1,22,2710)
w(480,2,22,2710)
r(481,0,9,2714)
r(481,0,9,2714)
r(480,2,9,2714)
w(479,3,9,2714)
r(480,2,9,2714)
w(480,8,9,2714)
r(480,2,22,2715)
w(481,1,22,2715)
r(469,2,22,2715)
w(482,1,22,2715)
w(482,2,9,2720)
w(482,3,9,2720)
r(479,3,9,2720)
w(482,4,9,2720)
r(482,4,9,2720)
w(482,5,9,2720)
r(482,5,6,2724)
w(482,8,6,2724)
r(482,8,6,2724)
r(479,3,6,2724)
r(483,0,6,2724)
r(483,0,8,2727)
r(483,0,8,2727)
r(483,0,8,2727)
r(483,0,8,2727)
w(483,1,4,2729)
w(481,3,4,2729)
w(479,6,4,2729)
r(483,1,4,2729)
r(483,1,4,2729)
w(483,2,4,2729)
w(483,3,4,2729)
w(483,4,4,2729)
r(479,6,6,2732)
r(479,6,6,2732)
r(483,4,6,2732)
r(483,4,6,2732)
w(469,7,6,2732)
r(479,6,11,2738)
w(479,8,11,2738)
w(481,7,11,2738)
r(479,8,11,2738)
r(484,0,11,2738)
w(481,8,11,2738)
w(484,2,22,2740)
r(484,2,22,2740)
r(481,3,22,2740)
w(485,1,22,2740)
r(481,3,22,2740)
w(469,8,22,2740)
r(469,8,22,2740)
r(477,0,22,2740)
w(485,2,9,2748)
w(485,3,9,2748)
w(477,2,9,2748)
w(484,5,9,2748)
w(484,6,9,2748)
w(485,4,9,2748)
w(487,3,9,2753)
w(487,4,9,2753)
r(477,2,9,2753)
r(487,4,9,2753)
r(489,0,9,2753)
w(487,5,9,2753)
r(489,0,9,2753)
w(489,1,13,2756)
r(487,5,13,2756)
r(487,5,13,2756)
r(487,5,13,2756)
w(489,2,13,2756)
w(489,3,13,2756)
r(487,5,4,2757)
r(489,0,4,2757)
r(488,0,4,2757)
r(486,0,4,2757)
w(488,1,4,2757)
r(487,5,4,2757)
w(487,6,4,2757)
r(487,6,6,2760)
r(486,0,6,2760)
r(487,6,6,2760)
r(489,3,6,2760)
r(486,0,22,2761)
w(486,3,22,2761)
r(487,6,22,2761)
w(489,4,22,2761)
w(489,5,22,2761)
r(487,6,10,2764)
w(487,7,10,2764)
w(489,6,10,2764)
w(487,8,10,2764)
r(477,2,10,2764)
w(477,4,13,2765)
r(477,4,13,2765)
r(489,5,13,2765)
r(489,5,13,2765)
r(490,0,13,2765)
r(489,5,13,2765)
w(490,3,10,2768)
r(490,3,10,2768)
r(490,3,10,2768)
r(490,3,10,2768)
w(490,4,10,2774)
w(490,5,10,2774)
w(486,4,10,2774)
w(489,8,10,2774)
r(490,5,10,2774)
w(490,6,10,2774)
r(477,4,11,2780)
r(491,0,11,2780)
w(492,1,11,2780)
r(486,4,11,2780)
w(486,7,11,2780)
w(477,5,11,2780)
w(477,6,11,2780)
r(488,1,11,2780)
r(491,0,9,2781)
r(491,0,9,2781)
w(491,7,9,2781)
r(492,0,9,2781)
w(493,1,15,2783)
r(491,7,15,2783)
r(493,1,15,2783)
w(477,8,15,2783)
w(493,2,4,2786)
r(491,7,4,2786)
r(491,7,4,2786)
w(492,3,4,2786)
w(491,8,4,2786)
r(494,0,4,2786)
w(494,1,11,2788)
w(494,2,11,2788)
w(494,3,11,2788)
r(493,1,11,2788)
r(494,3,11,2788)
r(494,3,11,2788)
r(493,1,11,2788)
r(494,3,17,2790)
w(492,4,17,2790)
r(494,3,17,2790)
r(494,3,17,2790)
w(492,5,17,2790)
r(494,3,17,2790)
r(494,3,8,2791)
r(494,3,8,2791)
w(494,4,8,2791)
r(492,3,8,2791)
w(494,5,8,2791)
r(494,5,8,2791)
r(488,1,8,2791)
r(492,5,13,2794)
r(492,5,13,2794)
r(493,2,13,2794)
r(494,5,13,2794)
w(492,6,13,2794)
w(494,6,13,2794)
w(494,7,13,2794)
r(494,7,13,2794)
r(495,0,4,2797)
r(495,0,4,2797)
r(492,6,4,2797)
r(493,2,4,2797)
r(496,0,4,2797)
r(492,6,8,2799)
r(492,6,8,2799)
r(495,0,8,2799)
w(495,1,8,2799)
r(493,2,8,2801)
r(495,1,8,2801)
r(492,6,8,2801)
r(492,6,8,2801)
w(495,2,8,2801)
w(495,3,4,2803)
r(495,3,4,2803)
w(495,4,4,2803)
r(495,4,4,2803)
w(492,8,10,2805)
r(493,2,10,2805)
r(495,4,10,2805)
r(495,4,10,2805)
w(497,1,4,2811)
r(498,0,4,2811)
r(493,2,4,2811)
r(498,0,4,2811)
r(497,1,15,2818)
w(498,3,15,2818)
r(498,3,15,2818)
r(498,3,15,2818)
w(498,4,15,2818)
w(498,5,15,2818)
w(498,6,15,2818)
w(493,8,13,2826)
w(499,1,13,2826)
w(499,2,13,2826)
r(499,2,13,2826)
w(497,6,13,2826)
r(500,0,6,2831)
w(500,1,6,2831)
r(497,6,6,2831)
r(499,2,6,2831)
r(497,6,6,2831)
r(499,2,6,2831)
w(499,7,6,2831)
w(500,2,6,2831)
r(501,0,17,2833)
w(501,2,17,2833)
r(500,0,17,2833)
r(500,0,17,2833)
r(501,2,4,2836)
w(501,3,4,2836)
w(501,4,4,2836)
w(497,8,4,2836)
w(501,7,17,2839)
w(501,8,17,2839)
w(502,1,17,2839)
w(488,4,17,2839)
r(501,8,17,2839)
r(500,2,17,2839)
r(496,0,17,2839)
w(503,1,9,2843)
w(488,5,9,2843)
r(503,1,9,2843)
w(503,2,9,2843)
w(502,2,9,2843)
w(502,3,9,2843)
w(503,3,9,2843)
w(502,4,9,2843)
r(503,3,9,2846)
r(503,3,9,2846)
w(503,6,9,2846)
r(502,4,9,2846)
w(503,7,9,2846)
w(503,8,9,2846)
w(496,1,13,2849)
r(504,0,13,2849)
w(504,1,13,2849)
r(504,1,13,2849)
w(504,5,15,2854)
r(504,5,15,2854)
r(504,5,15,2854)
r(502,4,15,2854)
w(502,5,15,2854)
w(504,6,11,2856)
r(500,2,11,2856)
r(504,6,11,2856)
r(504,6,11,2856)
r(504,6,11,2856)
r(504,6,11,2856)
w(504,7,11,2856)
r(502,5,11,2856)
r(505,0,22,2861)
w(505,1,22,2861)
w(505,2,22,2861)
w(505,3,22,2861)
w(505,6,4,2864)
r(502,5,4,2864)
r(505,6,4,2864)
r(505,6,4,2864)
r(502,5,4,2864)
w(505,7,4,2864)
r(506,0,15,2870)
r(500,2,15,2870)
w(506,3,15,2870)
r(505,7,15,2870)
r(500,2,15,2870)
w(488,7,15,2870)
w(506,4,15,2870)
w(496,3,15,2870)
w(500,7,17,2878)
r(506,4,17,2878)
r(507,0,17,2878)
r(506,4,17,2878)
w(500,8,17,2878)
w(506,8,17,2878)
r(506,8,17,2878)
w(496,5,11,2882)
r(507,0,11,2882)
r(506,4,11,2882)
w(507,3,11,2882)
w(507,4,11,2882)
r(507,4,11,2882)
r(507,4,11,2882)
r(509,0,10,2885)
r(507,0,10,2885)
w(509,1,10,2885)
r(509,1,10,2885)
r(507,0,10,2885)
w(509,2,10,2885)
r(509,2,10,2885)
r(500,2,10,2885)
r(509,2,6,2888)
r(509,2,6,2888)
w(510,1,6,2888)
r(511,0,6,2888)
r(511,0,8,2890)
r(511,0,8,2890)
r(508,0,8,2890)
w(511,1,8,2890)
w(511,2,8,2890)
w(511,3,8,2890)
r(511,3,8,2890)
r(508,0,8,2890)
r(511,3,17,2893)
w(511,7,17,2893)
r(496,5,17,2893)
w(508,1,17,2893)
r(509,2,17,2893)
w(511,8,10,2899)
r(509,2,10,2899)
r(511,8,10,2899)
r(508,1,10,2899)
r(511,8,10,2899)
w(509,7,10,2899)
r(508,1,10,2899)
r(509,2,17,2901)
w(512,1,17,2901)
w(510,3,17,2901)
r(510,3,17,2901)
r(513,0,17,2901)
r(513,0,17,2901)
r(513,0,11,2906)
w(510,5,11,2906)
w(513,2,11,2906)
w(513,3,11,2906)
r(513,3,11,2906)
w(512,3,11,2906)
w(513,4,11,2906)
r(514,0,15,2910)
w(496,7,15,2910)
r(514,0,15,2910)
w(514,1,15,2910)
r(514,1,15,2910)
w(512,6,10,2911)
r(512,6,10,2911)
w(510,6,10,2911)
r(512,6,10,2911)
r(510,6,10,2911)
w(512,7,10,2911)
r(512,7,10,2911)
w(514,2,4,2914)
r(514,2,4,2914)
r(510,6,4,2914)
r(514,2,4,2914)
r(514,2,4,2914)
w(514,3,4,2914)
w(514,6,13,2918)
w(512,8,13,2918)
r(514,6,13,2918)
w(515,1,13,2918)
r(515,1,13,2918)
w(515,2,13,2918)
w(516,2,11,2926)
r(510,6,11,2926)
w(515,4,11,2926)
r(516,2,11,2926)
w(516,3,11,2926)
w(515,5,11,2926)
w(516,4,11,2926)
r(516,4,9,2929)
w(516,8,9,2929)
r(516,8,9,2929)
w(496,8,9,2929)
w(518,1,9,2929)
r(517,0,9,2929)
r(518,1,8,2932)
r(518,1,8,2932)
w(515,7,8,2932)
w(508,3,8,2932)
r(508,3,8,2932)
w(519,1,8,2932)
w(515,8,8,2932)
r(515,5,6,2935)
w(517,1,6,2935)
w(518,2,6,2935)
r(518,2,6,2935)
w(520,1,6,2935)
w(518,3,6,2935)
r(518,3,6,2935)
r(518,3,17,2939)
r(518,3,17,2939)
r(518,3,17,2939)
w(517,2,17,2939)
w(518,5,17,2939)
r(521,0,15,2942)
w(520,8,15,2942)
r(517,2,15,2942)
r(520,8,15,2942)
w(518,6,13,2944)
r(518,6,13,2944)
w(518,7,13,2944)
r(517,2,13,2944)
w(518,8,13,2944)
r(520,1,13,2944)
w(521,1,13,2944)
r(520,8,6,2947)
r(521,1,6,2947)
r(522,0,6,2947)
r(521,1,6,2947)
w(522,1,6,2947)
r(522,1,6,2947)
r(522,1,10,2950)
r(521,1,10,2950)
w(521,3,10,2950)
r(522,1,10,2950)
w(517,3,10,2950)
r(521,3,10,2950)
w(521,4,10,2950)
w(517,4,10,2950)
w(522,3,11,2954)
r(517,4,11,2954)
w(522,4,11,2954)
w(522,5,11,2954)
r(521,4,11,2954)
r(521,4,11,2954)
r(522,5,11,2954)
r(517,4,10,2960)
r(508,3,10,2960)
w(523,3,10,2960)
r(524,0,10,2960)
w(523,4,10,2960)
w(523,5,10,2960)
r(523,5,10,2960)
r(524,0,10,2960)
r(523,5,17,2964)
w(523,7,17,2964)
r(524,0,17,2964)
r(524,0,17,2964)
w(524,2,17,2964)
r(523,7,17,2964)
w(517,8,17,2964)
r(524,2,17,2968)
w(526,3,17,2968)
w(526,4,17,2968)
r(525,0,17,2968)
r(526,4,17,2968)
r(524,2,9,2972)
w(508,6,9,2972)
r(524,2,9,2972)
r(524,2,9,2972)
w(524,4,9,2972)
w(526,6,9,2972)
r(526,6,9,2976)
r(526,6,9,2976)
r(526,6,9,2976)
r(526,6,9,2976)
w(525,1,9,2976)
w(525,2,9,2976)
r(525,2,11,2977)
w(524,5,11,2977)
w(525,3,11,2977)
w(524,6,11,2977)
w(524,7,17,2980)
r(525,3,17,2980)
w(527,1,17,2980)
w(527,2,17,2980)
r(524,7,17,2980)
r(524,7,17,2980)
w(527,7,13,2986)
w(528,1,13,2986)
r(528,1,13,2986)
r(527,7,13,2986)
w(529,2,10,2989)
r(528,1,10,2989)
r(529,2,10,2989)
r(529,2,10,2989)
r(529,2,10,2989)
r(528,1,10,2989)
