r(3,0,1,4)
r(3,0,1,4)
w(4,1,1,4)
r(4,1,1,4)
r(4,1,1,4)
r(4,1,1,4)
r(3,0,1,4)
r(4,1,1,4)
r(3,0,1,9)
r(5,0,1,9)
r(3,0,1,9)
w(5,1,1,9)
r(3,0,6,17)
w(5,3,6,17)
r(2,0,6,17)
w(3,8,6,17)
r(2,0,9,22)
w(2,2,9,22)
w(6,1,9,22)
r(5,3,9,22)
r(5,3,4,23)
r(5,3,4,23)
r(5,3,4,23)
w(1,3,4,23)
r(2,2,9,29)
r(5,3,9,29)
w(5,4,9,29)
r(5,4,9,29)
w(6,2,9,29)
w(5,5,9,29)
w(6,3,9,29)
r(6,3,9,29)
w(5,8,5,32)
r(5,8,5,32)
r(5,8,5,32)
w(6,5,5,32)
w(7,2,5,36)
w(7,3,5,36)
r(2,2,5,36)
w(7,4,5,36)
r(9,0,5,46)
w(9,1,5,46)
w(8,1,5,46)
r(8,1,5,46)
r(8,1,5,46)
w(8,2,5,46)
w(9,5,7,54)
w(9,6,7,54)
r(2,2,7,54)
w(9,7,7,54)
w(8,6,7,54)
r(8,6,7,54)
r(8,6,7,54)
w(11,1,9,56)
r(11,1,9,56)
w(10,2,9,56)
r(0,0,9,56)
w(11,2,9,56)
r(10,2,9,56)
r(10,2,9,56)
r(2,2,7,62)
w(10,5,7,62)
r(1,3,7,62)
r(10,5,7,62)
r(11,2,7,62)
w(10,6,7,62)
r(10,6,7,62)
r(10,6,7,62)
r(13,0,1,63)
r(13,0,1,63)
r(13,0,1,63)
r(13,0,1,63)
r(13,0,1,65)
r(13,0,1,65)
r(13,0,1,65)
r(11,2,1,65)
r(13,0,1,65)
r(12,0,3,67)
r(1,3,3,67)
w(0,5,3,67)
r(12,0,3,67)
r(11,2,3,67)
r(13,0,3,67)
r(13,0,7,71)
r(12,0,7,71)
w(11,6,7,71)
w(13,1,7,71)
w(12,1,7,71)
w(13,3,6,74)
w(13,4,6,74)
w(13,5,6,74)
r(12,1,6,74)
r(12,1,6,74)
r(0,5,6,74)
w(13,6,7,75)
r(1,3,7,75)
r(13,6,7,75)
r(12,1,7,75)
w(0,6,4,78)
w(13,7,4,78)
r(13,7,4,78)
r(13,7,4,78)
w(13,8,4,78)
r(12,1,4,78)
r(13,8,4,78)
r(1,3,4,78)
r(13,6,6,80)
r(11,6,6,80)
r(11,6,6,80)
r(13,6,6,80)
w(12,2,6,80)
r(13,8,0,83)
r(14,0,0,83)
r(14,0,0,83)
r(12,1,0,83)
r(15,0,0,83)
w(15,1,0,83)
w(15,2,0,83)
w(15,3,0,83)
r(15,0,6,85)
w(1,6,6,85)
w(14,1,6,85)
r(15,0,6,85)
w(15,5,7,88)
r(14,0,7,88)
w(15,6,7,88)
r(1,3,7,88)
r(0,6,7,88)
r(15,6,7,88)
r(15,3,3,89)
r(14,1,3,89)
w(14,3,3,89)
w(14,4,3,89)
w(14,5,7,95)
w(12,3,7,95)
w(14,6,7,95)
w(14,7,7,95)
r(15,6,7,95)
r(15,6,7,95)
w(15,7,7,95)
r(15,7,7,95)
r(17,0,7,106)
w(12,6,7,106)
w(16,5,7,106)
w(1,8,7,106)
r(16,5,7,106)
r(17,0,7,106)
w(18,3,4,112)
r(18,3,4,112)
r(18,3,4,112)
r(18,3,4,112)
r(18,3,4,112)
w(17,5,4,112)
r(12,6,4,112)
r(18,3,8,115)
r(18,3,8,115)
r(18,3,8,115)
w(18,7,8,115)
r(18,7,8,115)
r(18,7,8,115)
r(0,6,8,115)
w(22,2,8,122)
r(20,0,8,122)
w(22,3,8,122)
w(19,1,8,122)
w(22,4,8,122)
r(22,4,8,122)
r(20,0,8,122)
r(22,4,8,122)
r(20,0,9,123)
r(20,0,9,123)
r(22,0,9,123)
w(20,3,9,123)
w(20,4,9,123)
r(0,6,6,127)
r(20,4,6,127)
w(22,8,6,127)
w(20,8,6,127)
r(22,8,6,127)
r(22,8,6,127)
r(20,8,6,127)
r(20,8,6,127)
r(24,0,2,129)
w(24,2,2,129)
r(24,2,2,129)
r(23,0,2,129)
r(24,2,2,129)
w(23,4,5,134)
w(23,5,5,134)
r(19,1,5,134)
r(21,0,5,134)
w(23,6,5,134)
r(24,2,5,134)
r(24,2,5,134)
r(23,6,7,137)
r(21,0,7,137)
w(19,3,7,137)
r(23,6,7,137)
w(24,5,2,144)
r(19,3,2,144)
w(24,6,2,144)
w(25,5,2,144)
w(0,7,2,144)
w(25,7,4,151)
w(19,5,4,151)
w(24,8,4,151)
r(25,7,4,151)
w(26,1,4,151)
w(21,1,4,151)
w(26,2,4,151)
w(26,3,4,151)
r(26,3,4,153)
w(21,2,4,153)
r(26,3,4,153)
w(27,1,4,153)
r(27,1,4,153)
r(26,3,4,153)
r(26,3,2,157)
r(19,5,2,157)
r(26,3,2,157)
r(26,3,2,157)
r(26,3,2,157)
r(27,1,2,157)
w(27,2,2,157)
w(26,5,4,163)
w(26,6,4,163)
w(26,7,4,163)
r(21,2,4,163)
r(19,5,4,163)
w(26,8,4,163)
r(21,2,3,164)
r(27,2,3,164)
w(28,1,3,164)
r(19,5,3,164)
r(28,1,3,164)
r(28,1,3,164)
w(27,7,3,170)
r(28,1,3,170)
w(29,1,3,170)
r(28,1,3,170)
r(28,1,3,170)
r(31,0,6,175)
w(31,1,6,175)
w(29,2,6,175)
r(31,1,6,175)
r(31,1,6,175)
w(31,2,6,175)
r(29,2,6,175)
r(30,0,1,178)
w(0,8,1,178)
r(30,0,1,178)
w(30,1,1,178)
w(21,4,1,178)
r(30,1,1,178)
r(30,1,1,178)
w(30,2,1,178)
w(30,7,7,182)
w(31,4,7,182)
w(29,5,7,182)
r(31,4,7,182)
r(31,4,5,185)
r(32,0,5,185)
w(32,3,5,185)
r(29,5,5,185)
r(32,3,5,185)
w(31,6,5,185)
r(31,6,5,185)
r(29,5,7,191)
r(29,5,7,191)
w(33,3,7,191)
r(34,0,7,191)
r(33,3,7,191)
r(21,4,2,195)
r(29,5,2,195)
r(34,0,2,195)
w(34,4,2,195)
r(32,3,0,197)
w(32,4,0,197)
w(32,5,0,197)
w(32,6,0,197)
w(32,7,0,197)
w(31,7,0,197)
w(31,8,0,197)
w(32,8,0,197)
r(21,4,8,200)
w(33,4,8,200)
w(34,8,8,200)
w(33,5,8,200)
r(35,0,6,205)
r(29,5,6,205)
w(35,1,6,205)
w(29,8,6,205)
w(35,2,6,205)
w(36,2,9,207)
w(35,7,9,207)
r(35,7,9,207)
r(33,5,9,207)
r(35,7,9,207)
w(21,5,8,216)
w(36,3,8,216)
w(35,8,8,216)
w(21,6,8,216)
w(33,6,8,216)
r(36,3,8,216)
w(33,7,8,216)
w(36,4,8,216)
r(36,2,5,217)
r(33,5,5,217)
r(37,0,5,217)
r(36,2,5,217)
r(33,5,5,217)
w(38,1,5,217)
w(37,6,1,221)
r(37,6,1,221)
r(37,6,1,221)
w(37,7,1,221)
r(40,0,4,224)
r(39,0,4,224)
r(36,4,4,224)
w(39,1,4,224)
r(40,0,4,224)
r(36,4,9,225)
r(40,0,9,225)
r(40,0,9,225)
w(40,3,9,225)
r(40,3,9,225)
w(36,7,9,230)
w(40,4,9,230)
w(39,2,9,230)
r(40,4,9,230)
w(40,5,9,230)
w(40,6,9,230)
w(40,7,9,230)
w(42,1,7,232)
w(42,2,7,232)
w(42,3,7,232)
r(42,3,7,232)
r(36,7,0,236)
r(39,2,0,236)
r(36,7,0,236)
r(42,3,0,236)
w(42,5,0,236)
r(42,5,0,236)
w(42,6,0,236)
r(42,6,2,238)
w(39,5,2,238)
r(39,5,2,238)
r(42,6,2,238)
r(42,6,2,238)
w(42,7,2,238)
w(42,8,2,238)
r(39,5,0,242)
r(44,0,0,242)
w(44,2,0,242)
w(44,3,0,242)
r(39,5,3,243)
w(39,7,3,243)
r(44,0,3,243)
w(43,1,3,243)
r(39,7,5,247)
w(44,4,5,247)
w(44,5,5,247)
w(41,1,5,247)
w(43,2,5,247)
r(45,0,4,253)
r(39,7,4,253)
r(45,0,4,253)
r(45,0,4,253)
r(39,7,4,253)
w(45,3,4,253)
w(45,4,4,253)
r(45,4,4,253)
r(45,4,2,256)
w(39,8,2,256)
w(43,4,2,256)
w(46,1,2,256)
r(46,1,2,256)
w(46,2,2,256)
w(38,3,8,262)
r(46,2,8,262)
r(46,2,8,262)
w(41,2,8,262)
w(43,6,8,262)
w(47,2,6,265)
r(41,1,6,265)
w(47,3,6,265)
r(46,2,6,265)
r(43,6,9,268)
r(47,3,9,268)
r(47,3,9,268)
r(46,2,9,268)
w(43,7,9,268)
w(43,8,9,268)
w(46,7,9,268)
w(46,8,2,269)
r(47,3,2,269)
r(47,3,2,269)
r(46,8,2,269)
r(47,3,2,269)
r(46,8,7,271)
r(46,8,7,271)
r(46,8,7,271)
r(46,8,7,271)
r(48,0,7,271)
r(46,8,7,271)
r(46,8,7,271)
w(49,1,7,271)
r(47,3,6,274)
r(49,1,6,274)
w(47,4,6,274)
r(48,0,6,274)
r(49,1,6,274)
w(48,1,6,274)
r(49,1,6,274)
r(49,1,6,274)
w(49,3,7,279)
w(49,4,7,279)
r(47,4,7,279)
r(47,4,7,279)
w(49,8,0,282)
r(49,8,0,282)
r(49,8,0,282)
r(49,8,0,282)
r(48,1,6,283)
w(48,2,6,283)
w(48,3,6,283)
r(47,4,6,283)
w(47,6,6,283)
w(47,7,9,287)
r(49,8,9,287)
w(47,8,9,287)
r(49,8,9,287)
w(38,5,9,287)
r(47,8,9,287)
r(47,6,4,292)
w(50,2,4,292)
w(50,3,4,292)
w(50,4,4,292)
r(50,4,4,292)
r(50,4,4,292)
r(50,4,4,292)
r(50,4,4,292)
w(48,4,7,295)
w(51,1,7,295)
r(50,0,7,295)
r(48,4,7,295)
w(38,6,7,295)
w(48,6,1,298)
w(48,7,1,298)
w(51,3,1,298)
r(50,4,1,298)
r(50,4,1,298)
w(38,7,1,298)
r(50,4,4,301)
r(50,4,4,301)
r(41,2,4,301)
r(38,7,4,301)
r(52,0,4,301)
w(52,1,8,308)
w(52,2,8,308)
w(51,6,8,308)
r(52,2,8,308)
r(52,2,8,308)
w(52,3,8,308)
r(52,3,8,308)
w(51,7,8,308)
r(52,3,7,309)
r(52,3,7,309)
w(52,8,7,309)
r(51,7,7,309)
r(52,8,7,309)
r(55,0,7,309)
r(55,0,2,311)
r(53,0,2,311)
r(53,0,2,311)
r(53,0,2,311)
r(53,0,4,314)
w(55,1,4,314)
r(55,1,4,314)
r(55,1,4,314)
w(55,2,4,314)
r(41,2,4,314)
w(41,4,1,316)
w(53,1,1,316)
w(54,1,1,316)
r(53,1,1,316)
r(55,0,1,316)
w(53,2,1,316)
w(55,3,4,320)
r(41,2,4,320)
w(55,4,4,320)
w(55,5,4,320)
r(55,5,4,320)
r(55,5,4,320)
r(54,0,4,320)
w(55,6,4,320)
r(55,2,1,321)
w(54,2,1,321)
w(56,3,1,321)
r(53,2,1,321)
w(53,3,0,324)
r(53,3,0,324)
w(56,4,0,324)
r(55,6,0,324)
w(53,4,0,324)
r(53,4,0,324)
r(53,4,0,324)
w(55,8,6,330)
r(55,8,6,330)
r(53,4,6,330)
r(55,8,6,330)
r(53,4,6,330)
r(56,4,6,330)
r(41,4,6,330)
w(57,1,6,330)
r(57,1,0,334)
r(58,0,0,334)
w(57,5,0,334)
w(41,5,0,334)
r(57,5,0,334)
r(57,5,0,334)
r(57,5,8,335)
r(57,5,8,335)
r(57,5,8,335)
r(57,5,8,335)
r(58,0,8,335)
w(57,6,8,335)
w(58,1,0,340)
r(56,4,0,340)
w(57,7,0,340)
r(57,7,0,340)
w(57,8,0,340)
w(41,6,0,340)
w(59,2,5,344)
r(56,4,5,344)
r(58,1,5,344)
w(54,5,5,344)
r(56,4,5,344)
w(56,8,5,344)
w(59,3,5,344)
r(59,3,5,344)
r(58,1,4,349)
w(60,1,4,349)
r(41,6,4,349)
r(59,3,4,349)
w(59,5,3,352)
w(59,6,3,352)
r(59,6,3,352)
r(59,6,3,352)
r(58,1,3,352)
r(59,6,3,352)
w(58,8,3,352)
w(59,7,3,352)
r(41,6,8,354)
w(60,2,8,354)
r(62,0,8,354)
r(62,0,8,354)
w(62,2,8,354)
w(62,3,4,356)
w(62,4,4,356)
r(62,4,4,356)
r(61,0,4,356)
r(62,4,4,356)
w(60,3,0,363)
w(61,1,0,363)
w(60,4,0,363)
w(62,5,0,363)
r(62,5,0,363)
r(62,5,5,365)
w(63,2,5,365)
w(54,6,5,365)
w(63,3,5,365)
w(60,6,9,369)
r(63,3,9,369)
w(64,1,9,369)
r(41,6,9,369)
w(64,2,9,369)
r(64,2,9,369)
w(64,7,7,374)
r(63,3,7,374)
r(63,3,7,374)
r(60,6,7,374)
w(64,8,7,374)
w(63,6,7,374)
r(64,8,7,374)
r(64,8,7,374)
r(60,6,2,376)
w(54,7,2,376)
r(64,2,2,376)
r(64,2,2,376)
r(64,8,5,379)
r(64,8,5,379)
r(54,7,5,379)
w(63,7,5,379)
r(63,7,5,379)
r(64,8,5,379)
w(63,8,5,379)
w(65,1,5,379)
w(67,1,0,380)
r(66,0,0,380)
r(65,0,0,380)
r(67,1,0,380)
w(67,2,4,384)
w(67,3,4,384)
w(67,4,4,384)
r(67,4,4,384)
w(66,1,4,384)
w(65,4,3,391)
w(67,7,3,391)
w(67,8,3,391)
r(65,4,3,391)
r(66,1,3,391)
w(68,1,3,391)
r(66,1,3,391)
r(68,1,3,391)
w(66,3,3,394)
w(68,4,3,394)
w(68,5,3,394)
w(68,6,3,394)
w(68,8,9,397)
r(68,8,9,397)
r(68,8,9,397)
r(70,0,9,397)
r(69,0,9,397)
r(70,0,9,397)
r(69,0,9,397)
r(54,7,9,397)
w(69,2,2,401)
w(71,1,2,401)
w(70,3,2,401)
w(70,4,2,401)
w(70,5,1,403)
r(71,1,1,403)
r(70,5,1,403)
r(41,6,1,403)
w(70,6,1,403)
w(70,7,8,407)
w(69,3,8,407)
r(69,3,8,407)
w(41,8,8,407)
r(70,7,8,407)
r(71,1,8,407)
w(70,8,8,407)
w(69,4,8,407)
w(69,6,3,410)
w(71,3,3,410)
w(69,7,3,410)
w(72,2,3,410)
r(72,2,3,410)
r(72,2,3,410)
r(41,8,9,411)
r(69,7,9,411)
r(72,2,9,411)
r(69,7,9,411)
w(72,3,9,411)
w(72,4,9,411)
w(72,5,9,411)
r(69,7,6,414)
r(72,5,6,414)
w(71,4,6,414)
w(66,4,6,414)
w(71,5,6,414)
r(72,5,2,417)
r(66,4,2,417)
w(72,8,2,417)
r(66,4,2,417)
w(74,1,2,417)
r(71,5,1,420)
r(66,4,1,420)
r(74,1,1,420)
r(72,8,1,420)
r(66,4,1,420)
r(73,0,1,420)
w(66,6,1,420)
r(74,1,1,420)
w(75,1,0,421)
w(74,2,0,421)
w(66,7,0,421)
r(66,7,0,421)
r(74,2,0,421)
r(75,1,0,421)
r(75,1,0,421)
r(75,1,1,425)
w(75,2,1,425)
r(75,2,1,425)
w(75,3,1,425)
w(75,4,1,425)
r(75,4,5,429)
r(66,7,5,429)
w(75,8,5,429)
w(77,1,5,429)
r(77,1,5,429)
w(77,2,5,429)
r(77,2,5,429)
r(74,2,5,429)
w(71,7,6,434)
r(74,2,6,434)
w(77,3,6,434)
w(76,1,6,434)
r(77,3,6,434)
w(77,4,6,434)
r(74,2,6,434)
r(74,2,4,436)
r(74,2,4,436)
w(74,6,4,436)
r(77,4,4,436)
w(77,6,4,436)
r(71,7,4,436)
r(77,6,4,436)
r(77,6,4,436)
w(78,1,0,443)
r(78,1,0,443)
r(78,1,0,443)
r(79,0,0,443)
r(78,1,0,443)
w(78,2,0,443)
w(74,8,5,446)
w(76,3,5,446)
r(77,6,5,446)
w(77,8,5,446)
w(76,4,5,446)
w(71,8,5,446)
r(77,8,5,446)
r(77,8,5,446)
w(79,2,2,449)
r(78,2,2,449)
w(78,7,2,449)
r(79,2,2,449)
r(78,7,2,449)
w(80,1,6,453)
r(79,2,6,453)
w(80,2,6,453)
r(80,2,6,453)
r(80,2,6,453)
r(80,2,6,453)
w(79,3,4,455)
r(80,0,4,455)
w(81,1,4,455)
w(79,4,4,455)
r(81,1,4,455)
r(80,2,8,457)
r(80,2,8,457)
r(80,2,8,457)
w(76,6,8,457)
r(79,4,8,457)
w(81,2,8,457)
w(80,4,4,460)
w(80,5,4,460)
r(79,4,4,460)
w(79,5,4,460)
w(80,6,4,460)
w(80,8,7,464)
r(82,0,7,464)
r(83,0,7,464)
r(82,0,7,464)
w(82,1,7,464)
r(82,1,7,464)
r(82,1,5,467)
r(83,0,5,467)
w(83,1,5,467)
w(82,2,5,467)
w(82,3,5,467)
w(83,5,9,469)
w(82,5,9,469)
r(76,6,9,469)
w(83,6,9,469)
w(83,7,9,469)
r(76,6,9,469)
w(83,8,1,472)
w(82,6,1,472)
r(81,2,1,472)
r(82,6,1,472)
r(85,0,5,475)
w(86,1,5,475)
r(86,1,5,475)
r(84,0,5,475)
w(84,4,8,480)
r(73,0,8,480)
w(73,3,8,480)
r(84,4,8,480)
w(84,5,8,480)
r(85,0,3,486)
r(73,3,3,486)
w(84,8,3,486)
w(86,5,3,486)
r(86,5,3,486)
r(84,8,3,486)
r(87,0,2,489)
w(88,1,2,489)
r(88,1,2,489)
w(88,2,2,489)
r(88,2,2,489)
w(85,4,2,489)
r(88,2,5,495)
r(88,2,5,495)
r(88,2,5,495)
r(87,0,5,495)
r(85,4,4,496)
r(88,2,4,496)
r(88,2,4,496)
r(88,2,4,496)
w(85,5,7,498)
w(87,2,7,498)
w(88,3,7,498)
r(88,3,7,498)
r(88,3,7,498)
w(88,4,7,498)
w(87,8,2,505)
w(88,8,2,505)
w(81,6,2,505)
r(88,8,2,505)
r(89,0,0,508)
r(88,8,0,508)
r(81,6,0,508)
r(88,8,0,508)
w(90,1,0,508)
w(89,1,0,508)
w(73,6,0,508)
w(73,7,1,514)
r(91,0,1,514)
w(90,2,1,514)
r(90,2,1,514)
w(90,3,1,514)
w(91,3,1,514)
r(90,3,3,515)
w(91,5,3,515)
r(89,1,3,515)
r(91,5,3,515)
r(73,7,3,515)
w(90,5,3,515)
r(89,1,3,515)
w(91,7,7,520)
r(91,7,7,520)
w(91,8,7,520)
w(81,8,7,520)
r(90,5,7,520)
r(90,5,7,520)
r(91,5,5,523)
r(90,5,5,523)
r(91,5,5,523)
r(89,1,5,523)
r(89,1,5,523)
w(92,1,5,523)
w(90,7,5,523)
r(90,7,5,523)
w(92,4,7,528)
r(92,4,7,528)
r(92,4,7,528)
w(92,5,7,528)
r(92,5,7,528)
w(92,6,7,528)
w(94,1,6,529)
r(94,1,6,529)
w(93,3,6,529)
r(89,1,6,529)
w(94,2,6,529)
r(94,2,6,529)
w(89,5,6,529)
r(89,5,6,529)
r(94,2,2,533)
r(94,2,2,533)
w(93,4,2,533)
w(94,3,2,533)
w(94,4,2,533)
w(93,6,2,536)
r(94,4,2,536)
r(94,4,2,536)
r(94,4,2,536)
w(94,6,4,541)
w(93,8,4,541)
r(93,8,4,541)
w(94,7,4,541)
r(94,7,4,541)
r(94,7,4,541)
w(96,1,9,543)
r(96,1,9,543)
w(96,2,9,543)
r(96,2,9,543)
w(97,5,8,550)
w(97,6,8,550)
r(97,6,8,550)
w(97,7,8,550)
w(96,5,7,551)
r(97,0,7,551)
r(96,5,7,551)
r(97,0,7,551)
r(97,7,7,555)
w(97,8,7,555)
r(98,0,7,555)
r(96,5,7,555)
r(96,5,7,555)
r(98,0,7,555)
w(98,2,4,559)
r(98,2,4,559)
r(98,2,4,559)
w(98,3,4,559)
r(102,0,7,565)
r(102,0,7,565)
r(102,0,7,565)
r(102,0,7,565)
w(102,3,7,565)
r(95,0,3,576)
r(102,3,3,576)
r(101,0,3,576)
r(101,0,3,576)
w(95,3,3,576)
w(99,3,3,576)
r(101,0,3,576)
w(102,6,3,576)
w(101,7,0,582)
r(100,0,0,582)
r(101,7,0,582)
w(101,8,0,582)
w(103,8,9,583)
r(103,8,9,583)
w(104,1,9,583)
r(103,8,9,583)
r(103,8,9,583)
w(104,2,6,586)
r(103,8,6,586)
r(103,8,6,586)
r(99,3,6,586)
r(105,0,6,586)
w(104,6,3,594)
w(105,7,3,594)
r(105,7,3,594)
w(106,1,3,594)
w(105,8,3,594)
r(106,1,3,594)
w(106,2,3,594)
w(104,7,3,594)
w(107,1,9,595)
r(104,2,9,595)
w(108,1,9,595)
r(95,3,9,595)
r(107,1,1,604)
r(107,1,1,604)
w(107,4,1,604)
r(107,4,1,604)
w(107,5,1,604)
w(106,4,1,604)
w(107,6,1,604)
r(107,6,4,615)
w(107,8,4,615)
w(106,8,4,615)
w(108,6,4,615)
r(107,8,4,615)
w(109,1,4,615)
w(109,6,7,618)
r(108,6,7,618)
w(110,1,7,618)
r(110,1,7,618)
r(110,1,7,618)
r(109,6,7,618)
r(95,3,7,618)
w(109,7,7,618)
r(95,3,5,624)
r(111,0,5,624)
r(109,7,5,624)
w(112,1,5,624)
w(112,2,5,624)
r(112,2,5,624)
w(112,3,5,624)
r(112,3,7,628)
r(110,1,7,628)
r(110,1,7,628)
r(113,0,7,628)
w(113,1,7,628)
r(113,1,7,628)
r(110,1,7,628)
w(112,7,0,631)
w(110,6,0,631)
w(110,7,0,631)
w(111,1,0,631)
r(112,7,0,631)
r(112,7,0,631)
w(112,8,0,631)
w(100,4,0,631)
w(113,3,6,635)
r(111,1,6,635)
r(113,3,6,635)
r(113,3,6,635)
w(113,4,6,635)
r(114,0,6,635)
w(114,3,7,646)
r(114,3,7,646)
w(114,4,7,646)
r(111,1,7,646)
r(115,0,7,646)
r(117,0,6,650)
r(116,0,6,650)
w(111,4,6,650)
r(117,0,6,650)
r(114,4,6,650)
r(117,0,6,650)
r(117,0,6,650)
r(114,4,9,651)
r(114,4,9,651)
r(117,0,9,651)
w(117,1,9,651)
w(117,2,9,651)
r(117,2,9,651)
r(117,2,9,651)
w(114,8,9,651)
r(111,4,3,653)
w(117,3,3,653)
r(117,3,3,653)
r(114,8,3,653)
w(116,2,6,655)
r(117,3,6,655)
r(117,3,6,655)
w(117,4,6,655)
r(111,4,6,655)
r(114,8,6,655)
r(111,4,1,658)
r(117,4,1,658)
r(116,2,1,658)
w(117,5,1,658)
w(100,5,1,661)
r(118,0,1,661)
r(118,0,1,661)
r(118,0,1,661)
r(117,5,1,661)
w(117,8,1,661)
w(116,4,6,663)
r(111,4,6,663)
r(111,4,6,663)
r(119,0,6,663)
r(119,0,6,663)
w(118,2,5,666)
w(119,1,5,666)
w(119,2,5,666)
r(118,2,5,666)
w(118,3,5,666)
r(119,2,5,666)
w(118,5,3,669)
w(118,6,3,669)
w(111,7,3,669)
w(100,6,3,669)
r(118,6,3,669)
r(118,6,5,672)
r(118,6,5,672)
w(119,4,5,672)
w(119,5,5,672)
r(119,5,5,672)
w(111,8,5,672)
r(120,0,4,676)
w(119,7,4,676)
w(119,8,4,676)
r(118,6,4,676)
w(116,5,4,676)
r(116,4,5,677)
r(116,4,5,677)
w(121,1,5,677)
r(121,1,5,677)
r(118,6,5,677)
w(121,2,0,689)
r(121,2,0,689)
r(121,2,0,689)
w(120,1,0,689)
w(118,8,0,689)
w(121,3,0,689)
w(121,4,0,689)
r(121,4,0,689)
r(123,0,9,691)
w(123,2,9,691)
w(123,3,9,691)
r(123,3,9,691)
r(122,0,9,691)
r(123,0,1,694)
w(120,3,1,694)
r(120,3,1,694)
r(123,0,1,694)
r(122,0,1,694)
r(123,3,8,695)
r(123,3,8,695)
r(122,0,8,695)
r(122,0,8,695)
w(122,3,8,695)
w(124,1,6,699)
r(122,3,6,699)
r(125,0,6,699)
r(125,0,6,699)
r(122,3,8,700)
w(122,5,8,700)
r(123,3,8,700)
r(120,3,8,700)
r(123,3,8,700)
r(123,3,8,700)
w(125,1,8,700)
r(116,5,8,700)
w(125,2,1,703)
r(125,2,1,703)
w(124,2,1,703)
r(122,5,1,703)
r(125,2,1,703)
r(122,5,1,703)
w(125,3,5,707)
r(125,3,5,707)
w(125,4,5,707)
r(122,5,5,707)
w(120,4,5,707)
r(116,5,5,707)
r(125,4,5,707)
r(125,4,5,707)
r(126,0,5,709)
r(126,0,5,709)
w(126,2,5,709)
r(122,5,5,709)
r(126,2,5,709)
w(122,7,5,709)
w(126,3,4,715)
w(126,4,4,715)
w(120,5,4,715)
r(122,7,4,715)
r(122,7,4,715)
w(126,5,4,715)
r(126,5,4,715)
r(116,5,3,716)
w(128,1,3,716)
w(127,2,3,716)
r(128,1,3,716)
r(128,1,3,716)
w(127,5,1,721)
r(120,5,1,721)
r(128,1,1,721)
r(120,5,1,721)
r(128,1,7,723)
r(128,1,7,723)
r(128,1,7,723)
r(120,5,7,723)
r(128,1,7,723)
r(127,5,7,723)
w(127,6,6,729)
w(127,7,6,729)
w(120,7,6,729)
w(128,4,6,729)
r(128,4,6,729)
r(128,4,6,729)
r(120,7,6,729)
w(128,8,5,733)
r(129,0,5,733)
r(128,8,5,733)
r(120,7,5,733)
w(129,1,5,733)
r(130,0,5,733)
r(130,0,5,733)
w(130,1,5,733)
r(130,1,3,738)
r(130,1,3,738)
r(129,1,3,738)
r(130,1,3,738)
r(129,1,3,738)
r(130,1,3,738)
r(130,1,2,742)
w(130,4,2,742)
w(130,5,2,742)
w(130,6,2,742)
w(130,7,2,742)
r(130,7,2,742)
r(132,0,1,746)
r(132,0,1,746)
w(132,1,1,746)
w(129,6,1,746)
w(132,2,1,746)
r(129,6,1,746)
r(131,0,1,746)
r(132,0,0,748)
r(132,0,0,748)
r(132,0,0,748)
r(132,0,0,748)
w(133,1,0,751)
r(132,2,0,751)
r(133,1,0,751)
w(132,7,0,751)
w(133,2,3,753)
w(134,1,3,753)
r(131,0,3,753)
r(132,7,3,753)
r(131,0,3,758)
r(133,2,3,758)
r(133,2,3,758)
r(132,7,3,758)
r(134,1,3,758)
w(124,4,7,759)
r(132,7,7,759)
r(134,1,7,759)
r(134,1,7,759)
w(134,2,7,759)
r(135,0,7,763)
r(135,0,7,763)
r(135,0,7,763)
r(135,0,7,763)
r(134,2,3,768)
w(135,1,3,768)
w(135,2,3,768)
r(133,2,3,768)
w(135,3,3,768)
r(135,3,3,768)
w(135,8,3,772)
w(136,1,3,772)
r(136,1,3,772)
r(136,1,3,772)
w(124,5,3,772)
r(136,1,3,772)
w(134,8,3,772)
r(136,1,9,775)
r(133,2,9,775)
r(136,1,9,775)
r(131,0,9,775)
r(136,1,9,775)
r(133,2,9,775)
w(131,3,8,779)
r(133,2,8,779)
w(136,3,8,779)
w(136,4,8,779)
r(133,2,4,781)
w(133,4,4,781)
r(133,4,4,781)
r(136,4,4,781)
w(131,5,4,781)
w(136,5,3,783)
r(136,5,3,783)
r(137,0,3,783)
r(137,0,3,783)
r(136,5,3,783)
w(137,1,3,783)
w(133,5,3,783)
r(137,1,9,793)
r(138,0,9,793)
w(137,3,9,793)
w(133,6,9,793)
w(137,4,9,793)
w(133,7,9,793)
r(138,0,9,793)
w(137,6,4,798)
r(139,0,4,798)
r(139,0,4,798)
r(139,0,4,798)
r(133,7,4,798)
r(139,0,4,798)
w(137,7,4,798)
r(133,7,7,800)
r(137,4,7,800)
w(139,1,7,800)
w(139,2,7,800)
w(139,3,7,800)
r(137,7,1,802)
r(137,7,1,802)
w(131,7,1,802)
w(137,8,1,802)
r(137,7,0,803)
r(139,3,0,803)
r(140,0,0,803)
w(139,8,0,803)
r(139,8,0,803)
r(141,0,0,803)
r(141,0,0,803)
r(140,0,0,803)
r(131,7,8,809)
r(141,0,8,809)
r(140,0,8,809)
w(141,1,8,809)
r(140,0,8,809)
w(141,2,8,809)
w(141,3,8,809)
w(140,3,9,813)
r(141,3,9,813)
r(140,3,9,813)
r(141,3,9,813)
r(140,3,9,813)
w(141,8,9,813)
r(141,8,9,813)
r(141,8,1,815)
w(142,1,1,815)
r(141,8,1,815)
r(141,8,1,815)
w(143,1,1,815)
r(143,1,3,817)
w(143,2,3,817)
w(142,2,3,817)
w(143,3,3,817)
w(140,4,3,817)
r(140,4,3,817)
r(131,7,3,817)
w(142,3,9,819)
r(140,4,9,819)
r(143,3,9,819)
w(143,4,9,819)
w(140,5,9,819)
w(143,5,5,828)
w(143,6,5,828)
r(143,6,5,828)
r(143,6,5,828)
w(142,4,5,828)
r(143,6,5,828)
r(142,4,5,828)
w(131,8,6,831)
w(145,3,6,831)
r(142,3,6,831)
w(144,2,6,831)
r(144,2,6,831)
w(144,3,6,831)
r(145,3,6,831)
r(145,3,0,836)
r(145,3,0,836)
r(144,3,0,836)
w(144,6,0,836)
r(145,3,0,836)
r(147,0,1,844)
r(144,6,1,844)
r(144,6,1,844)
r(148,0,1,844)
r(148,0,1,844)
r(148,0,1,844)
w(147,1,9,846)
w(146,1,9,846)
r(144,6,9,846)
r(144,6,9,846)
r(144,6,9,846)
w(147,2,9,846)
r(147,2,9,846)
r(148,0,2,854)
w(148,6,2,854)
r(148,6,2,854)
r(148,6,2,854)
w(148,7,2,854)
w(150,3,0,868)
w(150,4,0,868)
w(150,5,0,868)
r(150,5,0,868)
r(150,5,0,868)
w(150,6,0,868)
w(149,2,0,868)
r(154,0,0,870)
w(154,3,0,870)
w(152,6,0,870)
w(152,7,0,870)
w(146,3,0,870)
r(153,0,0,870)
w(154,4,0,870)
w(154,5,0,872)
r(154,5,0,872)
r(154,5,0,872)
r(154,5,0,872)
r(154,5,0,874)
r(152,7,0,874)
w(146,4,0,874)
w(152,8,0,874)
r(154,5,0,874)
r(154,5,0,874)
w(154,6,0,874)
w(146,6,4,881)
r(155,0,4,881)
r(156,0,4,881)
r(155,0,4,881)
r(155,0,4,881)
r(156,0,4,884)
w(153,5,4,884)
r(155,0,4,884)
r(156,0,4,884)
r(155,0,4,884)
r(156,0,4,884)
w(155,2,4,884)
r(156,0,4,884)
w(155,3,4,887)
r(155,3,4,887)
w(156,1,4,887)
r(156,1,4,887)
w(155,4,4,887)
r(155,4,4,887)
r(155,4,4,887)
r(153,5,4,887)
r(156,1,4,894)
r(146,6,4,894)
r(153,5,4,894)
r(156,1,4,894)
w(156,4,4,894)
r(155,4,8,898)
w(156,5,8,898)
w(124,7,8,898)
w(156,6,8,898)
r(155,4,8,898)
r(153,5,1,901)
r(157,0,1,901)
w(155,6,1,901)
w(157,1,1,901)
r(157,1,3,905)
w(155,8,3,905)
w(124,8,3,905)
r(157,1,3,905)
r(158,0,3,905)
w(157,4,3,905)
w(157,5,3,905)
r(158,0,9,910)
r(161,0,9,910)
r(160,0,9,910)
w(161,3,9,910)
w(161,4,9,910)
r(158,0,9,910)
r(161,4,4,912)
r(161,4,4,912)
w(161,5,4,912)
r(161,5,4,912)
w(158,2,0,915)
r(161,5,0,915)
r(161,5,0,915)
r(158,2,0,915)
r(153,5,1,916)
r(161,5,1,916)
r(161,5,1,916)
w(161,6,1,916)
r(161,6,1,916)
r(161,6,1,916)
w(161,7,1,916)
w(161,8,1,916)
r(162,0,4,919)
r(153,5,4,919)
r(160,0,4,919)
r(158,2,4,919)
r(162,0,16,924)
w(158,3,16,924)
w(158,4,16,924)
r(159,0,16,924)
r(162,0,16,924)
w(153,8,16,924)
w(162,1,16,924)
r(162,1,16,924)
r(163,0,4,926)
r(162,1,4,926)
r(163,0,4,926)
w(162,5,4,926)
r(162,5,9,931)
r(162,5,9,931)
w(162,8,9,931)
r(164,0,9,931)
r(164,0,9,931)
r(162,8,9,931)
r(164,0,2,934)
r(162,5,2,934)
r(162,5,2,934)
r(162,5,2,934)
r(165,0,2,934)
w(164,1,2,934)
w(165,1,2,934)
w(164,2,2,934)
r(165,1,3,938)
w(163,1,3,938)
w(165,7,3,938)
w(164,7,3,938)
w(164,8,2,941)
r(164,8,2,941)
r(163,1,2,941)
w(165,8,2,941)
r(165,8,2,941)
w(166,1,8,942)
w(166,2,8,942)
r(166,2,8,942)
w(163,2,8,942)
r(163,2,9,954)
r(166,2,9,954)
w(167,7,9,954)
w(166,8,9,954)
r(167,7,9,954)
r(167,7,9,954)
w(167,8,9,954)
w(163,5,9,954)
r(168,0,8,958)
r(169,0,8,958)
w(169,1,8,958)
r(160,0,8,958)
w(159,5,8,962)
r(169,1,8,962)
r(159,5,8,962)
r(163,5,8,962)
r(163,5,8,962)
r(169,1,8,962)
r(169,1,7,969)
r(159,0,7,969)
r(169,1,7,969)
w(169,4,7,969)
r(168,0,7,969)
r(168,0,7,969)
w(169,5,7,969)
w(168,2,1,977)
r(159,5,1,977)
w(168,3,1,977)
w(170,2,1,977)
r(168,3,1,977)
r(160,0,1,977)
r(172,0,8,980)
w(172,1,8,980)
r(172,1,8,980)
w(172,2,8,980)
w(172,3,8,980)
w(172,4,8,980)
r(168,0,8,980)
r(172,4,8,980)
r(172,4,3,983)
w(172,8,3,983)
w(174,1,3,983)
w(173,1,3,983)
r(174,1,3,983)
r(171,0,3,983)
r(171,0,3,983)
r(159,5,4,985)
r(174,1,4,985)
w(173,2,4,985)
r(171,0,4,985)
r(174,1,4,985)
w(174,2,4,985)
r(174,2,4,985)
r(174,2,4,985)
r(174,2,9,987)
r(173,2,9,987)
w(174,3,9,987)
w(173,3,9,987)
w(159,6,3,991)
w(174,4,3,991)
r(174,4,3,991)
r(174,4,3,991)
r(174,4,3,991)
w(159,7,3,991)
w(174,8,7,999)
w(173,6,7,999)
r(173,6,7,999)
r(175,0,7,999)
r(173,6,7,999)
r(175,0,1,1002)
r(176,0,1,1002)
r(176,0,1,1002)
w(160,2,1,1002)
w(175,1,16,1003)
w(175,2,16,1003)
r(175,2,16,1003)
r(173,3,16,1003)
r(175,2,16,1003)
r(171,0,16,1003)
r(175,2,16,1003)
w(175,3,16,1003)
w(171,3,15,1008)
w(176,2,15,1008)
r(175,3,15,1008)
r(171,3,15,1008)
r(171,3,15,1008)
w(177,4,15,1014)
r(177,4,15,1014)
w(160,3,15,1014)
w(177,5,15,1014)
r(171,3,15,1014)
r(178,0,15,1014)
r(176,2,15,1014)
r(177,5,15,1014)
w(177,8,2,1016)
r(177,8,2,1016)
r(177,8,2,1016)
r(177,8,2,1016)
r(178,0,2,1016)
w(171,6,2,1016)
w(179,1,7,1018)
w(179,2,7,1018)
r(179,2,7,1018)
w(179,3,7,1018)
r(179,3,7,1018)
r(176,2,7,1018)
w(171,8,4,1021)
r(179,3,4,1021)
r(179,3,4,1021)
r(179,3,4,1021)
r(178,0,0,1023)
w(179,6,0,1023)
r(179,6,0,1023)
w(179,7,0,1023)
r(181,0,4,1030)
r(181,0,4,1030)
r(181,0,4,1030)
w(181,1,4,1030)
r(176,2,4,1030)
w(176,4,7,1032)
w(176,5,7,1032)
r(180,0,7,1032)
w(179,8,7,1032)
r(181,0,7,1032)
w(178,3,2,1038)
r(180,0,2,1038)
r(183,0,2,1038)
w(182,3,2,1038)
w(183,1,2,1038)
w(183,2,2,1038)
w(182,5,2,1042)
r(183,2,2,1042)
w(183,5,2,1042)
w(182,6,2,1042)
r(183,5,2,1042)
r(183,5,2,1042)
w(160,4,2,1042)
r(182,6,2,1042)
r(183,2,7,1043)
r(183,2,7,1043)
r(178,3,7,1043)
r(183,2,7,1043)
r(183,2,7,1043)
r(182,6,15,1045)
r(180,0,15,1045)
r(182,6,15,1045)
w(183,6,15,1045)
w(182,7,8,1048)
r(183,6,8,1048)
w(182,8,8,1048)
r(182,8,8,1048)
r(180,0,8,1048)
r(184,0,8,1048)
r(184,0,8,1048)
r(184,0,8,1048)
r(184,0,1,1049)
w(184,1,1,1049)
r(180,0,1,1049)
w(184,2,1,1049)
r(184,2,1,1049)
r(180,0,1,1049)
r(180,0,7,1051)
r(184,2,7,1051)
r(183,6,7,1051)
w(183,7,7,1051)
w(184,3,7,1051)
r(184,3,7,1051)
w(184,4,4,1054)
w(184,5,4,1054)
r(178,3,4,1054)
w(160,5,4,1054)
r(180,0,4,1054)
r(184,5,4,1054)
r(184,5,4,1054)
w(183,8,8,1056)
r(178,3,8,1056)
r(183,8,8,1056)
r(184,5,8,1056)
w(178,4,8,1056)
w(160,6,8,1056)
r(160,6,8,1056)
w(180,2,7,1058)
r(183,7,7,1058)
w(184,6,7,1058)
r(180,2,7,1058)
r(184,6,7,1058)
w(184,7,7,1058)
r(184,7,7,1058)
r(186,0,8,1062)
w(160,8,8,1062)
r(187,0,8,1062)
r(185,0,8,1062)
r(186,0,8,1062)
w(185,1,2,1066)
r(186,0,2,1066)
w(186,1,2,1066)
w(178,5,2,1066)
w(186,2,2,1066)
w(185,2,2,1066)
w(185,3,2,1066)
w(186,6,4,1077)
r(185,3,4,1077)
w(186,7,4,1077)
r(185,3,4,1077)
w(178,7,4,1077)
r(185,3,4,1077)
r(185,3,4,1077)
r(185,3,4,1077)
w(188,3,2,1082)
w(188,4,2,1082)
w(180,8,2,1082)
w(188,5,2,1082)
r(189,0,2,1082)
w(188,7,16,1085)
r(189,0,16,1085)
w(189,8,16,1085)
r(180,8,16,1085)
r(187,0,16,1085)
r(187,0,16,1085)
w(188,8,16,1085)
r(188,8,3,1088)
r(187,0,3,1088)
r(191,0,3,1088)
r(191,0,3,1088)
w(192,1,3,1088)
w(187,3,3,1088)
w(191,1,3,1088)
w(191,5,3,1092)
r(193,0,3,1092)
r(191,5,3,1092)
r(192,1,3,1092)
w(192,2,3,1092)
w(193,1,3,1092)
r(190,0,3,1092)
w(193,2,3,1092)
r(192,2,1,1093)
r(191,5,1,1093)
r(192,2,1,1093)
r(192,2,1,1093)
r(191,5,1,1093)
r(191,5,1,1096)
r(190,0,1,1096)
w(193,3,1,1096)
w(192,3,1,1096)
w(190,1,1,1096)
r(193,3,2,1101)
r(193,3,2,1101)
r(193,3,2,1101)
w(193,5,2,1101)
r(194,0,2,1101)
r(194,0,2,1101)
w(190,2,2,1101)
r(193,3,0,1102)
r(193,3,0,1102)
r(191,5,0,1102)
r(194,0,0,1102)
w(192,4,0,1102)
r(194,0,0,1102)
w(194,1,0,1102)
r(194,1,8,1110)
w(194,6,8,1110)
w(194,7,8,1110)
r(194,7,8,1110)
w(195,1,8,1110)
r(192,4,3,1113)
r(195,0,3,1113)
r(196,0,3,1113)
r(196,0,3,1113)
r(197,0,3,1113)
w(196,1,3,1113)
r(195,0,3,1113)
r(196,1,4,1117)
w(196,4,4,1117)
w(196,5,4,1117)
w(196,6,4,1117)
w(196,7,4,1117)
r(196,7,4,1117)
r(198,0,2,1119)
r(198,0,2,1119)
r(198,0,2,1119)
r(198,0,2,1119)
w(197,2,4,1124)
w(198,4,4,1124)
w(198,5,4,1124)
w(195,3,4,1124)
r(195,3,4,1124)
w(198,6,4,1124)
r(198,6,4,1124)
r(198,6,4,1124)
r(198,6,16,1128)
r(198,6,16,1128)
r(197,2,16,1128)
w(198,8,16,1128)
r(190,2,16,1128)
w(195,7,16,1128)
r(197,2,9,1129)
r(199,0,9,1129)
w(199,1,9,1129)
r(197,2,9,1129)
r(199,1,9,1129)
r(195,3,9,1129)
w(199,2,9,1129)
r(199,2,2,1136)
r(190,2,2,1136)
r(200,0,2,1136)
r(200,0,2,1136)
r(190,2,7,1137)
w(199,3,7,1137)
r(199,3,7,1137)
w(199,4,7,1137)
w(195,8,7,1137)
r(197,2,7,1137)
w(190,5,7,1137)
r(195,8,7,1137)
r(200,0,16,1142)
w(187,4,16,1142)
w(200,4,16,1142)
w(201,1,16,1142)
w(201,2,16,1142)
r(201,2,16,1142)
w(201,3,16,1142)
r(203,0,4,1146)
r(203,0,4,1146)
r(203,0,4,1146)
r(203,0,4,1146)
r(203,0,4,1146)
r(201,3,16,1148)
r(200,4,16,1148)
w(201,8,16,1148)
w(200,6,16,1148)
r(197,2,16,1148)
w(200,7,16,1148)
r(201,8,16,1148)
w(197,4,16,1148)
r(204,0,1,1153)
r(203,0,1,1153)
w(203,3,1,1153)
r(203,3,1,1153)
w(204,1,1,1153)
w(204,3,2,1162)
w(203,5,2,1162)
w(203,6,2,1162)
w(203,7,2,1162)
w(203,8,2,1162)
r(202,0,2,1162)
w(204,4,2,1162)
r(204,4,0,1167)
w(204,8,0,1167)
r(202,0,0,1167)
w(205,8,0,1167)
w(206,1,0,1167)
r(206,1,0,1167)
w(206,2,0,1167)
w(206,3,0,1167)
w(206,6,8,1171)
w(187,5,8,1171)
w(206,7,8,1171)
r(197,4,8,1171)
r(207,0,8,1171)
r(206,7,8,1171)
r(208,0,4,1174)
w(209,1,4,1174)
w(209,2,4,1174)
r(209,2,4,1174)
r(209,2,3,1177)
r(209,2,3,1177)
w(209,6,3,1177)
r(209,6,3,1177)
w(207,6,3,1177)
r(208,0,3,1177)
w(209,7,3,1177)
w(207,7,4,1182)
w(209,8,4,1182)
r(207,7,4,1182)
r(209,8,4,1182)
w(207,8,4,1182)
w(210,1,4,1182)
r(207,8,4,1182)
r(207,8,4,1182)
r(210,0,2,1183)
r(210,0,2,1183)
r(202,0,2,1183)
r(210,0,2,1183)
r(208,0,2,1183)
r(211,0,2,1183)
r(211,0,2,1183)
w(211,1,3,1186)
r(210,1,3,1186)
w(210,4,3,1186)
w(210,5,3,1186)
w(210,6,3,1186)
w(208,3,3,1186)
w(208,4,3,1186)
w(211,2,9,1190)
r(211,2,9,1190)
r(211,2,9,1190)
w(212,1,9,1190)
r(208,4,9,1190)
w(208,5,9,1190)
w(212,6,2,1196)
r(212,6,2,1196)
w(202,3,2,1196)
r(208,5,2,1196)
r(212,6,2,1196)
r(208,5,2,1196)
w(212,7,2,1196)
r(212,7,2,1196)
r(211,2,8,1198)
r(208,5,8,1198)
r(213,0,8,1198)
r(211,2,8,1198)
r(208,5,16,1200)
r(187,5,16,1200)
w(211,3,16,1200)
r(213,0,16,1200)
w(211,4,16,1200)
w(213,2,16,1200)
w(211,5,16,1200)
w(211,6,16,1200)
w(211,7,8,1203)
r(213,2,8,1203)
w(211,8,8,1203)
r(213,2,8,1203)
r(211,8,8,1203)
r(208,5,8,1203)
w(213,4,9,1206)
r(208,5,9,1206)
r(213,4,9,1206)
w(187,7,9,1206)
r(213,4,9,1206)
r(213,4,9,1206)
w(214,1,1,1207)
r(214,1,1,1207)
r(213,4,1,1207)
r(213,4,1,1207)
w(213,5,1,1207)
r(214,1,1,1207)
r(214,1,1,1207)
r(202,3,1,1207)
w(213,6,9,1209)
r(213,6,9,1209)
w(213,7,9,1209)
r(187,7,9,1209)
w(213,8,9,1209)
w(187,8,15,1211)
r(213,8,15,1211)
r(202,3,15,1211)
r(214,1,15,1211)
r(213,8,8,1213)
r(202,3,8,1213)
r(202,3,8,1213)
w(215,1,8,1213)
r(202,3,8,1213)
w(215,2,15,1217)
w(215,3,15,1217)
w(208,7,15,1217)
w(202,4,15,1217)
r(215,3,15,1217)
w(215,4,15,1217)
r(216,0,8,1221)
r(215,4,8,1221)
r(215,4,8,1221)
r(215,4,8,1221)
r(215,4,8,1221)
w(215,8,8,1221)
w(217,1,3,1227)
w(216,1,3,1227)
r(217,1,3,1227)
r(202,4,3,1227)
r(216,1,3,1227)
r(217,1,3,1227)
w(214,5,3,1227)
w(217,2,3,1227)
r(217,2,2,1229)
r(216,1,2,1229)
r(214,5,2,1229)
r(187,8,2,1229)
w(214,6,2,1229)
w(217,4,2,1229)
r(217,4,2,1229)
w(217,5,2,1229)
r(217,5,16,1236)
w(217,7,16,1236)
w(214,8,16,1236)
r(202,4,16,1236)
w(217,8,16,1236)
r(217,8,16,1236)
r(217,5,7,1237)
r(218,0,7,1237)
r(217,5,7,1237)
r(220,0,7,1237)
w(216,4,7,1237)
r(219,0,15,1241)
w(220,2,15,1241)
w(220,3,15,1241)
w(220,4,15,1241)
w(220,5,15,1241)
r(219,0,15,1241)
w(220,6,15,1241)
r(216,4,15,1246)
r(221,0,15,1246)
w(221,1,15,1246)
w(219,2,15,1246)
r(216,4,15,1246)
w(221,2,15,1246)
r(221,2,15,1246)
w(219,6,16,1251)
r(221,2,16,1251)
w(219,7,16,1251)
r(221,2,16,1251)
w(222,1,16,1251)
r(219,7,16,1251)
r(221,2,2,1254)
r(221,2,2,1254)
w(221,7,2,1254)
r(216,4,2,1254)
w(218,2,2,1254)
w(223,2,0,1258)
r(218,2,0,1258)
r(223,2,0,1258)
w(223,3,0,1258)
r(223,3,0,1258)
r(224,0,0,1258)
w(223,4,0,1258)
r(223,4,9,1262)
r(218,2,9,1262)
w(223,8,9,1262)
r(223,8,9,1262)
w(225,1,9,1262)
r(225,1,9,1262)
r(224,0,9,1262)
r(225,1,9,1262)
r(224,0,15,1266)
w(216,8,15,1266)
w(224,5,15,1266)
r(224,5,15,1266)
w(224,6,15,1266)
w(222,2,15,1266)
r(225,1,15,1266)
w(225,5,16,1267)
w(225,6,16,1267)
r(225,6,16,1267)
r(222,1,16,1267)
w(225,7,7,1271)
r(224,6,7,1271)
w(225,8,7,1271)
r(226,0,7,1271)
w(226,1,7,1271)
r(224,6,16,1275)
w(226,5,16,1275)
r(226,5,16,1275)
w(222,3,16,1275)
w(226,6,4,1279)
r(226,6,4,1279)
w(226,7,4,1279)
r(226,7,4,1279)
r(226,7,4,1279)
r(229,0,7,1281)
r(229,0,7,1281)
r(227,0,7,1281)
w(229,1,7,1281)
w(228,4,7,1281)
r(229,1,7,1281)
w(229,2,0,1286)
w(229,3,0,1286)
r(229,3,0,1286)
w(229,4,0,1286)
w(229,5,0,1286)
w(228,5,0,1286)
w(218,4,0,1286)
r(222,3,0,1286)
r(230,0,4,1292)
r(228,5,4,1292)
r(227,0,4,1292)
w(230,3,4,1292)
w(218,5,0,1296)
r(230,3,0,1296)
w(230,4,0,1296)
r(230,4,0,1296)
r(222,3,0,1296)
r(230,4,0,1296)
w(230,5,0,1296)
r(228,5,2,1300)
r(231,0,2,1300)
r(227,0,2,1300)
r(231,0,2,1300)
r(231,0,2,1300)
r(228,5,2,1300)
r(231,0,2,1300)
w(227,6,7,1301)
r(231,0,7,1301)
w(231,1,7,1301)
r(227,6,7,1301)
w(228,7,7,1301)
w(231,2,7,1301)
w(227,7,7,1307)
w(231,3,7,1307)
r(231,3,7,1307)
w(227,8,7,1307)
w(231,4,7,1307)
w(222,6,7,1307)
w(218,6,7,1307)
r(227,8,7,1311)
r(232,0,7,1311)
w(232,1,7,1311)
w(232,2,7,1311)
r(232,2,7,1311)
w(218,7,7,1311)
w(231,8,3,1313)
r(234,0,3,1313)
w(232,4,3,1313)
r(233,0,3,1313)
r(234,0,1,1317)
r(234,0,1,1317)
w(235,1,1,1317)
w(234,1,1,1317)
r(233,0,1,1317)
r(234,1,1,1317)
w(234,2,1,1317)
r(232,4,15,1322)
r(233,0,15,1322)
w(233,3,15,1322)
r(236,0,15,1322)
r(233,3,15,1322)
r(236,0,15,1322)
w(236,2,8,1323)
r(233,0,8,1323)
r(233,0,8,1323)
w(236,3,8,1323)
w(232,5,8,1323)
r(236,3,7,1330)
r(236,3,7,1330)
w(233,5,7,1330)
w(233,6,7,1330)
w(236,5,7,1330)
r(232,5,4,1332)
r(233,3,4,1332)
r(236,3,4,1332)
w(235,2,4,1332)
w(222,7,4,1332)
r(233,3,4,1332)
r(236,5,2,1336)
r(233,6,2,1336)
r(236,5,2,1336)
w(232,6,2,1336)
w(233,8,2,1336)
r(233,8,2,1336)
w(236,8,2,1336)
w(237,1,7,1339)
r(233,6,7,1339)
w(237,2,7,1339)
w(222,8,7,1339)
r(232,6,15,1342)
r(237,2,15,1342)
r(239,0,15,1342)
w(237,6,15,1342)
r(239,0,15,1342)
r(238,0,15,1342)
w(237,7,15,1342)
w(241,1,4,1346)
r(241,1,4,1346)
w(239,2,4,1346)
r(241,1,4,1346)
r(240,0,4,1346)
w(241,2,4,1346)
w(240,3,4,1346)
w(240,4,9,1353)
w(235,5,9,1353)
r(241,2,9,1353)
w(240,5,9,1353)
w(238,1,9,1353)
r(239,2,9,1353)
r(240,5,8,1358)
w(241,5,8,1358)
r(239,2,8,1358)
w(239,7,8,1358)
w(241,6,8,1358)
r(241,6,8,1358)
r(242,0,15,1369)
r(243,0,15,1369)
r(243,0,15,1369)
w(244,3,15,1369)
r(235,5,15,1369)
w(242,3,15,1369)
r(243,0,15,1369)
r(235,5,15,1369)
w(243,8,16,1372)
r(243,8,16,1372)
r(244,3,16,1372)
w(242,5,16,1372)
r(243,8,16,1372)
r(238,1,4,1373)
r(243,0,4,1373)
r(244,3,4,1373)
r(245,0,4,1373)
w(245,1,4,1373)
r(238,1,0,1375)
w(242,6,0,1375)
r(245,1,0,1375)
r(245,1,0,1375)
w(242,7,0,1375)
r(245,1,4,1377)
w(245,2,4,1377)
r(244,3,4,1377)
r(244,3,4,1377)
r(245,2,9,1380)
r(242,7,9,1380)
w(244,4,9,1380)
r(245,2,9,1380)
r(244,4,1,1386)
r(245,2,1,1386)
w(242,8,1,1386)
r(245,2,1,1386)
w(245,4,1,1386)
w(244,6,1,1386)
r(245,4,1,1386)
r(245,4,0,1390)
r(245,4,0,1390)
r(245,4,0,1390)
w(245,8,0,1390)
w(246,1,0,1390)
r(246,1,0,1390)
r(247,0,0,1390)
r(247,0,2,1396)
r(247,0,2,1396)
w(247,3,2,1396)
w(247,4,2,1396)
w(247,5,2,1396)
r(247,5,2,1399)
w(235,7,2,1399)
w(248,1,2,1399)
w(238,4,2,1399)
w(246,5,2,1399)
r(246,5,2,1399)
r(249,0,15,1401)
r(249,0,15,1401)
r(249,0,15,1401)
r(246,5,15,1401)
r(246,5,15,1401)
r(249,0,15,1401)
r(248,1,7,1408)
w(248,2,7,1408)
w(249,1,7,1408)
w(249,2,7,1408)
w(235,8,7,1408)
r(246,5,7,1408)
r(249,2,7,1408)
r(249,0,16,1409)
r(249,0,16,1409)
r(248,1,16,1409)
r(251,0,16,1409)
r(249,2,0,1411)
r(249,2,0,1411)
r(249,2,0,1411)
r(249,2,0,1411)
w(249,6,1,1414)
r(249,6,1,1414)
w(249,7,1,1414)
r(238,4,1,1414)
r(249,7,2,1417)
r(251,0,2,1417)
r(249,7,2,1417)
r(238,4,2,1417)
w(252,1,2,1417)
r(251,0,15,1419)
r(251,0,15,1419)
w(252,2,15,1419)
r(252,2,15,1419)
r(252,2,15,1419)
r(251,0,15,1419)
w(251,6,15,1419)
r(238,4,15,1419)
w(248,6,0,1422)
r(250,0,0,1422)
w(252,3,0,1422)
w(252,4,0,1422)
r(252,4,0,1422)
r(248,6,7,1426)
w(251,8,7,1426)
r(251,8,7,1426)
r(252,4,7,1426)
w(238,7,9,1444)
r(257,0,9,1444)
r(257,0,9,1444)
r(256,0,9,1444)
w(257,1,9,1446)
r(256,0,9,1446)
w(238,8,9,1446)
w(255,5,9,1446)
r(256,0,9,1446)
r(257,1,9,1446)
w(257,2,9,1446)
w(257,3,9,1448)
r(257,3,9,1448)
r(256,0,9,1448)
w(257,4,9,1448)
r(257,4,9,1450)
r(257,4,9,1450)
w(257,5,9,1450)
w(256,2,9,1450)
r(257,5,9,1450)
w(254,1,3,1453)
r(253,0,3,1453)
r(253,0,3,1453)
r(248,6,3,1453)
r(254,1,3,1453)
r(254,1,3,1453)
r(254,0,8,1454)
r(248,6,8,1454)
r(254,0,8,1454)
r(254,0,8,1454)
r(254,0,8,1454)
w(255,6,9,1455)
r(256,2,9,1455)
w(257,6,9,1455)
r(257,6,9,1455)
r(255,6,9,1458)
r(257,6,9,1458)
w(256,3,9,1458)
r(255,6,9,1458)
w(250,1,3,1464)
r(256,3,3,1464)
r(259,0,3,1464)
w(256,5,3,1464)
r(259,0,3,1464)
w(256,6,3,1464)
w(255,7,8,1468)
r(258,0,8,1468)
w(259,2,8,1468)
r(259,2,8,1468)
w(258,3,3,1474)
w(259,5,3,1474)
r(255,7,3,1474)
w(259,6,3,1474)
r(259,6,3,1474)
w(259,7,3,1474)
r(259,7,3,1474)
r(258,3,3,1474)
r(261,0,8,1477)
r(261,0,8,1477)
w(261,2,8,1477)
w(261,3,8,1477)
w(261,4,8,1477)
r(255,7,8,1477)
r(261,4,8,1477)
r(261,4,0,1482)
w(261,7,0,1482)
r(261,7,0,1482)
w(260,4,0,1482)
r(261,7,0,1482)
r(261,7,0,1482)
r(250,1,4,1484)
r(258,3,4,1484)
r(261,4,4,1484)
w(250,2,4,1484)
w(260,6,0,1492)
w(263,3,0,1492)
w(263,4,0,1492)
r(250,2,0,1492)
w(263,5,0,1492)
w(260,8,9,1498)
r(262,0,9,1498)
r(262,0,9,1498)
w(262,7,9,1498)
r(263,5,9,1498)
r(263,5,9,1498)
w(263,8,9,1498)
r(263,8,9,1498)
r(263,8,15,1500)
r(263,8,15,1500)
r(260,8,15,1500)
r(263,8,15,1500)
w(258,5,15,1500)
r(264,0,15,1500)
w(264,1,15,1500)
w(258,6,15,1500)
w(258,7,15,1503)
r(264,1,15,1503)
r(264,1,15,1503)
w(264,2,15,1503)
r(265,0,3,1505)
r(262,7,3,1505)
r(264,2,3,1505)
w(264,3,3,1505)
r(258,7,16,1507)
w(264,4,16,1507)
r(264,4,16,1507)
w(258,8,16,1507)
w(264,5,16,1507)
r(264,5,16,1507)
r(264,5,16,1507)
w(264,6,8,1510)
r(264,6,8,1510)
w(264,7,8,1510)
r(265,0,8,1510)
r(264,7,8,1510)
r(258,8,0,1514)
w(265,1,0,1514)
r(266,0,0,1514)
r(265,1,0,1514)
r(266,0,0,1514)
w(265,2,0,1514)
w(265,6,2,1520)
r(267,0,2,1520)
r(268,0,2,1520)
r(266,0,2,1520)
w(268,1,2,1520)
r(250,2,2,1520)
r(266,0,3,1521)
w(266,3,3,1521)
r(265,2,3,1521)
r(267,0,3,1521)
r(266,3,3,1521)
r(266,3,3,1521)
w(266,5,8,1531)
w(265,7,8,1531)
w(266,6,8,1531)
w(266,7,8,1531)
w(266,8,8,1531)
r(266,8,8,1531)
r(269,0,8,1531)
r(267,0,15,1533)
w(269,2,15,1533)
r(269,2,15,1533)
r(269,2,15,1533)
w(269,3,15,1533)
w(269,4,15,1533)
r(269,4,1,1537)
r(271,0,1,1537)
r(271,0,1,1537)
w(271,1,1,1537)
w(269,6,2,1538)
w(267,5,2,1538)
w(269,7,2,1538)
r(269,7,2,1538)
r(268,1,2,1538)
r(269,7,2,1538)
w(269,8,2,1538)
w(268,2,2,1538)
r(271,1,9,1542)
w(267,6,9,1542)
r(271,1,9,1542)
w(271,3,9,1542)
r(271,3,15,1545)
r(271,3,15,1545)
r(271,3,15,1545)
r(267,6,15,1545)
w(270,7,7,1548)
r(270,7,7,1548)
r(267,6,7,1548)
w(271,6,7,1548)
w(271,7,7,1548)
r(272,0,4,1551)
r(273,0,4,1551)
w(272,2,4,1551)
w(272,3,4,1551)
r(272,3,0,1556)
w(272,6,0,1556)
w(250,5,0,1556)
r(272,6,0,1556)
w(273,1,0,1556)
r(272,6,0,1556)
w(272,7,7,1560)
w(272,8,7,1560)
r(268,2,7,1560)
w(273,2,7,1560)
r(273,2,7,1560)
w(273,3,7,1560)
r(272,8,7,1560)
r(272,8,7,1560)
r(274,0,3,1564)
r(273,3,3,1564)
w(274,6,3,1564)
r(273,3,3,1564)
r(274,6,3,1564)
r(273,3,3,1564)
w(274,7,3,1564)
r(274,7,16,1566)
w(267,8,16,1566)
r(275,0,16,1566)
r(275,0,16,1566)
r(273,3,16,1566)
r(275,0,16,1566)
r(273,3,0,1569)
r(273,3,0,1569)
r(267,8,0,1569)
w(275,1,0,1569)
w(268,4,8,1572)
r(275,1,8,1572)
w(276,1,8,1572)
r(276,1,8,1572)
r(267,8,8,1572)
r(276,1,8,1572)
r(275,1,15,1573)
w(275,2,15,1573)
r(275,2,15,1573)
r(276,0,15,1573)
r(275,2,8,1577)
r(275,2,8,1577)
w(275,3,8,1577)
w(276,2,8,1577)
w(275,4,8,1577)
r(275,4,8,1577)
r(275,4,15,1581)
r(275,4,15,1581)
r(275,4,15,1581)
r(275,4,15,1581)
r(275,4,15,1581)
r(276,2,1,1584)
w(276,4,1,1584)
w(275,5,1,1584)
r(250,5,1,1584)
r(275,5,1,1584)
w(276,5,1,1584)
r(277,0,8,1587)
r(278,0,8,1587)
r(277,0,8,1587)
w(279,1,8,1587)
r(277,0,8,1591)
r(279,1,8,1591)
w(278,1,8,1591)
r(278,1,8,1591)
r(278,1,2,1598)
w(278,5,2,1598)
r(277,0,2,1598)
w(278,6,2,1598)
w(279,2,2,1598)
w(278,7,2,1598)
w(278,8,2,1598)
w(268,5,8,1604)
r(268,5,8,1604)
w(280,2,8,1604)
w(280,3,8,1604)
w(280,4,8,1604)
r(280,4,8,1604)
w(280,5,8,1604)
w(280,6,8,1604)
r(250,5,7,1607)
w(281,3,7,1607)
w(281,4,7,1607)
r(281,4,7,1607)
w(279,7,7,1607)
r(281,4,7,1607)
r(281,4,7,1607)
r(281,4,7,1607)
w(281,5,4,1611)
r(268,5,4,1611)
w(281,6,4,1611)
r(282,0,4,1611)
r(250,5,4,1611)
r(281,6,4,1611)
w(281,7,4,1611)
r(282,0,4,1611)
r(284,0,9,1620)
r(284,0,9,1620)
w(284,1,9,1620)
w(268,6,9,1620)
r(284,1,9,1620)
w(283,1,9,1620)
w(284,2,9,1620)
w(284,6,8,1624)
r(284,6,8,1624)
w(283,4,8,1624)
r(284,6,8,1624)
r(250,5,8,1624)
w(283,5,7,1628)
r(284,6,7,1628)
r(284,6,7,1628)
r(284,6,7,1628)
r(284,6,7,1628)
r(285,0,7,1628)
w(285,1,7,1628)
w(268,8,7,1628)
w(285,2,9,1631)
w(285,3,9,1631)
w(282,7,9,1631)
w(285,4,9,1631)
r(285,4,1,1635)
r(285,4,1,1635)
r(285,4,1,1635)
r(285,4,1,1635)
w(286,1,1,1635)
w(285,7,1,1635)
r(283,5,7,1639)
r(288,0,7,1639)
r(283,5,7,1639)
w(288,1,7,1639)
w(285,8,9,1640)
w(286,2,9,1640)
r(285,8,9,1640)
r(288,0,9,1640)
w(288,5,2,1646)
r(286,2,2,1646)
w(286,4,2,1646)
r(288,5,2,1646)
w(288,6,2,1646)
w(283,7,2,1646)
r(288,6,2,1646)
w(290,1,3,1651)
r(290,1,3,1651)
w(286,7,3,1651)
r(290,1,3,1651)
r(283,7,3,1651)
w(290,2,3,1651)
r(290,2,3,1651)
r(289,0,3,1651)
r(286,7,9,1655)
w(289,2,9,1655)
w(290,4,9,1655)
w(290,5,9,1655)
r(292,0,3,1666)
w(293,1,3,1666)
w(292,2,3,1666)
w(292,3,3,1666)
w(292,4,3,1666)
w(293,2,3,1666)
r(292,0,1,1667)
w(291,3,1,1667)
r(289,2,1,1667)
r(289,2,1,1667)
r(292,0,1,1667)
w(292,8,16,1670)
r(292,8,16,1670)
w(294,2,16,1670)
w(294,3,16,1670)
r(294,3,16,1670)
r(294,0,2,1672)
w(291,4,2,1672)
w(295,1,2,1672)
w(291,5,2,1672)
r(289,2,2,1672)
r(294,0,2,1672)
r(295,1,2,1672)
w(295,2,2,1672)
r(295,2,4,1675)
w(295,3,4,1675)
r(295,3,4,1675)
w(295,4,4,1675)
r(291,5,15,1679)
r(294,3,15,1679)
w(295,7,15,1679)
w(294,6,15,1679)
w(295,8,15,1679)
r(295,8,15,1679)
r(296,0,16,1681)
r(296,0,16,1681)
w(296,2,16,1681)
w(296,3,16,1681)
r(296,3,16,1681)
r(296,3,3,1684)
r(296,3,3,1684)
w(296,4,3,1684)
w(296,5,3,1684)
r(294,6,4,1689)
w(297,1,4,1689)
w(297,2,4,1689)
r(291,5,4,1689)
r(287,0,4,1689)
w(297,3,4,1689)
r(297,3,4,1689)
w(289,7,4,1689)
r(294,6,8,1696)
r(294,6,8,1696)
w(294,8,8,1696)
w(291,6,8,1696)
w(289,8,1,1698)
r(298,0,1,1698)
r(294,6,1,1698)
r(298,0,1,1698)
r(294,6,1,1698)
r(298,0,1,1698)
r(294,6,0,1700)
w(301,1,0,1700)
w(300,1,0,1700)
w(299,1,0,1700)
w(298,2,0,1700)
r(301,1,7,1705)
r(298,2,7,1705)
r(298,2,7,1705)
w(299,4,7,1705)
r(298,2,3,1707)
r(299,1,3,1707)
w(298,4,3,1707)
w(298,5,3,1707)
w(298,6,3,1707)
w(301,4,8,1709)
w(302,1,8,1709)
w(302,2,8,1709)
r(301,4,8,1709)
r(302,2,8,1709)
r(302,2,15,1712)
w(302,3,15,1712)
w(300,3,15,1712)
w(287,2,15,1712)
w(300,4,15,1712)
w(302,4,15,1712)
r(299,4,15,1712)
w(301,5,4,1719)
r(302,4,4,1719)
w(302,6,4,1719)
w(299,6,4,1719)
w(302,7,4,1719)
r(300,4,4,1719)
w(302,8,4,1719)
w(299,7,4,1719)
r(303,0,3,1721)
w(301,8,3,1721)
w(304,1,3,1721)
r(304,1,3,1721)
r(304,1,3,1721)
w(304,2,3,1725)
w(304,3,3,1725)
r(303,0,3,1725)
r(303,0,3,1725)
w(305,1,3,1725)
w(304,6,2,1728)
w(304,7,2,1728)
w(300,5,2,1728)
w(305,2,2,1728)
w(304,8,8,1733)
w(303,2,8,1733)
r(305,2,8,1733)
r(304,8,8,1733)
r(304,8,8,1733)
w(305,4,9,1735)
r(306,0,9,1735)
r(306,0,9,1735)
w(305,5,9,1735)
r(305,5,9,1735)
r(306,0,9,1735)
r(306,0,9,1735)
w(305,6,7,1740)
w(306,1,7,1740)
w(287,5,7,1740)
r(305,6,7,1740)
w(305,7,7,1740)
w(303,5,16,1742)
r(300,5,16,1742)
w(303,6,16,1742)
r(306,0,16,1742)
w(306,3,0,1748)
w(306,4,0,1748)
w(307,1,0,1748)
r(306,4,0,1748)
w(306,5,0,1748)
r(306,5,0,1748)
w(306,6,0,1748)
w(300,7,16,1750)
r(307,0,16,1750)
r(308,0,16,1750)
r(308,0,16,1750)
w(308,2,3,1752)
w(307,3,3,1752)
r(303,6,3,1752)
w(308,3,3,1752)
w(303,8,16,1753)
r(308,3,16,1753)
r(307,3,16,1753)
r(308,3,16,1753)
w(307,4,16,1753)
w(308,4,16,1753)
w(308,5,16,1758)
w(308,6,16,1758)
w(308,7,16,1758)
r(308,7,16,1758)
r(308,7,9,1759)
r(307,4,9,1759)
w(310,1,9,1759)
r(310,1,9,1759)
r(310,1,9,1759)
w(307,5,0,1762)
r(307,5,0,1762)
r(310,1,0,1762)
r(307,5,0,1762)
w(310,2,0,1762)
w(310,5,7,1768)
w(310,6,7,1768)
r(307,5,7,1768)
r(307,5,7,1768)
r(307,5,7,1768)
r(307,5,7,1768)
w(310,7,7,1768)
r(309,0,0,1769)
r(311,0,0,1769)
r(307,5,0,1769)
w(309,4,0,1769)
r(311,0,0,1769)
r(307,5,0,1769)
w(309,5,0,1769)
r(311,0,0,1769)
w(307,6,3,1776)
w(311,2,3,1776)
r(307,6,3,1776)
w(311,3,3,1776)
w(309,6,3,1776)
w(311,4,3,1776)
r(311,4,3,1776)
r(307,6,3,1776)
w(313,1,8,1780)
w(312,3,8,1780)
r(309,6,8,1780)
w(313,2,8,1780)
w(313,3,8,1780)
r(312,3,8,1780)
r(312,3,8,1780)
w(312,4,8,1780)
r(313,3,9,1788)
w(312,6,9,1788)
r(312,6,9,1788)
r(312,6,9,1788)
w(313,4,9,1788)
r(315,0,9,1788)
w(312,7,9,1788)
r(313,4,3,1791)
w(316,5,3,1791)
r(316,5,3,1791)
w(316,6,3,1791)
r(313,4,8,1793)
w(314,2,8,1793)
r(313,4,8,1793)
r(314,2,8,1793)
r(313,4,8,1793)
r(316,6,16,1796)
w(315,4,16,1796)
w(316,7,16,1796)
r(313,4,16,1796)
w(313,8,1,1800)
w(315,6,1,1800)
r(315,6,1,1800)
r(317,0,1,1800)
w(317,1,9,1803)
w(317,2,9,1803)
w(317,3,9,1803)
r(317,3,9,1803)
w(314,3,9,1803)
w(317,4,9,1803)
w(317,5,9,1803)
r(318,0,9,1803)
r(318,0,16,1805)
r(287,5,16,1805)
w(319,1,16,1805)
r(318,0,16,1805)
r(318,0,16,1805)
w(319,2,16,1807)
w(319,3,16,1807)
r(318,0,16,1807)
r(319,3,16,1807)
r(319,3,16,1807)
w(319,4,16,1807)
w(318,1,7,1811)
r(318,1,7,1811)
r(319,4,7,1811)
w(319,5,7,1811)
w(319,6,7,1811)
r(319,6,7,1811)
r(319,6,7,1811)
r(321,0,8,1815)
w(318,4,8,1815)
r(314,3,8,1815)
w(321,1,8,1815)
r(321,1,8,1815)
w(321,2,8,1815)
w(321,3,4,1820)
r(321,3,4,1820)
r(321,3,4,1820)
w(321,4,4,1820)
r(318,4,4,1820)
r(321,4,4,1820)
r(320,0,0,1822)
w(320,2,0,1822)
r(318,4,0,1822)
w(321,6,0,1822)
w(321,7,0,1822)
r(318,4,0,1822)
w(321,8,1,1825)
r(322,0,1,1825)
r(287,5,1,1825)
w(320,4,1,1825)
w(322,1,1,1825)
w(314,5,1,1827)
w(320,5,1,1827)
r(322,1,1,1827)
w(320,6,1,1827)
r(322,1,1,1827)
r(322,1,1,1827)
r(318,4,1,1827)
r(318,4,1,1827)
r(322,1,2,1831)
r(322,1,2,1831)
w(322,2,2,1831)
r(318,4,2,1831)
w(322,3,2,1831)
w(318,7,2,1831)
w(322,4,2,1831)
r(322,4,7,1833)
w(323,1,7,1833)
r(322,4,7,1833)
w(323,2,7,1833)
r(323,2,7,1833)
r(320,6,7,1833)
r(322,4,4,1837)
w(323,3,4,1837)
w(320,8,4,1837)
w(323,4,4,1837)
r(287,5,4,1837)
w(322,7,4,1837)
r(325,0,8,1843)
w(324,1,8,1843)
w(325,2,8,1843)
r(325,2,8,1843)
w(325,3,8,1843)
r(323,4,8,1843)
w(324,2,8,1843)
r(325,3,8,1843)
r(325,3,3,1846)
r(324,2,3,1846)
w(325,6,3,1846)
r(326,0,3,1846)
r(325,6,3,1846)
r(325,6,3,1846)
w(326,2,16,1851)
r(325,6,16,1851)
r(324,2,16,1851)
r(327,0,16,1851)
r(326,2,16,1851)
r(327,0,16,1851)
r(327,0,16,1851)
w(287,7,16,1851)
w(327,1,2,1853)
r(327,1,2,1853)
w(327,2,2,1853)
r(324,2,2,1853)
r(327,2,2,1853)
r(314,5,2,1853)
w(326,3,7,1859)
r(327,2,7,1859)
r(327,2,7,1859)
w(327,3,7,1859)
r(327,3,7,1859)
w(326,4,7,1859)
w(326,5,7,1859)
w(327,4,7,1859)
w(328,1,16,1863)
w(327,7,16,1863)
r(327,7,16,1863)
r(327,7,16,1863)
r(324,2,16,1863)
r(327,7,16,1863)
r(314,5,2,1867)
r(328,1,2,1867)
w(324,6,2,1867)
w(329,3,2,1867)
r(329,3,8,1871)
w(329,4,8,1871)
w(328,4,8,1871)
w(329,5,8,1871)
w(329,6,8,1871)
r(329,6,8,1871)
r(324,6,8,1871)
r(329,6,1,1875)
r(324,6,1,1875)
w(331,1,1,1875)
r(328,4,1,1875)
r(331,1,1,1875)
w(331,2,1,1875)
r(331,2,1,1875)
w(331,5,1,1880)
w(328,7,1,1880)
r(331,5,1,1880)
w(328,8,1,1880)
w(331,6,1,1880)
r(314,5,1,1880)
w(331,7,1,1880)
w(314,7,1,1880)
w(334,3,0,1881)
r(332,0,0,1881)
w(333,2,0,1881)
w(332,1,0,1881)
r(334,3,0,1881)
r(334,3,0,1881)
r(334,3,0,1884)
r(330,0,0,1884)
w(333,3,0,1884)
r(332,1,0,1884)
w(333,4,0,1884)
w(333,5,0,1884)
r(332,1,0,1884)
w(334,4,15,1885)
r(333,5,15,1885)
r(333,5,15,1885)
w(334,5,15,1885)
r(333,5,8,1890)
r(334,5,8,1890)
r(332,1,8,1890)
w(333,6,8,1890)
r(334,5,8,1890)
w(334,6,8,1890)
r(333,6,8,1890)
r(334,6,8,1890)
r(332,1,4,1895)
r(335,0,4,1895)
w(336,1,4,1895)
w(332,3,4,1895)
w(336,2,4,1895)
r(332,3,4,1895)
r(336,2,4,1895)
r(335,0,0,1898)
w(334,8,0,1898)
w(335,1,0,1898)
r(334,8,0,1898)
r(335,1,0,1898)
w(335,2,0,1898)
r(334,8,0,1898)
w(335,3,0,1898)
w(335,4,4,1902)
w(336,5,4,1902)
r(336,5,4,1902)
r(336,5,4,1902)
w(336,6,4,1902)
r(336,2,0,1903)
w(332,6,0,1903)
r(336,2,0,1903)
r(336,2,0,1903)
r(336,2,0,1903)
r(336,6,7,1905)
r(335,4,7,1905)
w(335,7,7,1905)
r(336,6,7,1905)
r(336,6,7,1905)
r(336,6,7,1905)
r(335,7,7,1905)
w(336,8,8,1908)
r(336,8,8,1908)
r(335,7,8,1908)
w(332,7,8,1908)
r(336,6,15,1909)
r(335,7,15,1909)
r(336,6,15,1909)
w(335,8,15,1909)
r(332,7,3,1914)
w(338,2,3,1914)
r(338,2,3,1914)
r(339,0,3,1914)
w(338,3,3,1914)
w(338,4,3,1914)
w(338,5,3,1914)
w(339,1,3,1914)
w(330,1,9,1916)
w(339,2,9,1916)
r(339,2,9,1916)
r(338,5,9,1916)
w(338,6,9,1916)
r(339,2,9,1916)
r(330,1,9,1916)
w(339,3,9,1916)
w(338,8,9,1922)
r(341,0,9,1922)
r(339,3,9,1922)
w(339,4,9,1922)
w(341,1,9,1922)
r(341,1,9,1922)
w(339,5,9,1922)
r(341,1,2,1925)
w(341,5,2,1925)
r(339,5,2,1925)
w(339,8,2,1925)
r(341,5,3,1928)
r(341,5,3,1928)
r(341,5,3,1928)
r(340,0,3,1928)
r(337,0,3,1928)
w(341,6,4,1930)
r(341,6,4,1930)
r(339,8,4,1930)
w(341,7,4,1930)
r(341,7,4,1930)
r(339,8,4,1930)
w(343,3,2,1934)
r(342,0,2,1934)
r(343,3,2,1934)
r(342,0,2,1934)
w(342,5,7,1937)
r(343,3,7,1937)
w(337,3,7,1937)
r(342,5,7,1937)
r(343,3,8,1947)
r(343,3,8,1947)
w(344,1,8,1947)
r(342,5,8,1947)
r(342,5,8,1947)
r(344,1,8,1947)
w(340,5,8,1947)
r(344,1,16,1951)
r(337,3,16,1951)
w(344,4,16,1951)
w(344,5,16,1951)
r(344,5,4,1954)
w(330,5,4,1954)
w(344,6,4,1954)
r(344,6,4,1954)
w(344,7,4,1954)
r(330,5,16,1956)
r(344,7,16,1956)
w(344,8,16,1956)
w(340,8,16,1956)
r(330,5,3,1957)
r(330,5,3,1957)
w(346,1,3,1957)
w(345,1,3,1957)
w(346,2,9,1961)
w(346,3,9,1961)
w(346,4,9,1961)
r(346,4,9,1961)
r(346,4,9,1961)
r(346,4,9,1963)
r(345,1,9,1963)
r(346,4,9,1963)
w(330,6,9,1963)
r(346,4,9,1963)
r(340,8,9,1963)
r(346,4,16,1966)
r(346,4,16,1966)
w(346,8,16,1966)
r(346,8,16,1966)
r(345,1,16,1966)
w(345,4,4,1969)
w(345,5,4,1969)
w(345,6,4,1969)
w(348,1,4,1969)
w(347,2,0,1973)
w(348,3,0,1973)
w(348,4,0,1973)
w(348,5,0,1973)
r(348,5,0,1973)
r(348,5,16,1978)
r(348,5,16,1978)
r(348,5,16,1978)
w(348,7,16,1978)
w(347,3,16,1978)
w(349,1,16,1978)
r(348,7,16,1978)
w(350,3,8,1982)
r(350,3,8,1982)
w(350,4,8,1982)
r(350,4,8,1982)
w(347,5,8,1982)
r(349,1,8,1982)
w(350,5,8,1982)
r(350,5,8,1982)
w(330,7,8,1988)
w(349,4,8,1988)
w(350,7,8,1988)
w(347,6,8,1988)
w(350,8,8,1988)
w(330,8,8,1988)
w(347,7,8,1988)
r(351,0,9,1991)
w(351,4,9,1991)
r(349,4,9,1991)
r(351,4,9,1991)
w(351,5,9,1991)
w(351,6,9,1993)
r(351,6,9,1993)
r(337,3,9,1993)
r(347,7,9,1993)
r(351,6,9,1993)
r(351,6,9,1993)
r(351,6,8,2010)
w(351,7,8,2010)
r(351,7,8,2010)
w(351,8,8,2010)
w(353,1,8,2010)
r(353,1,8,2010)
w(355,4,16,2016)
r(330,8,16,2016)
w(355,5,16,2016)
r(355,5,16,2016)
w(355,6,16,2016)
w(355,7,16,2016)
r(356,0,1,2017)
w(356,6,1,2017)
r(330,8,1,2017)
r(356,6,1,2017)
r(356,6,1,2017)
w(354,7,1,2017)
r(356,6,1,2017)
r(353,1,3,2020)
r(352,0,3,2020)
r(354,0,3,2020)
r(353,1,3,2020)
r(352,0,3,2020)
r(353,1,3,2020)
r(352,0,3,2020)
w(357,1,16,2022)
w(337,6,16,2022)
r(357,1,16,2022)
r(356,6,16,2022)
r(357,1,16,2022)
r(356,6,8,2025)
r(356,6,8,2025)
w(356,8,8,2025)
r(357,1,8,2025)
w(337,7,8,2025)
w(357,2,8,2025)
r(354,7,8,2025)
r(356,8,16,2026)
r(356,8,16,2026)
r(357,2,16,2026)
r(357,2,16,2026)
r(357,2,16,2026)
w(357,3,16,2030)
r(357,3,16,2030)
r(357,3,16,2030)
w(359,1,16,2030)
r(357,3,16,2030)
r(357,3,16,2030)
r(359,1,3,2036)
r(359,1,3,2036)
r(359,1,3,2036)
r(330,8,3,2036)
w(359,5,3,2036)
r(357,3,8,2041)
r(360,0,8,2041)
r(360,0,8,2041)
r(358,0,8,2041)
r(357,3,8,2041)
r(357,3,8,2041)
r(337,7,8,2041)
r(358,0,16,2043)
w(358,1,16,2043)
w(359,8,16,2043)
r(359,8,16,2043)
w(358,2,16,2043)
r(357,3,16,2043)
w(360,1,16,2043)
w(360,2,16,2043)
w(360,7,1,2048)
r(358,2,1,2048)
w(360,8,1,2048)
r(357,3,1,2048)
r(358,2,1,2048)
w(358,3,1,2048)
r(357,3,1,2048)
r(362,0,1,2050)
r(357,3,1,2050)
r(358,3,1,2050)
r(362,0,1,2050)
r(358,2,0,2051)
r(357,3,0,2051)
w(362,1,0,2051)
w(357,6,0,2051)
r(362,1,0,2051)
w(357,7,0,2051)
w(362,2,0,2051)
r(362,2,0,2051)
r(354,0,9,2055)
r(353,0,9,2055)
r(353,0,9,2055)
w(352,1,9,2055)
r(354,0,9,2055)
r(337,3,9,2055)
r(353,0,9,2055)
r(353,0,9,2055)
r(362,2,8,2058)
w(362,3,8,2058)
r(357,7,8,2058)
r(337,7,8,2058)
w(337,8,8,2058)
r(358,3,8,2058)
r(362,3,8,2058)
w(361,1,8,2058)
w(357,8,7,2059)
r(362,2,7,2059)
r(362,2,7,2059)
r(362,2,7,2059)
r(363,0,7,2059)
r(362,2,16,2061)
w(364,2,16,2061)
r(358,3,16,2061)
r(362,2,16,2061)
w(364,3,16,2061)
r(362,2,16,2061)
r(364,3,15,2063)
w(362,7,15,2063)
r(363,0,15,2063)
r(362,7,15,2063)
r(362,7,15,2063)
r(362,7,0,2066)
r(362,7,0,2066)
w(362,8,0,2066)
w(365,1,0,2066)
r(358,3,0,2066)
r(363,0,9,2069)
r(365,1,9,2069)
w(365,3,9,2069)
r(358,3,9,2069)
r(365,3,9,2069)
r(365,3,9,2069)
w(365,4,9,2069)
r(363,0,9,2069)
r(364,3,4,2074)
w(358,5,4,2074)
w(363,3,4,2074)
r(363,3,4,2074)
w(363,4,4,2074)
r(365,4,4,2074)
w(365,5,4,2074)
w(363,5,4,2074)
r(358,5,1,2077)
r(365,5,1,2077)
w(363,6,1,2077)
w(366,1,1,2077)
r(363,6,1,2077)
w(366,2,1,2077)
w(366,3,1,2077)
w(366,4,1,2077)
r(366,0,9,2078)
w(364,5,9,2078)
r(366,0,9,2078)
r(361,1,9,2078)
r(366,4,8,2081)
w(363,8,8,2081)
w(361,2,8,2081)
r(366,4,8,2081)
r(363,8,8,2081)
r(366,4,8,2081)
r(364,5,8,2081)
w(367,1,7,2084)
w(367,2,7,2084)
r(363,8,7,2084)
r(366,4,7,2084)
r(367,2,7,2084)
w(367,3,7,2084)
r(367,0,2,2085)
w(366,6,2,2085)
r(366,6,2,2085)
r(364,5,2,2085)
r(366,6,2,2085)
w(366,7,2,2085)
w(364,7,7,2088)
r(366,7,7,2088)
w(366,8,7,2088)
r(366,8,7,2088)
r(368,0,7,2088)
r(369,0,7,2088)
r(368,0,7,2088)
w(368,1,7,2088)
w(369,3,9,2093)
r(369,3,9,2093)
r(368,1,9,2093)
w(368,3,9,2093)
w(364,8,9,2093)
r(369,3,9,2093)
r(367,3,9,2093)
r(369,0,3,2094)
r(364,7,3,2094)
r(368,1,3,2094)
w(361,3,3,2094)
w(367,5,3,2094)
r(364,7,3,2094)
r(369,3,4,2098)
r(369,3,4,2098)
w(369,4,4,2098)
r(369,4,4,2098)
w(369,5,4,2098)
r(368,3,4,2098)
r(369,5,4,2098)
w(367,6,16,2102)
r(361,3,16,2102)
r(369,5,16,2102)
r(367,6,16,2102)
w(367,7,16,2102)
r(371,0,16,2106)
r(370,0,16,2106)
w(371,1,16,2106)
r(370,0,16,2106)
w(368,7,2,2107)
r(368,7,2,2107)
r(370,0,2,2107)
w(368,8,2,2107)
w(370,1,2,2107)
r(371,0,2,2107)
w(370,2,2,2107)
r(370,2,16,2109)
r(370,2,16,2109)
r(367,7,16,2109)
w(370,5,16,2109)
r(370,5,15,2113)
w(371,2,15,2113)
r(370,5,15,2113)
r(371,2,15,2113)
r(370,5,3,2115)
w(367,8,3,2115)
r(372,0,3,2115)
r(370,5,3,2115)
w(370,6,3,2115)
r(361,3,3,2115)
w(374,2,16,2117)
w(374,3,16,2117)
w(371,4,16,2117)
r(374,3,16,2117)
r(373,0,16,2117)
w(373,1,16,2117)
w(374,4,0,2120)
r(371,4,0,2120)
w(373,2,0,2120)
r(371,4,0,2120)
w(371,5,0,2120)
w(374,5,0,2120)
r(373,2,0,2120)
w(373,4,15,2124)
w(374,8,15,2124)
r(371,5,15,2124)
r(373,4,15,2124)
r(371,5,15,2124)
w(371,6,15,2124)
w(373,5,15,2124)
w(375,3,1,2130)
w(373,7,1,2130)
w(375,4,1,2130)
w(372,1,1,2130)
r(375,4,1,2130)
r(373,7,1,2130)
w(373,8,1,2130)
w(371,8,1,2134)
r(375,4,1,2134)
r(375,4,1,2134)
r(371,8,1,2134)
r(376,0,1,2134)
w(378,1,15,2135)
w(376,1,15,2135)
r(378,1,15,2135)
w(378,2,15,2135)
r(378,2,15,2135)
w(377,1,15,2135)
w(377,2,1,2138)
r(376,1,1,2138)
w(377,3,1,2138)
w(376,2,1,2138)
r(376,2,9,2142)
r(378,2,9,2142)
r(377,3,9,2142)
w(378,6,9,2142)
r(378,2,0,2143)
r(378,2,0,2143)
r(378,2,0,2143)
r(377,3,0,2143)
r(376,2,0,2143)
r(377,3,0,2143)
w(378,7,9,2146)
w(377,5,9,2146)
w(376,3,9,2146)
w(378,8,9,2146)
w(372,3,9,2146)
r(379,0,7,2149)
w(379,1,7,2149)
w(376,5,7,2149)
r(377,5,7,2149)
r(379,1,7,2149)
r(377,5,7,2149)
w(379,3,9,2155)
r(372,3,9,2155)
w(379,4,9,2155)
w(379,5,9,2155)
w(379,6,9,2155)
r(379,6,9,2155)
r(377,5,9,2159)
w(380,1,9,2159)
w(380,2,9,2159)
w(380,3,9,2159)
w(380,4,9,2159)
w(380,5,9,2159)
r(376,5,9,2159)
w(377,7,9,2161)
r(380,5,9,2161)
r(377,7,9,2161)
w(372,4,9,2161)
r(381,0,9,2161)
r(381,0,7,2164)
w(376,8,7,2164)
w(381,1,7,2164)
r(381,1,7,2164)
w(381,6,2,2167)
r(381,6,2,2167)
r(381,6,2,2167)
r(381,6,2,2167)
r(382,0,2,2169)
w(382,1,2,2169)
w(381,7,2,2169)
r(382,1,2,2169)
r(382,1,2,2169)
r(382,1,2,2169)
r(372,4,2,2169)
r(381,7,2,2169)
w(382,2,1,2172)
r(381,7,1,2172)
r(381,7,1,2172)
w(382,3,1,2172)
r(372,4,1,2172)
w(381,8,1,2172)
r(381,8,1,2172)
r(382,1,3,2173)
r(382,1,3,2173)
r(381,7,3,2173)
w(384,1,3,2173)
r(384,1,3,2173)
r(382,1,3,2173)
w(384,2,3,2173)
r(384,2,7,2176)
w(384,3,7,2176)
r(384,3,7,2176)
w(384,4,7,2176)
r(384,4,7,2176)
w(382,4,7,2176)
w(383,1,7,2176)
r(385,0,4,2184)
r(383,1,4,2184)
r(385,0,4,2184)
r(361,3,4,2184)
w(385,3,4,2184)
r(383,1,4,2184)
w(382,5,9,2185)
w(382,6,9,2185)
r(382,6,9,2185)
r(382,6,9,2185)
w(382,7,9,2185)
w(383,3,9,2185)
w(372,8,8,2188)
w(385,4,8,2188)
w(382,8,8,2188)
r(382,8,8,2188)
w(361,6,8,2188)
r(372,8,8,2188)
r(361,6,8,2188)
w(385,6,1,2192)
w(383,4,1,2192)
w(386,1,1,2192)
w(385,7,1,2192)
w(385,8,1,2192)
r(385,8,1,2192)
r(385,4,7,2193)
r(385,4,7,2193)
r(385,4,7,2193)
r(387,0,7,2193)
w(387,1,9,2199)
w(386,2,9,2199)
w(387,2,9,2199)
w(386,3,9,2199)
w(361,7,9,2199)
w(387,3,9,2199)
w(387,4,9,2199)
w(386,4,9,2199)
w(388,1,3,2203)
w(388,2,3,2203)
w(388,3,3,2203)
r(388,3,3,2203)
w(383,5,0,2204)
r(388,0,0,2204)
r(389,0,0,2204)
w(389,1,0,2204)
r(388,0,0,2204)
r(388,0,0,2204)
r(388,0,0,2204)
r(389,1,1,2207)
r(389,1,1,2207)
w(388,5,1,2207)
r(388,5,1,2207)
w(388,6,4,2212)
r(388,6,4,2212)
r(388,6,4,2212)
w(388,7,4,2212)
w(388,8,4,2212)
r(389,1,2,2213)
r(388,5,2,2213)
w(389,3,2,2213)
r(388,5,2,2213)
w(389,4,2,2213)
w(392,1,15,2223)
w(383,8,15,2223)
w(391,4,15,2223)
r(391,4,15,2223)
r(392,1,15,2223)
w(391,5,15,2223)
w(392,4,0,2225)
r(391,5,0,2225)
r(391,5,0,2225)
w(392,5,0,2225)
w(393,1,0,2225)
r(392,5,0,2225)
r(391,5,0,2225)
w(392,6,0,2228)
w(392,7,0,2228)
r(391,5,0,2228)
r(392,7,0,2228)
r(392,7,0,2228)
w(390,4,0,2228)
w(393,2,0,2235)
r(392,7,0,2235)
w(393,3,0,2235)
r(395,0,0,2235)
w(395,1,0,2235)
r(393,3,0,2235)
w(395,2,0,2235)
r(394,0,9,2238)
r(390,4,9,2238)
r(395,2,9,2238)
w(394,4,9,2238)
r(395,2,0,2241)
r(394,4,0,2241)
w(394,7,0,2241)
w(394,8,0,2241)
r(393,3,0,2241)
r(394,8,0,2241)
r(394,8,0,2241)
w(396,1,0,2241)
w(396,2,3,2245)
r(396,2,3,2245)
w(395,6,3,2245)
w(396,3,3,2245)
r(396,3,3,2245)
w(395,7,3,2245)
w(396,4,3,2245)
w(390,6,3,2245)
w(396,6,4,2248)
w(396,7,4,2248)
w(393,5,4,2248)
w(396,8,4,2248)
r(396,8,4,2248)
r(396,8,4,2248)
w(397,1,4,2248)
r(397,0,9,2249)
r(395,7,9,2249)
r(393,3,9,2249)
r(395,7,9,2249)
r(397,0,9,2249)
r(397,0,9,2249)
r(395,7,9,2249)
r(397,1,16,2252)
r(397,1,16,2252)
w(397,2,16,2252)
r(397,2,16,2252)
w(393,6,16,2252)
r(397,2,16,2252)
w(397,3,16,2252)
r(398,0,16,2256)
w(397,4,16,2256)
w(393,8,16,2256)
w(397,5,16,2256)
w(397,6,16,2256)
r(398,0,16,2256)
r(397,6,3,2260)
w(398,1,3,2260)
w(398,2,3,2260)
r(397,6,3,2260)
r(397,6,1,2262)
w(390,7,1,2262)
r(398,2,1,2262)
w(399,1,1,2262)
r(399,1,1,2262)
r(398,2,1,2262)
w(399,4,9,2266)
w(399,5,9,2266)
w(390,8,9,2266)
w(398,3,9,2266)
r(398,3,9,2266)
r(399,5,9,2266)
w(399,6,9,2266)
w(400,3,15,2270)
r(398,3,15,2270)
r(399,6,15,2270)
w(398,5,15,2270)
r(400,3,15,2270)
r(398,5,7,2272)
w(399,7,7,2272)
r(398,5,7,2272)
r(399,7,7,2272)
r(402,0,7,2272)
w(398,6,7,2272)
r(399,7,7,2272)
w(399,8,7,2272)
w(402,1,9,2273)
w(403,1,9,2273)
r(400,3,9,2273)
r(398,6,9,2273)
r(402,1,4,2278)
w(403,2,4,2278)
w(403,3,4,2278)
w(403,4,4,2278)
r(402,1,4,2278)
r(400,3,4,2278)
w(401,2,2,2280)
w(404,1,2,2280)
w(404,2,2,2280)
r(398,6,2,2280)
r(404,2,3,2285)
w(404,4,3,2285)
w(400,4,3,2285)
r(402,1,3,2285)
r(400,4,3,2285)
r(402,1,4,2289)
w(398,7,4,2289)
w(404,8,4,2289)
w(402,3,4,2289)
w(405,1,9,2291)
r(398,7,9,2291)
w(405,2,9,2291)
r(405,2,9,2291)
r(405,2,9,2291)
r(398,7,8,2298)
w(405,3,8,2298)
w(398,8,8,2298)
w(400,8,8,2298)
r(405,3,8,2298)
r(405,3,8,2298)
w(406,1,2,2300)
w(406,2,2,2300)
r(400,8,2,2300)
w(406,3,2,2300)
w(406,4,2,2300)
w(407,1,2,2300)
r(406,4,2,2300)
r(402,3,2,2300)
r(406,4,7,2304)
w(407,2,7,2304)
r(408,0,7,2304)
r(407,2,7,2304)
w(408,1,7,2304)
r(406,4,16,2305)
r(402,3,16,2305)
r(408,1,16,2305)
w(407,3,16,2305)
r(407,3,4,2307)
r(407,3,4,2307)
r(406,4,4,2307)
w(402,4,4,2307)
w(407,4,4,2307)
r(407,4,4,2307)
w(407,5,0,2312)
w(407,6,0,2312)
w(408,2,0,2312)
w(407,7,0,2312)
w(408,3,0,2312)
w(408,4,0,2312)
r(406,4,4,2313)
w(406,6,4,2313)
r(407,7,4,2313)
r(406,6,4,2313)
w(408,7,4,2313)
r(407,7,4,2313)
w(406,7,16,2315)
r(407,7,16,2315)
r(407,7,16,2315)
r(407,7,16,2315)
r(407,7,16,2315)
r(408,7,16,2315)
r(409,0,16,2315)
w(409,1,3,2320)
r(406,7,3,2320)
w(409,2,3,2320)
w(409,3,3,2320)
w(411,2,15,2329)
w(410,3,15,2329)
w(411,3,15,2329)
r(402,4,15,2329)
w(411,4,15,2329)
w(410,4,15,2329)
r(412,0,7,2331)
w(412,4,7,2331)
w(412,5,7,2331)
r(412,5,7,2331)
r(412,5,7,2331)
w(413,1,7,2335)
w(412,6,7,2335)
w(413,2,7,2335)
r(413,2,7,2335)
w(412,7,7,2335)
w(414,1,2,2338)
r(414,1,2,2338)
w(414,2,2,2338)
r(413,2,2,2338)
w(413,3,2,2338)
r(410,4,3,2339)
r(414,0,3,2339)
r(414,0,3,2339)
w(410,6,3,2339)
r(410,6,3,2339)
r(410,6,3,2339)
r(401,2,3,2339)
w(410,7,15,2341)
r(413,3,15,2341)
r(414,2,15,2341)
w(410,8,15,2341)
w(414,3,15,2341)
r(414,3,7,2344)
r(410,8,7,2344)
w(414,4,7,2344)
w(414,5,7,2344)
r(410,8,7,2344)
w(413,4,7,2344)
r(414,5,7,2344)
r(414,5,7,2344)
w(415,1,1,2347)
r(414,5,1,2347)
r(413,4,1,2347)
r(415,1,1,2347)
r(401,2,1,2347)
r(416,0,3,2349)
r(415,1,3,2349)
r(415,1,3,2349)
r(416,0,3,2349)
w(413,6,3,2349)
r(415,1,3,2349)
r(416,0,3,2355)
r(416,0,3,2355)
r(415,1,3,2355)
w(402,8,3,2355)
r(416,0,1,2356)
r(416,0,1,2356)
r(416,0,1,2356)
w(413,7,1,2356)
r(415,1,1,2356)
r(416,0,4,2357)
w(416,3,4,2357)
w(416,4,4,2357)
w(415,3,4,2357)
r(416,4,4,2357)
r(416,4,4,2357)
r(416,4,4,2357)
r(416,4,4,2357)
w(415,5,3,2362)
w(417,1,3,2362)
r(415,5,3,2362)
r(415,5,3,2362)
r(415,5,1,2366)
w(418,2,1,2366)
r(417,1,1,2366)
w(417,2,1,2366)
r(418,2,1,2366)
w(415,7,1,2366)
r(417,2,1,2366)
r(418,2,0,2369)
r(418,2,0,2369)
r(418,2,0,2369)
r(418,2,0,2369)
w(415,8,0,2369)
r(420,0,15,2373)
w(417,4,15,2373)
r(420,0,15,2373)
w(417,5,15,2373)
r(418,2,15,2373)
r(418,2,15,2373)
r(418,2,15,2373)
r(421,0,0,2376)
r(421,0,0,2376)
r(420,0,0,2376)
w(421,2,0,2376)
r(421,2,0,2379)
r(421,2,0,2379)
r(419,0,0,2379)
w(420,2,0,2379)
w(421,3,3,2381)
r(421,3,3,2381)
r(401,2,3,2381)
w(420,3,3,2381)
r(421,3,3,2381)
w(421,4,3,2381)
r(420,3,4,2384)
w(421,5,4,2384)
r(421,5,4,2384)
w(421,6,4,2384)
w(421,7,4,2384)
r(421,7,4,2384)
w(420,4,4,2384)
r(421,7,15,2387)
r(420,4,15,2387)
w(421,8,15,2387)
r(420,4,15,2387)
r(420,4,15,2387)
r(422,0,15,2387)
w(420,5,2,2388)
w(420,6,2,2388)
r(421,7,2,2388)
r(421,7,2,2388)
r(421,7,2,2388)
r(421,7,2,2388)
r(420,6,2,2388)
r(421,7,2,2388)
r(422,0,0,2393)
r(422,0,0,2393)
w(422,5,0,2393)
w(420,8,0,2393)
r(420,8,0,2393)
r(420,8,0,2393)
w(422,6,0,2393)
w(424,2,1,2395)
r(424,2,1,2395)
w(423,2,1,2395)
w(417,6,1,2395)
r(424,2,1,2395)
r(423,2,1,2395)
w(424,3,16,2402)
r(424,3,16,2402)
w(417,7,16,2402)
r(424,3,16,2402)
w(424,4,16,2402)
w(423,3,16,2402)
r(419,0,0,2405)
w(426,2,0,2405)
w(423,7,0,2405)
r(419,0,0,2405)
r(426,2,0,2405)
w(426,3,2,2408)
w(419,6,2,2408)
r(419,6,2,2408)
r(426,3,2,2408)
r(426,3,2,2408)
r(426,3,2,2408)
r(401,2,2,2408)
r(426,3,2,2408)
w(425,1,4,2412)
w(425,2,4,2412)
r(426,2,4,2412)
r(426,2,4,2412)
w(423,8,4,2412)
r(426,2,4,2412)
r(423,8,4,2412)
r(426,3,8,2414)
r(426,3,8,2414)
r(426,3,8,2414)
w(426,4,8,2414)
r(423,7,8,2414)
r(426,4,8,2414)
w(427,1,8,2414)
r(427,1,8,2414)
w(425,3,7,2418)
r(427,0,7,2418)
r(426,3,7,2418)
w(419,7,7,2418)
r(426,3,7,2418)
r(426,3,7,2418)
r(426,3,7,2418)
w(427,5,15,2421)
w(426,6,15,2421)
r(427,5,15,2421)
r(426,6,15,2421)
r(426,6,15,2421)
r(427,5,15,2421)
w(426,7,15,2421)
w(426,8,0,2424)
r(426,8,0,2424)
r(426,8,0,2424)
w(427,8,0,2424)
r(427,8,0,2424)
w(425,8,2,2426)
r(426,7,2,2426)
w(401,5,2,2426)
w(428,1,2,2426)
r(426,7,2,2426)
r(428,1,2,2426)
r(429,0,2,2426)
r(429,0,2,2426)
r(425,3,15,2428)
w(429,1,15,2428)
w(429,2,15,2428)
r(429,2,15,2428)
r(419,7,15,2431)
r(429,2,15,2431)
w(428,2,15,2431)
r(428,2,15,2431)
r(429,2,15,2431)
r(419,7,15,2431)
r(429,2,8,2434)
r(430,0,8,2434)
r(429,2,8,2434)
w(428,3,8,2434)
w(431,1,8,2434)
r(431,1,8,2434)
r(429,2,7,2435)
r(430,0,7,2435)
r(430,0,7,2435)
r(429,2,7,2435)
r(431,0,7,2435)
r(429,2,7,2435)
w(429,4,7,2435)
r(428,3,9,2438)
w(429,5,9,2438)
w(428,4,9,2438)
w(429,6,9,2438)
w(429,7,9,2438)
r(428,4,4,2442)
w(431,2,4,2442)
r(429,7,4,2442)
w(428,5,4,2442)
w(431,3,4,2442)
r(432,0,1,2445)
r(430,0,1,2445)
w(431,4,1,2445)
r(432,0,1,2445)
w(401,7,16,2447)
r(432,0,16,2447)
r(432,0,16,2447)
w(432,4,16,2447)
r(431,4,16,2455)
w(432,6,16,2455)
w(432,7,16,2455)
r(432,7,16,2455)
w(433,1,16,2455)
w(431,5,3,2458)
w(434,2,3,2458)
w(401,8,3,2458)
w(431,6,3,2458)
r(433,1,9,2463)
w(434,8,9,2463)
r(434,8,9,2463)
r(434,8,9,2463)
r(434,8,0,2467)
r(434,8,0,2467)
w(435,1,0,2467)
r(435,1,0,2467)
r(401,8,0,2467)
r(435,1,0,2467)
r(435,1,0,2467)
w(433,4,0,2467)
w(435,3,7,2471)
r(435,3,7,2471)
r(435,3,7,2471)
r(430,0,7,2471)
r(430,0,7,2471)
r(435,3,7,2471)
r(430,0,1,2474)
w(433,8,1,2474)
r(435,3,1,2474)
r(431,6,1,2474)
r(435,3,1,2474)
r(435,3,1,2474)
r(433,8,1,2474)
w(431,7,1,2474)
r(435,3,4,2478)
w(430,2,4,2478)
w(430,3,4,2478)
w(435,4,4,2478)
r(430,3,4,2478)
w(435,5,4,2478)
w(435,6,4,2478)
r(431,6,4,2478)
w(436,1,15,2482)
w(436,2,15,2482)
w(436,3,15,2482)
w(436,4,15,2482)
w(436,5,15,2482)
w(431,8,15,2482)
r(436,5,15,2482)
r(437,0,8,2488)
w(430,6,8,2488)
r(437,0,8,2488)
w(437,2,8,2488)
r(430,6,8,2488)
w(437,3,8,2488)
r(440,0,8,2488)
r(437,3,8,2493)
r(437,3,8,2493)
r(430,6,8,2493)
r(440,0,8,2493)
r(437,3,8,2493)
r(440,0,8,2493)
w(437,5,8,2493)
r(430,6,4,2497)
w(440,8,4,2497)
r(440,8,4,2497)
w(441,1,4,2497)
w(442,1,16,2499)
r(437,5,16,2499)
r(441,0,16,2499)
r(442,1,16,2499)
r(437,5,2,2501)
r(442,1,2,2501)
r(441,1,2,2501)
r(441,1,2,2501)
w(442,4,7,2504)
w(441,2,7,2504)
w(442,5,7,2504)
w(442,6,7,2504)
r(439,0,7,2504)
w(441,3,7,2504)
r(441,3,7,2508)
r(437,5,7,2508)
w(437,7,7,2508)
w(437,8,7,2508)
w(439,2,7,2508)
r(442,6,7,2508)
w(442,7,3,2510)
r(442,7,3,2510)
w(441,5,3,2510)
r(442,7,3,2510)
r(439,0,3,2510)
r(443,0,3,2510)
w(443,1,3,2510)
r(442,7,3,2510)
w(443,2,2,2518)
w(444,2,2,2518)
w(439,4,2,2518)
w(439,5,2,2518)
r(444,2,2,2518)
w(444,3,2,2518)
w(444,4,2,2518)
w(439,6,1,2522)
r(443,2,1,2522)
r(445,0,1,2522)
r(445,0,1,2522)
r(445,0,1,2522)
w(443,7,1,2522)
r(445,0,8,2524)
r(443,2,8,2524)
w(438,2,8,2524)
r(441,5,8,2524)
w(445,1,8,2524)
r(445,1,8,2524)
r(445,1,8,2524)
r(443,7,1,2528)
w(441,8,1,2528)
r(439,6,1,2528)
r(439,6,1,2528)
w(446,1,1,2528)
w(445,4,2,2529)
r(445,4,2,2529)
r(445,4,2,2529)
r(445,4,2,2529)
r(446,0,2,2529)
w(445,5,2,2529)
r(445,5,15,2536)
r(438,2,15,2536)
r(445,5,15,2536)
w(445,6,15,2536)
w(439,7,15,2536)
w(445,7,15,2536)
w(445,8,15,2536)
r(443,7,15,2536)
r(447,0,3,2537)
r(447,0,3,2537)
r(448,0,3,2537)
r(448,0,3,2537)
w(443,8,0,2539)
w(446,2,0,2539)
w(447,1,0,2539)
w(447,2,0,2539)
w(447,3,0,2539)
r(447,3,0,2539)
w(447,4,0,2539)
w(448,3,9,2542)
w(447,7,9,2542)
w(447,8,9,2542)
r(448,3,9,2542)
r(447,8,9,2542)
r(447,8,9,2542)
r(446,2,9,2542)
r(447,4,15,2543)
r(447,4,15,2543)
r(448,3,15,2543)
r(450,0,15,2543)
r(452,0,9,2560)
w(452,1,9,2560)
w(453,1,9,2560)
r(453,1,9,2560)
r(452,1,9,2560)
r(452,1,9,2562)
r(446,2,9,2562)
r(446,2,9,2562)
w(453,2,9,2562)
r(446,2,9,2562)
r(453,2,9,2562)
w(453,3,9,2562)
r(453,3,9,2562)
r(450,0,7,2564)
w(449,1,7,2564)
r(448,3,7,2564)
w(448,4,7,2564)
r(453,3,9,2565)
r(438,2,9,2565)
w(453,4,9,2565)
w(446,5,9,2565)
w(452,2,9,2569)
w(452,3,9,2569)
r(446,5,9,2569)
w(453,5,9,2569)
r(452,3,9,2569)
r(453,5,9,2569)
r(451,0,1,2571)
r(449,1,1,2571)
w(451,5,1,2571)
w(451,6,1,2571)
r(446,5,16,2575)
r(453,5,16,2575)
r(453,5,16,2575)
r(446,5,16,2575)
r(454,0,9,2582)
r(454,0,9,2582)
r(454,0,9,2582)
r(454,0,9,2582)
w(446,7,7,2584)
w(446,8,7,2584)
w(453,6,7,2584)
r(453,6,7,2584)
w(453,7,7,2584)
r(446,8,7,2584)
w(453,8,7,2584)
w(454,1,16,2585)
w(438,3,16,2585)
w(454,2,16,2585)
w(454,3,16,2585)
r(454,3,16,2585)
r(454,3,16,2585)
w(449,5,16,2593)
w(455,3,16,2593)
r(456,0,16,2593)
w(456,1,16,2593)
r(456,1,16,2593)
r(452,3,2,2596)
r(456,1,2,2596)
r(455,3,2,2596)
w(456,2,2,2596)
w(456,3,2,2596)
r(456,3,2,2596)
r(456,3,2,2596)
r(451,6,4,2598)
r(451,6,4,2598)
w(451,7,4,2598)
r(449,0,4,2598)
w(451,8,4,2598)
r(456,1,16,2599)
r(455,3,16,2599)
r(456,1,16,2599)
r(456,1,16,2599)
w(449,6,16,2599)
r(456,3,8,2602)
r(456,3,8,2602)
w(458,1,8,2602)
w(457,1,8,2602)
w(449,7,8,2602)
r(458,1,8,2602)
r(458,1,8,2606)
r(458,1,8,2606)
r(458,1,8,2606)
r(458,1,8,2606)
w(458,3,8,2606)
w(457,3,2,2610)
r(458,3,2,2610)
w(458,7,2,2610)
w(458,8,2,2610)
w(449,8,9,2617)
r(455,3,9,2617)
w(457,6,9,2617)
r(457,6,9,2617)
r(457,6,9,2617)
r(455,3,1,2618)
r(459,0,1,2618)
r(459,0,1,2618)
w(459,6,1,2618)
r(457,3,1,2618)
w(459,7,1,2618)
r(459,0,4,2619)
w(455,4,4,2619)
r(438,3,4,2619)
r(449,7,4,2619)
r(457,3,4,2619)
r(455,4,4,2619)
r(459,0,4,2619)
r(461,0,3,2625)
r(461,0,3,2625)
r(461,0,3,2625)
r(460,0,3,2625)
w(461,2,3,2625)
w(461,3,3,2625)
r(460,0,3,2625)
r(455,4,3,2625)
r(463,0,0,2632)
w(455,6,0,2632)
r(463,0,0,2632)
w(463,1,0,2632)
r(460,0,0,2632)
w(463,2,0,2632)
r(463,2,0,2632)
r(462,0,4,2638)
r(460,0,4,2638)
r(460,0,4,2638)
r(460,0,4,2638)
r(460,0,4,2638)
w(460,4,15,2639)
r(463,2,15,2639)
w(460,5,15,2639)
w(463,4,15,2639)
r(463,4,15,2639)
w(455,7,15,2639)
w(460,6,15,2639)
w(460,7,15,2639)
w(463,5,3,2642)
r(463,5,3,2642)
r(460,7,3,2642)
r(460,7,3,2642)
r(463,5,7,2645)
r(463,5,7,2645)
r(438,3,7,2645)
r(460,7,7,2645)
r(463,5,7,2645)
r(464,0,7,2653)
w(462,4,7,2653)
r(465,0,7,2653)
r(464,0,7,2653)
r(465,0,7,2653)
r(467,0,8,2663)
r(467,0,8,2663)
r(467,0,8,2663)
r(466,0,8,2663)
r(467,0,8,2663)
r(467,0,8,2663)
r(462,4,8,2663)
r(467,0,2,2664)
r(467,0,2,2664)
r(466,0,2,2664)
w(467,5,2,2664)
r(466,0,2,2664)
w(464,4,2,2670)
r(464,4,2,2670)
r(467,5,2,2670)
r(466,0,2,2670)
w(438,4,2,2670)
w(464,5,2,2670)
r(468,0,15,2673)
w(464,7,15,2673)
w(468,3,15,2673)
r(468,3,15,2673)
r(468,3,9,2677)
r(466,0,9,2677)
r(469,0,9,2677)
w(462,6,9,2677)
w(468,6,3,2678)
w(468,7,3,2678)
r(466,0,3,2678)
w(468,8,3,2678)
r(466,0,3,2678)
w(464,8,4,2680)
r(469,0,4,2680)
w(466,8,4,2680)
w(470,1,4,2680)
r(462,4,4,2680)
w(469,1,4,2680)
r(464,8,3,2685)
r(464,8,3,2685)
w(469,3,3,2685)
w(469,4,3,2685)
w(469,5,3,2685)
r(469,5,15,2690)
r(469,5,15,2690)
w(471,1,15,2690)
r(462,6,15,2690)
w(471,2,15,2690)
w(471,3,15,2690)
r(471,0,3,2692)
r(470,1,3,2692)
w(472,1,3,2692)
w(462,7,3,2692)
r(472,1,3,2692)
w(472,2,3,2692)
r(464,8,3,2692)
r(470,1,3,2692)
r(472,2,8,2696)
w(470,3,8,2696)
r(473,0,8,2696)
r(472,2,8,2696)
w(472,4,9,2697)
r(472,4,9,2697)
r(470,3,9,2697)
r(472,4,9,2697)
r(472,4,9,2697)
r(470,3,3,2701)
w(470,4,3,2701)
r(472,4,3,2701)
r(472,4,3,2701)
w(470,5,3,2701)
r(472,4,3,2701)
w(472,5,3,2701)
r(472,5,7,2703)
r(462,7,7,2703)
w(473,3,7,2703)
w(472,8,7,2703)
r(472,8,4,2705)
w(473,4,4,2705)
w(473,5,4,2705)
r(473,5,4,2705)
r(470,5,4,2705)
w(470,8,2,2710)
w(474,1,2,2710)
w(475,1,2,2710)
r(474,1,2,2710)
r(475,1,2,2710)
w(474,2,2,2710)
w(475,2,2,2710)
r(474,2,2,2710)
w(474,6,0,2713)
w(475,5,0,2713)
r(438,4,0,2713)
w(475,6,0,2713)
r(438,4,0,2713)
r(462,7,2,2716)
r(474,6,2,2716)
r(474,6,2,2716)
r(474,6,2,2716)
r(462,7,16,2720)
w(476,3,16,2720)
r(476,3,16,2720)
r(462,7,16,2720)
r(473,5,16,2720)
r(476,3,16,2720)
r(475,6,16,2720)
w(476,6,2,2725)
r(473,5,2,2725)
w(476,7,2,2725)
w(476,8,2,2725)
r(477,0,7,2726)
r(477,0,7,2726)
r(477,0,7,2726)
w(477,2,7,2726)
r(475,6,7,2726)
w(477,3,7,2726)
r(475,6,8,2730)
r(477,3,8,2730)
r(477,3,8,2730)
w(478,1,8,2730)
r(477,3,8,2730)
w(477,4,16,2734)
r(477,4,16,2734)
w(477,5,16,2734)
w(477,6,16,2734)
r(478,1,16,2734)
r(477,6,16,2734)
w(477,7,16,2734)
r(477,7,16,2734)
w(473,6,0,2735)
r(477,3,0,2735)
r(479,0,0,2735)
r(477,3,0,2735)
r(477,3,0,2735)
w(478,3,0,2735)
r(478,3,4,2737)
r(478,3,4,2737)
r(479,0,4,2737)
w(473,7,4,2737)
w(478,4,4,2737)
r(478,4,4,2741)
w(480,1,4,2741)
w(480,2,4,2741)
r(480,2,4,2741)
r(480,2,0,2748)
w(478,5,0,2748)
w(481,1,0,2748)
w(481,2,0,2748)
r(480,2,8,2750)
r(480,2,8,2750)
w(480,7,8,2750)
w(480,8,8,2750)
w(478,7,1,2753)
w(482,1,1,2753)
r(478,7,1,2753)
r(478,7,1,2753)
w(479,2,1,2753)
r(480,8,7,2755)
r(480,8,7,2755)
w(483,1,7,2755)
r(483,1,7,2755)
w(483,2,7,2755)
r(484,0,7,2755)
w(484,1,1,2759)
w(479,4,1,2759)
r(484,1,1,2759)
r(484,1,1,2759)
w(484,2,1,2759)
r(482,1,1,2759)
w(483,3,1,2759)
r(484,2,1,2759)
r(481,2,0,2761)
r(483,2,0,2761)
w(481,4,0,2761)
r(483,2,0,2761)
w(484,3,15,2764)
r(483,3,15,2764)
r(483,3,15,2764)
w(484,4,15,2764)
w(483,6,15,2764)
r(482,1,15,2764)
r(483,6,15,2764)
r(484,4,15,2764)
r(481,4,8,2765)
r(483,3,8,2765)
r(482,1,8,2765)
r(484,2,8,2765)
w(482,2,8,2765)
w(479,5,1,2767)
r(484,4,1,2767)
w(484,5,1,2767)
r(483,6,1,2767)
r(484,5,1,2767)
r(484,5,1,2767)
r(482,2,1,2767)
w(483,7,16,2769)
r(483,7,16,2769)
r(484,5,16,2769)
r(481,4,16,2769)
r(484,5,3,2774)
w(479,6,3,2774)
r(483,7,3,2774)
w(483,8,3,2774)
w(484,6,3,2774)
w(479,7,3,2774)
w(484,7,3,2774)
r(479,7,3,2774)
r(483,7,1,2775)
r(485,0,1,2775)
w(485,1,1,2775)
r(482,2,1,2775)
w(485,2,1,2775)
r(481,4,1,2775)
w(485,3,16,2777)
w(485,4,16,2777)
r(481,4,16,2777)
w(482,3,16,2777)
w(486,1,2,2780)
r(485,4,2,2780)
w(487,1,2,2780)
w(487,2,2,2780)
w(487,3,8,2783)
w(485,6,8,2783)
r(485,6,8,2783)
w(486,3,8,2783)
r(485,6,8,2783)
w(487,4,7,2788)
r(486,3,7,2788)
r(487,4,7,2788)
r(485,6,7,2788)
w(487,5,7,2788)
w(485,7,7,2788)
r(485,7,7,2788)
r(486,3,7,2788)
w(488,3,3,2791)
w(481,7,3,2791)
r(488,3,3,2791)
r(488,3,3,2791)
r(487,5,3,2791)
r(488,3,3,2791)
r(487,5,3,2791)
w(481,8,9,2794)
r(488,3,9,2794)
r(488,3,9,2794)
r(486,3,9,2794)
w(486,4,9,2794)
w(488,4,9,2794)
w(488,8,7,2799)
r(489,0,7,2799)
r(490,0,7,2799)
w(486,5,7,2799)
r(490,0,7,2799)
r(489,0,7,2799)
w(486,6,7,2799)
r(490,0,7,2799)
w(489,3,0,2801)
w(490,1,0,2801)
w(489,4,0,2801)
w(490,2,0,2801)
r(490,2,0,2801)
r(490,2,0,2801)
r(481,8,0,2801)
w(490,6,7,2804)
r(490,6,7,2804)
r(490,6,7,2804)
w(490,7,7,2804)
r(486,6,7,2804)
w(490,8,7,2804)
w(491,2,8,2806)
w(486,7,8,2806)
r(482,3,8,2806)
r(492,0,8,2806)
w(492,1,8,2806)
r(492,1,8,2806)
r(491,0,4,2807)
r(492,0,4,2807)
r(489,4,4,2807)
r(482,3,4,2807)
w(489,5,4,2807)
r(491,0,4,2807)
r(492,1,0,2809)
w(489,6,0,2809)
r(489,6,0,2809)
w(489,7,0,2809)
r(489,7,0,2809)
w(492,5,8,2816)
r(492,5,8,2816)
w(492,6,8,2816)
w(492,7,8,2816)
r(492,7,8,2816)
w(494,1,2,2817)
w(494,2,2,2817)
r(494,2,2,2817)
r(494,2,2,2817)
w(493,1,2,2817)
r(493,1,0,2821)
r(494,2,0,2821)
w(493,2,0,2821)
r(494,2,0,2821)
r(493,2,0,2821)
w(493,3,0,2821)
w(493,4,0,2821)
w(494,4,2,2825)
w(494,5,2,2825)
w(493,7,2,2825)
w(494,6,2,2825)
r(493,7,2,2825)
r(494,6,16,2827)
r(494,6,16,2827)
r(494,6,16,2827)
r(494,6,16,2827)
r(496,0,8,2830)
w(493,8,8,2830)
w(496,1,8,2830)
r(496,1,8,2830)
w(496,2,8,2830)
r(493,8,8,2830)
w(496,4,3,2834)
w(496,5,3,2834)
r(497,0,3,2834)
r(491,2,3,2834)
r(496,5,3,2834)
w(496,6,3,2834)
r(498,0,3,2837)
w(497,1,3,2837)
r(497,1,3,2837)
w(498,1,3,2837)
w(497,2,3,2837)
r(497,2,15,2839)
w(498,2,15,2839)
r(498,2,15,2839)
r(498,2,15,2839)
r(498,2,15,2839)
w(498,3,15,2839)
r(497,2,15,2839)
w(495,2,8,2842)
r(498,3,8,2842)
w(497,3,8,2842)
w(491,7,8,2842)
r(497,3,8,2842)
r(491,7,3,2845)
w(482,5,3,2845)
w(498,4,3,2845)
w(497,4,3,2845)
w(498,6,15,2848)
w(498,7,15,2848)
r(498,7,15,2848)
w(498,8,15,2848)
r(498,4,2,2849)
w(497,6,2,2849)
r(498,4,2,2849)
w(499,1,2,2849)
r(495,2,9,2861)
w(482,7,9,2861)
w(495,5,9,2861)
r(501,0,9,2861)
w(499,2,9,2861)
w(501,8,9,2861)
r(499,2,9,2861)
w(499,3,9,2861)
w(502,1,1,2862)
r(500,0,1,2862)
w(502,2,1,2862)
w(502,3,1,2862)
r(500,0,1,2862)
r(502,3,1,2862)
w(499,4,15,2867)
r(500,0,15,2867)
r(502,3,15,2867)
w(502,6,15,2867)
w(502,7,15,2867)
w(503,1,15,2869)
r(503,1,15,2869)
r(499,4,15,2869)
r(500,0,15,2869)
r(503,1,15,2869)
w(499,5,15,2869)
w(500,8,7,2873)
w(503,2,7,2873)
r(503,2,7,2873)
r(499,5,7,2873)
r(499,5,7,2873)
w(503,3,7,2873)
w(504,1,3,2875)
r(504,1,3,2875)
r(503,3,3,2875)
r(504,1,3,2875)
w(503,7,3,2875)
r(503,7,4,2878)
r(505,0,4,2878)
w(504,2,4,2878)
r(503,7,4,2878)
w(503,8,4,2878)
r(495,5,4,2878)
r(504,2,0,2884)
r(504,2,0,2884)
w(506,1,0,2884)
w(506,2,0,2884)
w(507,1,4,2888)
r(499,5,4,2888)
r(495,5,4,2888)
r(507,1,4,2888)
r(507,1,4,2888)
w(504,5,2,2889)
w(506,5,2,2889)
w(506,6,2,2889)
w(506,7,2,2889)
r(506,7,2,2889)
w(495,6,2,2889)
r(506,7,2,2889)
w(506,8,2,2889)
r(507,1,15,2897)
r(507,1,15,2897)
w(508,2,15,2897)
w(508,3,15,2897)
w(507,8,15,2897)
r(499,5,9,2898)
r(507,1,9,2898)
w(505,1,9,2898)
w(495,8,9,2898)
w(509,2,9,2904)
w(509,3,9,2904)
w(509,4,9,2904)
w(508,6,9,2904)
w(509,5,9,2904)
w(510,1,9,2904)
w(511,2,4,2917)
r(511,2,4,2917)
r(511,2,4,2917)
r(499,5,4,2917)
w(510,4,4,2917)
r(511,2,4,2917)
w(511,3,4,2917)
w(511,4,4,2917)
r(499,5,7,2919)
w(513,1,7,2919)
r(513,1,7,2919)
r(513,1,7,2919)
r(513,1,7,2919)
w(512,3,7,2919)
r(514,0,7,2919)
r(510,4,0,2923)
r(514,0,0,2923)
w(513,3,0,2923)
r(512,3,0,2923)
w(512,4,0,2923)
w(513,4,0,2923)
w(513,5,0,2923)
r(513,5,1,2925)
w(513,8,1,2925)
r(513,8,1,2925)
r(513,8,1,2925)
r(513,8,1,2925)
r(514,0,9,2927)
w(512,6,9,2927)
r(514,0,9,2927)
r(513,8,9,2927)
r(512,6,9,2927)
r(510,4,16,2930)
r(514,0,16,2930)
r(510,4,16,2930)
r(512,6,16,2930)
w(515,3,16,2930)
w(515,4,16,2930)
w(515,5,3,2933)
r(515,5,3,2933)
w(514,2,3,2933)
w(512,8,3,2933)
w(515,6,0,2937)
w(515,7,0,2937)
w(515,8,0,2937)
r(510,4,0,2937)
r(516,0,0,2937)
r(516,0,0,2937)
r(512,8,16,2941)
r(516,0,16,2941)
w(514,3,16,2941)
w(516,1,16,2941)
w(517,1,16,2941)
r(517,1,16,2941)
w(510,7,0,2947)
r(517,1,0,2947)
r(517,1,0,2947)
r(518,0,0,2947)
w(517,2,0,2947)
w(514,6,0,2947)
r(518,0,0,2947)
r(514,6,0,2947)
r(518,0,7,2950)
w(518,1,7,2950)
w(518,2,7,2950)
w(518,3,7,2950)
w(517,5,9,2952)
r(510,7,9,2952)
r(514,6,9,2952)
r(510,7,9,2952)
r(519,0,7,2958)
r(510,7,7,2958)
r(510,7,7,2958)
r(519,0,7,2958)
r(520,0,7,2958)
w(505,3,4,2960)
w(514,7,4,2960)
w(517,6,4,2960)
w(510,8,4,2960)
w(517,7,4,2960)
w(518,4,4,2960)
r(514,7,4,2960)
w(517,8,4,2960)
r(505,3,3,2964)
r(520,0,3,2964)
r(520,0,3,2964)
w(520,4,3,2964)
w(520,5,3,2964)
r(520,5,3,2964)
w(520,6,3,2964)
w(519,3,2,2969)
w(521,1,2,2969)
r(519,3,2,2969)
r(521,1,2,2969)
w(519,4,2,2969)
r(522,0,2,2969)
r(522,0,2,2969)
w(519,5,2,2969)
r(521,1,4,2975)
r(519,5,4,2975)
w(522,4,4,2975)
w(522,5,4,2975)
w(521,3,4,2975)
r(521,3,4,2975)
r(522,5,4,2975)
w(519,7,9,2978)
r(522,5,9,2978)
r(519,7,9,2978)
r(522,5,9,2978)
w(521,4,9,2978)
w(519,8,9,2978)
w(522,8,15,2980)
w(523,1,15,2980)
r(524,0,15,2980)
r(521,4,15,2980)
r(524,0,2,2981)
w(524,1,2,2981)
r(519,8,2,2981)
w(521,5,2,2981)
r(524,1,2,2981)
r(521,5,8,2983)
w(523,2,8,2983)
w(524,2,8,2983)
r(524,2,8,2983)
r(524,2,8,2983)
r(519,8,7,2985)
r(519,8,7,2985)
w(524,3,7,2985)
w(524,4,7,2985)
r(519,8,3,2987)
r(519,8,3,2987)
w(524,5,3,2987)
r(524,5,3,2987)
w(524,6,16,2991)
r(519,8,16,2991)
w(524,7,16,2991)
w(521,6,16,2991)
w(524,8,16,2991)
r(523,2,16,2991)
r(525,0,16,2991)
w(526,1,4,2995)
r(526,1,4,2995)
w(525,1,4,2995)
r(523,2,4,2995)
r(525,1,4,2995)
w(525,2,4,2995)
r(525,2,4,2995)
w(526,2,4,2995)
w(526,5,8,3003)
w(505,5,8,3003)
w(525,6,8,3003)
w(525,7,8,3003)
r(527,0,8,3003)
w(525,8,8,3003)
w(527,1,8,3003)
r(525,8,8,3003)
r(525,8,16,3007)
w(528,1,16,3007)
r(528,1,16,3007)
w(526,8,16,3007)
w(523,6,16,3007)
r(526,8,2,3010)
r(526,8,2,3010)
r(526,8,2,3010)
r(528,1,2,3010)
r(529,0,7,3011)
w(529,1,7,3011)
r(528,1,7,3011)
r(527,1,7,3011)
r(529,1,7,3011)
r(529,1,7,3011)
r(528,1,7,3011)
r(529,1,7,3011)
r(528,1,16,3013)
w(528,6,16,3013)
w(529,2,16,3013)
w(528,7,16,3013)
r(528,7,16,3013)
w(529,3,16,3013)
w(527,3,16,3016)
w(528,8,16,3016)
r(528,8,16,3016)
w(505,6,16,3016)
r(528,8,16,3016)
w(529,4,16,3016)
r(529,4,16,3016)
r(529,3,15,3018)
r(530,0,15,3018)
r(505,5,15,3018)
r(530,0,15,3018)
w(523,7,15,3018)
r(530,0,2,3019)
r(529,4,2,3019)
w(529,5,2,3019)
w(530,1,2,3019)
r(527,3,16,3022)
r(523,7,16,3022)
r(527,3,16,3022)
w(529,6,16,3022)
r(529,6,16,3022)
w(530,2,7,3024)
r(527,3,7,3024)
r(527,3,7,3024)
r(530,2,7,3024)
w(530,3,7,3024)
w(527,4,7,3024)
w(530,4,7,3024)
w(529,7,3,3026)
r(530,4,3,3026)
w(529,8,3,3026)
r(530,4,3,3026)
w(523,8,3,3026)
r(529,8,3,3026)
r(529,6,8,3029)
r(530,4,8,3029)
r(527,4,8,3029)
w(530,5,8,3029)
w(530,6,8,3029)
r(531,0,8,3029)
r(530,6,8,3029)
r(533,0,15,3032)
r(533,0,15,3032)
w(531,1,15,3032)
w(532,2,15,3032)
r(532,2,15,3032)
w(532,4,16,3035)
r(505,6,16,3035)
r(533,0,16,3035)
r(533,0,16,3035)
w(533,2,0,3037)
w(533,3,0,3037)
r(533,3,0,3037)
w(532,5,0,3037)
r(527,4,0,3039)
w(533,4,0,3039)
r(505,6,0,3039)
w(505,7,0,3039)
r(527,4,0,3039)
w(533,5,0,3039)
r(531,1,2,3041)
r(533,5,2,3041)
r(532,5,2,3041)
r(532,5,2,3041)
w(532,7,9,3049)
r(535,0,9,3049)
r(535,0,9,3049)
r(532,7,9,3049)
w(535,1,7,3052)
w(535,2,7,3052)
w(535,3,7,3052)
r(535,3,7,3052)
r(534,0,7,3052)
w(535,4,7,3052)
r(532,5,7,3052)
w(535,5,7,3052)
r(536,0,15,3054)
r(536,0,15,3054)
w(534,3,15,3054)
w(534,4,15,3054)
w(536,1,15,3054)
r(537,0,15,3054)
w(534,5,3,3062)
w(536,4,3,3062)
w(534,6,3,3062)
r(536,4,3,3062)
w(537,5,3,3062)
r(536,4,3,3065)
r(537,5,3,3065)
w(537,7,3,3065)
w(537,8,3,3065)
r(537,8,3,3065)
r(536,4,3,3065)
r(536,4,7,3067)
w(539,1,7,3067)
r(536,4,7,3067)
r(536,4,7,3067)
w(539,2,7,3067)
r(536,4,7,3067)
r(531,1,7,3067)
r(539,2,0,3070)
w(539,3,0,3070)
r(539,3,0,3070)
r(531,1,0,3070)
w(536,8,0,3070)
r(539,3,0,3070)
r(539,3,15,3074)
w(539,6,15,3074)
r(539,6,15,3074)
r(539,6,15,3074)
r(539,6,15,3074)
r(539,6,15,3074)
r(540,0,15,3074)
w(540,1,15,3074)
r(539,6,1,3077)
r(539,6,1,3077)
r(534,6,1,3077)
r(539,6,1,3077)
w(539,7,1,3077)
w(540,3,1,3077)
r(539,7,1,3077)
w(539,8,1,3077)
w(540,4,7,3081)
r(531,1,7,3081)
w(540,5,7,3081)
w(534,8,7,3081)
w(541,1,7,3081)
r(541,1,3,3083)
r(541,1,3,3083)
r(541,1,3,3083)
w(541,3,3,3083)
r(538,0,3,3083)
r(542,0,3,3083)
r(541,3,3,3083)
r(541,3,0,3087)
r(531,1,0,3087)
w(541,4,0,3087)
r(541,4,0,3087)
w(542,1,0,3087)
r(541,4,0,3087)
w(541,5,0,3087)
r(538,0,15,3090)
r(541,5,15,3090)
r(541,5,15,3090)
w(541,7,15,3090)
r(541,7,15,3090)
r(540,5,15,3090)
r(542,1,15,3090)
r(541,7,15,3090)
w(545,5,2,3108)
w(545,6,2,3108)
w(538,2,2,3108)
w(545,7,2,3108)
w(545,8,2,3108)
r(546,0,2,3108)
w(546,2,2,3113)
r(547,0,2,3113)
r(547,0,2,3113)
w(546,3,2,3113)
r(547,0,2,3113)
w(547,1,2,3113)
r(547,1,2,3113)
w(548,1,8,3123)
r(548,1,8,3123)
w(546,7,8,3123)
r(549,0,8,3123)
r(549,0,8,3123)
w(546,8,8,3123)
r(549,0,8,3127)
r(549,0,8,3127)
r(550,0,8,3127)
r(531,1,8,3127)
w(550,1,8,3127)
r(545,8,9,3130)
r(544,0,9,3130)
r(545,8,9,3130)
w(542,7,9,3130)
w(545,1,9,3130)
r(545,1,9,3130)
r(544,0,9,3130)
r(538,2,9,3130)
r(549,0,4,3133)
r(549,0,4,3133)
r(548,1,4,3133)
w(550,3,4,3133)
r(531,1,4,3133)
r(550,3,4,3133)
w(549,3,4,3133)
r(549,0,3,3134)
r(549,0,3,3134)
r(549,0,3,3134)
r(549,0,3,3134)
w(548,4,3,3134)
w(550,4,8,3139)
w(538,3,8,3139)
r(550,4,8,3139)
w(549,4,8,3139)
w(550,5,8,3139)
w(550,6,8,3139)
r(531,1,8,3139)
w(550,7,8,3139)
w(548,6,9,3143)
w(549,7,9,3143)
r(549,7,9,3143)
w(549,8,9,3143)
r(552,0,9,3143)
w(551,1,8,3144)
w(552,1,8,3144)
w(552,2,8,3144)
w(551,2,8,3144)
r(552,2,8,3144)
r(545,0,1,3145)
r(545,0,1,3145)
r(545,0,1,3145)
r(545,0,1,3145)
r(545,0,1,3145)
r(545,0,1,3145)
r(542,7,1,3145)
r(552,2,4,3148)
w(552,6,4,3148)
r(548,6,4,3148)
w(552,7,4,3148)
r(551,2,4,3148)
r(551,2,4,3148)
w(551,4,4,3151)
r(552,7,4,3151)
r(552,7,4,3151)
r(538,3,4,3151)
r(551,2,8,3153)
w(548,7,8,3153)
w(531,7,8,3153)
r(552,7,8,3153)
r(531,7,8,3153)
w(543,6,16,3154)
r(543,6,16,3154)
r(543,6,16,3154)
r(543,6,16,3154)
w(543,7,16,3154)
r(538,0,16,3154)
w(548,8,2,3158)
w(552,8,2,3158)
w(551,5,2,3158)
r(552,8,2,3158)
r(552,8,2,3158)
r(548,8,2,3158)
w(553,1,2,3158)
r(548,8,9,3161)
r(553,1,9,3161)
r(551,5,9,3161)
r(538,3,9,3161)
r(553,1,9,3161)
r(553,1,4,3164)
w(553,5,4,3164)
r(531,7,4,3164)
w(553,6,4,3164)
r(556,0,15,3171)
r(556,0,15,3171)
r(555,0,15,3171)
r(531,7,15,3171)
w(556,2,15,3171)
r(555,0,15,3171)
r(555,0,15,3171)
r(556,2,9,3173)
r(555,0,9,3173)
w(556,3,9,3173)
r(556,3,9,3173)
r(556,3,9,3173)
w(556,4,8,3176)
w(531,8,8,3176)
w(554,1,8,3176)
w(554,2,8,3176)
r(555,0,8,3176)
r(556,4,8,3176)
w(554,3,8,3176)
r(555,0,2,3177)
r(555,0,2,3177)
r(556,3,2,3177)
r(555,0,2,3177)
r(555,0,3,3184)
w(555,5,3,3184)
w(555,6,3,3184)
w(554,4,3,3184)
w(556,5,3,3184)
r(555,6,3,3184)
w(555,7,3,3184)
w(557,2,0,3187)
r(556,4,0,3187)
r(558,0,0,3187)
w(538,4,0,3187)
r(557,2,0,3187)
r(554,3,0,3187)
r(557,2,0,3187)
r(556,5,8,3188)
r(557,0,8,3188)
r(554,4,8,3188)
w(554,7,8,3188)
r(554,7,3,3191)
r(556,5,3,3191)
r(557,2,3,3191)
r(557,2,3,3191)
r(556,5,3,3191)
r(557,2,4,3194)
w(557,4,4,3194)
w(557,5,4,3194)
r(557,5,4,3194)
w(557,6,4,3194)
r(538,4,4,3194)
w(556,8,4,3194)
w(554,8,16,3198)
r(559,0,16,3198)
w(560,1,16,3198)
r(554,8,16,3198)
w(559,1,16,3198)
r(560,1,16,3198)
r(560,1,16,3198)
w(559,2,16,3198)
w(559,4,0,3204)
w(560,3,0,3204)
w(560,4,0,3204)
r(559,4,0,3204)
w(561,1,0,3204)
w(559,5,0,3204)
r(561,1,0,3204)
r(560,4,3,3207)
w(559,8,3,3207)
r(560,4,3,3207)
r(561,1,3,3207)
r(560,4,3,3207)
r(562,0,3,3210)
w(561,3,3,3210)
r(560,4,3,3210)
w(560,6,3,3210)
r(562,0,3,3210)
w(562,1,3,3210)
w(562,2,3,3210)
r(562,2,4,3212)
r(562,2,4,3212)
r(561,3,4,3212)
w(538,5,4,3212)
w(562,3,7,3213)
w(560,7,7,3213)
r(562,3,7,3213)
r(562,3,7,3213)
w(561,4,7,3213)
w(560,8,9,3217)
w(538,6,9,3217)
w(562,4,9,3217)
r(563,0,9,3217)
w(563,1,9,3217)
r(563,1,9,3217)
r(563,1,9,3217)
r(562,4,7,3223)
w(563,5,7,3223)
r(563,5,7,3223)
w(563,6,7,3223)
r(538,6,2,3228)
r(563,6,2,3228)
r(563,6,2,3228)
r(563,6,2,3228)
w(564,1,2,3228)
r(564,1,2,3228)
r(564,1,8,3231)
r(564,1,8,3231)
w(564,3,8,3231)
w(561,7,8,3231)
r(562,4,7,3234)
r(564,3,7,3234)
w(561,8,7,3234)
r(562,4,7,3234)
w(564,4,7,3234)
w(562,8,1,3240)
r(564,4,1,3240)
w(558,2,1,3240)
w(564,5,1,3240)
w(564,6,1,3240)
r(562,8,1,3240)
r(561,8,1,3240)
r(565,0,7,3241)
r(564,4,7,3241)
w(565,3,7,3241)
w(565,4,7,3241)
r(565,4,8,3243)
r(565,4,8,3243)
r(564,6,8,3243)
r(565,4,8,3243)
r(564,6,8,3243)
w(564,8,8,3243)
r(564,8,8,3243)
w(567,1,8,3243)
w(567,2,1,3247)
w(567,3,1,3247)
w(566,1,1,3247)
r(567,3,1,3247)
w(567,5,9,3249)
r(558,2,9,3249)
w(538,7,9,3249)
r(567,5,9,3249)
w(567,6,16,3253)
w(567,7,16,3253)
w(567,8,16,3253)
w(568,1,16,3253)
w(568,2,16,3253)
r(568,2,16,3253)
w(566,4,16,3253)
r(568,2,1,3255)
w(566,5,1,3255)
r(538,7,1,3255)
r(565,4,1,3255)
r(565,4,1,3255)
w(568,4,3,3260)
w(565,6,3,3260)
w(538,8,3,3260)
w(565,7,3,3260)
w(568,8,4,3261)
r(565,7,4,3261)
r(568,8,4,3261)
r(568,8,4,3261)
r(568,8,1,3264)
w(566,6,1,3264)
r(565,7,1,3264)
w(566,7,1,3264)
w(569,1,1,3264)
w(569,2,1,3264)
r(569,2,1,3264)
r(570,0,1,3264)
w(570,2,1,3272)
w(569,3,1,3272)
w(570,3,1,3272)
w(570,4,1,3272)
r(570,4,1,3272)
w(570,5,1,3272)
r(558,2,1,3275)
r(570,5,1,3275)
r(538,8,1,3275)
w(570,8,1,3275)
w(572,1,4,3277)
r(569,3,4,3277)
w(572,2,4,3277)
r(569,3,4,3277)
r(569,3,16,3280)
r(558,2,16,3280)
r(572,2,16,3280)
r(572,2,16,3280)
r(569,3,8,3282)
w(558,7,8,3282)
r(572,2,8,3282)
r(572,2,8,3282)
w(558,8,8,3282)
w(572,3,8,3282)
r(571,0,2,3285)
w(573,1,2,3285)
r(571,0,2,3285)
w(571,1,2,3285)
r(572,3,2,3285)
w(573,2,9,3288)
w(572,7,9,3288)
w(572,8,9,3288)
r(558,8,9,3288)
r(573,1,3,3291)
r(572,3,3,3291)
r(571,1,3,3291)
w(571,2,3,3291)
r(573,1,3,3291)
r(572,3,3,3291)
w(571,3,3,3291)
r(574,0,9,3294)
r(574,0,9,3294)
r(573,2,9,3294)
r(538,8,9,3294)
w(573,4,9,3294)
w(574,4,9,3294)
r(574,4,3,3297)
w(571,5,3,3297)
w(574,7,3,3297)
r(574,7,3,3297)
r(574,7,3,3297)
w(573,5,3,3297)
r(573,5,3,3297)
r(575,0,3,3301)
r(575,0,3,3301)
r(575,0,3,3301)
w(575,1,3,3301)
r(576,0,3,3301)
w(576,1,8,3306)
w(576,2,8,3306)
w(575,2,8,3306)
w(577,1,8,3306)
w(576,3,8,3306)
r(575,2,0,3312)
r(576,3,0,3312)
w(576,5,0,3312)
r(575,2,0,3312)
w(577,2,0,3312)
r(576,5,0,3312)
w(575,6,0,3312)
r(576,5,9,3316)
r(577,2,9,3316)
r(579,0,9,3316)
w(579,2,9,3316)
r(578,0,9,3316)
w(581,1,15,3323)
w(580,2,15,3323)
r(581,1,15,3323)
w(581,2,15,3323)
r(581,2,15,3323)
r(580,2,16,3329)
r(577,2,16,3329)
r(581,2,16,3329)
r(580,2,16,3329)
r(581,2,16,3329)
w(577,4,16,3329)
w(581,7,7,3332)
r(580,2,7,3332)
r(581,7,7,3332)
r(581,7,7,3332)
w(577,5,7,3332)
r(581,2,1,3333)
r(581,2,1,3333)
r(581,2,1,3333)
r(577,4,1,3333)
w(578,1,1,3333)
r(581,2,1,3333)
w(581,8,16,3338)
w(580,4,16,3338)
w(583,1,16,3338)
w(577,6,16,3338)
w(578,2,16,3338)
w(577,7,16,3338)
r(583,1,9,3341)
w(580,8,9,3341)
w(583,4,9,3341)
r(583,4,9,3341)
r(583,4,4,3343)
w(585,1,4,3343)
r(583,4,4,3343)
r(584,0,4,3343)
r(585,1,4,3343)
r(583,4,4,3343)
r(584,0,4,3343)
w(583,5,0,3352)
r(583,5,0,3352)
r(585,1,0,3352)
r(578,2,0,3352)
r(584,0,0,3352)
w(584,1,0,3352)
w(587,3,1,3362)
w(587,4,1,3362)
r(584,1,1,3362)
r(585,1,1,3362)
r(585,1,1,3362)
r(585,1,1,3362)
w(587,5,1,3362)
w(587,6,1,3362)
r(584,1,0,3364)
r(589,0,0,3364)
r(589,0,0,3364)
r(588,0,0,3364)
r(588,0,0,3364)
r(588,0,0,3364)
r(588,0,7,3366)
w(578,4,7,3366)
w(578,5,7,3366)
r(584,1,7,3366)
r(588,0,7,3366)
r(588,0,2,3368)
r(584,1,2,3368)
r(588,0,2,3368)
w(588,1,2,3368)
r(588,1,2,3368)
r(588,1,2,3368)
r(584,1,2,3368)
w(588,2,2,3368)
w(578,6,1,3373)
r(584,1,1,3373)
r(584,1,1,3373)
r(588,2,1,3373)
r(578,5,3,3375)
r(584,1,3,3375)
w(589,2,3,3375)
w(582,3,3,3375)
r(589,2,3,3375)
r(588,2,3,3375)
r(588,2,3,3375)
r(589,2,0,3378)
r(589,2,0,3378)
w(589,3,0,3378)
r(582,3,0,3378)
r(582,3,3,3383)
w(588,7,3,3383)
r(589,3,3,3383)
r(589,3,3,3383)
w(584,8,3,3386)
w(589,5,3,3386)
w(591,1,3,3386)
r(589,5,3,3386)
r(589,5,3,3386)
r(591,1,7,3396)
w(592,3,7,3396)
w(591,2,7,3396)
w(589,7,7,3396)
r(590,0,7,3396)
w(591,3,7,3396)
w(589,8,7,3396)
r(589,8,7,3396)
w(593,4,8,3401)
w(594,1,8,3401)
r(593,4,8,3401)
r(594,1,8,3401)
w(594,2,8,3401)
r(594,2,8,3401)
w(594,4,8,3403)
r(594,4,8,3403)
r(590,0,8,3403)
w(594,5,8,3403)
r(594,5,8,3403)
r(594,5,8,3403)
w(593,6,8,3403)
w(594,6,3,3406)
w(594,7,3,3406)
w(593,7,3,3406)
w(593,8,3,3406)
r(592,3,8,3410)
w(596,1,8,3410)
w(596,2,8,3410)
r(582,3,8,3410)
w(595,1,8,3410)
r(595,1,8,3410)
w(596,3,8,3410)
r(596,3,3,3413)
w(592,5,3,3413)
w(596,5,3,3413)
r(582,3,3,3413)
r(592,5,8,3416)
w(596,6,8,3416)
r(592,5,8,3416)
r(596,6,8,3416)
w(596,7,8,3416)
r(596,7,8,3416)
r(592,5,8,3416)
w(596,8,8,3416)
r(596,5,16,3417)
r(595,1,16,3417)
r(597,0,16,3417)
r(592,5,16,3417)
w(592,6,16,3417)
w(595,2,16,3417)
w(597,1,16,3417)
w(597,2,3,3419)
r(597,2,3,3419)
w(582,6,3,3419)
r(597,2,3,3419)
r(595,2,3,3419)
w(592,7,3,3419)
r(597,2,3,3419)
w(590,1,3,3421)
w(592,8,3,3421)
r(592,8,3,3421)
w(595,3,3,3421)
r(597,2,3,3421)
r(592,8,3,3421)
w(597,3,3,3421)
r(590,1,3,3421)
w(595,4,2,3426)
w(597,4,2,3426)
r(595,4,2,3426)
r(597,4,2,3426)
r(597,4,2,3426)
r(595,4,2,3426)
r(595,4,2,3426)
r(597,4,3,3429)
w(597,8,3,3429)
r(597,8,3,3429)
r(595,4,3,3429)
r(595,4,3,3429)
r(599,0,3,3429)
w(599,1,3,3429)
w(599,3,2,3435)
w(590,3,2,3435)
r(599,3,2,3435)
r(595,4,2,3435)
r(599,3,2,3435)
w(595,8,0,3439)
r(599,3,0,3439)
r(598,0,0,3439)
w(599,6,0,3439)
r(599,6,0,3439)
r(600,0,3,3441)
w(600,3,3,3441)
r(599,3,3,3441)
r(590,3,3,3441)
w(598,4,1,3448)
w(598,5,1,3448)
r(599,6,1,3448)
w(599,7,1,3448)
w(600,4,1,3448)
w(599,8,1,3448)
r(601,0,15,3451)
r(601,0,15,3451)
r(601,0,15,3451)
w(601,4,15,3451)
r(601,4,15,3451)
r(600,3,15,3451)
w(590,4,15,3451)
r(600,3,15,3451)
w(598,7,7,3456)
r(602,0,7,3456)
r(602,0,7,3456)
r(602,0,7,3456)
w(602,1,15,3458)
r(602,1,15,3458)
w(602,2,15,3458)
r(602,2,15,3458)
r(590,4,15,3458)
r(600,4,15,3458)
r(590,4,15,3458)
w(602,3,15,3458)
w(600,8,3,3461)
w(598,8,3,3461)
r(602,3,3,3461)
r(600,8,3,3461)
w(602,8,3,3461)
r(598,8,3,3461)
w(604,1,3,3461)
r(604,1,8,3464)
r(603,0,8,3464)
w(582,8,8,3464)
r(603,0,8,3464)
w(604,2,8,3464)
r(604,1,2,3465)
r(590,4,2,3465)
r(604,1,2,3465)
r(604,1,2,3465)
w(603,1,2,3465)
r(590,4,9,3473)
r(604,2,9,3473)
w(604,3,9,3473)
r(603,1,9,3473)
r(604,3,9,3473)
r(604,3,9,3473)
w(605,1,9,3473)
w(605,2,9,3473)
r(605,2,1,3480)
w(605,4,1,3480)
r(604,3,1,3480)
w(603,3,1,3480)
r(606,0,1,3480)
w(606,1,1,3480)
w(603,4,1,3480)
w(603,5,1,3480)
w(606,7,4,3484)
w(606,8,4,3484)
r(606,8,4,3484)
r(606,8,4,3484)
r(606,1,0,3485)
w(607,1,0,3485)
w(590,8,0,3485)
r(606,1,0,3485)
w(605,5,0,3485)
r(608,0,0,3485)
r(607,1,7,3487)
r(607,1,7,3487)
w(607,2,7,3487)
r(608,0,7,3487)
w(605,6,4,3492)
w(608,1,4,3492)
w(607,3,4,3492)
r(608,1,4,3492)
w(608,6,15,3495)
r(608,6,15,3495)
r(608,6,15,3495)
w(608,7,15,3495)
r(607,3,15,3495)
w(608,8,15,3495)
r(608,8,15,3495)
w(605,8,3,3498)
w(609,1,3,3498)
w(609,2,3,3498)
r(607,3,3,3498)
w(609,3,3,3498)
r(609,3,3,3498)
r(610,0,7,3502)
w(607,8,7,3502)
w(609,7,7,3502)
r(582,8,7,3502)
w(609,8,7,3502)
r(609,3,0,3506)
r(609,3,0,3506)
w(612,1,0,3506)
w(610,1,0,3506)
w(610,2,0,3506)
w(612,2,0,3506)
w(612,3,0,3506)
w(612,7,15,3510)
w(612,8,15,3510)
w(614,1,15,3510)
w(610,4,15,3510)
w(615,1,15,3510)
r(615,1,9,3514)
r(615,1,9,3514)
r(614,1,9,3514)
w(615,7,9,3514)
w(614,3,9,3514)
w(615,8,9,3514)
r(610,4,8,3516)
r(615,1,8,3516)
w(611,1,8,3516)
w(610,5,8,3516)
w(610,6,8,3516)
r(616,0,8,3516)
w(616,1,8,3516)
w(616,2,8,3516)
r(613,0,1,3521)
w(616,7,1,3521)
r(616,7,1,3521)
r(611,1,1,3521)
w(616,8,1,3521)
r(611,1,1,3521)
w(610,7,3,3524)
r(610,7,3,3524)
w(611,2,3,3524)
w(617,1,3,3524)
r(611,2,3,3524)
w(611,7,9,3538)
w(619,1,9,3538)
w(619,2,9,3538)
w(611,8,9,3538)
w(619,3,9,3538)
w(618,2,9,3538)
w(619,4,9,3538)
r(620,0,1,3539)
r(611,2,1,3539)
r(620,0,1,3539)
r(621,0,1,3539)
w(621,1,1,3539)
r(614,3,1,3539)
w(618,4,2,3543)
r(620,0,2,3543)
r(620,0,2,3543)
r(620,0,2,3543)
r(621,1,2,3543)
r(620,0,2,3543)
r(621,1,4,3548)
r(620,0,4,3548)
w(621,5,4,3548)
r(620,0,4,3548)
r(621,5,4,3548)
r(620,0,7,3552)
r(620,0,7,3552)
w(620,3,7,3552)
w(621,7,7,3552)
r(613,0,7,3552)
w(620,4,7,3552)
r(620,4,2,3556)
r(620,4,2,3556)
r(621,7,2,3556)
r(623,0,2,3556)
r(620,4,16,3557)
w(620,7,16,3557)
r(622,0,16,3557)
r(620,7,16,3557)
w(622,1,16,3557)
w(620,8,16,3557)
r(621,7,15,3560)
r(623,0,15,3560)
w(618,7,15,3560)
r(623,0,15,3560)
w(623,5,1,3564)
r(623,5,1,3564)
r(623,5,1,3564)
r(623,5,1,3564)
w(618,8,9,3565)
r(624,0,9,3565)
r(618,8,9,3565)
r(618,8,9,3565)
r(623,5,9,3565)
w(623,6,9,3565)
r(625,0,4,3567)
r(625,0,4,3567)
r(623,6,4,3567)
r(625,0,4,3567)
w(623,7,7,3570)
r(624,0,7,3570)
r(623,7,7,3570)
w(623,8,7,3570)
w(613,3,7,3570)
w(625,1,7,3570)
w(626,1,4,3571)
r(624,0,4,3571)
w(626,2,4,3571)
w(626,3,4,3571)
r(626,3,9,3575)
w(622,2,9,3575)
w(626,4,9,3575)
r(626,4,9,3575)
r(626,4,9,3575)
r(626,4,9,3575)
w(622,3,9,3575)
w(626,5,9,3575)
r(626,5,15,3580)
r(624,0,15,3580)
r(622,3,15,3580)
r(627,0,15,3580)
r(625,1,15,3580)
r(627,0,15,3580)
w(625,5,15,3580)
w(624,5,3,3582)
r(622,3,3,3582)
r(626,5,3,3582)
w(626,8,3,3582)
w(622,5,3,3582)
r(625,5,9,3585)
r(627,0,9,3585)
r(627,0,9,3585)
w(625,7,9,3585)
r(627,0,9,3585)
w(625,8,8,3587)
r(627,0,8,3587)
w(627,4,8,3587)
w(628,1,8,3587)
w(627,5,8,3587)
r(625,8,16,3591)
w(628,2,16,3591)
r(625,8,16,3591)
w(627,6,16,3591)
w(627,7,16,3591)
w(627,8,16,3591)
w(629,3,3,3598)
w(629,4,3,3598)
w(629,5,3,3598)
r(629,5,3,3598)
r(629,5,3,3598)
r(628,2,1,3599)
w(622,6,1,3599)
r(622,6,1,3599)
r(629,0,1,3599)
r(629,0,1,3599)
r(629,0,1,3599)
r(628,2,4,3602)
w(630,3,4,3602)
r(629,5,4,3602)
r(628,2,4,3602)
r(628,2,4,3602)
r(629,5,3,3604)
w(629,8,3,3604)
r(629,8,3,3604)
r(628,2,3,3604)
w(628,6,3,3604)
r(628,6,3,3604)
w(622,7,3,3604)
w(631,1,3,3604)
w(628,8,0,3612)
w(622,8,0,3612)
r(630,3,0,3612)
r(631,1,0,3612)
w(632,1,16,3615)
w(631,6,16,3615)
r(631,6,16,3615)
r(622,7,16,3615)
w(631,7,16,3615)
w(631,8,16,3615)
r(633,0,0,3618)
r(632,1,0,3618)
r(630,3,0,3618)
w(632,3,0,3618)
w(632,4,0,3618)
r(633,0,1,3622)
r(633,0,1,3622)
w(633,4,1,3622)
r(632,4,1,3622)
r(633,4,1,3622)
w(633,5,1,3622)
r(632,4,1,3622)
r(632,4,0,3625)
w(633,6,0,3625)
r(633,6,0,3625)
r(633,6,0,3625)
r(635,0,1,3629)
w(635,3,1,3629)
w(634,2,1,3629)
w(635,4,1,3629)
w(630,5,1,3629)
w(635,5,1,3629)
w(632,6,9,3631)
r(632,6,9,3631)
r(632,6,9,3631)
w(613,4,9,3631)
w(630,6,16,3634)
w(636,1,16,3634)
r(635,5,16,3634)
r(634,2,16,3634)
w(635,7,15,3635)
r(635,7,15,3635)
r(636,0,15,3635)
r(635,7,15,3635)
r(635,7,1,3637)
w(635,8,1,3637)
r(636,1,1,3637)
r(635,8,1,3637)
r(636,1,2,3639)
w(636,2,2,3639)
r(635,8,2,3639)
r(635,8,2,3639)
r(635,8,2,3639)
w(613,5,2,3639)
r(635,8,2,3639)
w(613,6,7,3641)
w(630,7,7,3641)
r(630,7,7,3641)
w(613,7,7,3641)
r(636,2,7,3641)
w(634,3,1,3643)
w(637,1,1,3643)
w(637,2,1,3643)
r(637,2,1,3643)
r(636,2,1,3643)
w(637,3,1,3643)
r(636,2,3,3645)
r(637,3,3,3645)
r(630,7,3,3645)
r(636,2,3,3645)
r(613,7,3,3645)
r(637,3,16,3647)
r(637,3,16,3647)
r(636,2,16,3647)
r(637,3,16,3647)
r(636,2,16,3647)
w(636,3,16,3647)
r(630,7,9,3650)
r(630,7,9,3650)
r(636,3,9,3650)
r(637,3,9,3650)
r(637,3,9,3650)
w(637,4,9,3650)
r(637,4,9,3650)
w(636,5,8,3654)
r(637,4,8,3654)
r(637,4,8,3654)
w(636,6,8,3654)
