w(3,1,0,1)
r(4,0,0,1)
r(4,0,0,1)
w(4,1,0,1)
r(4,1,0,1)
r(3,1,0,1)
r(4,1,1,3)
w(4,2,1,3)
w(4,3,1,3)
w(1,1,1,3)
w(2,1,1,3)
r(3,1,1,3)
r(1,1,2,5)
r(4,3,2,5)
w(3,2,2,5)
r(3,2,2,5)
w(3,3,3,7)
r(5,0,3,7)
r(5,0,3,7)
w(5,1,3,7)
r(5,1,3,7)
r(5,1,3,7)
r(5,1,3,7)
r(6,0,3,7)
w(6,1,4,9)
r(5,1,4,9)
r(2,1,4,9)
w(6,2,4,9)
r(5,1,4,9)
w(5,2,4,9)
r(5,2,4,9)
w(5,3,5,11)
r(0,0,5,11)
r(6,2,5,11)
w(7,1,5,11)
w(6,3,5,11)
r(6,3,5,11)
r(7,1,6,13)
w(7,2,6,13)
r(6,3,6,13)
w(7,3,6,13)
r(1,1,7,15)
r(8,0,7,15)
r(8,0,7,15)
w(8,1,7,15)
w(1,2,8,17)
w(8,2,8,17)
w(8,3,8,17)
r(6,3,8,17)
r(8,3,8,17)
r(6,3,9,19)
w(9,1,9,19)
r(9,1,9,19)
w(9,2,9,19)
w(2,2,9,19)
r(1,2,9,19)
r(1,2,9,19)
r(9,2,9,19)
r(6,3,10,21)
r(6,3,10,21)
r(9,2,10,21)
w(9,3,10,21)
r(2,2,11,23)
r(9,3,11,23)
r(10,0,11,23)
w(10,1,11,23)
r(11,0,12,25)
r(2,2,12,25)
w(11,1,12,25)
r(10,1,12,25)
w(11,2,13,27)
r(10,1,13,27)
r(11,2,13,27)
w(11,3,13,27)
w(10,2,13,27)
w(12,1,13,27)
r(10,2,14,29)
w(10,3,14,29)
w(12,2,14,29)
r(2,2,14,29)
w(12,3,14,29)
r(12,3,14,29)
r(12,3,15,31)
r(2,2,15,31)
w(1,3,15,31)
w(14,1,15,31)
r(14,1,15,31)
w(14,2,15,31)
w(14,3,15,31)
r(2,2,15,31)
r(13,0,16,33)
r(2,2,16,33)
r(14,3,16,33)
w(15,1,16,33)
r(0,0,16,33)
r(15,1,16,33)
r(15,1,16,33)
w(0,1,16,33)
w(15,2,17,35)
r(1,3,17,35)
w(15,3,17,35)
r(15,3,17,35)
r(13,0,17,35)
w(13,1,17,35)
r(15,3,17,35)
w(13,2,17,35)
w(2,3,18,37)
r(15,3,18,37)
r(15,3,18,37)
r(15,3,18,37)
r(15,3,18,37)
r(15,3,18,37)
r(16,0,19,39)
w(13,3,19,39)
r(13,3,19,39)
r(17,0,19,39)
w(16,1,19,39)
w(18,1,19,39)
w(16,2,19,39)
w(16,3,0,41)
w(17,1,0,41)
r(18,1,0,41)
r(16,3,0,41)
r(16,3,0,41)
w(17,2,0,43)
w(17,3,0,43)
r(20,0,0,43)
w(0,2,0,43)
r(20,0,0,43)
r(20,0,0,43)
w(18,2,1,45)
r(19,0,1,45)
r(20,0,1,45)
w(20,1,1,45)
r(20,1,1,45)
w(20,2,1,45)
w(20,3,1,45)
w(22,1,1,45)
r(22,1,2,47)
w(18,3,2,47)
r(18,3,2,47)
w(21,1,2,47)
w(21,2,2,47)
r(22,1,3,49)
w(22,2,3,49)
r(22,2,3,49)
r(22,2,3,49)
r(19,0,3,49)
w(22,3,3,49)
r(22,3,4,51)
w(21,3,4,51)
r(22,3,4,51)
r(21,3,4,51)
r(23,0,5,53)
r(22,3,5,53)
r(22,3,5,53)
r(0,2,5,53)
w(23,1,5,53)
r(22,3,6,55)
r(22,3,6,55)
w(23,2,6,55)
r(24,0,6,55)
r(24,0,6,55)
w(24,1,6,55)
r(0,2,6,55)
r(25,0,7,57)
w(25,1,7,57)
w(25,2,7,57)
w(25,3,7,57)
w(26,1,7,57)
w(26,2,8,59)
r(24,1,8,59)
r(26,2,8,59)
w(26,3,8,59)
r(24,1,8,59)
w(27,1,8,59)
r(27,1,8,59)
w(27,2,9,61)
w(0,3,9,61)
w(27,3,9,61)
r(27,3,9,61)
w(24,2,9,61)
r(27,3,9,61)
r(27,3,9,61)
w(28,1,9,61)
r(28,1,10,63)
w(28,2,10,63)
r(19,0,10,63)
w(28,3,10,63)
r(28,3,10,63)
r(28,3,10,63)
r(28,3,10,63)
r(29,0,11,65)
w(24,3,11,65)
r(23,2,11,65)
r(29,0,11,65)
r(29,0,11,65)
w(29,1,12,67)
w(29,2,12,67)
w(29,3,12,67)
r(29,3,12,67)
r(24,3,12,67)
w(30,1,12,67)
r(24,3,12,67)
r(30,1,13,69)
r(0,3,13,69)
r(30,1,13,69)
r(30,1,13,69)
r(30,1,13,69)
r(23,2,13,69)
r(24,3,13,69)
r(30,1,14,71)
w(30,2,14,71)
r(24,3,14,71)
r(30,2,14,71)
r(30,2,14,71)
w(30,3,14,71)
w(31,1,14,71)
r(31,1,15,73)
r(24,3,15,73)
w(31,2,15,73)
w(33,1,15,73)
r(19,0,15,73)
r(31,2,16,75)
r(32,0,16,75)
w(31,3,16,75)
w(33,2,16,75)
w(33,3,16,75)
w(34,1,16,75)
r(34,1,17,77)
r(33,3,17,77)
w(34,2,17,77)
r(33,3,17,77)
w(34,3,17,77)
r(33,3,17,77)
r(19,0,18,79)
r(34,3,18,79)
w(35,1,18,79)
w(19,1,18,79)
w(35,2,18,79)
r(33,3,18,79)
r(35,2,18,79)
w(35,3,19,81)
r(35,3,19,81)
w(19,2,19,81)
r(32,0,19,81)
r(19,2,19,81)
w(36,1,19,81)
w(36,2,19,81)
w(23,3,0,83)
r(36,2,0,83)
r(36,2,0,83)
r(32,0,0,83)
r(23,3,0,83)
w(36,3,0,83)
w(37,1,0,83)
r(38,0,0,85)
w(37,2,0,85)
r(37,2,0,85)
r(23,3,0,85)
r(37,2,0,85)
w(38,1,1,87)
w(38,2,1,87)
r(38,2,1,87)
w(37,3,1,87)
r(38,2,1,87)
w(39,1,2,90)
w(39,2,2,90)
w(38,3,2,90)
w(39,3,2,90)
r(41,0,2,90)
w(40,1,2,90)
w(40,2,2,90)
r(41,0,3,91)
r(41,0,3,91)
w(41,1,3,91)
r(41,1,3,91)
w(41,2,3,91)
w(41,3,3,91)
r(42,0,4,93)
r(42,0,4,93)
r(19,2,4,93)
w(40,3,4,93)
r(42,0,4,93)
w(42,1,4,93)
w(42,2,4,93)
w(19,3,4,93)
r(42,2,5,95)
r(43,0,5,95)
w(42,3,5,95)
r(43,0,5,95)
r(19,3,6,97)
w(44,1,6,97)
w(44,2,6,97)
r(44,2,6,97)
r(44,2,7,99)
r(44,2,7,99)
r(44,2,7,99)
r(44,2,7,99)
r(44,2,8,101)
w(45,1,8,101)
w(45,2,8,101)
w(43,1,8,101)
w(45,3,9,103)
r(44,2,9,103)
r(44,2,9,103)
r(44,2,9,103)
w(46,1,9,103)
r(46,1,10,105)
r(44,2,10,105)
r(46,1,10,105)
r(44,2,10,105)
w(44,3,11,107)
r(47,0,11,107)
w(47,1,11,107)
r(43,1,11,107)
w(47,2,11,107)
r(43,1,11,107)
w(47,3,12,109)
r(47,3,12,109)
r(47,3,12,109)
r(46,1,12,109)
w(46,2,13,111)
r(48,0,13,111)
r(46,2,13,111)
r(46,2,13,111)
w(46,3,13,111)
r(43,1,13,111)
r(46,3,14,113)
r(43,1,14,113)
w(48,1,14,113)
r(48,1,14,113)
r(46,3,14,113)
w(48,2,14,113)
r(48,2,15,115)
r(48,2,15,115)
r(48,2,15,115)
r(48,2,15,115)
w(48,3,15,115)
w(50,1,16,117)
w(50,2,16,117)
r(43,1,16,117)
r(43,1,16,117)
r(32,0,16,117)
w(50,3,16,117)
r(50,3,16,117)
r(43,1,17,119)
r(50,3,17,119)
r(50,3,17,119)
r(32,0,17,119)
w(43,2,17,119)
r(50,3,17,119)
w(51,1,17,119)
w(52,1,17,119)
w(52,2,18,121)
w(52,3,18,121)
r(52,3,18,121)
r(49,0,18,121)
r(52,3,19,123)
r(32,0,19,123)
r(51,1,19,123)
r(52,3,19,123)
w(51,2,19,123)
w(49,1,19,123)
r(51,2,19,123)
w(53,1,19,123)
r(51,2,0,125)
r(51,2,0,125)
r(51,2,0,125)
r(32,0,0,125)
w(53,2,0,125)
w(53,3,0,125)
r(53,3,0,127)
w(43,3,0,127)
w(51,3,0,127)
r(54,0,0,127)
r(54,0,1,129)
r(56,0,1,129)
r(54,0,1,129)
w(54,1,1,129)
w(49,2,1,129)
r(32,0,2,131)
w(56,1,2,131)
r(54,1,2,131)
w(56,2,2,131)
r(54,1,3,133)
w(56,3,3,133)
r(54,1,3,133)
r(54,1,3,133)
r(56,3,3,133)
r(56,3,3,133)
w(55,1,3,133)
w(54,2,3,133)
w(49,3,4,135)
r(54,2,4,135)
w(57,1,4,135)
w(55,2,4,135)
w(55,3,4,135)
w(54,3,4,135)
w(57,2,5,137)
r(55,3,5,137)
w(32,1,5,137)
r(54,3,5,137)
r(57,2,5,137)
r(57,2,5,137)
r(58,0,5,137)
r(55,3,6,139)
w(58,1,6,139)
w(58,2,6,139)
w(58,3,6,139)
r(57,2,7,141)
r(49,3,7,141)
r(58,3,7,141)
r(49,3,7,141)
r(59,0,7,141)
w(59,1,8,143)
w(59,2,8,143)
w(59,3,8,143)
r(59,3,8,143)
r(60,0,9,145)
w(57,3,9,145)
r(60,0,9,145)
w(60,1,9,145)
w(60,2,10,148)
r(62,0,10,148)
w(60,3,10,148)
r(62,0,10,148)
r(60,3,10,148)
r(62,0,11,149)
r(60,1,11,149)
r(60,1,11,149)
w(62,1,11,149)
r(61,0,11,149)
w(61,1,12,151)
r(64,0,12,151)
w(61,2,12,151)
w(64,1,12,151)
w(32,2,13,153)
r(64,1,13,153)
r(32,2,13,153)
r(62,1,13,153)
w(62,2,13,153)
r(64,1,14,155)
w(64,2,14,155)
w(64,3,14,155)
r(64,3,14,155)
r(63,0,14,155)
r(65,0,14,155)
r(65,0,14,155)
r(65,0,15,157)
w(65,1,15,157)
r(65,1,15,157)
r(65,1,15,157)
w(62,3,15,157)
w(65,2,16,159)
r(62,3,16,159)
w(65,3,16,159)
r(61,2,16,159)
r(66,0,16,159)
r(66,0,16,159)
r(61,2,17,161)
w(66,1,17,161)
w(66,2,17,161)
r(66,2,17,161)
r(66,2,17,161)
r(66,2,17,161)
r(66,2,17,161)
r(67,0,18,163)
w(66,3,18,163)
r(61,2,18,163)
r(66,3,18,163)
w(63,1,18,163)
r(66,3,19,165)
r(66,3,19,165)
r(67,0,19,165)
r(61,2,19,165)
r(61,2,19,165)
w(68,1,19,165)
w(67,1,0,167)
w(68,2,0,167)
w(68,3,0,167)
r(61,2,0,167)
r(68,3,0,169)
r(32,2,0,169)
r(61,2,0,169)
w(69,1,0,169)
r(63,1,0,169)
r(69,1,1,172)
w(67,2,1,172)
r(67,2,1,172)
w(67,3,1,172)
r(67,3,1,172)
w(69,2,1,172)
w(69,3,1,172)
r(67,3,2,173)
r(61,2,2,173)
w(61,3,2,173)
r(61,3,2,173)
r(70,0,3,175)
r(70,0,3,175)
w(63,2,3,175)
w(70,1,3,175)
w(70,2,3,175)
r(32,2,3,175)
r(70,2,3,175)
r(67,3,4,177)
w(70,3,4,177)
r(67,3,4,177)
w(73,1,4,177)
r(71,0,4,177)
w(73,2,4,177)
w(71,1,4,177)
r(71,1,5,179)
r(71,1,5,179)
w(73,3,5,179)
w(71,2,5,179)
w(71,3,5,179)
r(73,3,5,179)
r(74,0,5,179)
r(74,0,5,179)
r(63,2,6,181)
r(32,2,6,181)
w(74,1,6,181)
w(63,3,6,181)
r(72,0,7,183)
w(74,2,7,183)
r(74,2,7,183)
r(74,2,7,183)
w(74,3,7,183)
r(76,0,7,183)
r(76,0,7,183)
r(76,0,8,185)
w(76,1,8,185)
w(75,1,8,185)
w(75,2,8,185)
r(75,2,8,185)
w(75,3,8,185)
w(76,2,8,185)
w(76,3,8,185)
r(76,3,9,187)
r(76,3,9,187)
r(72,0,9,187)
w(77,1,9,187)
r(77,1,9,187)
r(77,1,9,187)
w(78,1,9,187)
w(77,2,10,190)
w(77,3,10,190)
r(77,3,10,190)
w(79,1,10,190)
r(79,1,10,190)
w(78,2,10,190)
r(72,0,11,191)
r(79,1,11,191)
r(79,1,11,191)
w(72,1,11,191)
r(79,1,11,191)
r(79,1,11,191)
r(78,2,11,191)
