w(4,1,0,1)
w(1,1,0,1)
w(4,2,0,1)
w(3,1,0,1)
r(4,2,0,1)
w(4,3,0,1)
r(2,0,1,4)
r(4,3,1,4)
w(5,1,1,4)
r(0,0,1,4)
r(1,1,1,4)
r(5,1,1,4)
w(1,2,1,4)
r(3,1,1,4)
r(5,0,2,5)
r(3,1,2,5)
r(5,0,2,5)
r(5,0,2,5)
r(3,1,2,5)
r(3,1,2,5)
w(3,2,2,5)
r(5,1,3,7)
w(5,2,3,7)
r(3,2,3,7)
w(5,3,3,7)
r(3,2,3,7)
w(3,3,3,7)
r(5,3,4,9)
r(3,3,4,9)
w(7,1,4,9)
r(6,0,4,9)
w(6,1,4,9)
r(6,1,4,9)
w(6,2,4,9)
r(7,1,5,12)
w(6,3,5,12)
r(6,3,5,12)
r(6,3,5,12)
r(6,3,5,12)
r(7,1,6,13)
r(2,0,6,13)
w(8,1,6,13)
r(7,1,6,13)
w(8,2,6,13)
w(8,3,6,13)
w(7,2,6,13)
r(7,2,6,13)
w(2,1,7,15)
w(2,2,7,15)
r(2,2,7,15)
w(9,1,7,15)
w(9,2,7,15)
r(9,2,7,15)
r(9,2,8,17)
w(7,3,8,17)
w(9,3,8,17)
w(1,3,8,17)
r(2,2,8,17)
r(9,3,8,17)
r(9,3,8,17)
w(11,1,8,17)
r(9,3,9,19)
r(9,3,9,19)
w(0,1,9,19)
w(2,3,9,19)
r(11,1,9,19)
w(10,1,9,19)
w(12,1,10,21)
w(0,2,10,21)
w(11,2,10,21)
r(12,1,10,21)
w(12,2,10,21)
r(12,2,10,21)
r(12,2,11,23)
r(12,2,11,23)
w(12,3,11,23)
r(11,2,11,23)
r(12,3,11,23)
w(11,3,12,25)
r(12,3,12,25)
w(13,1,12,25)
w(0,3,12,25)
r(14,0,13,27)
w(15,1,13,27)
r(14,0,13,27)
w(15,2,13,27)
w(15,3,13,27)
r(10,1,13,27)
r(16,0,13,27)
r(13,1,14,29)
r(16,0,14,29)
w(16,1,14,29)
w(14,1,14,29)
w(14,2,15,31)
w(16,2,15,31)
w(14,3,15,31)
w(16,3,15,31)
w(13,2,15,31)
r(19,0,15,31)
w(19,1,16,33)
w(19,2,16,33)
r(19,2,16,33)
r(18,0,16,33)
w(19,3,16,33)
r(18,0,16,33)
w(13,3,17,35)
w(20,1,17,35)
w(18,1,17,35)
r(20,1,17,35)
w(20,2,17,35)
w(20,3,18,37)
r(20,3,18,37)
r(18,1,18,37)
r(18,1,18,37)
w(21,1,18,37)
r(21,1,18,37)
r(18,1,19,40)
r(21,1,19,40)
r(13,3,19,40)
r(10,1,19,40)
w(10,2,19,40)
w(18,3,0,43)
w(21,3,0,43)
r(21,3,0,43)
r(22,0,0,43)
r(22,0,0,43)
r(18,3,1,45)
r(21,3,1,45)
w(22,1,1,45)
r(23,0,1,45)
r(24,0,1,45)
r(24,0,2,47)
r(24,0,2,47)
w(23,1,2,47)
w(17,1,2,47)
r(24,0,2,47)
w(24,1,3,49)
r(23,1,3,49)
r(24,1,3,49)
w(24,2,3,49)
w(23,2,3,49)
w(24,3,4,51)
r(25,0,4,51)
r(23,2,4,51)
r(23,2,4,51)
r(26,0,5,53)
r(26,0,5,53)
w(22,2,5,53)
w(26,1,5,53)
w(26,2,5,53)
w(26,3,5,53)
r(25,0,6,55)
w(27,1,6,55)
w(23,3,6,55)
r(25,0,6,55)
w(27,2,6,55)
w(28,1,7,57)
r(22,2,7,57)
w(22,3,7,57)
r(27,2,7,57)
w(28,2,7,57)
w(27,3,7,57)
r(27,3,7,57)
r(28,2,8,59)
w(17,2,8,59)
r(27,3,8,59)
w(28,3,8,59)
w(30,1,8,59)
w(31,1,8,59)
r(31,1,9,61)
w(29,1,9,61)
w(30,2,9,61)
w(29,2,9,61)
w(30,3,9,61)
w(31,2,9,61)
w(31,3,9,61)
w(32,1,9,61)
w(32,2,10,63)
w(32,3,10,63)
r(31,3,10,63)
w(33,1,10,63)
w(33,2,10,63)
w(33,3,10,63)
w(29,3,11,65)
w(35,1,11,65)
r(35,1,11,65)
w(34,1,11,65)
w(35,2,12,67)
r(36,0,12,67)
r(35,2,12,67)
w(35,3,12,67)
r(37,0,12,67)
r(37,0,13,69)
w(17,3,13,69)
w(34,2,13,69)
r(17,3,13,69)
r(37,0,13,69)
w(37,1,13,69)
r(34,2,13,69)
r(37,1,13,69)
w(34,3,14,71)
w(37,2,14,71)
w(36,1,14,71)
w(37,3,14,71)
w(38,1,14,71)
w(38,2,14,71)
r(38,2,14,71)
w(38,3,14,71)
r(38,3,15,73)
r(38,3,15,73)
r(37,3,15,73)
r(37,3,15,73)
w(25,1,15,73)
w(40,1,15,73)
w(36,2,15,73)
r(37,3,15,73)
r(37,3,16,75)
r(40,1,16,75)
w(41,1,16,75)
r(41,1,16,75)
w(41,2,16,75)
r(41,2,16,75)
r(41,2,16,75)
w(41,3,17,77)
r(36,2,17,77)
r(36,2,17,77)
r(41,3,17,77)
r(36,2,18,79)
w(42,1,18,79)
r(42,1,18,79)
w(42,2,18,79)
r(36,2,18,79)
r(40,1,18,79)
w(25,2,19,81)
w(42,3,19,81)
r(40,1,19,81)
r(43,0,19,81)
w(43,1,19,81)
r(40,1,19,81)
w(43,2,19,81)
w(43,3,19,81)
r(40,1,0,83)
r(40,1,0,83)
r(43,3,0,83)
r(40,1,0,83)
r(43,3,0,83)
r(40,1,0,83)
r(36,2,0,85)
w(40,2,0,85)
r(40,2,0,85)
w(40,3,0,85)
r(44,0,1,87)
w(45,1,1,87)
r(45,1,1,87)
r(25,2,1,87)
w(45,2,1,87)
w(44,1,1,87)
w(44,2,2,89)
r(45,2,2,89)
r(45,2,2,89)
w(44,3,2,89)
r(44,3,2,89)
w(46,1,3,91)
w(46,2,3,91)
r(46,2,3,91)
w(45,3,3,91)
w(46,3,3,91)
r(46,3,3,91)
r(47,0,3,91)
r(46,3,4,94)
w(48,1,4,94)
r(48,1,4,94)
r(48,1,4,94)
w(47,1,4,94)
r(47,1,6,97)
w(49,1,6,97)
w(49,2,6,97)
r(47,1,6,97)
w(47,3,6,97)
r(49,2,7,99)
r(49,2,7,99)
w(49,3,7,99)
r(52,0,7,99)
r(50,0,7,99)
w(52,1,8,101)
w(52,2,8,101)
w(50,1,8,101)
w(52,3,8,101)
r(51,0,9,103)
r(50,1,9,103)
r(52,3,9,103)
w(53,1,9,103)
w(53,2,9,103)
r(51,0,9,103)
r(36,2,9,103)
r(53,2,9,103)
w(53,3,10,105)
r(36,2,10,105)
r(51,0,10,105)
r(36,2,10,105)
w(54,1,10,105)
w(36,3,11,107)
w(51,1,11,107)
r(54,1,11,107)
r(50,1,11,107)
w(54,2,11,107)
r(54,2,11,107)
r(54,2,11,107)
r(54,2,11,107)
w(54,3,12,109)
r(36,3,12,109)
r(50,1,12,109)
w(55,1,12,109)
r(55,1,12,109)
w(55,2,12,109)
r(51,1,13,111)
r(55,2,13,111)
w(51,2,13,111)
r(36,3,13,111)
w(55,3,13,111)
r(55,3,13,111)
r(55,3,13,111)
r(55,3,13,111)
r(51,2,14,113)
r(56,0,14,113)
r(56,0,14,113)
w(51,3,14,113)
r(51,3,14,113)
r(51,3,14,113)
r(56,0,15,115)
r(56,0,15,115)
w(56,1,15,115)
w(56,2,15,115)
r(56,2,15,115)
w(56,3,15,115)
w(58,1,15,115)
r(58,1,15,115)
w(58,2,16,117)
w(58,3,16,117)
r(57,0,16,117)
w(50,2,16,117)
r(58,3,16,117)
w(57,1,16,117)
r(57,1,16,117)
w(59,1,16,117)
r(57,1,17,119)
r(59,1,17,119)
r(59,1,17,119)
w(59,2,17,119)
r(57,1,17,119)
w(59,3,18,121)
r(36,3,18,121)
r(57,1,18,121)
r(60,0,18,121)
r(57,1,18,121)
r(60,0,18,121)
r(60,0,19,123)
r(60,0,19,123)
w(57,2,19,123)
w(50,3,19,123)
w(60,1,0,125)
r(57,2,0,125)
r(60,1,0,125)
w(60,2,0,125)
w(60,3,0,125)
w(57,3,0,125)
r(60,3,0,125)
r(50,3,0,125)
r(60,3,0,127)
r(57,3,0,127)
r(62,0,0,127)
w(62,1,0,127)
r(57,3,0,127)
r(62,1,0,127)
w(62,2,0,127)
r(61,0,1,129)
r(62,2,1,129)
r(63,0,1,129)
w(62,3,1,129)
r(63,0,2,131)
r(61,0,2,131)
w(64,1,2,131)
w(64,2,2,131)
w(64,3,2,131)
r(50,3,3,133)
r(64,3,3,133)
r(64,3,3,133)
r(64,3,3,133)
w(63,1,3,133)
w(63,2,3,133)
r(63,2,3,133)
r(65,0,4,135)
w(63,3,4,135)
r(63,3,4,135)
r(65,0,4,135)
w(65,1,4,135)
w(61,1,4,135)
w(65,2,5,137)
r(61,1,5,137)
r(65,2,5,137)
r(65,2,5,137)
r(63,3,5,137)
r(65,2,5,137)
w(65,3,5,137)
r(65,3,6,139)
w(61,2,6,139)
r(61,2,6,139)
r(65,3,6,139)
r(66,0,6,139)
r(66,0,7,141)
r(61,2,7,141)
w(66,1,7,141)
w(66,2,7,141)
w(66,3,7,141)
r(66,3,7,141)
r(66,3,7,141)
r(66,3,8,143)
w(67,1,8,143)
r(61,2,8,143)
r(66,3,8,143)
r(67,1,8,143)
r(69,0,9,145)
w(67,2,9,145)
r(69,0,9,145)
r(69,0,9,145)
w(61,3,10,147)
w(69,1,10,147)
w(69,2,10,147)
w(68,1,10,147)
w(69,3,10,147)
r(69,3,10,147)
w(67,3,10,147)
r(71,0,10,147)
r(70,0,11,149)
r(71,0,11,149)
r(69,3,11,149)
r(70,0,11,149)
w(70,1,12,151)
w(70,2,12,151)
r(69,3,12,151)
w(71,1,12,151)
r(71,1,12,151)
r(68,1,13,153)
r(70,2,13,153)
w(72,1,13,153)
r(68,1,13,153)
w(72,2,13,153)
r(71,1,13,153)
w(71,2,13,153)
r(68,1,13,153)
r(68,1,14,155)
r(72,2,14,155)
w(71,3,14,155)
w(72,3,14,155)
r(72,3,14,155)
r(70,2,14,155)
w(70,3,14,155)
w(76,1,16,158)
r(76,1,16,158)
w(76,2,16,158)
r(75,0,16,158)
w(73,1,15,159)
w(73,2,15,159)
r(73,2,15,159)
r(73,2,15,159)
w(73,3,15,159)
r(73,3,15,159)
r(73,3,15,159)
w(75,1,17,161)
r(76,2,17,161)
w(76,3,17,161)
r(76,3,17,161)
r(76,3,17,161)
w(75,2,17,161)
r(77,0,18,163)
w(77,1,18,163)
w(68,2,18,163)
r(77,1,18,163)
r(74,0,18,163)
w(77,2,18,163)
r(74,0,18,163)
r(75,2,19,165)
r(74,0,19,165)
r(77,2,19,165)
r(68,2,19,165)
w(77,3,19,165)
w(68,3,0,167)
r(77,3,0,167)
w(75,3,0,167)
w(39,1,0,167)
r(79,0,0,167)
w(79,1,0,167)
r(79,1,0,169)
r(78,0,0,169)
w(78,1,0,169)
w(79,2,0,169)
w(79,3,1,171)
r(79,3,1,171)
w(78,2,1,171)
r(39,1,1,171)
w(74,1,1,171)
w(74,2,2,173)
r(79,3,2,173)
r(74,2,2,173)
w(74,3,2,173)
r(79,3,2,173)
r(79,3,2,173)
r(74,3,3,175)
r(74,3,3,175)
r(81,0,3,175)
r(78,2,3,175)
w(81,1,3,175)
w(82,1,4,177)
r(78,2,4,177)
r(82,1,4,177)
r(82,1,4,177)
r(80,0,5,179)
r(81,1,5,179)
r(81,1,5,179)
r(81,1,5,179)
r(81,1,5,179)
w(80,1,5,179)
w(80,2,5,179)
r(82,1,6,181)
w(82,2,6,181)
r(81,1,6,181)
w(81,2,6,181)
r(39,1,6,181)
r(78,2,6,181)
r(81,2,7,183)
r(81,2,7,183)
w(82,3,7,183)
r(81,2,7,183)
w(81,3,7,183)
r(83,0,7,183)
r(81,3,7,183)
r(78,2,8,185)
w(78,3,8,185)
r(84,0,8,185)
w(83,1,8,185)
w(84,1,9,187)
r(84,1,9,187)
r(84,1,9,187)
w(83,2,9,187)
w(84,2,9,187)
r(84,2,10,189)
r(84,2,10,189)
r(83,2,10,189)
r(83,2,10,189)
w(84,3,10,189)
r(84,3,10,189)
r(80,2,11,191)
r(85,0,11,191)
r(85,0,11,191)
r(39,1,11,191)
r(85,0,11,191)
w(85,1,11,191)
w(85,2,12,193)
r(85,2,12,193)
w(80,3,12,193)
r(85,2,12,193)
r(78,3,12,193)
w(83,3,12,193)
r(85,2,12,193)
r(78,3,13,195)
r(83,3,13,195)
r(83,3,13,195)
r(83,3,13,195)
w(85,3,13,195)
r(85,3,14,197)
r(85,3,14,197)
r(85,3,14,197)
r(85,3,14,197)
w(89,1,14,197)
w(87,1,14,197)
r(88,0,14,197)
w(88,1,14,197)
r(89,1,15,199)
r(89,1,15,199)
w(89,2,15,199)
w(89,3,15,199)
r(89,3,15,199)
r(88,1,15,199)
w(87,2,15,199)
r(89,3,15,199)
r(89,3,16,201)
r(89,3,16,201)
r(89,3,16,201)
w(88,2,16,201)
r(87,2,16,201)
r(89,3,16,201)
r(89,3,16,201)
w(90,1,16,201)
w(90,2,17,203)
w(87,3,17,203)
w(90,3,17,203)
r(91,0,17,203)
r(88,2,17,203)
w(92,1,18,205)
r(92,1,18,205)
w(88,3,18,205)
r(92,1,18,205)
r(93,0,19,207)
r(92,1,19,207)
r(91,0,19,207)
r(92,1,19,207)
w(93,1,19,207)
w(92,2,0,209)
w(91,1,0,209)
r(39,1,0,209)
r(93,1,0,209)
w(92,3,0,211)
w(93,2,0,211)
r(94,0,0,211)
w(86,1,0,211)
r(93,2,0,211)
r(86,1,0,211)
r(39,1,1,213)
r(93,2,1,213)
w(93,3,1,213)
r(94,0,1,213)
w(95,1,1,213)
w(95,2,1,213)
r(94,0,1,213)
w(94,1,2,215)
r(94,1,2,215)
w(91,2,2,215)
w(95,3,2,215)
r(91,2,2,215)
w(94,2,2,215)
w(94,3,3,217)
r(86,1,3,217)
r(94,3,3,217)
w(91,3,3,217)
r(94,3,4,219)
r(94,3,4,219)
r(94,3,4,219)
r(96,0,4,219)
r(94,3,4,219)
r(94,3,4,219)
r(86,1,4,219)
w(97,1,4,219)
r(97,1,5,221)
r(96,0,5,221)
w(97,2,5,221)
r(97,2,5,221)
w(96,1,5,221)
r(97,2,5,221)
w(96,2,5,221)
r(97,2,6,223)
r(97,2,6,223)
r(86,1,6,223)
w(98,1,6,223)
r(97,2,6,223)
r(86,1,6,223)
r(98,1,6,223)
r(97,2,7,225)
r(97,2,7,225)
r(97,2,7,225)
r(97,2,7,225)
w(97,3,7,225)
r(97,3,8,227)
r(97,3,8,227)
r(96,2,8,227)
w(99,1,8,227)
w(96,3,8,227)
r(96,3,8,227)
w(99,2,8,227)
w(99,3,9,229)
w(98,2,9,229)
w(100,1,9,229)
w(100,2,9,229)
r(100,2,9,229)
w(101,1,9,229)
r(100,2,9,229)
r(101,1,9,229)
w(101,2,10,231)
w(100,3,10,231)
r(100,3,10,231)
r(100,3,10,231)
w(101,3,10,231)
w(98,3,10,231)
w(39,2,10,231)
r(98,3,10,231)
r(100,3,11,233)
r(100,3,11,233)
r(102,0,11,233)
w(102,1,11,233)
r(102,1,11,233)
r(100,3,12,235)
r(100,3,12,235)
r(100,3,12,235)
w(102,2,12,235)
r(103,0,12,235)
r(98,3,12,235)
r(102,2,12,235)
r(86,1,12,235)
w(102,3,13,237)
r(104,0,13,237)
w(86,2,13,237)
r(102,3,13,237)
w(103,1,13,237)
r(103,1,13,237)
w(105,1,14,239)
r(103,1,14,239)
r(105,1,14,239)
w(105,2,14,239)
r(105,2,14,239)
w(103,2,14,239)
r(104,0,14,239)
w(105,3,14,239)
w(104,1,15,241)
r(39,2,15,241)
r(103,2,15,241)
r(104,1,15,241)
r(103,2,15,241)
r(103,2,15,241)
w(103,3,15,241)
w(39,3,16,243)
r(106,0,16,243)
r(106,0,16,243)
r(106,0,16,243)
w(107,1,16,243)
w(106,1,17,245)
r(107,1,17,245)
w(107,2,17,245)
r(106,1,17,245)
r(86,2,17,245)
r(106,1,17,245)
r(104,1,18,247)
r(104,1,18,247)
r(107,2,18,247)
w(106,2,18,247)
r(106,2,18,247)
r(106,2,18,247)
r(106,2,18,247)
w(107,3,18,247)
r(106,2,19,249)
w(108,1,19,249)
w(104,2,19,249)
w(106,3,19,249)
r(108,1,0,251)
r(108,1,0,251)
r(108,1,0,251)
r(106,3,0,251)
r(108,1,0,253)
r(108,1,0,253)
w(108,2,0,253)
r(104,2,0,253)
w(109,1,0,253)
r(108,2,1,255)
w(86,3,1,255)
r(39,3,1,255)
w(109,2,1,255)
w(108,3,1,255)
r(109,2,1,255)
w(109,3,1,255)
r(109,3,1,255)
r(109,3,2,257)
w(110,1,2,257)
r(110,1,2,257)
r(111,0,2,257)
w(111,1,2,257)
w(111,2,3,259)
r(110,1,3,259)
r(111,2,3,259)
r(110,1,3,259)
w(111,3,4,261)
r(110,1,4,261)
r(111,3,4,261)
w(110,2,4,261)
r(111,3,5,263)
w(110,3,5,263)
r(104,2,5,263)
w(113,1,5,263)
r(111,3,5,263)
r(113,1,5,263)
w(113,2,5,263)
r(111,3,5,263)
r(113,2,6,265)
r(114,0,6,265)
r(114,0,6,265)
r(114,0,6,265)
r(114,0,6,265)
r(114,0,6,265)
r(114,0,6,265)
r(114,0,7,267)
r(113,2,7,267)
w(114,1,7,267)
r(104,2,7,267)
w(114,2,7,267)
r(104,2,7,267)
w(104,3,7,267)
w(114,3,7,267)
r(114,3,8,269)
r(114,3,8,269)
w(113,3,8,269)
r(114,3,8,269)
w(116,1,8,269)
r(116,1,8,269)
r(116,1,9,271)
w(116,2,9,271)
w(116,3,9,271)
w(115,1,9,271)
r(116,3,9,271)
w(115,2,9,271)
r(115,2,9,271)
r(115,2,10,273)
r(116,3,10,273)
r(112,0,10,273)
r(118,0,10,273)
r(119,0,11,275)
w(119,1,11,275)
r(119,1,11,275)
w(119,2,11,275)
r(119,2,11,275)
r(118,0,11,275)
w(119,3,11,275)
r(118,0,11,275)
w(120,1,12,277)
r(120,1,12,277)
w(118,1,12,277)
r(115,2,12,277)
r(118,1,13,279)
w(120,2,13,279)
w(115,3,13,279)
r(115,3,13,279)
w(120,3,14,281)
w(121,1,14,281)
w(121,2,14,281)
r(121,2,14,281)
r(121,2,14,281)
r(118,1,14,281)
r(122,0,14,281)
w(112,1,15,283)
r(118,1,15,283)
r(122,0,15,283)
w(121,3,15,283)
r(121,3,15,283)
r(122,0,15,283)
r(118,1,16,285)
w(118,2,16,285)
r(122,0,16,285)
r(122,0,16,285)
w(123,1,16,285)
w(123,2,16,285)
w(122,1,16,285)
r(123,2,16,285)
r(112,1,17,287)
w(123,3,17,287)
w(118,3,17,287)
r(112,1,17,287)
r(112,1,17,287)
r(122,1,17,287)
r(124,0,18,289)
r(124,0,18,289)
w(122,2,18,289)
r(124,0,18,289)
r(124,0,18,289)
w(122,3,18,289)
w(112,2,18,289)
w(124,1,19,291)
r(124,1,19,291)
w(124,2,19,291)
r(124,2,19,291)
r(125,0,19,291)
w(124,3,19,291)
r(124,3,19,291)
r(124,3,0,293)
r(118,3,0,293)
r(124,3,0,293)
r(124,3,0,293)
r(126,0,0,293)
w(125,1,0,293)
r(126,0,0,293)
r(127,0,0,295)
r(127,0,0,295)
w(127,1,0,295)
r(127,1,0,295)
w(112,3,1,297)
w(127,2,1,297)
r(126,0,1,297)
r(126,0,1,297)
w(127,3,1,297)
w(126,1,1,297)
r(129,0,2,299)
r(129,0,2,299)
w(126,2,2,299)
r(129,0,2,299)
r(126,2,2,299)
w(125,2,2,299)
w(129,1,3,301)
r(129,1,3,301)
r(129,1,3,301)
r(126,2,3,301)
r(129,1,3,301)
w(126,3,3,301)
r(129,1,3,301)
r(130,0,5,304)
w(131,1,5,304)
w(131,2,5,304)
r(131,2,5,304)
w(125,3,4,305)
r(126,3,4,305)
r(126,3,4,305)
r(129,1,4,305)
w(129,2,4,305)
r(130,0,4,305)
w(129,3,4,305)
w(130,1,4,305)
w(130,2,6,309)
r(130,2,6,309)
r(131,2,6,309)
r(131,2,6,309)
r(128,0,6,309)
r(131,2,6,309)
r(131,2,6,309)
r(130,2,6,309)
r(133,0,8,311)
r(133,0,8,311)
r(134,0,8,311)
r(132,0,8,311)
w(132,2,8,311)
r(133,0,8,311)
w(133,1,8,311)
w(133,2,9,313)
w(117,1,9,313)
r(133,2,9,313)
r(133,2,9,313)
w(133,3,9,313)
r(133,3,9,313)
w(135,1,9,313)
r(134,0,10,315)
r(132,2,10,315)
r(135,1,10,315)
r(135,1,10,315)
w(135,2,10,315)
w(132,3,10,315)
r(135,2,11,317)
w(135,3,11,317)
r(128,0,11,317)
r(134,0,11,317)
w(136,1,11,317)
w(136,2,11,317)
w(134,1,11,317)
r(134,1,12,319)
w(136,3,12,319)
r(134,1,12,319)
r(136,3,12,319)
w(117,2,12,319)
r(136,3,12,319)
r(132,3,12,319)
r(132,3,12,319)
r(128,0,13,322)
r(136,3,13,322)
r(136,3,13,322)
r(134,1,13,322)
w(137,1,13,322)
r(137,1,13,322)
w(137,2,13,322)
w(137,3,13,322)
r(138,0,14,323)
w(138,1,14,323)
r(134,1,14,323)
r(138,1,14,323)
r(138,1,14,323)
r(134,1,14,323)
r(138,1,14,323)
r(138,1,15,325)
r(138,1,15,325)
r(134,1,15,325)
r(139,0,15,325)
r(138,1,15,325)
w(138,2,15,325)
r(138,2,16,327)
w(134,2,16,327)
r(138,2,16,327)
r(139,0,16,327)
r(134,2,16,327)
r(138,2,16,327)
r(138,2,16,327)
r(139,0,17,329)
r(138,2,17,329)
w(139,1,17,329)
r(128,0,17,329)
r(138,2,17,329)
w(138,3,17,329)
r(134,2,18,331)
w(134,3,18,331)
r(138,3,18,331)
w(139,2,18,331)
r(138,3,18,331)
r(140,0,19,333)
w(140,1,19,333)
w(128,1,19,333)
w(141,1,19,333)
w(141,2,0,335)
w(139,3,0,335)
r(141,2,0,335)
r(139,3,0,335)
r(140,1,0,335)
w(142,1,0,337)
w(142,2,0,337)
r(140,1,0,337)
w(141,3,0,337)
w(142,3,0,337)
r(143,0,0,337)
w(140,2,0,337)
w(128,2,0,337)
w(128,3,1,339)
r(143,0,1,339)
w(140,3,1,339)
w(143,1,1,339)
r(142,3,2,341)
w(143,2,2,341)
w(144,1,2,341)
r(143,2,2,341)
r(143,2,2,341)
w(143,3,2,341)
r(143,3,2,341)
r(143,3,2,341)
w(117,3,3,344)
r(145,0,3,344)
r(144,1,3,344)
r(144,1,3,344)
w(144,2,3,344)
r(143,3,4,345)
r(145,0,4,345)
r(143,3,4,345)
r(143,3,4,345)
r(143,3,5,347)
r(143,3,5,347)
r(147,0,5,347)
w(147,1,5,347)
w(147,2,5,347)
r(147,2,5,347)
r(147,2,5,347)
r(147,2,5,347)
w(144,3,6,349)
w(145,1,6,349)
r(147,2,6,349)
w(147,3,6,349)
w(145,2,6,349)
w(145,3,6,349)
w(149,1,7,351)
r(146,0,7,351)
w(149,2,7,351)
r(146,0,7,351)
w(149,3,7,351)
r(146,0,7,351)
w(148,1,7,351)
r(145,3,7,351)
w(146,1,8,353)
r(148,1,8,353)
r(149,3,8,353)
r(149,3,8,353)
r(146,1,9,356)
r(150,0,9,356)
r(150,0,9,356)
w(146,2,9,356)
w(152,1,9,356)
w(148,3,11,359)
r(153,0,11,359)
r(153,0,11,359)
r(146,2,11,359)
r(153,0,12,361)
r(153,0,12,361)
r(153,0,12,361)
r(153,0,12,361)
w(153,1,13,363)
w(153,2,13,363)
r(153,2,13,363)
w(153,3,13,363)
r(148,3,14,365)
w(155,1,14,365)
w(154,1,14,365)
r(154,1,14,365)
r(154,1,15,367)
r(155,1,15,367)
w(155,2,15,367)
r(154,1,15,367)
r(146,2,15,367)
w(154,2,15,367)
r(150,0,15,367)
w(150,1,15,367)
w(154,3,16,369)
r(146,2,16,369)
r(155,2,16,369)
w(156,1,16,369)
r(156,1,17,371)
r(155,2,17,371)
w(156,2,17,371)
r(155,2,17,371)
r(156,2,17,371)
r(156,2,18,373)
r(150,1,18,373)
w(156,3,18,373)
w(155,3,18,373)
r(156,3,18,373)
r(150,1,18,373)
r(157,0,18,373)
w(157,1,19,375)
r(158,0,19,375)
w(158,1,19,375)
w(157,2,19,375)
r(157,2,19,375)
r(157,2,19,375)
w(157,3,19,375)
w(158,2,19,375)
r(151,0,0,377)
r(157,3,0,377)
w(150,2,0,377)
r(150,2,0,377)
w(150,3,0,377)
w(159,1,0,377)
r(158,2,0,379)
r(158,2,0,379)
r(158,2,0,379)
r(159,1,0,379)
w(158,3,0,379)
w(159,2,0,379)
r(158,3,1,381)
r(159,2,1,381)
w(159,3,1,381)
r(159,3,1,381)
r(159,3,1,381)
r(146,2,1,381)
r(158,3,1,381)
w(161,1,2,383)
r(146,2,2,383)
w(161,2,2,383)
w(162,1,2,383)
r(151,0,3,386)
w(162,2,3,386)
w(161,3,3,386)
r(161,3,3,386)
r(163,0,3,386)
w(151,1,3,386)
r(163,0,4,387)
r(162,2,4,387)
w(163,1,4,387)
w(163,2,4,387)
r(163,2,4,387)
r(163,2,5,389)
w(160,1,5,389)
r(163,2,5,389)
w(162,3,5,389)
w(163,3,6,391)
r(160,1,6,391)
w(160,2,6,391)
r(162,3,6,391)
r(163,3,6,391)
w(164,1,6,391)
w(164,2,6,391)
r(164,2,7,393)
w(165,1,7,393)
w(165,2,7,393)
w(164,3,7,393)
w(151,2,7,393)
r(165,2,8,395)
r(166,0,8,395)
w(165,3,8,395)
r(166,0,8,395)
r(166,0,8,395)
w(146,3,9,397)
r(165,3,9,397)
r(166,0,9,397)
r(166,0,9,397)
r(166,0,9,397)
r(167,0,9,397)
r(167,0,10,399)
r(166,0,10,399)
r(166,0,10,399)
w(167,1,10,399)
r(166,0,10,399)
w(166,1,11,401)
w(167,2,11,401)
r(166,1,11,401)
r(167,2,11,401)
w(166,2,11,401)
w(168,1,11,401)
w(166,3,11,401)
r(168,1,12,403)
r(169,0,12,403)
r(167,2,12,403)
r(169,0,12,403)
r(169,0,12,403)
w(160,3,12,403)
w(168,2,12,403)
r(169,0,12,403)
w(169,1,13,405)
r(169,1,13,405)
r(160,3,13,405)
r(160,3,13,405)
w(169,2,13,405)
r(169,2,13,405)
w(169,3,13,405)
r(167,2,13,405)
r(167,2,14,407)
r(169,3,14,407)
r(171,0,14,407)
w(170,1,14,407)
r(171,0,15,410)
r(171,0,15,410)
r(171,0,15,410)
r(171,0,15,410)
w(167,3,15,410)
r(167,3,15,410)
w(171,1,15,410)
w(170,2,15,410)
r(171,1,17,413)
r(171,1,17,413)
r(167,3,17,413)
w(172,1,17,413)
r(171,1,17,413)
r(170,2,17,413)
w(171,3,17,413)
r(172,1,18,415)
w(172,2,18,415)
r(172,2,18,415)
w(168,3,18,415)
r(172,2,19,417)
w(170,3,19,417)
r(171,3,19,417)
r(172,2,19,417)
w(173,1,0,419)
r(173,1,0,419)
w(173,2,0,419)
r(173,2,0,419)
r(175,0,0,419)
r(172,2,0,421)
w(173,3,0,421)
w(176,1,0,421)
w(172,3,0,421)
w(176,2,1,423)
r(176,2,1,423)
w(176,3,1,423)
w(177,1,1,423)
r(175,0,1,423)
r(175,0,1,423)
r(174,0,1,423)
w(177,2,1,423)
w(174,1,2,425)
r(176,3,2,425)
r(177,2,2,425)
r(177,2,2,425)
w(177,3,2,425)
r(178,0,3,427)
w(178,1,3,427)
w(175,1,3,427)
r(178,1,3,427)
w(178,2,3,427)
r(179,0,3,427)
r(174,1,4,429)
w(179,1,4,429)
w(178,3,4,429)
r(180,0,4,429)
w(179,2,4,429)
r(174,1,4,429)
w(180,1,4,429)
w(180,2,5,431)
r(175,1,5,431)
r(174,1,5,431)
r(179,2,5,431)
r(180,2,5,431)
w(151,3,5,431)
r(180,2,6,433)
r(174,1,6,433)
w(180,3,6,433)
r(179,2,6,433)
w(181,1,7,435)
w(181,2,7,435)
r(174,1,7,435)
w(181,3,7,435)
r(181,3,7,435)
w(175,2,7,435)
r(175,2,7,435)
w(174,2,7,435)
r(174,2,8,437)
w(179,3,8,437)
r(179,3,8,437)
r(182,0,8,437)
r(182,0,8,437)
w(183,1,8,437)
r(174,2,8,437)
w(183,2,9,439)
r(183,2,9,439)
w(174,3,9,439)
r(182,0,9,439)
w(175,3,9,439)
w(184,1,9,439)
r(175,3,9,439)
r(183,2,9,439)
r(182,0,10,441)
r(182,0,10,441)
r(183,2,10,441)
w(182,1,10,441)
r(184,1,10,441)
w(182,2,10,441)
r(182,2,10,441)
r(182,2,10,441)
w(182,3,11,443)
w(184,2,11,443)
w(185,1,11,443)
r(185,1,11,443)
w(184,3,11,443)
r(185,1,11,443)
r(185,1,11,443)
w(183,3,12,445)
r(183,3,12,445)
r(185,1,12,445)
w(185,2,12,445)
r(185,2,12,445)
r(185,2,12,445)
r(185,2,12,445)
w(185,3,13,447)
r(185,3,13,447)
r(187,0,13,447)
r(187,0,13,447)
r(187,0,13,447)
w(187,1,13,447)
r(187,1,14,449)
w(189,1,14,449)
r(175,3,14,449)
w(187,2,14,449)
w(189,2,14,449)
w(188,1,14,449)
r(189,2,14,449)
r(187,2,15,451)
r(187,2,15,451)
w(187,3,15,451)
r(187,3,15,451)
r(189,2,16,453)
r(187,3,16,453)
r(189,2,16,453)
w(189,3,16,453)
r(191,0,16,453)
w(191,1,16,453)
r(188,1,16,453)
r(192,0,17,455)
r(191,1,17,455)
r(190,0,17,455)
w(191,2,17,455)
w(191,3,18,457)
r(191,3,18,457)
r(190,0,18,457)
r(191,3,18,457)
r(193,0,18,457)
w(193,1,18,457)
r(192,0,18,457)
r(193,1,18,457)
w(192,1,19,459)
w(193,2,19,459)
r(192,1,19,459)
r(192,1,19,459)
w(193,3,19,459)
r(192,1,19,459)
r(194,0,19,459)
w(194,1,0,461)
w(188,2,0,461)
w(192,2,0,461)
r(194,1,0,461)
w(194,2,0,461)
w(194,3,0,461)
w(186,1,0,461)
w(192,3,0,463)
r(195,0,0,463)
w(195,1,0,463)
r(195,1,0,463)
r(195,1,0,463)
r(195,1,0,463)
w(195,2,0,463)
w(195,3,0,463)
w(186,2,1,465)
w(197,1,1,465)
w(197,2,1,465)
w(197,3,1,465)
r(188,2,2,467)
r(198,0,2,467)
r(198,0,2,467)
w(198,1,2,467)
w(188,3,2,467)
r(196,0,2,467)
r(190,0,3,469)
w(198,2,3,469)
r(198,2,3,469)
w(190,1,3,469)
r(198,2,3,469)
w(198,3,3,469)
r(196,0,3,469)
r(196,0,3,469)
r(196,0,4,471)
w(199,1,4,471)
w(196,1,4,471)
w(199,2,4,471)
r(199,2,4,471)
r(199,2,4,471)
w(196,2,4,471)
r(188,3,4,471)
r(196,2,5,473)
w(199,3,5,473)
r(200,0,5,473)
w(196,3,5,473)
w(201,1,5,473)
r(200,0,6,475)
w(200,1,6,475)
r(200,1,6,475)
w(200,2,6,475)
w(200,3,6,475)
r(200,3,6,475)
r(190,1,6,475)
r(200,3,6,475)
w(201,2,7,477)
r(200,3,7,477)
r(190,1,7,477)
r(201,2,7,477)
r(190,1,7,477)
r(203,0,7,477)
w(203,1,7,477)
r(202,0,8,479)
w(203,2,8,479)
w(202,1,8,479)
w(202,2,8,479)
r(203,2,8,479)
w(201,3,9,481)
w(203,3,9,481)
r(202,2,9,481)
w(204,1,9,481)
r(203,3,9,481)
r(205,0,10,483)
r(205,0,10,483)
w(205,1,10,483)
w(204,2,10,483)
w(205,2,10,483)
r(186,2,10,483)
r(204,2,10,483)
w(205,3,10,483)
r(204,2,11,485)
r(204,2,11,485)
w(202,3,11,485)
r(205,3,11,485)
w(206,1,12,487)
r(202,3,12,487)
r(206,1,12,487)
r(190,1,12,487)
r(206,1,12,487)
r(206,1,12,487)
w(204,3,13,489)
w(206,2,13,489)
r(202,3,13,489)
r(206,2,13,489)
w(208,1,14,491)
w(206,3,14,491)
r(209,0,14,491)
r(209,0,14,491)
w(208,2,14,491)
r(207,0,14,491)
w(186,3,14,491)
r(208,2,14,491)
w(209,1,15,493)
r(209,1,15,493)
w(208,3,15,493)
r(186,3,15,493)
w(209,2,16,495)
r(186,3,16,495)
r(209,2,16,495)
w(209,3,16,495)
w(210,1,17,497)
w(207,1,17,497)
w(210,2,17,497)
w(190,2,17,497)
w(190,3,17,497)
r(210,2,17,497)
r(210,2,17,497)
w(210,3,18,499)
r(207,1,18,499)
r(210,3,18,499)
r(208,3,18,499)
r(210,3,18,499)
w(211,1,18,499)
w(212,1,18,499)
r(211,1,19,501)
r(211,1,19,501)
r(212,1,19,501)
r(212,1,19,501)
r(186,3,19,501)
w(207,2,19,501)
w(211,2,0,503)
w(211,3,0,503)
w(207,3,0,503)
r(213,0,0,503)
r(186,3,0,503)
r(213,0,0,503)
w(213,1,0,503)
r(207,3,0,503)
r(212,1,0,505)
w(213,2,0,505)
w(213,3,0,505)
r(214,0,0,505)
r(214,0,0,505)
r(186,3,1,507)
w(214,1,1,507)
r(214,1,1,507)
w(214,2,1,507)
w(212,2,1,507)
r(212,2,1,507)
w(214,3,1,507)
r(214,3,2,509)
r(214,3,2,509)
w(215,1,2,509)
w(216,1,2,509)
r(190,3,2,509)
w(215,2,2,509)
r(212,2,3,511)
r(216,1,3,511)
r(190,3,3,511)
r(216,1,3,511)
r(212,2,3,511)
w(215,3,3,511)
w(216,2,3,511)
r(215,3,3,511)
r(212,2,4,513)
r(215,3,4,513)
r(216,2,4,513)
r(215,3,4,513)
r(215,3,4,513)
r(215,3,4,513)
r(216,2,4,513)
r(216,2,5,515)
r(217,0,5,515)
r(215,3,5,515)
w(212,3,5,515)
w(216,3,5,515)
w(219,1,5,515)
r(220,0,5,515)
r(220,0,5,515)
w(220,1,6,517)
r(218,0,6,517)
r(217,0,6,517)
w(220,2,6,517)
r(212,3,7,519)
r(220,2,7,519)
r(212,3,7,519)
r(212,3,7,519)
w(219,2,7,519)
r(220,2,7,519)
r(219,2,7,519)
r(219,2,8,521)
r(212,3,8,521)
r(212,3,8,521)
w(220,3,8,521)
r(222,0,8,521)
r(222,0,8,521)
r(222,0,8,521)
r(221,0,8,521)
w(222,1,9,523)
w(219,3,9,523)
r(219,3,9,523)
r(221,0,9,523)
w(222,2,10,525)
r(222,2,10,525)
r(222,2,10,525)
r(218,0,10,525)
r(222,2,10,525)
r(222,2,10,525)
r(221,0,11,527)
w(222,3,11,527)
w(223,1,11,527)
r(223,1,11,527)
w(224,1,11,527)
w(223,2,11,527)
r(223,2,11,527)
w(224,2,12,529)
w(217,1,12,529)
w(224,3,12,529)
r(223,2,12,529)
r(224,3,13,531)
w(223,3,13,531)
r(221,0,13,531)
w(221,1,13,531)
r(223,3,13,531)
r(224,3,13,531)
r(224,3,14,533)
r(223,3,14,533)
w(221,2,14,533)
w(225,1,14,533)
w(226,1,15,536)
r(225,1,15,536)
w(225,2,15,536)
r(226,1,15,536)
w(226,2,15,536)
r(226,2,15,536)
r(226,2,17,539)
r(226,2,17,539)
w(221,3,17,539)
w(218,2,17,539)
r(225,2,17,539)
w(227,1,17,539)
r(218,2,17,539)
w(218,3,17,539)
w(225,3,18,541)
r(227,1,18,541)
w(227,2,18,541)
r(221,3,18,541)
w(227,3,18,541)
r(228,0,18,541)
r(227,3,18,541)
r(228,0,18,541)
r(228,0,19,544)
w(230,1,19,544)
r(217,1,19,544)
w(228,1,19,544)
r(228,1,19,544)
w(230,2,19,544)
w(230,3,19,544)
r(229,0,19,544)
w(229,1,0,545)
r(218,3,0,545)
r(229,1,0,545)
r(231,0,0,545)
r(229,1,0,545)
w(231,1,0,545)
r(231,1,0,545)
w(228,2,0,547)
r(231,1,0,547)
w(231,2,0,547)
w(229,2,0,547)
r(231,2,0,547)
w(228,3,0,547)
r(228,3,0,547)
r(231,2,1,549)
w(229,3,1,549)
r(229,3,1,549)
r(232,0,1,549)
w(231,3,1,549)
r(231,3,1,549)
w(235,1,1,549)
r(217,1,2,551)
w(235,2,2,551)
w(235,3,2,551)
r(235,3,2,551)
w(232,1,2,551)
w(234,1,2,551)
r(235,3,2,551)
r(234,1,3,553)
r(233,0,3,553)
r(234,1,3,553)
r(233,0,3,553)
r(234,1,3,553)
w(236,1,3,553)
r(234,1,3,553)
w(234,2,3,553)
r(236,1,4,555)
r(236,1,4,555)
w(236,2,4,555)
r(236,2,4,555)
w(236,3,4,555)
r(236,3,4,555)
r(234,2,4,555)
w(237,1,4,555)
r(234,2,5,557)
w(233,1,5,557)
w(233,2,5,557)
r(234,2,5,557)
w(237,2,5,557)
w(237,3,5,557)
w(234,3,5,557)
r(232,1,6,559)
r(234,3,6,559)
w(238,1,6,559)
r(238,1,6,559)
r(238,1,6,559)
w(239,1,6,559)
w(238,2,7,561)
w(239,2,7,561)
r(233,2,7,561)
w(238,3,7,561)
r(238,3,7,561)
r(238,3,7,561)
w(233,3,7,561)
r(238,3,7,561)
r(233,3,8,563)
w(232,2,8,563)
r(239,2,8,563)
w(240,1,8,563)
w(240,2,8,563)
r(232,2,8,563)
r(239,2,8,563)
w(240,3,9,565)
w(242,1,9,565)
r(242,1,9,565)
w(239,3,9,565)
w(242,2,9,565)
r(242,2,9,565)
w(242,3,9,565)
w(241,1,10,567)
w(243,1,10,567)
r(243,1,10,567)
r(239,3,10,567)
w(243,2,10,567)
r(239,3,11,569)
r(239,3,11,569)
r(243,2,11,569)
w(243,3,11,569)
r(243,3,11,569)
r(243,3,11,569)
r(239,3,11,569)
r(243,3,12,571)
w(241,2,12,571)
r(239,3,12,571)
w(244,1,12,571)
r(244,1,12,571)
r(244,1,12,571)
r(239,3,13,573)
r(244,1,13,573)
w(245,1,13,573)
w(244,2,13,573)
w(244,3,13,573)
r(245,1,13,573)
r(244,3,13,573)
r(245,1,14,575)
w(217,2,14,575)
r(245,1,14,575)
w(241,3,14,575)
r(244,3,14,575)
r(244,3,14,575)
w(245,2,14,575)
r(244,3,15,577)
w(245,3,15,577)
r(244,3,15,577)
r(244,3,15,577)
r(244,3,16,579)
r(247,0,16,579)
r(247,0,16,579)
r(247,0,16,579)
r(232,2,16,579)
w(217,3,17,581)
w(247,1,17,581)
r(246,0,17,581)
r(232,2,17,581)
r(247,1,18,583)
w(248,1,18,583)
w(248,2,18,583)
w(248,3,18,583)
w(246,1,18,583)
r(249,0,18,583)
w(249,1,18,583)
r(249,1,19,585)
w(249,2,19,585)
r(246,1,19,585)
r(249,2,19,585)
r(217,3,0,587)
w(247,2,0,587)
r(247,2,0,587)
w(249,3,0,587)
r(246,1,0,587)
r(232,2,0,589)
r(250,0,0,589)
w(250,1,0,589)
r(232,2,0,589)
w(250,2,0,589)
r(250,2,0,589)
w(247,3,0,589)
r(250,2,0,589)
r(250,2,1,591)
w(232,3,1,591)
r(250,2,1,591)
r(247,3,1,591)
r(232,3,1,591)
w(250,3,2,593)
r(246,1,2,593)
r(247,3,2,593)
w(251,1,2,593)
w(251,2,2,593)
w(251,3,2,593)
r(251,3,3,595)
r(252,0,3,595)
r(251,3,3,595)
r(251,3,3,595)
w(252,1,3,595)
r(251,3,3,595)
r(252,1,4,597)
r(251,3,4,597)
r(246,1,4,597)
r(252,1,4,597)
w(246,2,4,597)
w(246,3,4,597)
r(251,3,5,599)
r(252,1,5,599)
w(252,2,5,599)
r(232,3,5,599)
r(251,3,5,599)
r(251,3,5,599)
w(252,3,5,599)
w(253,1,6,601)
r(253,1,6,601)
r(252,3,6,601)
r(254,0,6,601)
w(254,1,6,601)
w(253,2,6,601)
r(254,1,7,603)
w(254,2,7,603)
w(254,3,7,603)
w(256,1,7,603)
r(256,1,7,603)
r(252,3,7,603)
w(257,1,7,603)
r(256,1,7,603)
w(257,2,8,605)
w(256,2,8,605)
w(256,3,8,605)
r(256,3,8,605)
r(257,2,9,607)
r(256,3,9,607)
w(255,1,9,607)
r(253,2,9,607)
w(258,1,10,609)
r(258,1,10,609)
w(258,2,10,609)
w(253,3,10,609)
w(258,3,10,609)
r(260,0,10,609)
r(257,2,10,609)
w(257,3,10,609)
w(261,1,11,611)
r(261,1,11,611)
r(260,0,11,611)
r(261,1,11,611)
w(262,1,11,611)
w(261,2,11,611)
w(262,2,11,611)
w(260,1,11,611)
w(262,3,12,613)
w(261,3,12,613)
r(262,3,12,613)
r(261,3,12,613)
r(261,3,12,613)
w(255,2,12,613)
w(255,3,12,613)
w(263,1,13,615)
r(262,3,13,615)
r(262,3,13,615)
w(263,2,13,615)
w(263,3,13,615)
w(259,1,13,615)
r(266,0,13,615)
w(266,1,13,615)
w(266,2,14,617)
w(259,2,14,617)
r(264,0,14,617)
w(264,1,14,617)
r(260,1,14,617)
w(266,3,14,617)
r(260,1,14,617)
r(264,1,14,617)
r(264,1,15,619)
r(266,3,15,619)
w(264,2,15,619)
r(264,2,15,619)
r(264,2,15,619)
r(266,3,15,619)
r(265,0,16,621)
r(260,1,16,621)
w(267,1,16,621)
w(267,2,16,621)
w(260,2,17,623)
r(264,2,17,623)
w(267,3,17,623)
r(268,0,17,623)
r(268,0,17,623)
w(268,1,17,623)
r(265,0,17,623)
r(259,2,18,625)
r(260,2,18,625)
w(268,2,18,625)
r(264,2,18,625)
w(264,3,18,625)
r(264,3,18,625)
r(268,2,18,625)
w(268,3,18,625)
r(264,3,19,627)
r(268,3,19,627)
r(268,3,19,627)
r(260,2,19,627)
r(260,2,19,627)
r(264,3,19,627)
r(259,2,19,627)
w(260,3,0,629)
w(269,1,0,629)
r(268,3,0,629)
r(268,3,0,629)
r(268,3,0,629)
r(268,3,0,629)
w(270,1,0,631)
r(269,1,0,631)
w(271,1,0,631)
r(269,1,0,631)
w(265,1,0,631)
r(271,1,0,631)
r(269,1,0,631)
r(271,1,0,631)
w(265,2,1,633)
w(269,2,1,633)
w(270,2,1,633)
w(271,2,1,633)
w(270,3,1,633)
w(271,3,1,633)
r(271,3,1,633)
r(271,3,2,635)
w(269,3,2,635)
r(265,2,2,635)
w(272,1,2,635)
w(272,2,3,637)
w(272,3,3,637)
r(272,3,3,637)
w(273,1,3,637)
r(271,3,3,637)
w(273,2,3,637)
w(273,3,4,639)
r(271,3,4,639)
r(271,3,4,639)
r(276,0,4,639)
r(275,0,4,639)
r(275,0,5,641)
r(265,2,5,641)
w(275,1,5,641)
r(274,0,5,641)
w(274,1,5,641)
w(275,2,6,643)
r(276,0,6,643)
r(274,1,6,643)
w(276,1,6,643)
w(274,2,6,643)
w(275,3,6,643)
w(276,2,6,643)
w(276,3,6,643)
r(275,3,7,645)
r(259,2,7,645)
r(276,3,7,645)
r(277,0,7,645)
r(274,2,7,645)
r(277,0,8,647)
w(274,3,8,647)
w(265,3,8,647)
w(279,1,8,647)
w(277,1,8,647)
w(279,2,8,647)
r(277,1,8,647)
r(278,0,8,647)
r(277,1,9,649)
r(278,0,9,649)
r(277,1,9,649)
w(278,1,9,649)
w(278,2,9,649)
w(277,2,9,649)
w(277,3,9,649)
w(278,3,10,651)
r(277,3,10,651)
r(277,3,10,651)
r(277,3,10,651)
r(277,3,11,653)
r(277,3,11,653)
r(280,0,11,653)
w(281,1,11,653)
w(259,3,11,653)
r(281,1,11,653)
w(281,2,11,653)
r(280,0,11,653)
r(281,2,12,655)
r(281,2,12,655)
r(281,2,12,655)
w(279,3,12,655)
w(281,3,12,655)
r(280,0,12,655)
w(280,1,12,655)
r(280,1,12,655)
w(283,1,13,657)
r(282,0,13,657)
r(281,3,13,657)
r(280,1,13,657)
r(283,1,14,659)
w(284,1,14,659)
w(280,2,14,659)
w(284,2,14,659)
r(259,3,14,659)
r(284,2,15,661)
w(284,3,15,661)
r(282,0,15,661)
r(284,3,15,661)
r(285,0,16,663)
r(285,0,16,663)
w(285,1,16,663)
r(285,1,16,663)
w(285,2,16,663)
w(285,3,17,665)
w(286,1,17,665)
r(280,2,17,665)
r(280,2,17,665)
r(283,1,17,665)
w(283,2,17,665)
r(286,1,17,665)
w(286,2,18,667)
r(286,2,18,667)
r(280,2,18,667)
w(283,3,18,667)
w(280,3,18,667)
w(286,3,19,669)
r(287,0,19,669)
w(287,1,19,669)
w(287,2,19,669)
r(287,2,19,669)
r(287,2,19,669)
r(287,2,19,669)
r(280,3,0,671)
r(287,2,0,671)
w(287,3,0,671)
w(288,1,0,671)
w(288,2,0,671)
r(288,2,0,671)
r(282,0,0,673)
r(283,3,0,673)
w(288,3,0,673)
w(290,1,0,673)
w(290,2,0,673)
w(290,3,1,675)
r(259,3,1,675)
r(290,3,1,675)
r(291,0,1,675)
w(289,1,2,677)
w(292,1,2,677)
w(292,2,2,677)
r(289,1,2,677)
r(282,0,3,679)
r(289,1,3,679)
r(292,2,3,679)
w(292,3,3,679)
w(289,2,3,679)
r(291,0,3,679)
r(289,2,3,679)
r(291,0,4,681)
r(282,0,4,681)
w(289,3,4,681)
r(289,3,4,681)
r(291,0,4,681)
r(291,0,4,681)
r(291,0,5,683)
r(293,0,5,683)
w(293,1,5,683)
r(293,1,5,683)
w(293,2,5,683)
w(293,3,5,683)
r(293,3,6,685)
r(293,3,6,685)
w(282,1,6,685)
r(295,0,6,685)
w(291,2,8,688)
r(295,0,8,688)
r(294,0,8,688)
r(295,0,8,688)
r(294,0,8,688)
r(294,0,8,688)
r(291,2,9,691)
w(294,1,9,691)
r(294,1,9,691)
w(295,2,9,691)
w(295,3,9,691)
r(295,3,10,693)
w(296,1,10,693)
w(296,2,10,693)
r(296,2,10,693)
r(296,2,10,693)
w(296,3,10,693)
w(291,3,10,693)
r(294,1,10,693)
r(297,0,11,695)
r(297,0,11,695)
w(294,2,11,695)
w(297,1,11,695)
r(294,2,12,697)
r(297,1,12,697)
r(282,1,12,697)
w(297,2,12,697)
r(297,2,12,697)
w(282,2,12,697)
r(297,2,13,699)
w(282,3,13,699)
w(294,3,13,699)
r(297,2,13,699)
r(298,0,13,699)
r(282,3,14,701)
w(297,3,14,701)
r(299,0,14,701)
w(300,1,14,701)
r(299,0,14,701)
r(300,1,14,701)
w(299,1,14,701)
r(300,1,15,703)
w(300,2,15,703)
w(299,2,15,703)
w(300,3,15,703)
w(299,3,15,703)
r(300,3,16,705)
r(301,0,16,705)
w(301,1,16,705)
w(301,2,16,705)
r(301,2,17,707)
r(298,0,17,707)
w(301,3,17,707)
r(298,0,17,707)
r(301,3,17,707)
r(282,3,17,707)
r(302,0,17,707)
r(302,0,18,709)
r(298,0,18,709)
r(303,0,18,709)
w(298,1,18,709)
r(302,0,18,709)
r(302,0,19,711)
r(303,0,19,711)
w(302,1,19,711)
r(302,1,19,711)
r(298,1,19,711)
r(302,1,0,713)
r(302,1,0,713)
w(302,2,0,713)
r(302,2,0,713)
w(303,1,0,713)
w(304,1,0,713)
w(303,2,0,713)
w(302,3,0,713)
r(302,3,0,715)
r(302,3,0,715)
r(305,0,0,715)
w(303,3,0,715)
r(305,0,0,715)
w(305,1,0,715)
w(298,2,0,715)
w(306,1,1,717)
w(305,2,1,717)
w(306,2,1,717)
r(298,2,1,717)
w(305,3,1,717)
r(306,2,2,719)
r(305,3,2,719)
r(306,2,2,719)
r(305,3,2,719)
w(298,3,3,721)
w(304,2,3,721)
r(305,3,3,721)
r(305,3,3,721)
r(307,0,3,721)
w(307,1,3,721)
r(307,1,4,723)
r(307,1,4,723)
r(308,0,4,723)
r(306,2,4,723)
w(307,2,4,723)
r(307,2,5,726)
w(306,3,5,726)
r(307,2,5,726)
r(306,3,5,726)
r(307,2,5,726)
w(304,3,6,727)
w(307,3,6,727)
r(307,3,6,727)
r(307,3,6,727)
r(311,0,6,727)
r(298,3,6,727)
r(311,0,7,729)
w(309,1,7,729)
r(310,0,7,729)
w(309,2,7,729)
r(311,0,7,729)
w(311,1,8,731)
w(311,2,8,731)
r(310,0,8,731)
w(311,3,8,731)
w(309,3,8,731)
w(310,1,9,733)
r(313,0,9,733)
w(310,2,9,733)
r(312,0,9,733)
r(314,0,9,733)
r(313,0,9,733)
r(313,0,9,733)
w(314,1,9,733)
w(313,1,10,735)
r(313,1,10,735)
r(313,1,10,735)
w(314,2,10,735)
w(313,2,10,735)
w(313,3,10,735)
w(314,3,10,735)
r(313,3,10,735)
w(312,1,11,737)
r(315,0,11,737)
r(316,0,11,737)
w(316,1,11,737)
r(316,1,11,737)
w(310,3,11,737)
r(316,1,12,739)
r(316,1,12,739)
w(316,2,12,739)
w(312,2,12,739)
w(316,3,12,739)
r(315,0,12,739)
r(317,0,13,741)
w(317,1,13,741)
r(312,2,13,741)
r(317,1,13,741)
r(312,2,14,743)
w(312,3,14,743)
w(317,2,14,743)
w(317,3,14,743)
r(318,0,14,743)
r(317,3,14,743)
r(317,3,14,743)
r(315,0,14,743)
w(315,1,15,745)
r(310,3,15,745)
r(315,1,15,745)
r(308,0,15,745)
r(315,1,15,745)
r(315,1,15,745)
w(315,2,16,747)
w(315,3,16,747)
w(318,1,16,747)
r(319,0,16,747)
r(321,0,17,749)
w(321,1,17,749)
r(321,1,17,749)
w(319,1,17,749)
r(321,1,17,749)
r(319,1,18,751)
w(320,1,18,751)
w(320,2,18,751)
r(319,1,18,751)
r(321,1,18,751)
r(318,1,18,751)
r(319,1,18,751)
r(321,1,19,753)
r(320,2,19,753)
w(321,2,19,753)
r(308,0,19,753)
w(319,2,19,753)
w(319,3,19,753)
r(318,1,19,753)
w(322,1,0,755)
r(318,1,0,755)
r(320,2,0,755)
r(322,1,0,755)
r(322,1,0,755)
r(322,1,0,755)
w(322,2,0,755)
r(322,2,0,755)
r(320,2,0,757)
w(322,3,0,757)
r(321,2,0,757)
w(321,3,0,757)
r(322,3,0,757)
r(318,1,0,757)
r(322,3,0,757)
r(324,0,1,759)
r(324,0,1,759)
r(324,0,1,759)
w(324,1,1,759)
r(324,1,1,759)
r(324,1,1,759)
r(318,1,1,759)
r(324,1,2,761)
r(324,1,2,761)
w(308,1,2,761)
w(323,1,2,761)
r(318,1,3,763)
r(323,1,3,763)
r(324,1,3,763)
w(324,2,3,763)
w(323,2,3,763)
w(323,3,3,763)
w(320,3,3,763)
r(323,3,4,765)
w(324,3,4,765)
r(324,3,4,765)
w(327,1,4,765)
r(327,1,4,765)
w(327,2,4,765)
r(327,2,5,767)
w(325,1,5,767)
r(326,0,5,767)
r(327,2,5,767)
r(326,0,5,767)
w(318,2,5,767)
r(318,2,6,769)
r(325,1,6,769)
w(325,2,6,769)
w(327,3,6,769)
r(325,2,6,769)
r(328,0,6,769)
r(325,2,6,769)
r(328,0,6,769)
r(328,0,7,771)
r(328,0,7,771)
r(328,0,7,771)
w(318,3,7,771)
w(325,3,7,771)
r(325,3,7,771)
w(328,1,7,771)
w(308,2,7,771)
r(330,0,8,773)
w(329,1,8,773)
r(328,1,8,773)
r(330,0,8,773)
w(329,2,8,773)
w(330,1,8,773)
r(328,1,8,773)
w(328,2,8,773)
r(328,2,9,775)
r(328,2,9,775)
r(328,2,9,775)
r(308,2,9,775)
w(330,2,10,777)
r(329,2,10,777)
r(330,2,10,777)
w(330,3,10,777)
r(326,0,10,777)
r(330,3,10,777)
r(328,2,11,779)
r(328,2,11,779)
r(328,2,11,779)
w(328,3,11,779)
r(329,2,11,779)
r(331,0,11,779)
r(331,0,12,781)
w(332,1,12,781)
r(331,0,12,781)
r(329,2,12,781)
r(331,0,12,781)
r(331,0,12,781)
r(331,0,12,781)
r(332,1,12,781)
w(332,2,13,783)
r(332,2,13,783)
w(332,3,13,783)
r(331,0,13,783)
r(332,3,14,785)
r(332,3,14,785)
r(331,0,14,785)
w(331,1,14,785)
r(332,3,14,785)
w(333,1,15,787)
w(329,3,15,787)
r(326,0,15,787)
w(333,2,15,787)
w(331,2,16,789)
w(333,3,16,789)
w(334,1,16,789)
w(308,3,16,789)
r(326,0,16,789)
r(334,1,16,789)
w(334,2,16,789)
w(334,3,17,791)
r(334,3,17,791)
w(331,3,17,791)
r(336,0,17,791)
r(334,3,17,791)
r(326,0,18,793)
r(326,0,18,793)
r(335,0,18,793)
r(334,3,18,793)
w(336,1,18,793)
r(336,1,18,793)
r(336,1,19,795)
r(326,0,19,795)
r(308,3,19,795)
w(337,1,19,795)
w(336,2,19,795)
w(337,2,19,795)
r(337,2,19,795)
w(335,1,0,797)
w(337,3,0,797)
r(336,2,0,797)
r(338,0,0,797)
w(338,1,0,797)
w(338,2,0,799)
w(336,3,0,799)
w(338,3,0,799)
r(338,3,0,799)
w(340,1,0,799)
w(340,2,0,799)
r(335,1,0,799)
r(340,2,1,801)
w(340,3,1,801)
r(326,0,1,801)
r(341,0,1,801)
r(341,0,2,803)
w(341,1,2,803)
r(339,0,2,803)
r(326,0,2,803)
w(339,1,2,803)
w(341,2,2,803)
r(335,1,2,803)
w(341,3,2,803)
w(335,2,3,805)
r(341,3,3,805)
w(326,1,3,805)
r(341,3,3,805)
r(339,1,3,805)
r(335,2,3,805)
w(339,2,3,805)
r(342,0,4,807)
w(342,1,4,807)
r(339,2,4,807)
r(342,1,4,807)
r(342,1,5,809)
r(342,1,5,809)
r(335,2,5,809)
r(342,1,5,809)
w(335,3,5,809)
r(342,1,5,809)
w(339,3,5,809)
r(342,1,5,809)
r(342,1,6,811)
w(342,2,6,811)
w(342,3,6,811)
r(342,3,6,811)
r(339,3,6,811)
r(344,0,6,811)
w(344,1,6,811)
r(344,1,7,813)
w(344,2,7,813)
w(344,3,7,813)
r(344,3,7,813)
r(339,3,7,813)
r(339,3,8,815)
r(343,0,8,815)
r(345,0,8,815)
w(345,1,8,815)
w(326,2,9,817)
r(345,1,9,817)
r(345,1,9,817)
w(343,1,9,817)
w(345,2,9,817)
w(345,3,9,817)
w(346,1,9,817)
r(343,1,9,817)
r(345,3,10,819)
r(345,3,10,819)
w(343,2,10,819)
w(347,1,10,819)
r(346,1,10,819)
r(346,1,10,819)
r(347,1,10,819)
r(346,1,11,821)
w(347,2,11,821)
w(347,3,11,821)
w(343,3,11,821)
r(347,3,11,821)
w(346,2,11,821)
w(346,3,11,821)
w(326,3,11,821)
w(348,1,12,823)
w(348,2,12,823)
r(348,2,12,823)
w(348,3,12,823)
r(348,3,13,825)
r(343,3,13,825)
r(350,0,13,825)
r(350,0,13,825)
r(349,0,13,825)
w(350,1,14,827)
w(350,2,14,827)
r(350,2,14,827)
w(349,1,14,827)
r(350,2,14,827)
w(350,3,15,829)
r(350,3,15,829)
r(349,1,15,829)
w(349,2,15,829)
r(350,3,15,829)
r(350,3,15,829)
r(350,3,15,829)
r(350,3,16,831)
w(353,1,16,831)
w(353,2,16,831)
r(349,2,16,831)
r(349,2,16,831)
r(353,2,16,831)
r(352,0,16,831)
r(353,2,16,831)
w(353,3,17,833)
w(349,3,17,833)
w(354,1,17,833)
w(355,1,17,833)
w(352,1,17,833)
w(355,2,17,833)
r(354,1,18,835)
r(355,2,18,835)
r(355,2,18,835)
w(354,2,18,835)
w(355,3,18,835)
w(354,3,18,835)
r(356,0,18,835)
w(351,1,18,835)
w(356,1,19,838)
r(357,0,19,838)
w(356,2,19,838)
w(356,3,19,838)
r(356,3,19,838)
r(351,1,0,840)
r(357,0,0,840)
r(356,0,0,840)
r(357,0,0,840)
r(358,0,0,840)
r(358,0,0,840)
w(358,1,0,840)
r(357,0,0,840)
r(357,0,1,843)
r(358,1,1,843)
r(358,1,1,843)
w(357,1,1,843)
r(352,1,2,845)
w(359,1,2,845)
w(358,3,2,845)
r(359,1,2,845)
w(351,3,2,845)
r(357,1,3,847)
r(360,0,3,847)
r(352,1,3,847)
w(357,2,3,847)
r(360,0,3,847)
r(357,2,4,849)
w(360,1,4,849)
w(359,2,4,849)
r(360,1,4,849)
r(357,2,4,849)
w(360,2,4,849)
r(357,2,4,849)
r(357,2,5,851)
w(360,3,5,851)
r(352,1,5,851)
r(361,0,5,851)
r(361,0,5,851)
w(359,3,5,851)
r(361,0,6,853)
w(357,3,6,853)
w(362,1,6,853)
w(362,2,6,853)
r(361,0,6,853)
w(362,3,6,853)
r(362,3,7,855)
w(361,1,7,855)
r(361,1,7,855)
r(361,1,7,855)
r(361,1,7,855)
w(361,2,7,855)
r(363,0,8,857)
w(361,3,8,857)
w(352,2,8,857)
w(363,1,8,857)
w(364,1,8,857)
r(363,1,8,857)
r(352,2,8,857)
r(363,1,8,857)
r(363,1,9,859)
r(364,1,9,859)
r(364,1,9,859)
r(363,1,9,859)
w(363,2,9,859)
w(364,2,10,861)
r(364,2,10,861)
r(363,2,10,861)
w(363,3,10,861)
w(364,3,10,861)
r(359,3,11,863)
r(363,3,11,863)
r(365,0,11,863)
r(366,0,11,863)
r(351,3,12,865)
r(366,0,12,865)
w(366,1,12,865)
w(365,1,12,865)
r(352,2,12,865)
w(352,3,12,865)
r(365,1,12,865)
w(366,2,13,867)
w(365,2,13,867)
w(365,3,13,867)
r(366,2,13,867)
r(366,2,13,867)
w(367,1,14,869)
r(368,0,14,869)
r(367,1,14,869)
r(368,0,14,869)
w(368,1,14,869)
r(368,1,14,869)
r(368,1,14,869)
r(367,1,14,869)
r(368,1,15,871)
w(368,2,15,871)
w(366,3,15,871)
r(367,1,15,871)
r(366,3,16,873)
r(368,2,16,873)
r(368,2,16,873)
r(359,3,16,873)
w(368,3,16,873)
r(368,3,16,873)
r(368,3,16,873)
r(351,3,16,873)
w(369,1,17,875)
r(367,1,17,875)
r(370,0,17,875)
r(369,1,17,875)
r(369,1,17,875)
r(369,1,17,875)
w(367,2,17,875)
r(367,2,17,875)
r(369,1,18,877)
r(369,1,18,877)
r(369,1,18,877)
w(369,2,18,877)
w(370,1,18,877)
r(359,3,19,879)
r(369,2,19,879)
r(369,2,19,879)
w(370,2,19,879)
w(369,3,19,879)
r(370,2,19,879)
w(372,1,19,879)
w(372,2,0,881)
r(370,2,0,881)
r(370,2,0,881)
w(372,3,0,881)
r(367,2,0,883)
w(374,1,0,883)
w(373,1,0,883)
w(370,3,0,883)
w(367,3,0,883)
r(374,1,0,883)
r(374,1,0,883)
r(374,1,0,883)
r(367,3,1,885)
w(374,2,1,885)
r(371,0,1,885)
r(374,2,1,885)
w(375,1,2,887)
r(375,1,2,887)
r(374,2,2,887)
r(375,1,2,887)
w(374,3,2,887)
r(374,3,2,887)
w(373,2,3,889)
r(374,3,3,889)
w(375,2,3,889)
r(367,3,3,889)
r(375,2,3,889)
r(375,2,3,889)
w(376,1,4,891)
r(376,1,4,891)
w(376,2,4,891)
w(375,3,4,891)
r(375,3,5,893)
r(376,2,5,893)
w(376,3,5,893)
w(377,1,5,893)
r(377,1,5,893)
r(371,0,5,893)
r(375,3,5,893)
w(377,2,5,893)
w(377,3,6,895)
r(378,0,6,895)
r(379,0,6,895)
w(378,1,6,895)
r(367,3,6,895)
w(379,1,7,897)
w(378,2,7,897)
r(379,1,7,897)
w(379,2,7,897)
w(379,3,8,899)
w(378,3,8,899)
r(378,3,8,899)
r(381,0,8,899)
r(382,0,8,899)
w(381,1,8,899)
w(381,2,8,899)
r(380,0,9,901)
r(382,0,9,901)
r(381,2,9,901)
r(373,2,9,901)
w(381,3,9,901)
w(371,1,9,901)
r(381,3,9,901)
r(381,3,9,901)
r(381,3,10,903)
r(381,3,10,903)
w(380,1,10,903)
r(382,0,10,903)
r(382,0,10,903)
r(383,0,10,903)
w(382,1,11,905)
w(382,2,11,905)
w(371,2,11,905)
w(383,1,11,905)
r(382,2,12,907)
r(383,1,12,907)
w(383,2,12,907)
w(383,3,12,907)
w(384,1,12,907)
r(384,1,13,909)
w(384,2,13,909)
r(384,2,13,909)
w(384,3,13,909)
r(384,3,13,909)
w(380,2,13,909)
w(382,3,13,909)
w(385,1,13,909)
w(385,2,14,911)
w(385,3,14,911)
r(382,3,14,911)
w(380,3,14,911)
w(387,1,14,911)
r(387,1,15,913)
w(387,2,15,913)
r(387,2,15,913)
r(387,2,15,913)
r(387,2,15,913)
r(387,2,16,915)
w(387,3,16,915)
r(387,3,16,915)
r(387,3,16,915)
r(388,0,17,917)
r(380,3,17,917)
w(386,1,17,917)
r(388,0,17,917)
r(386,1,17,917)
w(386,2,18,919)
r(388,0,18,919)
r(388,0,18,919)
r(388,0,18,919)
w(388,1,19,921)
w(388,2,19,921)
r(380,3,19,921)
w(373,3,19,921)
w(389,1,0,923)
w(388,3,0,923)
w(386,3,0,923)
r(390,0,0,923)
r(386,3,0,925)
r(386,3,0,925)
r(390,0,0,925)
r(390,0,0,925)
r(390,0,0,925)
r(386,3,0,925)
r(392,0,1,927)
w(392,1,1,927)
w(390,1,1,927)
w(390,2,1,927)
r(391,0,1,927)
r(392,1,1,927)
r(390,2,1,927)
w(392,2,2,929)
r(390,2,2,929)
r(389,1,2,929)
w(390,3,2,929)
r(392,2,2,929)
r(392,2,2,929)
r(392,2,2,929)
w(392,3,2,929)
w(393,1,3,931)
r(392,3,3,931)
w(393,2,3,931)
w(391,1,3,931)
w(393,3,3,931)
w(389,2,3,931)
r(394,0,3,931)
r(394,0,4,933)
r(393,3,4,933)
r(395,0,4,933)
r(395,0,4,933)
w(394,1,4,933)
r(394,1,4,933)
w(394,2,5,935)
r(389,2,5,935)
w(395,1,5,935)
w(395,2,5,935)
r(389,2,6,937)
r(395,2,6,937)
r(389,2,6,937)
w(394,3,6,937)
w(395,3,6,937)
r(395,3,6,937)
r(394,3,6,937)
r(391,1,7,939)
w(396,1,7,939)
r(396,1,7,939)
w(396,2,7,939)
w(396,3,7,939)
r(396,3,7,939)
w(389,3,7,939)
w(371,3,7,939)
w(397,1,8,941)
w(398,1,8,941)
r(389,3,8,941)
w(398,2,8,941)
r(398,2,8,941)
r(398,2,8,941)
w(398,3,9,944)
r(397,1,9,944)
r(397,1,9,944)
r(371,3,9,944)
r(397,1,9,944)
r(398,3,9,944)
r(397,1,9,944)
r(399,0,9,944)
w(399,1,10,945)
w(397,2,10,945)
w(399,2,10,945)
r(399,2,10,945)
r(389,3,10,945)
r(397,2,10,945)
r(399,2,11,947)
r(389,3,11,947)
r(389,3,11,947)
r(399,2,11,947)
r(399,2,12,949)
r(399,2,12,949)
r(399,2,12,949)
w(399,3,12,949)
w(397,3,12,949)
r(391,1,12,949)
r(399,3,12,949)
r(399,3,12,949)
r(402,0,13,951)
w(402,1,13,951)
w(400,1,13,951)
r(403,0,13,951)
r(400,1,13,951)
r(403,0,14,953)
w(403,1,14,953)
w(403,2,14,953)
w(400,2,14,953)
w(403,3,15,955)
w(402,2,15,955)
w(404,1,15,955)
w(400,3,15,955)
w(404,2,15,955)
r(404,2,16,957)
w(405,1,16,957)
r(404,2,16,957)
w(404,3,16,957)
r(404,3,16,957)
w(391,2,16,957)
r(404,3,16,957)
r(406,0,17,959)
w(406,1,17,959)
w(402,3,17,959)
r(406,1,17,959)
w(391,3,17,959)
r(391,3,17,959)
r(406,1,18,961)
r(406,1,18,961)
w(406,2,18,961)
w(406,3,18,961)
r(391,3,19,963)
w(405,2,19,963)
w(405,3,19,963)
w(401,1,19,963)
r(402,3,0,966)
w(407,1,0,966)
r(405,3,0,966)
r(405,3,0,966)
r(402,3,0,966)
r(407,1,0,966)
r(407,1,0,966)
r(405,3,0,966)
r(408,0,1,969)
w(407,3,1,969)
r(405,3,1,969)
r(407,3,1,969)
r(407,3,1,969)
r(405,3,1,969)
r(401,1,1,969)
w(409,1,2,971)
r(408,0,2,971)
w(410,1,2,971)
w(408,2,2,971)
w(410,2,3,973)
r(411,0,3,973)
r(410,2,3,973)
r(409,1,3,973)
w(409,2,3,973)
w(410,3,3,973)
r(410,3,3,973)
w(408,3,4,975)
r(409,2,4,975)
r(408,3,4,975)
r(412,0,4,975)
r(412,0,4,975)
w(412,1,4,975)
w(412,2,4,975)
w(412,3,4,975)
r(411,0,5,977)
w(411,1,5,977)
r(408,3,5,977)
w(409,3,5,977)
w(401,2,5,977)
w(413,1,6,980)
r(413,1,6,980)
r(411,1,6,980)
w(413,2,6,980)
r(413,2,7,981)
w(413,3,7,981)
r(413,3,7,981)
r(413,3,7,981)
r(413,3,7,981)
w(415,1,8,983)
r(414,0,8,983)
w(414,1,8,983)
r(414,1,8,983)
r(415,1,8,983)
r(415,1,9,985)
w(415,2,9,985)
r(414,1,9,985)
r(414,1,9,985)
w(414,2,10,987)
r(408,3,10,987)
w(414,3,10,987)
r(415,2,10,987)
r(408,3,10,987)
r(415,2,10,987)
r(401,2,10,987)
r(416,0,11,989)
r(415,2,11,989)
w(416,1,11,989)
r(411,1,11,989)
w(416,2,11,989)
r(416,2,11,989)
r(416,2,11,989)
w(415,3,11,989)
w(401,3,12,991)
w(416,3,12,991)
r(416,3,12,991)
r(416,3,12,991)
r(419,0,12,991)
w(417,1,13,993)
r(419,0,13,993)
w(419,1,13,993)
r(419,1,13,993)
r(418,0,13,993)
w(418,1,13,993)
w(419,2,14,995)
w(419,3,14,995)
w(418,2,14,995)
r(411,1,14,995)
r(411,1,15,997)
w(411,2,15,997)
r(417,1,15,997)
w(418,3,15,997)
r(418,3,15,997)
r(417,1,16,999)
r(418,3,16,999)
r(418,3,16,999)
r(411,2,16,999)
w(420,1,16,999)
r(411,2,16,999)
w(420,2,16,999)
r(418,3,17,1001)
r(418,3,17,1001)
r(411,2,17,1001)
w(411,3,17,1001)
r(421,0,17,1001)
w(420,3,18,1003)
r(422,0,18,1003)
w(421,1,18,1003)
w(423,1,18,1003)
r(423,1,18,1003)
r(423,1,18,1003)
w(422,1,18,1003)
r(423,1,18,1003)
w(423,2,19,1005)
r(422,1,19,1005)
r(422,1,19,1005)
w(423,3,19,1005)
w(421,2,19,1005)
r(417,1,0,1007)
r(423,3,0,1007)
r(424,0,0,1007)
w(424,1,0,1007)
r(424,1,0,1009)
w(424,2,0,1009)
r(421,2,0,1009)
w(421,3,0,1009)
w(424,3,0,1009)
r(421,3,0,1009)
r(417,1,0,1009)
r(424,3,0,1009)
r(422,1,1,1012)
r(424,3,1,1012)
r(424,3,1,1012)
r(425,0,1,1012)
w(425,1,1,1012)
w(422,2,1,1012)
w(417,2,1,1012)
r(425,1,1,1012)
r(425,1,3,1015)
w(426,1,3,1015)
r(426,1,3,1015)
w(426,2,3,1015)
w(426,3,4,1017)
r(428,0,4,1017)
r(429,0,4,1017)
w(429,1,4,1017)
r(428,0,4,1017)
r(428,0,5,1019)
w(428,1,5,1019)
r(429,1,5,1019)
r(428,1,5,1019)
r(428,1,5,1019)
w(429,2,5,1019)
r(429,2,6,1021)
r(430,0,6,1021)
w(428,2,6,1021)
r(429,2,6,1021)
r(429,2,7,1023)
w(429,3,7,1023)
r(431,0,7,1023)
w(431,1,7,1023)
r(428,2,7,1023)
r(430,0,8,1025)
w(431,2,8,1025)
r(431,2,8,1025)
r(430,0,8,1025)
r(431,2,8,1025)
r(431,2,8,1025)
r(431,2,8,1025)
w(428,3,8,1025)
r(431,2,9,1027)
r(431,2,9,1027)
r(428,3,9,1027)
w(417,3,9,1027)
w(431,3,9,1027)
w(432,1,10,1029)
w(432,2,10,1029)
w(432,3,10,1029)
r(428,3,10,1029)
r(432,3,10,1029)
r(432,3,11,1032)
r(433,0,11,1032)
r(433,0,11,1032)
r(433,0,11,1032)
r(430,0,11,1032)
w(433,1,12,1033)
w(427,1,12,1033)
w(434,1,12,1033)
r(433,1,12,1033)
w(433,2,13,1035)
w(433,3,13,1035)
r(433,3,13,1035)
r(433,3,13,1035)
w(434,2,13,1035)
r(433,3,13,1035)
r(430,0,14,1037)
w(434,3,14,1037)
r(434,3,14,1037)
w(435,1,14,1037)
w(435,2,15,1039)
r(434,3,15,1039)
r(435,2,15,1039)
r(434,3,15,1039)
w(435,3,15,1039)
w(436,1,15,1039)
r(435,3,16,1041)
w(430,1,16,1041)
w(436,2,16,1041)
w(437,1,16,1041)
r(437,1,16,1041)
w(436,3,16,1041)
r(430,1,16,1041)
r(437,1,17,1043)
w(437,2,17,1043)
r(436,3,17,1043)
w(437,3,17,1043)
r(417,3,19,1047)
w(438,3,19,1047)
r(438,3,19,1047)
w(439,1,19,1047)
r(438,3,19,1047)
r(430,1,19,1047)
r(439,1,19,1047)
r(430,1,0,1049)
r(441,0,0,1049)
r(441,0,0,1049)
w(439,2,0,1049)
r(430,1,0,1051)
r(441,0,0,1051)
w(430,2,0,1051)
w(441,1,0,1051)
r(439,2,0,1051)
w(441,2,1,1053)
w(441,3,1,1053)
w(430,3,1,1053)
w(442,1,1,1053)
r(440,0,1,1053)
r(443,0,1,1053)
r(442,1,1,1053)
w(443,1,1,1053)
r(439,2,2,1055)
r(442,1,2,1055)
w(442,2,2,1055)
w(442,3,2,1055)
r(439,2,3,1057)
r(439,2,3,1057)
w(440,1,3,1057)
w(443,2,3,1057)
w(439,3,3,1057)
w(444,1,3,1057)
r(440,1,3,1057)
r(443,2,4,1059)
w(440,2,4,1059)
r(444,1,4,1059)
r(444,1,4,1059)
r(445,0,4,1059)
r(445,0,5,1061)
w(443,3,5,1061)
w(444,2,5,1061)
r(444,2,5,1061)
r(444,2,5,1061)
w(444,3,6,1063)
r(444,3,6,1063)
r(443,3,6,1063)
w(440,3,6,1063)
r(444,3,7,1065)
r(444,3,7,1065)
r(445,0,7,1065)
r(443,3,7,1065)
r(444,3,7,1065)
w(446,1,7,1065)
r(440,3,7,1065)
w(445,1,8,1067)
w(427,2,8,1067)
r(447,0,8,1067)
w(447,1,8,1067)
r(445,1,8,1067)
r(445,1,9,1069)
w(447,2,9,1069)
w(446,2,9,1069)
r(447,2,9,1069)
r(446,2,9,1069)
r(447,2,9,1069)
w(447,3,10,1071)
r(447,3,10,1071)
w(445,2,10,1071)
r(447,3,10,1071)
r(448,0,10,1071)
w(445,3,10,1071)
w(448,1,11,1073)
r(445,3,11,1073)
r(440,3,11,1073)
r(440,3,11,1073)
r(446,2,12,1075)
w(448,2,12,1075)
w(448,3,12,1075)
w(450,1,12,1075)
w(446,3,12,1075)
w(449,1,12,1075)
w(450,2,12,1075)
r(450,2,12,1075)
r(450,2,13,1077)
r(446,3,13,1077)
w(449,2,13,1077)
r(450,2,13,1077)
r(446,3,14,1079)
w(450,3,14,1079)
r(450,3,14,1079)
r(446,3,14,1079)
r(449,2,14,1079)
r(450,3,14,1079)
r(427,2,15,1081)
w(427,3,15,1081)
w(452,1,15,1081)
r(452,1,15,1081)
w(452,2,15,1081)
w(452,3,15,1081)
w(453,1,16,1083)
w(453,2,16,1083)
w(453,3,16,1083)
r(449,2,16,1083)
r(453,3,16,1083)
r(453,3,17,1085)
r(449,2,17,1085)
w(449,3,17,1085)
r(440,3,17,1085)
w(454,1,18,1087)
r(454,1,18,1087)
r(454,1,18,1087)
r(454,1,18,1087)
r(449,3,18,1087)
r(454,1,18,1087)
r(449,3,19,1089)
w(454,2,19,1089)
w(454,3,19,1089)
r(454,3,19,1089)
r(449,3,0,1091)
r(451,0,0,1091)
r(457,0,0,1091)
w(456,1,0,1091)
r(451,0,0,1091)
w(451,1,0,1091)
w(451,2,0,1093)
r(455,0,0,1093)
r(451,2,0,1093)
w(456,2,0,1093)
w(456,3,1,1095)
r(451,2,1,1095)
w(457,1,1,1095)
r(459,0,1,1095)
r(457,1,1,1095)
w(459,1,1,1095)
w(451,3,1,1095)
w(459,2,1,1095)
w(459,3,2,1097)
r(451,3,2,1097)
r(460,0,2,1097)
w(460,1,2,1097)
w(460,2,2,1097)
r(460,2,3,1099)
r(460,2,3,1099)
r(460,2,3,1099)
r(457,1,3,1099)
w(457,2,4,1101)
w(460,3,4,1101)
w(461,1,4,1101)
r(461,1,4,1101)
r(461,1,4,1101)
r(462,0,4,1101)
r(457,2,4,1101)
r(457,2,5,1103)
r(461,1,5,1103)
w(461,2,5,1103)
r(457,2,5,1103)
r(458,0,5,1103)
r(461,2,5,1103)
r(457,2,6,1105)
r(461,2,6,1105)
w(457,3,6,1105)
w(461,3,6,1105)
r(461,3,6,1105)
r(461,3,7,1107)
r(462,0,7,1107)
r(463,0,7,1107)
r(461,3,7,1107)
r(461,3,7,1107)
r(461,3,7,1107)
r(462,0,7,1107)
w(464,1,7,1107)
w(464,2,8,1109)
r(458,0,8,1109)
r(463,0,8,1109)
r(463,0,8,1109)
w(464,3,8,1109)
r(464,3,8,1109)
r(464,3,8,1109)
r(462,0,9,1111)
r(464,3,9,1111)
r(464,3,9,1111)
r(464,3,9,1111)
r(464,3,9,1111)
w(463,1,10,1113)
r(463,1,10,1113)
r(464,3,10,1113)
w(462,1,10,1113)
w(465,1,10,1113)
r(465,1,10,1113)
r(463,1,10,1113)
w(465,2,11,1115)
w(463,2,11,1115)
w(462,2,11,1115)
w(465,3,11,1115)
r(463,2,12,1117)
w(463,3,12,1117)
r(463,3,12,1117)
r(463,3,12,1117)
w(462,3,13,1119)
r(458,0,13,1119)
w(458,1,13,1119)
r(467,0,13,1119)
w(466,1,13,1119)
r(458,1,13,1119)
r(462,3,13,1119)
w(455,1,14,1121)
r(467,0,14,1121)
r(467,0,14,1121)
r(467,0,14,1121)
r(466,1,14,1121)
w(467,1,15,1123)
w(467,2,15,1123)
w(455,2,15,1123)
r(466,1,15,1123)
r(466,1,15,1123)
r(468,0,15,1123)
w(466,2,16,1125)
w(458,2,16,1125)
w(455,3,16,1125)
r(466,2,16,1125)
r(455,3,16,1125)
r(466,2,16,1125)
r(458,2,16,1125)
w(468,1,17,1127)
w(466,3,17,1127)
w(469,1,17,1127)
w(469,2,17,1127)
r(458,2,17,1127)
w(467,3,18,1129)
w(469,3,18,1129)
r(470,0,18,1129)
r(458,2,18,1129)
w(470,1,19,1131)
r(470,1,19,1131)
r(470,1,19,1131)
r(471,0,19,1131)
r(468,1,0,1133)
w(470,2,0,1133)
w(470,3,0,1133)
w(471,1,0,1133)
r(470,3,0,1133)
w(468,2,0,1133)
w(468,3,0,1136)
r(471,1,0,1136)
w(472,1,0,1136)
r(472,1,0,1136)
w(472,2,0,1136)
w(475,2,2,1139)
r(475,2,2,1139)
r(475,2,2,1139)
w(475,3,2,1139)
w(471,2,2,1139)
w(471,3,3,1141)
r(475,3,3,1141)
r(475,3,3,1141)
r(473,0,3,1141)
r(458,2,3,1141)
r(475,3,4,1143)
r(475,3,4,1143)
r(475,3,4,1143)
w(476,1,4,1143)
r(476,1,4,1143)
r(478,0,4,1143)
w(478,1,5,1145)
r(478,1,5,1145)
r(477,0,5,1145)
r(473,0,5,1145)
w(477,1,6,1147)
w(478,2,6,1147)
r(473,0,6,1147)
w(477,2,6,1147)
r(478,2,6,1147)
r(477,2,6,1147)
w(478,3,6,1147)
r(473,0,7,1149)
r(477,2,7,1149)
w(474,1,7,1149)
r(479,0,7,1149)
w(476,2,8,1151)
r(479,0,8,1151)
w(479,1,8,1151)
w(474,2,8,1151)
r(473,0,8,1151)
w(479,2,8,1151)
r(479,2,8,1151)
r(477,2,9,1153)
w(477,3,9,1153)
w(474,3,9,1153)
r(473,0,9,1153)
r(477,3,9,1153)
w(479,3,10,1155)
r(477,3,10,1155)
r(473,0,10,1155)
r(482,0,10,1155)
w(482,1,10,1155)
r(473,0,11,1157)
w(482,2,11,1157)
r(482,2,11,1157)
w(481,1,11,1157)
w(481,2,11,1157)
w(481,3,11,1157)
r(482,2,11,1157)
w(482,3,12,1159)
w(484,1,12,1159)
r(483,0,12,1159)
w(483,1,12,1159)
r(484,1,12,1159)
w(483,2,12,1159)
w(484,2,12,1159)
r(484,2,13,1161)
r(483,2,13,1161)
w(484,3,13,1161)
r(473,0,13,1161)
w(483,3,13,1161)
r(485,0,14,1163)
r(486,0,14,1163)
w(473,3,14,1163)
r(485,0,14,1163)
w(485,1,14,1163)
w(485,2,14,1163)
r(486,0,15,1165)
w(476,3,15,1165)
w(485,3,15,1165)
w(486,1,15,1165)
r(487,0,15,1165)
r(486,1,16,1167)
r(476,3,16,1167)
r(486,1,16,1167)
r(486,1,16,1167)
w(487,1,16,1167)
w(487,2,16,1167)
r(487,2,16,1167)
r(487,2,17,1169)
r(487,2,17,1169)
r(487,2,17,1169)
r(487,2,17,1169)
r(476,3,17,1169)
r(487,2,17,1169)
r(486,1,18,1171)
r(480,0,18,1171)
r(476,3,18,1171)
r(487,2,18,1171)
r(476,3,19,1173)
w(486,2,19,1173)
w(486,3,19,1173)
r(487,2,19,1173)
w(487,3,19,1173)
r(473,3,19,1173)
r(486,3,0,1175)
r(489,0,0,1175)
r(486,3,0,1175)
w(489,1,0,1175)
w(489,2,0,1175)
w(489,3,0,1175)
r(473,3,0,1175)
r(489,3,0,1175)
w(490,1,0,1177)
r(490,1,0,1177)
r(488,0,0,1177)
w(488,1,0,1177)
w(490,2,0,1177)
r(492,0,0,1177)
w(491,1,0,1177)
r(492,0,0,1177)
w(491,2,1,1179)
w(492,1,1,1179)
w(492,2,1,1179)
r(492,2,1,1179)
w(492,3,2,1181)
r(493,0,2,1181)
r(490,2,2,1181)
w(488,2,2,1181)
w(493,1,2,1181)
r(490,2,2,1181)
r(493,1,2,1181)
w(493,2,2,1181)
r(490,2,3,1183)
r(493,2,3,1183)
w(493,3,3,1183)
w(490,3,3,1183)
w(491,3,3,1183)
r(494,0,3,1183)
w(488,3,4,1185)
r(494,0,4,1185)
r(494,0,4,1185)
r(494,0,4,1185)
w(494,1,4,1185)
r(494,1,4,1185)
r(494,1,4,1185)
r(494,1,4,1185)
r(495,0,5,1187)
w(494,2,5,1187)
r(495,0,5,1187)
w(494,3,5,1187)
r(494,3,5,1187)
r(494,3,5,1187)
w(495,1,5,1187)
r(496,0,6,1189)
w(496,1,6,1189)
r(496,1,6,1189)
w(496,2,6,1189)
w(496,3,6,1189)
w(495,2,6,1189)
w(495,3,6,1189)
r(497,0,7,1191)
r(496,3,7,1191)
w(497,1,7,1191)
w(480,1,7,1191)
r(497,1,8,1193)
w(499,1,8,1193)
r(499,1,8,1193)
r(499,1,8,1193)
w(497,2,9,1195)
w(499,2,9,1195)
r(488,3,9,1195)
r(498,0,9,1195)
w(499,3,9,1195)
r(497,2,10,1197)
w(497,3,10,1197)
r(501,0,10,1197)
r(501,0,10,1197)
r(501,0,10,1197)
r(500,0,10,1197)
w(500,1,11,1199)
w(498,1,11,1199)
w(501,1,11,1199)
w(501,2,11,1199)
r(502,0,11,1199)
r(501,2,11,1199)
r(501,2,11,1199)
r(501,2,11,1199)
w(501,3,12,1201)
w(502,1,12,1201)
r(498,1,12,1201)
w(502,2,12,1201)
w(503,1,12,1201)
w(502,3,13,1203)
r(503,1,13,1203)
r(504,0,13,1203)
r(503,1,13,1203)
r(504,0,14,1205)
r(503,1,14,1205)
r(504,0,14,1205)
r(500,1,14,1205)
w(503,2,15,1207)
r(498,1,15,1207)
w(504,1,15,1207)
w(480,2,15,1207)
r(503,2,15,1207)
r(503,2,16,1209)
r(503,2,16,1209)
w(498,2,16,1209)
w(500,2,16,1209)
w(504,2,16,1209)
w(503,3,16,1209)
r(498,2,16,1209)
w(504,3,17,1211)
r(504,3,17,1211)
r(505,0,17,1211)
w(505,1,17,1211)
r(498,2,17,1211)
r(498,2,17,1211)
w(505,2,18,1213)
r(500,2,18,1213)
w(505,3,18,1213)
r(505,3,18,1213)
r(506,0,19,1215)
r(500,2,19,1215)
r(507,0,19,1215)
w(507,1,19,1215)
r(507,1,19,1215)
r(507,1,19,1215)
r(507,1,19,1215)
r(507,1,19,1215)
r(506,0,0,1217)
r(500,2,0,1217)
r(500,2,0,1217)
w(506,1,0,1217)
w(507,2,0,1217)
r(480,2,0,1217)
r(506,1,0,1217)
r(498,2,0,1219)
r(500,2,0,1219)
r(507,2,0,1219)
w(498,3,0,1219)
w(507,3,0,1219)
w(506,2,1,1221)
w(506,3,1,1221)
r(498,3,1,1221)
r(508,0,1,1221)
r(508,0,1,1221)
w(508,1,1,1221)
w(508,2,2,1223)
r(506,3,2,1223)
r(498,3,2,1223)
r(508,2,2,1223)
r(509,0,2,1223)
w(500,3,2,1223)
r(508,2,2,1223)
w(508,3,2,1223)
w(511,1,3,1225)
w(511,2,3,1225)
w(511,3,3,1225)
r(509,0,3,1225)
r(509,0,3,1225)
w(512,1,3,1225)
r(498,3,3,1225)
r(498,3,4,1227)
r(509,0,4,1227)
w(512,2,4,1227)
w(480,3,4,1227)
w(512,3,4,1227)
r(512,3,4,1227)
r(512,3,4,1227)
r(512,3,5,1229)
r(509,0,5,1229)
r(509,0,5,1229)
r(480,3,5,1229)
r(480,3,5,1229)
w(513,1,5,1229)
w(514,1,6,1231)
r(513,1,6,1231)
r(513,1,6,1231)
w(513,2,6,1231)
w(514,2,6,1231)
r(513,2,6,1231)
w(509,1,7,1233)
w(513,3,7,1233)
r(509,1,7,1233)
r(516,0,7,1233)
r(516,0,8,1235)
r(516,0,8,1235)
r(515,0,8,1235)
r(516,0,8,1235)
w(509,2,8,1235)
w(509,3,8,1235)
r(516,0,9,1237)
w(514,3,9,1237)
w(516,1,9,1237)
r(516,1,9,1237)
r(516,1,9,1237)
r(516,1,9,1237)
r(509,3,10,1239)
r(509,3,10,1239)
r(509,3,10,1239)
w(516,2,10,1239)
w(510,1,10,1239)
r(517,0,10,1239)
r(515,0,11,1241)
r(516,2,11,1241)
w(516,3,11,1241)
w(518,1,11,1241)
r(517,0,11,1241)
r(518,1,11,1241)
w(519,1,11,1241)
r(510,1,11,1241)
w(518,2,12,1243)
r(519,1,12,1243)
r(517,0,12,1243)
r(510,1,12,1243)
r(519,1,12,1243)
r(518,2,13,1245)
w(518,3,13,1245)
r(518,3,13,1245)
r(518,3,13,1245)
r(519,1,13,1245)
w(519,2,13,1245)
r(517,0,13,1245)
w(520,1,14,1247)
r(519,2,14,1247)
r(520,1,14,1247)
w(520,2,14,1247)
r(520,2,15,1249)
r(510,1,15,1249)
r(520,2,15,1249)
w(520,3,15,1249)
r(519,2,15,1249)
r(520,3,15,1249)
w(519,3,15,1249)
r(520,3,15,1249)
r(522,0,16,1251)
r(522,0,16,1251)
w(521,1,16,1251)
r(522,0,16,1251)
w(522,1,17,1253)
w(517,1,17,1253)
w(522,2,17,1253)
r(521,1,17,1253)
w(522,3,17,1253)
w(517,2,17,1253)
r(522,3,18,1255)
w(510,2,18,1255)
w(521,2,18,1255)
w(521,3,18,1255)
r(522,3,18,1255)
r(523,0,18,1255)
r(521,3,18,1255)
r(521,3,18,1255)
w(523,1,19,1257)
w(523,2,19,1257)
r(523,2,19,1257)
w(523,3,19,1257)
r(524,0,19,1257)
w(524,1,19,1257)
r(525,0,19,1257)
r(525,0,0,1259)
r(525,0,0,1259)
w(510,3,0,1259)
r(525,0,0,1259)
r(525,0,0,1259)
w(525,1,0,1259)
w(524,2,0,1261)
w(524,3,0,1261)
w(525,2,0,1261)
r(525,2,0,1261)
w(525,3,0,1261)
r(525,3,0,1261)
r(525,3,0,1261)
r(525,3,0,1261)
w(527,1,1,1263)
w(527,2,1,1263)
r(517,2,1,1263)
r(527,2,1,1263)
r(527,2,1,1263)
w(517,3,1,1263)
r(527,2,1,1263)
w(528,1,1,1263)
w(528,2,2,1265)
r(527,2,2,1265)
r(527,2,2,1265)
w(527,3,2,1265)
r(527,3,2,1265)
w(528,3,2,1265)
w(529,1,3,1267)
w(530,1,3,1267)
r(529,1,3,1267)
r(527,3,3,1267)
w(529,2,3,1267)
r(531,0,3,1267)
w(530,2,3,1267)
r(529,2,3,1267)
w(531,1,4,1270)
w(530,3,4,1270)
w(531,2,4,1270)
r(529,2,4,1270)
w(531,3,4,1270)
r(533,0,4,1270)
w(532,1,5,1271)
r(532,1,5,1271)
r(529,2,5,1271)
r(533,0,5,1271)
r(526,0,5,1271)
r(532,1,6,1273)
r(532,1,6,1273)
w(533,1,6,1273)
r(533,1,6,1273)
w(533,2,6,1273)
r(529,2,7,1275)
r(533,2,7,1275)
r(515,0,7,1275)
r(526,0,7,1275)
w(515,1,7,1275)
r(533,2,7,1275)
w(533,3,7,1275)
w(534,1,7,1275)
w(534,2,8,1277)
w(534,3,8,1277)
r(534,3,8,1277)
r(532,1,8,1277)
r(532,1,8,1277)
w(535,1,8,1277)
w(535,2,8,1277)
r(535,2,9,1279)
w(529,3,9,1279)
r(515,1,9,1279)
w(532,2,9,1279)
w(532,3,9,1279)
w(535,3,9,1279)
w(515,2,9,1279)
r(529,3,10,1281)
w(536,1,10,1281)
r(535,3,10,1281)
w(536,2,10,1281)
r(537,0,10,1281)
r(526,0,10,1281)
w(515,3,11,1283)
r(537,0,11,1283)
w(537,1,11,1283)
r(537,1,11,1283)
r(536,2,11,1283)
w(537,2,11,1283)
r(537,2,11,1283)
w(536,3,12,1285)
w(537,3,12,1285)
r(529,3,12,1285)
w(526,1,12,1285)
r(537,3,12,1285)
r(537,3,12,1285)
r(529,3,12,1285)
r(526,1,13,1287)
r(539,0,13,1287)
r(529,3,13,1287)
r(538,0,13,1287)
r(539,0,14,1289)
r(539,0,14,1289)
w(526,2,14,1289)
r(539,0,14,1289)
r(539,0,14,1289)
w(539,1,14,1289)
w(539,2,14,1289)
r(539,2,14,1289)
w(526,3,15,1291)
w(539,3,15,1291)
w(540,1,15,1291)
w(538,1,15,1291)
r(539,3,15,1291)
r(539,3,15,1291)
r(541,0,15,1291)
r(539,3,16,1293)
r(538,1,16,1293)
r(539,3,16,1293)
r(538,1,16,1293)
w(540,2,16,1293)
w(538,2,16,1293)
r(540,2,17,1296)
w(540,3,17,1296)
w(542,1,17,1296)
r(538,2,17,1296)
r(542,1,17,1296)
w(542,3,19,1299)
r(544,0,19,1299)
r(544,0,19,1299)
r(545,0,19,1299)
w(544,1,19,1299)
w(544,2,19,1299)
r(543,0,19,1299)
w(544,3,0,1301)
w(545,1,0,1301)
w(541,1,0,1301)
w(545,2,0,1301)
w(545,3,0,1301)
r(547,0,0,1301)
r(547,0,0,1301)
w(547,1,0,1303)
r(543,0,0,1303)
r(547,1,0,1303)
r(546,0,0,1303)
r(546,0,0,1303)
w(547,2,1,1305)
w(547,3,1,1305)
r(543,0,1,1305)
r(547,3,1,1305)
r(547,3,1,1305)
r(547,3,1,1305)
r(547,3,2,1307)
w(548,1,2,1307)
w(543,1,2,1307)
r(546,0,2,1307)
r(546,0,2,1307)
w(548,2,3,1309)
r(546,0,3,1309)
r(546,0,3,1309)
w(546,1,3,1309)
w(541,2,4,1311)
w(548,3,4,1311)
w(546,2,4,1311)
r(549,0,4,1311)
r(549,0,4,1311)
w(549,1,4,1311)
w(543,2,4,1311)
r(541,2,5,1313)
r(549,1,5,1313)
w(549,2,5,1313)
r(549,2,5,1313)
r(549,2,5,1313)
r(546,2,5,1313)
w(549,3,5,1313)
r(549,3,6,1315)
r(543,2,6,1315)
r(549,3,6,1315)
w(541,3,6,1315)
r(549,3,6,1315)
w(546,3,6,1315)
w(550,1,7,1317)
r(550,1,7,1317)
r(546,3,7,1317)
r(550,1,7,1317)
w(550,2,7,1317)
w(550,3,8,1319)
r(551,0,8,1319)
w(551,1,8,1319)
r(550,3,8,1319)
r(550,3,8,1319)
r(551,1,8,1319)
w(551,2,9,1321)
w(543,3,9,1321)
w(552,1,9,1321)
w(551,3,9,1321)
r(553,0,9,1321)
r(552,1,9,1321)
w(553,1,10,1323)
w(552,2,10,1323)
w(552,3,10,1323)
r(553,1,10,1323)
r(556,0,10,1323)
w(556,1,10,1323)
r(556,1,10,1323)
w(556,2,11,1325)
w(553,2,11,1325)
r(553,2,11,1325)
r(556,2,11,1325)
r(556,2,12,1327)
r(553,2,12,1327)
r(553,2,12,1327)
r(541,3,12,1327)
r(556,2,12,1327)
w(556,3,12,1327)
w(554,1,12,1327)
r(554,1,13,1329)
r(557,0,13,1329)
r(553,2,13,1329)
r(553,2,13,1329)
w(557,1,13,1329)
w(554,2,13,1329)
r(554,2,13,1329)
w(557,2,14,1331)
w(557,3,14,1331)
r(557,3,14,1331)
r(553,2,14,1331)
w(554,3,14,1331)
r(554,3,14,1331)
r(554,3,14,1331)
r(557,3,14,1331)
w(553,3,15,1333)
r(555,0,15,1333)
w(559,1,15,1333)
r(554,3,15,1333)
w(558,1,15,1333)
r(559,1,16,1335)
w(559,2,16,1335)
w(559,3,16,1335)
r(559,3,16,1335)
w(562,1,16,1335)
r(562,1,16,1335)
w(562,2,16,1335)
w(558,2,17,1337)
w(561,1,17,1337)
w(562,3,17,1337)
r(561,1,17,1337)
r(562,3,17,1337)
r(563,0,18,1339)
r(560,0,18,1339)
r(561,1,18,1339)
w(563,1,18,1339)
w(563,2,18,1339)
r(558,2,18,1339)
w(563,3,19,1341)
r(563,3,19,1341)
r(561,1,19,1341)
r(561,1,19,1341)
r(555,0,19,1341)
r(563,3,19,1341)
w(561,2,19,1341)
w(560,1,0,1343)
r(560,1,0,1343)
w(564,1,0,1343)
r(560,1,0,1343)
r(561,2,0,1343)
w(555,1,0,1343)
r(564,1,0,1343)
w(561,3,0,1345)
r(564,1,0,1345)
w(564,2,0,1345)
r(560,1,0,1345)
r(564,2,1,1347)
r(561,3,1,1347)
w(564,3,1,1347)
r(558,2,1,1347)
r(560,1,1,1347)
r(561,3,1,1347)
r(560,1,2,1349)
r(560,1,2,1349)
w(560,2,2,1349)
w(560,3,2,1349)
r(560,3,2,1349)
r(565,0,3,1351)
r(565,0,3,1351)
r(565,0,3,1351)
r(560,3,3,1351)
r(560,3,3,1351)
r(565,0,4,1353)
w(565,1,4,1353)
w(565,2,4,1353)
r(565,2,4,1353)
w(566,1,4,1353)
r(565,2,4,1353)
r(565,2,4,1353)
r(565,2,5,1355)
r(561,3,5,1355)
w(565,3,5,1355)
w(558,3,5,1355)
w(567,1,5,1355)
r(567,1,5,1355)
w(567,2,6,1357)
w(567,3,6,1357)
r(567,3,6,1357)
r(555,1,6,1357)
r(566,1,6,1357)
r(566,1,7,1359)
r(555,1,7,1359)
r(567,3,7,1359)
r(567,3,7,1359)
w(568,1,7,1359)
r(567,3,7,1359)
r(569,0,7,1359)
w(569,1,7,1359)
w(569,2,8,1361)
r(566,1,8,1361)
w(569,3,8,1361)
w(568,2,8,1361)
r(570,0,8,1361)
w(566,2,8,1361)
w(570,1,8,1361)
r(566,2,9,1363)
w(566,3,9,1363)
r(570,1,9,1363)
w(568,3,9,1363)
r(570,1,9,1363)
r(566,3,9,1363)
r(566,3,9,1363)
w(571,1,10,1365)
w(555,2,10,1365)
w(570,2,10,1365)
r(570,2,10,1365)
w(571,2,10,1365)
w(570,3,10,1365)
w(573,1,10,1365)
w(572,1,10,1365)
w(571,3,11,1367)
w(573,2,11,1367)
r(572,1,11,1367)
r(573,2,11,1367)
w(572,2,12,1369)
r(573,2,12,1369)
r(573,2,12,1369)
w(573,3,12,1369)
w(572,3,12,1369)
w(574,1,13,1371)
r(573,3,13,1371)
r(573,3,13,1371)
w(555,3,13,1371)
w(574,2,13,1371)
r(573,3,13,1371)
r(573,3,13,1371)
r(574,2,14,1373)
r(576,0,14,1373)
w(576,1,14,1373)
w(576,2,14,1373)
r(576,2,14,1373)
r(576,2,14,1373)
r(572,3,14,1373)
r(576,2,14,1373)
r(572,3,15,1375)
w(576,3,15,1375)
r(577,0,15,1375)
r(578,0,15,1375)
r(578,0,16,1377)
w(577,1,16,1377)
w(578,1,16,1377)
w(578,2,16,1377)
w(575,1,16,1377)
w(578,3,16,1377)
r(578,3,16,1377)
r(577,1,17,1379)
r(577,1,17,1379)
r(580,0,17,1379)
r(574,2,17,1379)
w(577,2,17,1379)
w(574,3,17,1379)
r(580,0,18,1381)
r(577,2,18,1381)
r(577,2,18,1381)
r(574,3,18,1381)
r(580,0,18,1381)
r(577,2,18,1381)
w(580,1,18,1381)
w(577,3,18,1381)
w(580,2,19,1383)
r(575,1,19,1383)
r(574,3,19,1383)
w(575,2,19,1383)
r(582,0,19,1383)
r(580,2,0,1385)
w(580,3,0,1385)
r(579,0,0,1385)
w(579,1,0,1385)
w(583,1,0,1385)
w(583,2,0,1385)
r(583,2,0,1387)
w(582,1,0,1387)
w(575,3,0,1387)
w(582,2,0,1387)
r(583,2,0,1387)
r(582,2,0,1387)
w(583,3,0,1387)
w(584,1,1,1389)
w(584,2,1,1389)
r(584,2,1,1389)
w(581,1,1,1389)
r(584,2,1,1389)
w(584,3,1,1389)
r(584,3,2,1391)
w(582,3,2,1391)
r(584,3,2,1391)
w(586,1,2,1391)
w(579,2,3,1393)
w(587,1,3,1393)
r(586,1,3,1393)
w(579,3,3,1393)
r(587,1,3,1393)
w(587,2,4,1395)
r(587,2,4,1395)
r(587,2,4,1395)
w(585,1,4,1395)
r(581,1,5,1397)
r(585,1,5,1397)
r(587,2,5,1397)
w(581,2,5,1397)
w(585,2,5,1397)
r(586,1,5,1397)
w(587,3,6,1399)
r(587,3,6,1399)
r(587,3,6,1399)
w(588,1,6,1399)
r(588,1,6,1399)
r(581,2,6,1399)
w(586,2,6,1399)
r(581,2,7,1401)
w(588,2,7,1401)
w(585,3,7,1401)
w(581,3,7,1401)
w(589,1,7,1401)
r(586,2,8,1403)
r(588,2,8,1403)
r(586,2,8,1403)
w(588,3,8,1403)
r(586,2,9,1405)
r(588,3,9,1405)
w(590,1,9,1405)
r(589,1,9,1405)
r(589,1,9,1405)
w(589,2,10,1407)
r(590,1,10,1407)
r(590,1,10,1407)
w(590,2,10,1407)
w(590,3,10,1407)
r(590,3,10,1407)
r(590,3,10,1407)
r(586,2,10,1407)
w(589,3,11,1409)
r(590,3,11,1409)
r(590,3,11,1409)
r(591,0,11,1409)
r(590,3,11,1409)
r(592,0,11,1409)
r(592,0,11,1409)
r(592,0,11,1409)
r(592,0,12,1411)
w(592,1,12,1411)
r(591,0,12,1411)
w(592,2,12,1411)
r(591,0,12,1411)
r(592,2,12,1411)
r(592,2,12,1411)
r(592,2,12,1411)
r(592,2,13,1413)
r(592,2,13,1413)
r(593,0,13,1413)
w(592,3,13,1413)
r(579,3,13,1413)
w(586,3,13,1413)
r(592,3,14,1415)
r(592,3,14,1415)
r(592,3,14,1415)
r(592,3,14,1415)
r(592,3,14,1415)
w(591,1,14,1415)
r(591,1,14,1415)
w(593,1,14,1415)
w(591,2,15,1417)
r(594,0,15,1417)
r(594,0,15,1417)
w(594,1,15,1417)
r(591,2,16,1419)
w(591,3,16,1419)
r(594,1,16,1419)
r(594,1,16,1419)
r(594,1,16,1419)
w(593,2,17,1421)
r(594,1,17,1421)
w(594,2,17,1421)
r(594,2,17,1421)
r(591,3,17,1421)
r(594,2,18,1424)
w(594,3,18,1424)
w(593,3,18,1424)
r(595,0,18,1424)
w(595,1,18,1424)
w(596,1,18,1424)
r(598,0,18,1424)
r(598,0,18,1424)
r(595,0,19,1425)
w(597,1,19,1425)
r(593,2,19,1425)
r(597,1,19,1425)
w(598,1,19,1425)
r(597,1,0,1427)
r(598,1,0,1427)
w(597,2,0,1427)
w(598,2,0,1427)
w(598,3,0,1427)
w(595,2,0,1427)
r(597,2,0,1429)
r(598,3,0,1429)
r(600,0,0,1429)
w(600,1,0,1429)
w(595,3,0,1429)
w(600,2,1,1431)
r(597,2,1,1431)
r(597,2,1,1431)
w(597,3,1,1431)
r(600,2,1,1431)
r(600,2,2,1433)
w(600,3,2,1433)
r(597,3,2,1433)
w(601,1,2,1433)
r(601,1,2,1433)
w(596,2,3,1435)
w(601,2,3,1435)
w(601,3,3,1435)
r(602,0,3,1435)
r(601,3,3,1435)
w(604,1,3,1435)
r(596,2,3,1435)
w(604,2,3,1435)
w(604,3,4,1437)
r(602,0,4,1437)
r(605,0,4,1437)
r(605,0,4,1437)
r(605,0,4,1437)
r(605,0,4,1437)
r(605,0,4,1437)
r(602,0,5,1439)
w(605,1,5,1439)
r(605,1,5,1439)
w(605,2,5,1439)
r(605,2,5,1439)
w(605,3,6,1441)
w(596,3,6,1441)
r(603,0,6,1441)
w(603,1,6,1441)
w(603,2,7,1443)
w(603,3,7,1443)
w(599,1,7,1443)
w(606,1,7,1443)
w(606,2,7,1443)
r(603,3,7,1443)
w(602,1,7,1443)
r(606,2,8,1445)
r(606,2,8,1445)
w(606,3,8,1445)
r(606,3,8,1445)
r(606,3,8,1445)
r(602,1,8,1445)
w(602,2,8,1445)
r(603,3,9,1447)
w(607,1,9,1447)
r(607,1,9,1447)
r(607,1,9,1447)
w(607,2,9,1447)
r(607,2,10,1449)
w(602,3,10,1449)
w(608,1,10,1449)
r(608,1,10,1449)
r(607,2,10,1449)
w(599,2,10,1449)
r(602,3,10,1449)
r(607,2,11,1451)
w(607,3,11,1451)
w(608,2,11,1451)
r(602,3,11,1451)
r(609,0,11,1451)
w(608,3,11,1451)
r(609,0,12,1453)
r(608,3,12,1453)
w(609,1,12,1453)
r(602,3,12,1453)
r(602,3,13,1455)
r(609,1,13,1455)
r(599,2,13,1455)
r(608,3,13,1455)
r(596,3,13,1455)
r(608,3,13,1455)
r(609,1,14,1457)
r(609,1,14,1457)
w(610,1,14,1457)
r(609,1,14,1457)
w(609,2,14,1457)
r(609,2,14,1457)
r(608,3,14,1457)
r(609,2,14,1457)
r(608,3,15,1459)
w(609,3,15,1459)
r(611,0,15,1459)
r(610,1,15,1459)
r(612,0,16,1461)
r(612,0,16,1461)
w(612,1,16,1461)
w(612,2,16,1461)
w(612,3,16,1461)
w(610,2,16,1461)
r(611,0,17,1463)
w(613,1,17,1463)
w(610,3,17,1463)
w(613,2,17,1463)
w(613,3,17,1463)
r(614,0,17,1463)
r(613,3,17,1463)
r(613,3,18,1465)
r(613,3,18,1465)
r(613,3,18,1465)
r(608,3,18,1465)
w(615,1,18,1465)
r(608,3,19,1467)
w(614,1,19,1467)
w(615,2,19,1467)
r(614,1,19,1467)
w(611,1,19,1467)
w(599,3,19,1467)
r(599,3,19,1467)
w(616,1,19,1467)
r(616,1,0,1469)
r(616,1,0,1469)
w(616,2,0,1469)
w(615,3,0,1469)
r(616,2,0,1469)
w(614,2,0,1469)
r(616,2,0,1469)
w(617,1,0,1469)
w(614,3,0,1471)
w(616,3,0,1471)
r(617,1,0,1471)
w(618,1,0,1471)
r(618,1,0,1471)
r(617,1,0,1471)
w(617,2,1,1473)
w(617,3,1,1473)
r(617,3,1,1473)
w(618,2,1,1473)
r(621,0,1,1473)
r(619,0,1,1473)
w(620,1,1,1473)
r(621,0,1,1473)
w(619,1,2,1475)
r(621,0,2,1475)
r(618,2,2,1475)
w(618,3,2,1475)
w(621,1,2,1475)
r(621,1,2,1475)
r(611,1,3,1477)
w(621,2,3,1477)
w(611,2,3,1477)
r(621,2,3,1477)
r(622,0,3,1477)
r(622,0,3,1477)
w(622,1,4,1479)
w(622,2,4,1479)
r(619,1,4,1479)
w(622,3,4,1479)
w(621,3,5,1481)
w(619,2,5,1481)
w(623,1,5,1481)
r(620,1,5,1481)
r(621,3,5,1481)
r(623,1,5,1481)
w(623,2,6,1483)
r(623,2,6,1483)
w(624,1,6,1483)
w(623,3,6,1483)
w(611,3,6,1483)
w(624,2,6,1483)
w(624,3,6,1483)
w(620,2,7,1485)
r(624,3,7,1485)
w(620,3,7,1485)
r(625,0,7,1485)
r(620,3,7,1485)
w(626,1,7,1485)
r(625,0,8,1487)
w(626,2,8,1487)
w(625,1,8,1487)
r(626,2,8,1487)
r(627,0,8,1487)
w(626,3,8,1487)
r(625,1,9,1489)
w(625,2,9,1489)
r(626,3,9,1489)
w(619,3,9,1489)
w(625,3,9,1489)
r(625,3,10,1491)
r(626,3,10,1491)
r(629,0,10,1491)
r(627,0,10,1491)
r(630,0,10,1491)
r(630,0,10,1491)
r(630,0,11,1493)
w(630,1,11,1493)
w(627,1,11,1493)
r(630,1,11,1493)
w(628,1,11,1493)
r(630,1,11,1493)
r(630,1,11,1493)
w(627,2,11,1493)
w(631,1,12,1495)
w(630,2,12,1495)
w(630,3,12,1495)
r(632,0,12,1495)
r(632,0,12,1495)
r(631,1,13,1497)
w(632,1,13,1497)
r(632,1,13,1497)
r(632,1,13,1497)
r(631,1,14,1499)
w(632,2,14,1499)
w(632,3,14,1499)
r(632,3,14,1499)
r(631,1,15,1501)
w(631,2,15,1501)
w(631,3,15,1501)
r(632,3,15,1501)
r(632,3,15,1501)
r(629,0,15,1501)
r(632,3,15,1501)
r(634,0,16,1503)
w(634,1,16,1503)
r(633,0,16,1503)
w(634,2,16,1503)
w(634,3,16,1503)
r(634,3,16,1503)
r(633,0,16,1503)
w(633,1,17,1505)
r(635,0,17,1505)
w(635,1,17,1505)
r(635,1,17,1505)
r(635,1,17,1505)
r(633,1,18,1507)
w(635,2,18,1507)
r(635,2,18,1507)
r(635,2,18,1507)
w(635,3,19,1509)
r(633,1,19,1509)
w(629,1,19,1509)
r(633,1,19,1509)
r(635,3,0,1511)
r(635,3,0,1511)
r(635,3,0,1511)
r(633,1,0,1511)
r(627,2,0,1511)
r(633,1,0,1513)
r(635,3,0,1513)
w(636,1,0,1513)
w(629,2,0,1513)
r(636,1,0,1513)
w(628,2,0,1513)
w(633,2,0,1513)
w(636,2,1,1515)
r(636,2,1,1515)
r(636,2,1,1515)
w(633,3,1,1515)
r(636,2,1,1515)
r(633,3,1,1515)
w(636,3,1,1515)
r(637,0,1,1515)
r(637,0,2,1517)
w(627,3,2,1517)
r(637,0,2,1517)
w(637,1,2,1517)
w(637,2,2,1517)
r(637,2,2,1517)
w(637,3,3,1519)
r(640,0,3,1519)
w(640,1,3,1519)
w(639,1,3,1519)
r(639,1,3,1519)
w(639,2,4,1521)
w(640,2,4,1521)
w(639,3,4,1521)
r(639,3,4,1521)
r(640,2,4,1521)
r(640,2,4,1521)
w(640,3,5,1523)
r(639,3,5,1523)
r(640,3,5,1523)
r(639,3,5,1523)
r(628,2,6,1525)
r(641,0,6,1525)
w(641,1,6,1525)
r(641,1,6,1525)
r(628,2,6,1525)
r(641,1,6,1525)
w(629,3,7,1527)
w(641,2,7,1527)
r(638,0,7,1527)
r(641,2,7,1527)
r(642,0,7,1527)
w(628,3,7,1527)
w(641,3,7,1527)
r(642,0,7,1527)
r(641,3,8,1529)
w(643,1,8,1529)
r(644,0,8,1529)
r(643,1,8,1529)
w(642,1,9,1531)
w(643,2,9,1531)
r(638,0,9,1531)
r(642,1,9,1531)
w(642,2,9,1531)
w(642,3,9,1531)
r(643,2,10,1533)
w(644,1,10,1533)
w(643,3,10,1533)
r(643,3,10,1533)
w(645,1,10,1533)
r(645,1,10,1533)
r(645,1,10,1533)
r(645,1,10,1533)
r(642,3,11,1535)
w(645,2,11,1535)
r(645,2,11,1535)
r(645,2,11,1535)
r(646,0,12,1537)
r(646,0,12,1537)
r(645,2,12,1537)
r(645,2,12,1537)
r(645,2,12,1537)
r(645,2,13,1539)
w(638,1,13,1539)
w(646,1,13,1539)
w(645,3,13,1539)
r(644,1,13,1539)
w(646,2,13,1539)
w(647,1,13,1539)
w(647,2,14,1541)
w(647,3,14,1541)
r(644,1,14,1541)
r(644,1,14,1541)
r(649,0,14,1541)
w(648,1,14,1541)
w(646,3,15,1543)
r(644,1,15,1543)
w(648,2,15,1543)
w(648,3,15,1543)
w(649,1,15,1543)
r(638,1,16,1545)
r(644,1,16,1545)
r(650,0,16,1545)
w(651,1,16,1545)
w(651,2,16,1545)
r(651,2,16,1545)
w(644,2,16,1545)
w(644,3,17,1547)
r(650,0,17,1547)
r(651,2,17,1547)
r(651,2,17,1547)
r(650,0,18,1549)
r(651,2,18,1549)
r(650,0,18,1549)
r(650,0,18,1549)
w(650,1,18,1549)
r(650,1,19,1551)
w(638,2,19,1551)
w(650,2,19,1551)
w(650,3,19,1551)
r(644,3,19,1551)
w(651,3,19,1551)
r(652,0,19,1551)
r(652,0,19,1551)
r(652,0,0,1553)
w(653,1,0,1553)
r(653,1,0,1553)
w(652,1,0,1553)
r(652,1,0,1555)
w(652,2,0,1555)
w(654,1,0,1555)
w(638,3,0,1555)
w(654,2,0,1555)
w(654,3,0,1555)
r(655,0,0,1555)
w(649,2,0,1555)
r(655,0,1,1557)
w(652,3,1,1557)
r(655,0,1,1557)
r(652,3,1,1557)
w(655,1,1,1557)
w(655,2,1,1557)
w(655,3,1,1557)
r(655,3,1,1557)
w(656,1,2,1559)
w(656,2,2,1559)
r(653,1,2,1559)
w(656,3,2,1559)
w(653,2,2,1559)
r(652,3,2,1559)
w(657,1,2,1559)
w(657,2,3,1561)
w(657,3,3,1561)
w(653,3,3,1561)
r(652,3,3,1561)
w(659,1,3,1561)
r(649,2,3,1561)
w(659,2,4,1563)
r(652,3,4,1563)
w(658,1,4,1563)
r(649,2,4,1563)
w(659,3,4,1563)
r(659,3,4,1563)
r(653,3,5,1565)
r(659,3,5,1565)
r(660,0,5,1565)
r(661,0,5,1565)
r(661,0,6,1567)
r(660,0,6,1567)
w(660,1,6,1567)
w(660,2,6,1567)
r(661,0,7,1569)
r(653,3,7,1569)
r(661,0,7,1569)
w(649,3,7,1569)
w(661,1,7,1569)
r(653,3,7,1569)
r(661,1,8,1571)
r(661,1,8,1571)
w(660,3,8,1571)
r(661,1,8,1571)
r(661,1,8,1571)
r(660,3,8,1571)
w(661,2,8,1571)
w(661,3,8,1571)
r(661,3,9,1573)
r(661,3,9,1573)
r(661,3,9,1573)
r(660,3,9,1573)
r(653,3,9,1573)
r(660,3,10,1575)
r(653,3,10,1575)
w(662,1,10,1575)
r(653,3,10,1575)
w(662,2,10,1575)
r(662,2,11,1577)
r(662,2,11,1577)
w(662,3,11,1577)
r(658,1,11,1577)
r(664,0,12,1579)
w(664,1,12,1579)
w(664,2,12,1579)
r(664,2,12,1579)
w(663,1,13,1581)
r(660,3,13,1581)
r(664,2,13,1581)
r(664,2,13,1581)
r(664,2,14,1583)
r(664,2,14,1583)
r(660,3,14,1583)
w(658,2,14,1583)
w(664,3,15,1585)
w(658,3,15,1585)
r(658,3,15,1585)
w(665,1,15,1585)
w(663,2,15,1585)
w(665,2,15,1585)
r(665,2,15,1585)
w(665,3,16,1587)
w(666,1,16,1587)
r(666,1,16,1587)
w(666,2,16,1587)
r(666,2,16,1587)
w(667,1,16,1587)
r(666,2,16,1587)
w(666,3,16,1587)
r(667,1,17,1589)
r(666,3,17,1589)
w(667,2,17,1589)
w(667,3,17,1589)
w(669,1,17,1589)
r(666,3,17,1589)
r(670,0,17,1589)
r(666,3,17,1589)
r(670,0,18,1591)
r(666,3,18,1591)
r(670,0,18,1591)
w(669,2,18,1591)
r(669,2,18,1591)
w(670,1,18,1591)
r(668,0,18,1591)
r(670,1,19,1593)
w(670,2,19,1593)
w(668,1,19,1593)
w(670,3,19,1593)
w(671,1,19,1593)
r(671,1,19,1593)
r(672,0,19,1593)
r(672,0,19,1593)
w(672,1,0,1596)
r(672,1,0,1596)
w(672,2,0,1596)
r(672,2,0,1596)
w(672,3,0,1596)
r(669,2,0,1596)
r(673,0,0,1596)
r(673,0,0,1596)
r(669,2,1,1597)
w(668,2,1,1597)
w(669,3,1,1597)
r(673,0,1,1597)
w(671,2,1,1597)
w(673,1,1,1597)
r(673,1,1,1599)
w(673,2,1,1599)
w(673,3,1,1599)
r(669,3,1,1599)
r(674,0,1,1599)
w(674,1,1,1599)
r(674,1,1,1599)
w(674,2,2,1601)
w(674,3,2,1601)
w(675,1,2,1601)
w(675,2,2,1601)
w(675,3,2,1601)
w(671,3,2,1601)
r(671,3,2,1601)
r(669,3,2,1601)
w(676,1,3,1603)
w(676,2,3,1603)
r(676,2,3,1603)
w(678,1,3,1603)
r(678,1,4,1605)
r(668,2,4,1605)
r(678,1,4,1605)
w(678,2,4,1605)
w(677,1,5,1607)
w(678,3,5,1607)
r(678,3,5,1607)
r(677,1,5,1607)
w(679,1,5,1607)
w(676,3,6,1609)
r(680,0,6,1609)
w(679,2,6,1609)
r(679,2,6,1609)
w(679,3,6,1609)
w(680,1,6,1609)
r(679,3,7,1611)
r(680,1,7,1611)
r(677,1,7,1611)
w(681,1,7,1611)
r(681,1,7,1611)
r(681,1,7,1611)
r(681,1,8,1613)
r(680,1,8,1613)
w(681,2,8,1613)
w(680,2,8,1613)
r(677,1,8,1613)
r(681,2,9,1615)
w(680,3,9,1615)
r(681,2,9,1615)
r(680,3,9,1615)
r(681,2,9,1615)
w(681,3,9,1615)
r(680,3,9,1615)
r(680,3,10,1617)
w(677,2,10,1617)
r(680,3,10,1617)
r(681,3,10,1617)
w(677,3,10,1617)
w(682,1,10,1617)
w(682,2,11,1619)
r(680,3,11,1619)
r(682,2,11,1619)
r(680,3,11,1619)
w(682,3,12,1622)
r(683,0,12,1622)
r(680,3,12,1622)
r(668,2,12,1622)
r(680,3,12,1622)
r(683,0,12,1622)
r(684,0,13,1623)
r(684,0,13,1623)
r(684,0,13,1623)
r(684,0,13,1623)
w(684,1,14,1625)
r(684,1,14,1625)
r(684,1,14,1625)
w(685,1,14,1625)
r(668,2,14,1625)
w(684,2,14,1625)
r(684,2,15,1627)
w(683,1,15,1627)
r(684,2,15,1627)
w(684,3,15,1627)
w(685,2,15,1627)
w(685,3,15,1627)
w(686,1,15,1627)
w(683,2,16,1629)
w(683,3,16,1629)
w(686,2,16,1629)
w(686,3,16,1629)
r(668,2,16,1629)
r(686,3,17,1631)
r(683,3,17,1631)
r(687,0,17,1631)
r(688,0,17,1631)
w(688,1,17,1631)
r(688,1,17,1631)
w(688,2,17,1631)
w(688,3,17,1631)
r(668,2,18,1633)
r(689,0,18,1633)
r(690,0,18,1633)
r(687,0,18,1633)
w(690,1,18,1633)
w(690,2,18,1633)
r(690,2,18,1633)
w(690,3,19,1635)
r(690,3,19,1635)
w(663,3,19,1635)
r(687,0,19,1635)
r(668,2,19,1635)
w(691,1,19,1635)
w(687,1,0,1637)
r(691,1,0,1637)
r(691,1,0,1637)
r(687,1,0,1637)
w(691,2,0,1637)
r(689,0,0,1637)
w(691,3,0,1637)
w(692,1,0,1637)
r(687,1,0,1639)
w(668,3,0,1639)
r(668,3,0,1639)
w(687,2,0,1639)
r(689,0,0,1639)
r(668,3,1,1641)
r(687,2,1,1641)
w(692,2,1,1641)
w(692,3,1,1641)
r(692,3,2,1643)
r(689,0,2,1643)
r(694,0,2,1643)
w(694,1,2,1643)
w(694,2,2,1643)
w(694,3,2,1643)
r(695,0,3,1645)
r(689,0,3,1645)
r(693,0,3,1645)
w(695,1,3,1645)
r(693,0,3,1645)
r(693,0,4,1647)
r(695,1,4,1647)
w(695,2,4,1647)
r(687,2,4,1647)
w(689,1,4,1647)
w(695,3,4,1647)
w(687,3,5,1649)
w(693,1,5,1649)
r(697,0,5,1649)
w(697,1,5,1649)
r(697,1,5,1649)
w(697,2,5,1649)
r(698,0,6,1651)
w(689,2,6,1651)
r(696,0,6,1651)
r(698,0,6,1651)
w(697,3,6,1651)
r(697,3,6,1651)
r(698,0,7,1653)
w(698,1,7,1653)
r(689,2,7,1653)
r(699,0,7,1653)
w(698,2,7,1653)
w(689,3,7,1653)
r(696,0,7,1653)
r(699,0,8,1655)
r(689,3,8,1655)
r(699,0,8,1655)
r(699,0,8,1655)
w(699,1,9,1657)
r(699,1,9,1657)
r(689,3,9,1657)
w(699,2,9,1657)
w(699,3,9,1657)
w(700,1,9,1657)
r(698,2,10,1659)
r(700,1,10,1659)
w(700,2,10,1659)
r(698,2,10,1659)
r(700,2,10,1659)
r(700,2,10,1659)
w(700,3,10,1659)
r(700,3,11,1661)
w(696,1,11,1661)
w(693,2,11,1661)
r(700,3,11,1661)
w(702,1,11,1661)
r(698,2,11,1661)
w(702,2,11,1661)
w(702,3,12,1663)
r(698,2,12,1663)
r(702,3,12,1663)
w(698,3,12,1663)
r(701,0,12,1663)
r(702,3,13,1665)
w(704,1,13,1665)
w(704,2,13,1665)
r(704,2,13,1665)
r(704,2,13,1665)
r(704,2,13,1665)
w(701,1,13,1665)
w(701,2,13,1665)
r(703,0,14,1667)
w(704,3,14,1667)
r(704,3,14,1667)
r(705,0,14,1667)
w(696,2,14,1667)
w(705,1,15,1669)
r(703,0,15,1669)
w(705,2,15,1669)
r(705,2,15,1669)
r(703,0,15,1669)
r(696,2,15,1669)
w(705,3,15,1669)
r(705,3,15,1669)
w(703,1,16,1671)
w(703,2,16,1671)
r(705,3,16,1671)
r(703,2,16,1671)
w(703,3,16,1671)
r(703,3,17,1673)
w(706,1,17,1673)
w(706,2,17,1673)
r(706,2,17,1673)
r(696,2,17,1673)
r(707,0,17,1673)
w(709,2,19,1676)
w(709,3,19,1676)
r(710,0,19,1676)
w(710,1,19,1676)
r(710,1,19,1676)
r(710,1,19,1676)
w(701,3,0,1679)
r(710,1,0,1679)
w(710,2,0,1679)
r(710,2,0,1679)
w(710,3,0,1679)
r(710,3,0,1679)
r(711,0,0,1681)
w(707,1,0,1681)
r(712,0,0,1681)
r(712,0,0,1681)
r(712,0,0,1681)
w(707,2,0,1681)
w(707,3,0,1681)
w(711,1,1,1683)
w(713,1,1,1683)
r(713,1,1,1683)
w(712,1,1,1683)
w(713,2,1,1683)
r(712,1,1,1683)
w(711,2,2,1685)
r(712,1,2,1685)
r(711,2,2,1685)
r(711,2,2,1685)
w(712,2,2,1685)
w(713,3,2,1685)
w(712,3,2,1685)
r(712,3,2,1685)
r(714,0,3,1687)
r(715,0,3,1687)
w(715,1,3,1687)
w(714,1,3,1687)
w(715,2,3,1687)
w(715,3,3,1687)
w(711,3,3,1687)
r(715,3,4,1689)
w(714,2,4,1689)
w(714,3,4,1689)
r(715,3,4,1689)
r(716,0,4,1689)
r(715,3,4,1689)
r(715,3,5,1691)
w(716,1,5,1691)
r(717,0,5,1691)
r(717,0,5,1691)
r(717,0,6,1693)
r(717,0,6,1693)
r(716,1,6,1693)
r(716,1,6,1693)
r(716,1,6,1693)
w(718,1,6,1693)
r(693,2,6,1693)
r(693,2,6,1693)
w(717,1,7,1695)
w(717,2,7,1695)
r(717,2,7,1695)
w(718,2,7,1695)
r(693,2,8,1697)
w(717,3,8,1697)
r(708,0,8,1697)
r(718,2,8,1697)
r(717,3,8,1697)
r(717,3,8,1697)
r(717,3,8,1697)
w(718,3,9,1699)
r(719,0,9,1699)
w(719,1,9,1699)
w(719,2,9,1699)
w(719,3,9,1699)
r(716,1,9,1699)
w(720,1,9,1699)
w(716,2,10,1701)
r(718,3,10,1701)
r(720,1,10,1701)
w(720,2,10,1701)
r(718,3,11,1703)
r(716,2,11,1703)
r(720,2,11,1703)
r(718,3,11,1703)
w(708,1,11,1703)
r(718,3,11,1703)
w(720,3,11,1703)
w(721,1,12,1705)
w(721,2,12,1705)
r(721,2,12,1705)
r(722,0,12,1705)
w(722,1,12,1705)
w(708,2,13,1707)
w(721,3,13,1707)
w(722,2,13,1707)
w(716,3,13,1707)
w(723,1,13,1707)
w(723,2,14,1709)
r(722,2,14,1709)
r(723,2,14,1709)
r(693,2,14,1709)
w(693,3,14,1709)
r(724,0,14,1709)
w(722,3,14,1709)
w(723,3,14,1709)
r(723,3,15,1711)
r(708,2,15,1711)
r(724,0,15,1711)
r(708,2,15,1711)
r(722,3,15,1711)
r(722,3,16,1713)
w(725,1,16,1713)
w(725,2,16,1713)
r(722,3,16,1713)
r(725,2,16,1713)
r(725,2,17,1715)
w(724,1,17,1715)
w(725,3,17,1715)
r(725,3,17,1715)
r(727,0,18,1717)
w(708,3,18,1717)
r(727,0,18,1717)
r(728,0,18,1717)
r(728,0,19,1719)
w(728,1,19,1719)
w(727,1,19,1719)
r(708,3,19,1719)
r(727,1,0,1721)
r(724,1,0,1721)
w(728,2,0,1721)
r(727,1,0,1721)
w(728,3,0,1721)
r(727,1,0,1721)
r(724,1,0,1721)
w(727,2,0,1721)
r(727,2,0,1723)
r(729,0,0,1723)
r(729,0,0,1723)
r(708,3,0,1723)
r(708,3,0,1723)
w(726,1,0,1723)
w(729,1,1,1725)
w(727,3,1,1725)
r(729,1,1,1725)
r(729,1,1,1725)
w(729,2,1,1725)
r(729,2,1,1725)
r(729,2,2,1727)
r(729,2,2,1727)
w(729,3,2,1727)
w(724,2,2,1727)
r(729,3,3,1729)
r(708,3,3,1729)
r(729,3,3,1729)
w(730,1,3,1729)
r(724,2,3,1729)
w(731,1,3,1729)
r(724,2,4,1732)
r(724,2,4,1732)
w(731,2,4,1732)
r(731,2,4,1732)
w(730,2,4,1732)
r(724,2,4,1732)
r(731,2,4,1732)
r(732,0,6,1735)
r(730,2,6,1735)
r(732,0,6,1735)
r(724,2,6,1735)
w(732,1,6,1735)
w(732,2,6,1735)
r(730,2,6,1735)
w(730,3,6,1735)
w(733,1,7,1737)
r(732,2,7,1737)
r(732,2,7,1737)
r(733,1,7,1737)
w(732,3,7,1737)
w(734,1,7,1737)
w(724,3,8,1739)
w(734,2,8,1739)
r(724,3,8,1739)
w(733,2,8,1739)
r(734,2,8,1739)
r(734,2,8,1739)
w(733,3,8,1739)
w(734,3,8,1739)
r(734,3,9,1741)
r(733,3,9,1741)
w(736,1,9,1741)
r(736,1,9,1741)
w(736,2,9,1741)
w(736,3,10,1743)
r(736,3,10,1743)
w(738,1,10,1743)
w(739,1,10,1743)
w(739,2,10,1743)
w(739,3,10,1743)
r(738,1,10,1743)
r(739,3,10,1743)
w(726,2,11,1745)
r(739,3,11,1745)
w(738,2,11,1745)
r(738,2,11,1745)
r(737,0,11,1745)
r(740,0,11,1745)
w(737,1,12,1747)
r(738,2,12,1747)
r(738,2,12,1747)
w(740,1,12,1747)
w(740,2,12,1747)
w(726,3,12,1747)
w(735,1,13,1749)
w(740,3,13,1749)
w(738,3,13,1749)
r(735,1,13,1749)
w(737,2,14,1751)
r(741,0,14,1751)
r(741,0,14,1751)
w(741,1,14,1751)
w(742,1,14,1751)
w(741,2,14,1751)
w(742,2,14,1751)
w(741,3,14,1751)
r(737,2,15,1753)
r(742,2,15,1753)
w(742,3,15,1753)
r(743,0,15,1753)
r(744,0,15,1753)
r(744,0,15,1753)
w(744,1,15,1753)
r(744,1,16,1755)
w(744,2,16,1755)
r(744,2,16,1755)
r(737,2,16,1755)
w(737,3,16,1755)
r(744,2,16,1755)
w(744,3,16,1755)
r(743,0,16,1755)
r(744,3,17,1757)
r(735,1,17,1757)
w(745,1,17,1757)
w(735,2,17,1757)
w(745,2,17,1757)
w(745,3,17,1757)
r(743,0,18,1759)
r(745,3,18,1759)
r(735,2,18,1759)
w(746,1,18,1759)
w(746,2,18,1759)
w(746,3,19,1761)
r(735,2,19,1761)
r(747,0,19,1761)
r(747,0,19,1761)
w(747,1,19,1761)
r(735,2,0,1763)
r(747,1,0,1763)
w(743,1,0,1763)
r(743,1,0,1763)
w(747,2,0,1763)
r(737,3,0,1763)
r(743,1,0,1765)
w(743,2,0,1765)
w(747,3,0,1765)
w(748,1,0,1765)
r(747,3,1,1767)
r(749,0,1,1767)
w(743,3,1,1767)
r(743,3,1,1767)
r(749,0,1,1767)
w(735,3,2,1769)
w(748,2,2,1769)
r(749,0,2,1769)
w(749,1,2,1769)
w(749,2,3,1771)
r(749,2,3,1771)
r(751,0,3,1771)
w(749,3,3,1771)
w(752,1,3,1771)
w(750,1,3,1771)
w(752,2,3,1771)
r(748,2,4,1773)
r(751,0,4,1773)
r(751,0,4,1773)
w(748,3,4,1773)
r(752,2,5,1775)
w(752,3,5,1775)
r(752,3,5,1775)
w(751,1,5,1775)
w(753,1,5,1775)
w(753,2,5,1775)
w(753,3,5,1775)
r(753,3,6,1777)
r(750,1,6,1777)
w(754,1,6,1777)
w(751,2,6,1777)
w(754,2,6,1777)
w(754,3,6,1777)
w(750,2,6,1777)
r(748,3,6,1777)
r(755,0,7,1779)
r(748,3,7,1779)
r(755,0,7,1779)
r(755,0,7,1779)
r(751,2,7,1779)
r(751,2,7,1779)
w(751,3,7,1779)
w(755,1,7,1779)
r(755,1,8,1781)
r(750,2,8,1781)
w(755,2,8,1781)
r(755,2,8,1781)
r(726,3,8,1781)
r(726,3,8,1781)
w(755,3,9,1783)
r(755,3,9,1783)
w(757,1,9,1783)
r(756,0,9,1783)
r(756,0,9,1783)
w(756,1,9,1783)
r(756,1,9,1783)
w(756,2,10,1785)
r(756,2,10,1785)
r(756,2,10,1785)
r(756,2,10,1785)
r(756,2,10,1785)
r(756,2,10,1785)
w(756,3,11,1787)
r(758,0,11,1787)
w(758,1,11,1787)
r(758,1,11,1787)
w(758,2,11,1787)
w(758,3,11,1787)
w(757,2,12,1790)
r(757,2,12,1790)
r(758,3,12,1790)
w(757,3,12,1790)
r(760,0,12,1790)
r(760,0,13,1791)
w(760,1,13,1791)
r(757,1,13,1791)
r(760,1,13,1791)
w(760,2,14,1793)
r(760,2,14,1793)
r(760,2,14,1793)
w(761,1,14,1793)
w(762,1,14,1793)
w(762,2,14,1793)
r(760,2,14,1793)
r(750,2,15,1795)
w(760,3,15,1795)
w(762,3,15,1795)
r(762,3,15,1795)
w(750,3,15,1795)
r(760,3,15,1795)
r(760,3,15,1795)
r(762,3,15,1795)
w(763,1,16,1797)
r(763,1,16,1797)
w(763,2,16,1797)
w(763,3,16,1797)
w(761,2,16,1797)
r(764,0,16,1797)
w(766,1,17,1799)
r(766,1,17,1799)
r(766,1,17,1799)
r(761,2,17,1799)
r(766,1,17,1799)
w(766,2,17,1799)
w(766,3,18,1801)
r(765,0,18,1801)
w(764,1,18,1801)
w(764,2,18,1801)
w(765,1,18,1801)
r(767,0,18,1801)
w(767,1,18,1801)
r(764,2,18,1801)
r(767,1,19,1803)
w(764,3,19,1803)
w(761,3,19,1803)
w(767,2,19,1803)
r(764,3,0,1805)
w(767,3,0,1805)
r(768,0,0,1805)
r(761,3,0,1805)
r(764,3,0,1805)
r(764,3,0,1805)
r(768,0,0,1805)
w(768,1,0,1805)
r(764,3,0,1807)
r(765,1,0,1807)
r(768,1,0,1807)
r(759,0,0,1807)
w(768,2,1,1809)
r(768,2,1,1809)
r(769,0,1,1809)
r(765,1,1,1809)
r(769,0,1,1809)
r(769,0,1,1809)
r(768,2,1,1809)
w(768,3,2,1811)
r(768,3,2,1811)
r(768,3,2,1811)
r(768,3,2,1811)
r(770,0,2,1811)
r(770,0,3,1813)
w(769,1,3,1813)
w(770,1,3,1813)
r(770,1,3,1813)
w(770,2,4,1815)
r(769,1,4,1815)
w(765,2,4,1815)
r(769,1,4,1815)
w(770,3,4,1815)
r(772,0,4,1815)
w(772,1,5,1817)
w(769,2,5,1817)
w(771,1,5,1817)
r(772,1,5,1817)
r(772,1,5,1817)
r(759,0,6,1819)
r(772,1,6,1819)
r(772,1,6,1819)
r(771,1,6,1819)
w(771,2,7,1821)
r(759,0,7,1821)
w(769,3,7,1821)
r(772,1,7,1821)
r(772,1,8,1823)
w(759,1,8,1823)
r(772,1,8,1823)
w(765,3,8,1823)
w(772,2,9,1825)
r(774,0,9,1825)
r(772,2,9,1825)
r(772,2,9,1825)
w(771,3,9,1825)
r(772,2,9,1825)
r(772,2,9,1825)
w(759,2,10,1827)
r(772,2,10,1827)
w(772,3,10,1827)
r(771,3,10,1827)
r(773,0,10,1827)
r(773,0,10,1827)
r(772,3,10,1827)
r(775,0,10,1827)
w(775,1,11,1829)
w(773,1,11,1829)
w(775,2,11,1829)
w(773,2,11,1829)
w(773,3,11,1829)
w(775,3,11,1829)
r(773,3,11,1829)
r(776,0,12,1831)
r(776,0,12,1831)
r(771,3,12,1831)
w(774,1,12,1831)
w(776,1,12,1831)
r(778,0,12,1831)
r(774,1,12,1831)
w(777,1,13,1833)
w(776,2,13,1833)
w(776,3,13,1833)
r(777,1,13,1833)
r(779,0,13,1833)
r(774,1,13,1833)
w(778,1,14,1835)
r(778,1,14,1835)
r(778,1,14,1835)
w(779,1,14,1835)
r(779,1,14,1835)
r(778,1,15,1837)
w(774,2,15,1837)
w(779,2,15,1837)
w(779,3,15,1837)
r(779,3,15,1837)
r(779,3,15,1837)
w(778,2,16,1839)
w(780,1,16,1839)
w(778,3,16,1839)
w(780,2,16,1839)
r(778,3,16,1839)
r(778,3,17,1841)
r(780,2,17,1841)
w(780,3,17,1841)
r(781,0,17,1841)
r(782,0,17,1841)
r(782,0,17,1841)
r(782,0,17,1841)
r(781,0,17,1841)
r(782,0,18,1843)
r(774,2,18,1843)
w(759,3,18,1843)
r(782,0,18,1843)
w(777,2,18,1843)
r(782,0,19,1845)
r(782,0,19,1845)
r(781,0,19,1845)
r(781,0,19,1845)
w(782,1,19,1845)
r(782,1,19,1845)
r(782,1,0,1847)
w(782,2,0,1847)
w(782,3,0,1847)
r(782,3,0,1847)
r(781,0,0,1847)
r(777,2,0,1849)
w(781,1,0,1849)
w(781,2,0,1849)
r(777,2,0,1849)
w(781,3,1,1851)
r(782,3,1,1851)
r(782,3,1,1851)
r(782,3,1,1851)
r(781,3,1,1851)
r(783,0,1,1851)
r(777,2,2,1853)
r(774,2,2,1853)
w(783,1,2,1853)
w(784,1,2,1853)
r(777,2,2,1853)
r(783,1,2,1853)
w(783,2,3,1855)
r(783,2,3,1855)
r(783,2,3,1855)
r(784,1,3,1855)
w(777,3,3,1855)
r(783,2,4,1857)
r(783,2,4,1857)
w(783,3,4,1857)
r(777,3,4,1857)
w(785,1,4,1857)
w(785,2,4,1857)
w(785,3,4,1857)
r(777,3,4,1857)
r(785,3,5,1859)
r(759,3,5,1859)
w(786,1,5,1859)
w(786,2,5,1859)
w(786,3,5,1859)
r(777,3,5,1859)
r(786,3,5,1859)
r(786,3,6,1861)
r(759,3,6,1861)
r(786,3,6,1861)
w(774,3,6,1861)
r(759,3,7,1863)
r(784,1,7,1863)
r(784,1,7,1863)
r(784,1,7,1863)
r(777,3,8,1865)
w(787,1,8,1865)
r(787,1,8,1865)
r(787,1,8,1865)
w(787,2,8,1865)
r(774,3,9,1867)
w(784,2,9,1867)
w(787,3,9,1867)
r(784,2,9,1867)
w(784,3,10,1869)
r(787,3,10,1869)
r(788,0,10,1869)
w(788,1,10,1869)
r(788,1,11,1871)
w(790,1,11,1871)
r(790,1,11,1871)
r(790,1,11,1871)
w(790,2,11,1871)
r(790,2,11,1871)
r(790,2,11,1871)
w(790,3,11,1871)
r(790,3,12,1873)
r(759,3,12,1873)
r(790,3,12,1873)
w(792,1,12,1873)
w(792,2,13,1875)
r(792,2,13,1875)
r(788,1,13,1875)
r(792,2,13,1875)
r(788,1,13,1875)
r(791,0,13,1875)
r(792,2,13,1875)
r(788,1,13,1875)
r(791,0,14,1877)
w(792,3,14,1877)
r(792,3,14,1877)
w(791,1,14,1877)
r(794,0,14,1877)
r(794,0,14,1877)
w(794,1,15,1879)
w(794,2,15,1879)
w(788,2,15,1879)
w(789,1,15,1879)
r(794,2,15,1879)
r(788,2,15,1879)
w(788,3,15,1879)
r(794,2,15,1879)
r(794,2,16,1881)
w(794,3,16,1881)
r(794,3,16,1881)
r(796,0,16,1881)
r(789,1,17,1883)
r(793,0,17,1883)
r(796,0,17,1883)
r(796,0,17,1883)
r(796,0,17,1883)
w(795,1,18,1885)
w(789,2,18,1885)
r(789,2,18,1885)
r(796,0,18,1885)
w(796,1,18,1885)
w(796,2,18,1885)
w(795,2,19,1887)
r(795,2,19,1887)
w(796,3,19,1887)
r(795,2,19,1887)
r(796,3,19,1887)
r(796,3,0,1889)
w(793,1,0,1889)
w(797,1,0,1889)
r(795,2,0,1889)
w(797,2,0,1889)
w(797,3,0,1889)
r(797,3,0,1891)
r(795,2,0,1891)
w(793,2,0,1891)
r(798,0,0,1891)
w(791,2,0,1891)
w(798,1,1,1893)
r(791,2,1,1893)
r(789,2,1,1893)
r(798,1,1,1893)
r(798,1,1,1893)
r(798,1,2,1895)
r(798,1,2,1895)
r(798,1,2,1895)
r(795,2,2,1895)
w(798,2,2,1895)
r(789,2,2,1895)
r(795,2,2,1895)
w(791,3,2,1895)
r(795,2,3,1897)
w(795,3,3,1897)
r(798,2,3,1897)
w(798,3,3,1897)
r(799,0,3,1897)
r(800,0,3,1897)
r(800,0,3,1897)
r(799,0,4,1899)
r(800,0,4,1899)
w(800,1,4,1899)
r(800,1,4,1899)
r(800,1,4,1899)
w(800,2,4,1899)
r(800,2,4,1899)
r(791,3,5,1901)
w(800,3,5,1901)
r(791,3,5,1901)
r(799,0,5,1901)
r(800,3,5,1901)
r(789,2,5,1901)
r(799,0,5,1901)
w(801,1,6,1903)
w(801,2,6,1903)
w(801,3,6,1903)
r(802,0,6,1903)
w(802,1,6,1903)
w(805,1,8,1906)
r(799,0,8,1906)
w(804,1,8,1906)
w(804,2,8,1906)
r(804,2,8,1906)
w(802,2,7,1907)
w(799,1,7,1907)
w(803,1,7,1907)
w(802,3,7,1907)
w(803,2,7,1907)
r(803,2,7,1907)
w(803,3,7,1907)
r(803,3,7,1907)
w(789,3,9,1909)
r(805,1,9,1909)
r(805,1,9,1909)
r(805,1,9,1909)
w(804,3,9,1909)
w(805,2,9,1909)
r(805,2,9,1909)
w(805,3,9,1909)
w(806,1,10,1911)
r(806,1,10,1911)
w(806,2,10,1911)
r(799,1,10,1911)
r(799,1,10,1911)
w(806,3,10,1911)
w(799,2,10,1911)
r(804,3,11,1913)
w(808,1,11,1913)
w(808,2,11,1913)
w(799,3,11,1913)
w(808,3,11,1913)
w(809,1,12,1915)
w(807,1,12,1915)
r(811,0,12,1915)
w(811,1,12,1915)
r(811,1,12,1915)
w(793,3,12,1915)
w(811,2,12,1915)
w(809,2,13,1917)
w(809,3,13,1917)
w(811,3,13,1917)
r(812,0,13,1917)
r(807,1,13,1917)
r(810,0,13,1917)
w(812,1,14,1919)
w(813,1,14,1919)
r(812,1,14,1919)
r(812,1,14,1919)
w(812,2,14,1919)
r(812,2,14,1919)
w(812,3,14,1919)
r(812,3,15,1921)
w(810,1,15,1921)
r(807,1,15,1921)
r(812,3,15,1921)
w(814,1,15,1921)
r(814,1,15,1921)
r(810,1,15,1921)
w(814,2,15,1921)
r(814,2,16,1923)
r(814,2,16,1923)
w(813,2,16,1923)
w(813,3,16,1923)
r(814,2,16,1923)
r(814,2,17,1925)
r(814,2,17,1925)
w(814,3,17,1925)
r(816,0,17,1925)
r(816,0,17,1925)
w(816,1,17,1925)
w(815,1,17,1925)
r(816,1,17,1925)
w(816,2,18,1927)
r(807,1,18,1927)
r(815,1,18,1927)
r(816,2,18,1927)
w(810,2,18,1927)
r(816,2,19,1929)
w(815,2,19,1929)
w(807,2,19,1929)
w(816,3,19,1929)
w(817,1,19,1929)
r(817,1,19,1929)
r(818,0,19,1929)
w(817,2,0,1931)
r(817,2,0,1931)
w(815,3,0,1931)
w(810,3,0,1931)
r(815,3,0,1933)
w(817,3,0,1933)
r(815,3,0,1933)
r(815,3,0,1933)
r(815,3,0,1933)
w(818,1,0,1933)
w(819,1,1,1935)
r(815,3,1,1935)
r(819,1,1,1935)
w(820,1,1,1935)
r(819,1,1,1935)
r(820,1,1,1935)
r(819,1,2,1937)
w(819,2,2,1937)
w(819,3,2,1937)
r(821,0,2,1937)
r(807,2,3,1939)
w(822,1,3,1939)
w(821,1,3,1939)
r(820,1,3,1939)
w(807,3,3,1939)
r(822,1,3,1939)
w(820,2,4,1941)
w(820,3,4,1941)
w(822,2,4,1941)
r(822,2,4,1941)
w(824,2,6,1945)
r(823,0,6,1945)
r(825,0,6,1945)
w(825,3,6,1945)
r(825,3,6,1945)
r(818,1,6,1945)
w(826,1,6,1945)
r(826,1,6,1945)
w(826,2,7,1947)
r(824,2,7,1947)
r(826,2,7,1947)
w(821,2,7,1947)
r(824,2,7,1947)
w(826,3,7,1947)
w(824,3,7,1947)
r(818,1,8,1949)
r(827,0,8,1949)
w(827,1,8,1949)
r(827,1,8,1949)
r(827,1,8,1949)
w(827,2,9,1951)
r(827,2,9,1951)
w(827,3,9,1951)
w(823,1,9,1951)
r(823,1,10,1953)
r(828,0,10,1953)
r(828,0,10,1953)
r(821,2,10,1953)
r(829,0,10,1953)
r(829,0,11,1955)
w(829,1,11,1955)
w(829,2,11,1955)
r(829,2,11,1955)
w(829,3,11,1955)
w(828,1,11,1955)
r(821,2,12,1957)
w(828,2,12,1957)
r(821,2,12,1957)
r(821,2,12,1957)
w(821,3,13,1959)
w(830,1,13,1959)
w(830,2,13,1959)
w(823,2,13,1959)
w(830,3,13,1959)
r(831,0,13,1959)
r(828,2,13,1959)
r(828,2,13,1959)
r(830,3,14,1961)
w(831,1,14,1961)
r(830,3,14,1961)
w(828,3,14,1961)
w(832,1,15,1963)
w(833,1,15,1963)
w(832,2,15,1963)
w(833,2,15,1963)
w(832,3,15,1963)
r(832,3,15,1963)
w(831,2,15,1963)
w(833,3,16,1965)
w(823,3,16,1965)
r(834,0,16,1965)
r(833,3,16,1965)
r(818,1,16,1965)
w(834,1,16,1965)
r(834,1,16,1965)
w(834,2,17,1967)
r(823,3,17,1967)
r(834,2,17,1967)
w(834,3,17,1967)
w(831,3,17,1967)
r(834,3,17,1967)
w(835,1,17,1967)
r(834,3,17,1967)
r(831,3,19,1971)
w(835,3,19,1971)
r(835,3,19,1971)
w(837,1,19,1971)
w(836,1,19,1971)
r(837,1,0,1973)
r(836,1,0,1973)
r(837,1,0,1973)
w(838,1,0,1973)
r(837,1,0,1973)
w(837,2,0,1973)
r(835,3,0,1975)
w(838,2,0,1975)
r(837,2,0,1975)
r(835,3,0,1975)
r(818,1,0,1975)
r(837,2,0,1975)
r(837,2,0,1975)
r(836,1,1,1977)
w(839,1,1,1977)
r(837,2,1,1977)
w(839,2,1,1977)
w(837,3,1,1977)
r(837,3,1,1977)
w(839,3,1,1977)
r(840,0,1,1977)
w(841,1,2,1979)
w(836,2,2,1979)
r(840,0,2,1979)
w(840,1,2,1979)
w(841,2,2,1979)
w(840,2,3,1981)
w(840,3,3,1981)
r(838,2,3,1981)
r(840,3,3,1981)
r(842,0,3,1981)
r(841,2,3,1981)
r(841,2,3,1981)
r(842,0,4,1983)
w(842,1,4,1983)
r(842,1,4,1983)
w(842,2,4,1983)
r(838,2,4,1983)
w(838,3,4,1983)
r(842,2,4,1983)
r(841,2,4,1983)
r(838,3,5,1985)
w(842,3,5,1985)
w(843,1,5,1985)
w(841,3,5,1985)
w(843,2,5,1985)
w(836,3,5,1985)
r(843,2,5,1985)
r(843,2,5,1985)
r(843,2,6,1987)
w(843,3,6,1987)
w(844,1,6,1987)
r(844,1,6,1987)
w(844,2,6,1987)
w(844,3,6,1987)
r(841,3,7,1989)
r(844,3,7,1989)
r(838,3,7,1989)
r(845,0,7,1989)
w(845,1,7,1989)
w(846,1,7,1989)
r(846,1,7,1989)
r(845,1,7,1989)
w(845,2,8,1991)
r(846,1,8,1991)
r(836,3,8,1991)
r(838,3,8,1991)
r(845,2,8,1991)
r(846,1,8,1991)
r(845,2,9,1993)
r(845,2,9,1993)
w(846,2,9,1993)
r(845,2,9,1993)
w(845,3,9,1993)
r(847,0,9,1993)
r(845,3,10,1995)
r(845,3,10,1995)
w(846,3,10,1995)
r(848,0,10,1995)
r(847,0,10,1995)
r(847,0,10,1995)
w(849,1,10,1995)
r(848,0,11,1997)
r(848,0,11,1997)
w(848,1,11,1997)
r(848,1,11,1997)
r(850,0,11,1997)
r(847,0,11,1997)
r(847,0,12,1999)
w(848,2,12,1999)
w(848,3,12,1999)
r(848,3,12,1999)
w(850,1,12,1999)
r(850,1,12,1999)
r(848,3,12,1999)
w(851,1,12,1999)
w(849,2,13,2001)
r(851,1,13,2001)
w(851,2,13,2001)
w(850,2,13,2001)
w(851,3,13,2001)
r(850,2,13,2001)
r(850,2,13,2001)
r(851,3,14,2003)
r(850,2,14,2003)
w(852,1,14,2003)
w(852,2,14,2003)
w(852,3,14,2003)
r(852,3,15,2005)
r(847,0,15,2005)
r(847,0,15,2005)
w(853,1,15,2005)
w(853,2,15,2005)
r(849,2,15,2005)
w(850,3,15,2005)
w(853,3,15,2005)
r(854,0,16,2007)
w(855,1,16,2007)
w(854,1,16,2007)
r(854,1,16,2007)
r(849,2,16,2007)
r(854,1,16,2007)
w(854,2,16,2007)
w(854,3,16,2007)
r(854,3,17,2009)
w(849,3,17,2009)
r(855,1,17,2009)
w(856,1,17,2009)
w(855,2,17,2009)
w(855,3,18,2011)
w(856,2,18,2011)
r(856,2,18,2011)
r(856,2,18,2011)
r(856,2,18,2011)
r(856,2,18,2011)
r(856,2,19,2013)
w(857,1,19,2013)
w(857,2,19,2013)
r(857,2,19,2013)
r(847,0,0,2015)
r(856,2,0,2015)
r(849,3,0,2015)
r(857,2,0,2015)
r(847,0,0,2015)
w(856,3,0,2015)
r(857,2,0,2017)
w(858,1,0,2017)
w(857,3,0,2017)
w(858,2,0,2017)
w(858,3,0,2017)
w(859,1,1,2019)
w(859,2,1,2019)
r(818,1,1,2019)
r(859,2,1,2019)
w(859,3,1,2019)
r(859,3,1,2019)
w(861,1,1,2019)
w(862,1,1,2019)
r(847,0,2,2021)
w(861,2,2,2021)
w(862,2,2,2021)
w(847,1,2,2021)
r(862,2,2,2021)
r(847,1,2,2021)
w(862,3,2,2021)
r(862,3,2,2021)
w(861,3,3,2023)
r(861,3,3,2023)
r(862,3,3,2023)
r(862,3,3,2023)
r(863,0,4,2026)
r(847,1,4,2026)
w(863,1,4,2026)
r(863,1,4,2026)
r(863,1,4,2026)
r(860,0,4,2026)
r(863,1,5,2027)
w(863,2,5,2027)
r(818,1,5,2027)
w(863,3,5,2027)
r(863,3,6,2029)
w(860,1,6,2029)
r(864,0,6,2029)
r(863,3,6,2029)
r(860,1,6,2029)
r(864,0,6,2029)
r(863,3,6,2029)
r(818,1,7,2031)
r(865,0,7,2031)
w(865,1,7,2031)
r(864,0,7,2031)
r(865,1,7,2031)
r(864,0,7,2031)
r(865,1,7,2031)
r(865,1,8,2035)
w(864,1,8,2035)
r(864,1,8,2035)
r(847,1,8,2035)
w(818,2,8,2035)
r(865,1,8,2035)
r(865,1,8,2035)
r(865,1,8,2035)
w(864,3,10,2037)
r(865,1,10,2037)
r(847,1,10,2037)
w(847,2,10,2037)
w(866,1,10,2037)
r(866,1,10,2037)
r(866,1,11,2039)
r(866,1,11,2039)
w(866,2,11,2039)
w(866,3,11,2039)
r(866,3,11,2039)
r(847,2,11,2039)
r(860,1,11,2039)
w(867,1,12,2041)
r(867,1,12,2041)
w(867,2,12,2041)
w(860,3,12,2041)
w(867,3,12,2041)
r(868,0,12,2041)
r(867,3,12,2041)
r(868,0,13,2043)
w(868,1,13,2043)
r(870,0,13,2043)
r(868,1,13,2043)
w(847,3,13,2043)
w(870,1,14,2045)
w(870,2,14,2045)
w(870,3,14,2045)
w(868,2,14,2045)
r(869,0,14,2045)
r(868,2,14,2045)
r(847,3,15,2047)
r(847,3,15,2047)
w(871,1,15,2047)
w(871,2,15,2047)
w(869,1,15,2047)
r(868,2,15,2047)
r(869,1,15,2047)
r(868,2,16,2049)
r(871,2,16,2049)
r(871,2,16,2049)
r(868,2,16,2049)
