w(4,1,0,1)
r(4,1,0,1)
r(3,0,0,1)
w(2,1,0,1)
w(4,2,0,1)
w(3,1,1,3)
r(2,1,1,3)
r(4,2,1,3)
r(4,2,1,3)
r(4,2,1,3)
r(3,1,2,5)
w(3,2,2,5)
w(3,3,2,5)
r(2,1,2,5)
r(3,3,2,5)
r(4,2,2,5)
r(0,0,3,7)
w(1,1,3,7)
w(4,3,3,7)
r(3,3,3,7)
w(5,1,3,7)
r(3,3,3,7)
r(2,1,3,7)
w(2,2,4,9)
r(3,3,4,9)
r(5,1,4,9)
r(5,1,4,9)
r(2,2,4,9)
r(5,1,4,9)
w(2,3,4,9)
r(7,0,4,9)
r(6,0,5,11)
w(5,2,5,11)
r(5,2,5,11)
w(5,3,5,11)
w(7,1,5,11)
r(1,1,6,13)
w(6,1,6,13)
r(1,1,6,13)
r(6,1,6,13)
r(7,1,6,13)
w(8,1,6,13)
w(8,2,7,15)
w(6,2,7,15)
r(8,2,7,15)
w(8,3,7,15)
w(6,3,7,15)
r(9,0,7,15)
r(9,0,7,15)
w(10,1,7,15)
w(10,2,8,17)
w(10,3,8,17)
w(9,1,8,17)
w(9,2,8,17)
r(9,2,8,17)
w(9,3,9,19)
w(11,1,9,19)
r(11,1,9,19)
r(12,0,9,19)
w(7,2,9,19)
w(12,1,9,19)
r(7,2,9,19)
w(11,2,9,19)
w(7,3,10,21)
r(1,1,10,21)
w(11,3,10,21)
r(12,1,10,21)
w(12,2,10,21)
w(12,3,10,21)
r(0,0,10,21)
r(7,3,10,21)
r(12,3,11,23)
r(11,3,11,23)
r(13,0,11,23)
r(13,0,11,23)
r(14,0,11,23)
w(13,1,12,25)
w(13,2,12,25)
r(14,0,12,25)
w(14,1,12,25)
r(1,1,12,25)
r(14,1,12,25)
r(13,2,13,27)
r(13,2,13,27)
r(14,1,13,27)
r(15,0,13,27)
r(15,0,13,27)
w(14,2,14,29)
w(14,3,14,29)
w(13,3,14,29)
w(16,1,14,29)
w(16,2,15,31)
w(17,1,15,31)
w(16,3,15,31)
r(16,3,15,31)
w(15,1,15,31)
r(15,1,16,33)
r(16,3,16,33)
r(17,1,16,33)
r(16,3,16,33)
w(17,2,17,35)
w(17,3,17,35)
w(15,2,17,35)
w(18,1,17,35)
w(18,2,17,35)
w(18,3,17,35)
w(19,1,18,37)
w(19,2,18,37)
r(15,2,18,37)
r(19,2,18,37)
w(19,3,18,37)
r(19,3,19,39)
r(19,3,19,39)
w(0,1,19,39)
r(20,0,19,39)
w(15,3,19,39)
r(19,3,19,39)
w(21,1,19,39)
w(21,2,19,39)
w(21,3,0,41)
r(20,0,0,41)
w(22,1,0,41)
r(20,0,0,41)
w(20,1,0,43)
r(23,0,0,43)
r(23,0,0,43)
w(22,2,0,43)
w(23,1,0,43)
r(23,1,0,43)
w(23,2,1,45)
w(23,3,1,45)
r(23,3,1,45)
r(22,2,1,45)
r(22,2,1,45)
r(23,3,1,45)
r(23,3,2,47)
r(0,1,2,47)
r(20,1,2,47)
w(24,1,2,47)
w(22,3,2,47)
w(20,2,2,47)
w(24,2,3,49)
r(1,1,3,49)
r(24,2,3,49)
r(20,2,3,49)
r(20,2,4,51)
r(25,0,4,51)
w(20,3,4,51)
w(24,3,4,51)
r(24,3,5,53)
r(24,3,5,53)
r(24,3,5,53)
r(20,3,5,53)
r(20,3,5,53)
r(24,3,6,55)
r(26,0,6,55)
r(27,0,6,55)
r(26,0,6,55)
w(26,1,6,55)
w(27,1,6,55)
w(1,2,6,55)
w(27,2,6,55)
w(27,3,7,57)
r(26,1,7,57)
w(26,2,7,57)
r(27,3,7,57)
r(1,2,7,57)
r(28,0,8,59)
r(26,2,8,59)
r(28,0,8,59)
w(1,3,8,59)
r(28,0,8,59)
w(26,3,8,59)
r(26,3,9,61)
r(28,0,9,61)
w(29,1,9,61)
r(30,0,9,61)
r(30,0,10,63)
r(30,0,10,63)
w(30,1,10,63)
r(30,1,10,63)
w(30,2,10,63)
r(25,0,10,63)
w(30,3,10,63)
w(31,1,10,63)
r(31,1,11,65)
r(31,1,11,65)
r(31,1,11,65)
r(31,1,11,65)
r(28,0,11,65)
w(28,1,11,65)
w(29,2,12,67)
r(25,0,12,67)
w(28,2,12,67)
r(28,2,12,67)
w(28,3,12,67)
w(25,1,12,67)
w(32,1,13,69)
r(31,1,13,69)
r(31,1,13,69)
w(31,2,13,69)
r(31,2,13,69)
r(31,2,13,69)
r(31,2,13,69)
w(32,2,13,69)
w(32,3,14,71)
w(31,3,14,71)
w(25,2,14,71)
r(33,0,14,71)
w(33,1,14,71)
w(25,3,15,73)
r(33,1,15,73)
r(33,1,15,73)
w(33,2,15,73)
r(32,3,16,75)
w(33,3,16,75)
r(34,0,16,75)
w(34,1,16,75)
r(34,1,16,75)
w(34,2,16,75)
w(35,1,16,75)
w(35,2,17,77)
r(35,2,17,77)
r(25,3,17,77)
r(34,2,17,77)
w(35,3,17,77)
w(34,3,17,77)
w(0,2,18,79)
r(35,3,18,79)
r(34,3,18,79)
r(36,0,18,79)
w(36,1,18,79)
r(36,1,18,79)
w(37,1,18,79)
w(36,2,19,81)
r(29,2,19,81)
r(38,0,19,81)
r(37,1,19,81)
r(38,0,19,81)
w(37,2,19,81)
r(38,0,19,81)
r(37,2,0,83)
w(38,1,0,83)
r(38,1,0,83)
r(29,2,0,83)
w(38,2,0,83)
r(36,2,0,85)
r(38,2,0,85)
w(38,3,0,85)
r(36,2,0,85)
w(37,3,0,85)
r(36,2,0,85)
r(38,3,0,85)
r(38,3,1,87)
w(36,3,1,87)
w(29,3,1,87)
r(38,3,1,87)
r(36,3,1,87)
w(39,1,1,87)
r(36,3,1,87)
r(39,1,2,89)
r(39,1,2,89)
w(39,2,2,89)
w(39,3,2,89)
w(40,1,2,89)
r(39,3,3,91)
w(42,1,3,91)
r(40,1,3,91)
w(42,2,3,91)
w(40,2,4,93)
w(43,1,4,93)
w(42,3,4,93)
w(43,2,4,93)
w(41,1,4,93)
r(40,2,5,95)
r(40,2,5,95)
w(44,1,5,95)
w(44,2,5,95)
w(40,3,5,95)
r(44,2,5,95)
w(44,3,5,95)
w(43,3,6,98)
r(44,3,6,98)
r(44,3,6,98)
r(40,3,6,98)
r(45,0,6,98)
r(46,0,6,98)
r(41,1,6,98)
r(46,0,7,99)
w(46,1,7,99)
w(46,2,7,99)
r(45,0,7,99)
r(47,0,7,99)
w(46,3,7,99)
w(48,1,7,99)
r(48,1,8,101)
w(45,1,8,101)
w(48,2,8,101)
r(48,2,8,101)
w(48,3,9,103)
w(49,1,9,103)
w(47,1,9,103)
r(49,1,9,103)
r(47,1,9,103)
r(45,1,9,103)
r(45,1,9,103)
w(49,2,9,103)
w(49,3,10,105)
w(50,1,10,105)
w(45,2,10,105)
w(45,3,10,105)
r(47,1,11,107)
r(50,1,11,107)
w(50,2,11,107)
w(47,2,11,107)
w(50,3,11,107)
r(50,3,11,107)
w(51,1,11,107)
w(52,1,12,109)
w(51,2,12,109)
r(52,1,12,109)
w(52,2,12,109)
w(52,3,12,109)
r(51,2,12,109)
r(52,3,13,112)
r(51,2,13,112)
w(53,1,13,112)
w(53,2,13,112)
w(53,3,13,112)
w(51,3,13,112)
r(53,3,13,112)
r(53,3,14,113)
w(54,1,14,113)
r(41,1,14,113)
r(54,1,14,113)
r(47,2,14,113)
r(47,2,14,113)
w(54,2,14,113)
w(47,3,15,115)
w(55,1,15,115)
r(0,2,15,115)
r(55,1,15,115)
r(55,1,16,117)
r(54,2,16,117)
w(54,3,16,117)
r(55,1,16,117)
w(55,2,17,119)
r(56,0,17,119)
r(56,0,17,119)
r(55,2,17,119)
w(0,3,17,119)
r(56,0,17,119)
r(56,0,17,119)
w(56,1,18,121)
r(55,2,18,121)
w(41,2,18,121)
w(56,2,18,121)
w(55,3,18,121)
r(0,3,18,121)
r(56,2,18,121)
r(56,2,18,121)
r(55,3,19,123)
w(56,3,19,123)
r(55,3,19,123)
r(56,3,19,123)
r(57,0,19,123)
w(57,1,19,123)
r(47,3,0,125)
r(41,2,0,125)
r(57,1,0,125)
w(57,2,0,125)
w(57,3,0,125)
w(60,1,0,125)
r(60,1,0,127)
w(60,2,0,127)
r(60,2,0,127)
r(61,0,0,127)
r(60,2,1,129)
r(61,0,1,129)
r(60,2,1,129)
r(59,0,1,129)
r(60,2,1,129)
w(60,3,1,129)
r(58,0,2,131)
r(58,0,2,131)
w(58,1,2,131)
r(60,3,2,131)
r(58,1,2,131)
w(58,2,3,133)
r(62,0,3,133)
w(58,3,3,133)
w(62,1,3,133)
w(62,2,3,133)
r(62,2,3,133)
r(41,2,4,135)
w(62,3,4,135)
w(59,1,4,135)
r(58,3,4,135)
r(58,3,4,135)
r(61,0,4,135)
w(64,1,4,135)
w(63,1,4,135)
w(63,2,5,137)
w(63,3,5,137)
w(64,2,5,137)
w(61,1,5,137)
w(59,2,5,137)
w(64,3,5,137)
r(65,0,6,139)
r(65,0,6,139)
w(65,1,6,139)
r(65,1,6,139)
r(61,1,6,139)
r(61,1,6,139)
r(65,1,6,139)
r(65,1,6,139)
w(65,2,7,141)
r(64,3,7,141)
r(61,1,7,141)
w(65,3,7,141)
r(41,2,8,143)
r(65,3,8,143)
w(67,1,8,143)
r(66,0,8,143)
r(66,0,9,145)
r(67,1,9,145)
w(67,2,9,145)
w(67,3,9,145)
r(66,0,10,147)
r(67,3,10,147)
r(66,0,10,147)
r(66,0,10,147)
r(66,0,10,147)
r(59,2,10,147)
r(66,0,11,149)
r(61,1,11,149)
r(68,0,11,149)
r(66,0,11,149)
w(61,2,11,149)
r(66,0,11,149)
r(66,0,11,149)
w(66,1,11,149)
w(61,3,12,151)
r(61,3,12,151)
r(68,0,12,151)
w(66,2,12,151)
w(68,1,12,151)
w(66,3,13,153)
r(61,3,13,153)
r(69,0,13,153)
r(68,1,13,153)
w(69,1,13,153)
w(69,2,14,155)
r(69,2,14,155)
w(69,3,14,155)
r(41,2,14,155)
r(70,0,14,155)
r(70,0,14,155)
w(71,1,14,155)
w(70,1,15,157)
r(70,1,15,157)
w(70,2,15,157)
w(70,3,15,157)
w(71,2,16,159)
w(71,3,16,159)
r(72,0,16,159)
r(72,0,16,159)
r(72,0,17,161)
r(71,3,17,161)
r(72,0,17,161)
r(72,0,17,161)
w(68,2,17,161)
r(72,0,17,161)
w(68,3,17,161)
w(72,1,17,161)
r(41,2,18,163)
r(68,3,18,163)
w(72,2,18,163)
r(73,0,18,163)
w(72,3,18,163)
r(71,3,19,165)
r(71,3,19,165)
r(59,2,19,165)
w(74,1,19,165)
r(73,0,19,165)
w(75,1,0,167)
w(75,2,0,167)
w(75,3,0,167)
r(73,0,0,167)
w(41,3,0,167)
w(74,2,0,169)
r(73,0,0,169)
r(73,0,0,169)
r(76,0,0,169)
w(73,1,0,169)
r(73,1,0,169)
r(74,2,1,171)
r(41,3,1,171)
r(76,0,1,171)
w(76,1,1,171)
r(76,1,1,171)
w(73,2,1,171)
w(76,2,2,173)
w(76,3,2,173)
w(73,3,2,173)
r(76,3,2,173)
r(76,3,2,173)
r(76,3,2,173)
w(77,1,2,173)
r(78,0,2,173)
w(77,2,3,175)
w(77,3,3,175)
w(79,1,3,175)
w(79,2,3,175)
r(79,2,3,175)
r(74,2,3,175)
r(79,2,4,177)
r(79,2,4,177)
r(79,2,4,177)
r(79,2,4,177)
w(78,1,5,179)
w(78,2,5,179)
r(74,2,5,179)
r(79,2,5,179)
r(79,2,5,179)
r(79,2,6,181)
w(74,3,6,181)
r(59,2,6,181)
w(79,3,6,181)
r(79,3,6,181)
w(78,3,6,181)
r(81,0,7,183)
w(81,1,7,183)
r(81,1,7,183)
r(81,1,7,183)
r(59,2,7,183)
r(80,0,8,185)
w(81,2,8,185)
r(59,2,8,185)
r(78,3,8,185)
w(81,3,8,185)
w(82,1,8,185)
r(82,1,8,185)
w(82,2,9,187)
r(82,2,9,187)
r(78,3,9,187)
r(82,2,9,187)
w(82,3,9,187)
r(78,3,9,187)
w(84,1,9,187)
r(84,1,10,189)
r(84,1,10,189)
r(84,1,10,189)
r(84,1,10,189)
w(59,3,10,189)
w(85,1,10,189)
r(84,1,10,189)
w(84,2,10,189)
w(84,3,11,191)
r(84,3,11,191)
w(85,2,11,191)
w(80,1,11,191)
w(85,3,12,193)
w(86,1,12,193)
w(86,2,12,193)
r(83,0,12,193)
r(86,2,12,193)
r(86,2,13,195)
r(86,2,13,195)
r(86,2,13,195)
w(86,3,13,195)
w(87,1,13,195)
r(80,1,14,197)
r(86,3,14,197)
r(80,1,14,197)
r(86,3,14,197)
r(86,3,14,197)
r(86,3,14,197)
w(83,1,14,197)
r(87,1,15,199)
r(88,0,15,199)
w(83,2,15,199)
w(87,2,15,199)
r(88,0,15,199)
w(83,3,15,199)
r(87,2,15,199)
r(88,0,15,199)
r(88,0,16,201)
w(87,3,16,201)
w(80,2,16,201)
w(88,1,16,201)
w(88,2,16,201)
r(88,2,16,201)
r(89,0,17,203)
w(88,3,17,203)
r(91,0,17,203)
w(80,3,17,203)
r(89,0,17,203)
r(91,0,17,203)
r(90,0,17,203)
w(89,1,17,203)
w(91,1,18,205)
r(89,1,18,205)
w(91,2,18,205)
r(91,2,18,205)
r(89,1,18,205)
r(91,2,18,205)
w(91,3,19,208)
r(80,3,19,208)
w(92,1,19,208)
w(92,2,19,208)
r(89,1,19,208)
w(90,1,19,208)
r(94,0,0,211)
r(89,1,0,211)
r(89,1,0,211)
w(90,2,0,211)
r(89,1,0,211)
r(90,2,1,213)
w(89,3,1,213)
w(94,2,1,213)
w(94,3,1,213)
r(94,3,1,213)
r(96,0,1,213)
r(95,0,1,213)
w(96,1,1,213)
w(96,2,2,215)
w(96,3,2,215)
r(96,3,2,215)
r(95,0,2,215)
w(90,3,2,215)
w(98,1,2,215)
r(90,3,2,215)
r(95,0,3,217)
w(98,2,3,217)
r(95,0,3,217)
w(95,1,3,217)
r(97,0,3,217)
w(93,1,3,217)
r(98,2,3,217)
r(98,2,4,219)
w(98,3,4,219)
r(95,1,4,219)
w(99,1,4,219)
r(99,1,4,219)
r(99,1,4,219)
r(99,1,4,219)
r(95,1,4,219)
r(95,1,5,221)
r(95,1,5,221)
r(99,1,5,221)
w(95,2,5,221)
w(99,2,6,223)
w(99,3,6,223)
w(100,1,6,223)
r(95,2,6,223)
r(101,0,6,223)
w(101,1,6,223)
w(100,2,7,225)
w(95,3,7,225)
r(102,0,7,225)
r(93,1,7,225)
r(102,0,7,225)
r(100,2,7,225)
r(102,0,8,227)
r(102,0,8,227)
w(101,2,8,227)
w(101,3,8,227)
w(103,1,8,227)
r(102,0,8,227)
w(93,2,9,229)
w(100,3,9,229)
w(102,1,9,229)
w(93,3,9,229)
r(103,1,9,229)
w(103,2,10,231)
r(103,2,10,231)
r(102,1,10,231)
w(102,2,10,231)
w(102,3,11,233)
r(103,2,11,233)
r(97,0,11,233)
r(103,2,11,233)
w(103,3,11,233)
r(100,3,11,233)
r(103,3,11,233)
r(93,3,11,233)
r(105,0,12,235)
w(106,1,12,235)
r(105,0,12,235)
r(105,0,12,235)
w(105,1,12,235)
w(104,1,13,237)
r(105,1,13,237)
w(105,2,13,237)
w(104,2,13,237)
w(97,1,13,237)
r(104,2,13,237)
r(93,3,13,237)
r(105,2,13,237)
r(104,2,14,239)
w(105,3,14,239)
w(106,2,14,239)
r(104,2,14,239)
r(106,2,14,239)
w(104,3,15,241)
r(106,2,15,241)
r(93,3,15,241)
r(104,3,15,241)
r(107,0,15,241)
r(93,3,15,241)
w(106,3,15,241)
r(108,0,16,244)
w(107,1,16,244)
w(108,1,16,244)
r(108,1,16,244)
w(108,2,16,244)
r(108,2,16,244)
r(107,1,16,244)
r(107,1,18,247)
r(108,2,18,247)
r(109,0,18,247)
r(106,3,18,247)
r(108,2,18,247)
r(110,0,18,247)
r(109,0,18,247)
w(107,3,19,249)
w(109,1,19,249)
r(108,2,19,249)
r(107,3,19,249)
w(111,1,19,249)
r(111,1,0,251)
w(112,1,0,251)
w(112,2,0,251)
w(111,2,0,251)
w(112,3,0,251)
r(111,2,0,253)
r(97,1,0,253)
r(111,2,0,253)
r(110,0,0,253)
r(112,3,0,253)
r(110,0,0,253)
w(113,1,1,255)
r(110,0,1,255)
w(113,2,1,255)
r(110,0,1,255)
w(113,3,2,257)
r(113,3,2,257)
r(113,3,2,257)
w(97,2,2,257)
r(97,2,2,257)
r(114,0,2,257)
w(114,1,3,259)
w(114,2,3,259)
r(111,2,3,259)
w(114,3,3,259)
r(114,3,3,259)
r(110,0,3,259)
w(115,1,3,259)
w(111,3,4,261)
r(110,0,4,261)
r(115,1,4,261)
r(115,1,4,261)
r(116,0,4,261)
r(115,1,4,261)
r(110,0,4,261)
r(115,1,5,263)
w(115,2,5,263)
w(109,2,5,263)
w(109,3,5,263)
r(115,2,5,263)
w(110,1,5,263)
w(115,3,6,265)
r(110,1,6,265)
w(97,3,6,265)
r(116,0,6,265)
w(117,1,6,265)
r(116,0,6,265)
w(116,1,7,267)
w(116,2,7,267)
r(116,2,7,267)
r(117,1,7,267)
r(116,2,8,269)
r(110,1,8,269)
r(117,1,8,269)
r(117,1,8,269)
w(110,2,8,269)
r(119,0,8,269)
w(117,2,9,271)
w(117,3,9,271)
w(116,3,9,271)
r(118,0,9,271)
r(120,0,10,273)
w(110,3,10,273)
r(120,0,10,273)
r(119,0,10,273)
r(121,0,10,273)
w(118,1,10,273)
r(120,0,11,275)
w(121,1,11,275)
r(120,0,11,275)
w(120,1,11,275)
w(122,1,11,275)
r(120,1,11,275)
w(120,2,12,277)
r(120,2,12,277)
r(121,1,12,277)
w(120,3,12,277)
w(121,2,12,277)
w(122,2,12,277)
r(121,2,12,277)
w(123,1,13,279)
w(122,3,13,279)
w(123,2,13,279)
w(123,3,13,279)
r(123,3,13,279)
r(123,3,13,279)
w(125,1,14,281)
w(124,1,14,281)
w(125,2,14,281)
w(124,2,14,281)
r(124,2,14,281)
w(125,3,14,281)
w(121,3,15,283)
r(125,3,15,283)
w(118,2,15,283)
r(126,0,15,283)
r(121,3,15,283)
r(121,3,15,283)
w(119,1,15,283)
r(126,0,16,285)
r(126,0,16,285)
r(126,0,16,285)
r(121,3,16,285)
r(124,2,16,285)
w(126,1,16,285)
w(124,3,17,287)
r(119,1,17,287)
r(118,2,17,287)
r(121,3,17,287)
w(126,2,18,289)
r(126,2,18,289)
r(121,3,18,289)
w(126,3,18,289)
r(126,3,18,289)
r(126,3,18,289)
w(127,1,18,289)
r(121,3,19,291)
r(127,1,19,291)
r(127,1,19,291)
r(121,3,19,291)
w(118,3,19,291)
r(127,1,0,293)
r(124,3,0,293)
w(127,2,0,293)
w(128,1,0,293)
w(127,3,0,293)
r(127,3,0,295)
r(127,3,0,295)
r(127,3,0,295)
r(129,0,0,295)
w(129,1,0,295)
r(129,1,1,297)
r(128,1,1,297)
w(129,2,1,297)
r(128,1,1,297)
r(129,2,1,297)
r(119,1,1,297)
r(129,2,2,299)
r(130,0,2,299)
r(129,2,2,299)
w(129,3,2,299)
w(131,1,2,299)
r(130,0,3,301)
w(128,2,3,301)
r(128,2,3,301)
w(131,2,3,301)
w(119,2,3,301)
w(131,3,3,301)
r(131,3,4,303)
r(131,3,4,303)
r(131,3,4,303)
r(131,3,4,303)
r(132,0,5,305)
r(132,0,5,305)
r(130,0,5,305)
r(128,2,5,305)
w(128,3,6,307)
r(132,0,6,307)
r(118,3,6,307)
w(132,1,6,307)
r(132,1,6,307)
r(133,0,7,309)
w(132,2,7,309)
w(132,3,7,309)
r(132,3,7,309)
r(132,3,7,309)
w(130,1,8,311)
r(135,0,8,311)
w(119,3,8,311)
r(133,0,8,311)
r(135,0,8,311)
w(133,1,8,311)
w(133,2,9,313)
r(134,0,9,313)
r(133,2,9,313)
r(119,3,9,313)
r(134,0,9,313)
r(133,2,9,313)
r(119,3,10,315)
r(133,2,10,315)
w(134,1,10,315)
w(130,2,10,315)
w(135,1,11,317)
r(133,2,11,317)
w(135,2,11,317)
w(135,3,11,317)
r(135,3,12,319)
r(135,3,12,319)
r(130,2,12,319)
w(130,3,12,319)
r(133,2,13,321)
r(130,3,13,321)
r(134,1,13,321)
w(136,1,13,321)
w(136,2,13,321)
w(136,3,14,323)
r(137,0,14,323)
w(133,3,14,323)
r(137,0,14,323)
r(137,0,14,323)
r(138,0,14,323)
r(138,0,14,323)
r(137,0,15,325)
w(139,1,15,325)
w(137,1,15,325)
w(137,2,15,325)
r(138,0,15,325)
w(139,2,16,327)
r(139,2,16,327)
w(139,3,16,327)
w(137,3,16,327)
r(137,3,16,327)
w(134,2,16,327)
r(141,0,16,327)
r(141,0,16,327)
r(140,0,17,331)
w(140,1,17,331)
r(140,1,17,331)
w(140,2,17,331)
w(141,1,17,331)
r(141,1,19,333)
r(141,1,19,333)
r(141,1,19,333)
r(141,1,19,333)
r(141,1,19,333)
r(140,2,19,333)
w(141,3,19,333)
r(141,3,0,335)
r(142,0,0,335)
r(142,0,0,335)
r(143,0,0,335)
r(142,0,0,335)
w(143,1,0,335)
w(138,2,0,337)
w(142,1,0,337)
w(142,2,0,337)
w(142,3,0,337)
r(138,2,0,337)
r(138,2,0,337)
w(143,2,0,337)
r(142,3,1,339)
r(142,3,1,339)
r(143,2,1,339)
r(134,2,1,339)
w(138,3,1,339)
r(143,2,1,339)
w(143,3,1,339)
w(145,1,2,341)
r(144,0,2,341)
r(145,1,2,341)
r(145,1,2,341)
r(145,1,2,341)
w(146,1,2,341)
w(145,2,2,341)
r(146,1,3,343)
r(145,2,3,343)
w(146,2,3,343)
r(145,2,3,343)
r(145,2,3,343)
r(146,2,4,345)
r(134,2,4,345)
r(144,0,4,345)
r(146,2,4,345)
r(146,2,4,345)
r(144,0,5,347)
r(147,0,5,347)
r(145,2,5,347)
r(145,2,5,347)
w(145,3,5,347)
r(145,3,6,349)
r(146,2,6,349)
r(146,2,6,349)
r(145,3,6,349)
w(148,1,6,349)
w(148,2,6,349)
w(146,3,6,349)
r(146,3,6,349)
r(144,0,7,351)
w(148,3,7,351)
w(144,1,7,351)
r(144,1,7,351)
w(150,1,7,351)
w(144,2,7,351)
w(150,2,7,351)
w(150,3,8,353)
r(144,2,8,353)
w(144,3,8,353)
w(149,1,8,353)
r(150,3,8,353)
w(149,2,8,353)
w(151,1,8,353)
r(149,2,9,355)
r(149,2,9,355)
w(151,2,9,355)
r(151,2,9,355)
w(149,3,9,355)
r(149,3,9,355)
r(144,3,9,355)
w(151,3,9,355)
w(152,1,10,357)
r(149,3,10,357)
r(149,3,10,357)
w(134,3,10,357)
r(152,1,10,357)
r(134,3,10,357)
w(152,2,11,359)
r(149,3,11,359)
w(152,3,11,359)
r(153,0,11,359)
r(147,0,11,359)
r(152,3,11,359)
r(153,0,11,359)
w(154,1,11,359)
r(153,0,12,361)
w(154,2,12,361)
w(154,3,12,361)
r(153,0,12,361)
w(155,1,12,361)
w(155,2,12,361)
r(153,0,12,361)
r(155,2,13,363)
r(155,2,13,363)
w(156,1,13,363)
w(153,1,13,363)
w(153,2,13,363)
w(155,3,13,363)
r(147,0,14,365)
w(157,1,14,365)
r(157,1,14,365)
r(157,1,14,365)
r(155,3,14,365)
w(156,2,14,365)
r(147,0,14,365)
r(153,2,14,365)
w(153,3,15,367)
r(157,1,15,367)
w(157,2,15,367)
w(158,1,15,367)
r(157,2,15,367)
r(157,2,15,367)
r(158,1,16,369)
w(158,2,16,369)
r(157,2,16,369)
w(147,1,16,369)
w(157,3,16,369)
w(158,3,17,371)
r(159,0,17,371)
r(157,3,17,371)
r(159,0,17,371)
r(159,0,18,373)
r(157,3,18,373)
r(160,0,18,373)
r(160,0,18,373)
r(161,0,18,373)
w(160,1,18,373)
r(160,1,18,373)
w(161,1,18,373)
r(161,1,19,375)
r(160,1,19,375)
r(161,1,19,375)
r(161,1,19,375)
r(161,1,19,375)
w(161,2,19,375)
w(161,3,0,377)
w(160,2,0,377)
r(160,2,0,377)
r(160,2,0,377)
r(161,3,0,377)
r(162,0,0,377)
w(159,1,0,379)
r(160,2,0,379)
r(160,2,0,379)
r(160,2,0,379)
r(162,0,0,379)
w(162,1,1,381)
w(156,3,1,381)
r(160,2,1,381)
r(160,2,1,381)
w(162,2,1,381)
w(163,1,1,381)
w(163,2,1,381)
r(159,1,2,383)
r(162,2,2,383)
w(162,3,2,383)
r(160,2,2,383)
r(147,1,2,383)
w(160,3,2,383)
r(159,1,3,385)
w(159,2,3,385)
w(164,1,3,385)
r(164,1,3,385)
r(163,2,4,387)
w(164,2,4,387)
w(159,3,4,387)
r(164,2,4,387)
r(163,2,4,387)
r(164,2,5,389)
w(165,1,5,389)
w(165,2,5,389)
w(164,3,5,389)
r(165,2,5,389)
r(165,2,6,391)
w(167,1,6,391)
r(167,1,6,391)
r(163,2,6,391)
r(165,2,6,391)
r(167,1,6,391)
w(167,2,7,393)
r(167,2,7,393)
w(167,3,7,393)
r(166,0,7,393)
r(167,3,7,393)
w(166,1,7,393)
w(165,3,7,393)
r(165,3,7,393)
r(165,3,8,395)
w(168,1,8,395)
r(168,1,8,395)
w(168,2,8,395)
r(165,3,8,395)
r(168,2,8,395)
r(166,1,9,397)
w(168,3,9,397)
w(166,2,9,397)
w(166,3,9,397)
w(169,1,9,397)
w(169,2,9,397)
r(169,2,9,397)
w(169,3,9,397)
w(172,1,10,399)
r(172,1,10,399)
w(172,2,10,399)
r(172,2,10,399)
r(172,2,10,399)
