w(4,1,0,2)
w(4,2,0,2)
r(4,2,0,2)
w(0,1,0,2)
w(0,2,0,2)
w(2,1,0,2)
w(4,3,1,3)
r(3,0,1,3)
w(2,2,1,3)
r(4,3,1,3)
r(4,3,2,5)
w(3,1,2,5)
w(1,1,2,5)
w(1,2,2,5)
r(2,2,2,5)
w(3,2,2,5)
w(5,1,2,5)
r(3,2,3,7)
r(5,1,3,7)
w(5,2,3,7)
w(3,3,3,7)
r(3,3,4,9)
r(5,2,4,9)
w(5,3,4,9)
r(6,0,4,9)
r(6,0,4,9)
r(6,0,4,9)
r(3,3,5,11)
r(1,2,5,11)
w(6,1,5,11)
w(6,2,5,11)
r(3,3,5,11)
r(6,2,6,13)
w(2,3,6,13)
w(6,3,6,13)
w(7,1,6,13)
r(6,3,6,13)
r(2,3,6,13)
r(6,3,6,13)
w(7,2,6,13)
w(7,3,7,15)
r(6,3,7,15)
r(6,3,7,15)
w(8,1,7,15)
r(6,3,7,15)
r(6,3,7,15)
r(6,3,8,17)
r(6,3,8,17)
r(6,3,8,17)
r(6,3,8,17)
r(8,1,8,17)
r(9,0,8,17)
r(9,0,8,17)
w(8,2,9,19)
r(9,0,9,19)
w(0,3,9,19)
r(9,0,9,19)
r(9,0,9,19)
r(0,3,10,21)
r(9,0,10,21)
r(9,0,10,21)
r(9,0,10,21)
r(9,0,10,21)
r(0,3,10,21)
w(9,1,11,23)
w(9,2,11,23)
w(10,1,11,23)
w(8,3,11,23)
w(9,3,11,23)
r(9,3,12,25)
r(9,3,12,25)
w(11,1,12,25)
r(9,3,12,25)
r(12,0,12,25)
r(0,3,13,27)
r(11,1,13,27)
w(10,2,13,27)
r(12,0,13,27)
w(12,1,13,27)
w(11,2,13,27)
w(12,2,13,27)
r(11,2,14,29)
r(11,2,14,29)
w(12,3,14,29)
w(10,3,14,29)
r(12,3,14,29)
r(12,3,15,31)
w(1,3,15,31)
r(0,3,15,31)
r(13,0,15,31)
w(13,1,15,31)
w(11,3,15,31)
w(13,2,15,31)
w(14,1,16,33)
w(13,3,16,33)
r(11,3,16,33)
r(14,1,16,33)
r(13,3,16,33)
r(11,3,16,33)
w(16,1,16,33)
r(16,1,17,35)
r(0,3,17,35)
w(17,1,17,35)
w(16,2,17,35)
w(17,2,18,37)
w(16,3,18,37)
w(15,1,18,37)
r(18,0,18,37)
w(18,1,18,37)
w(18,2,18,37)
w(18,3,19,39)
w(17,3,19,39)
r(18,3,19,39)
r(15,1,19,39)
r(18,3,19,39)
w(15,2,19,39)
w(20,1,0,41)
w(20,2,0,41)
r(20,2,0,41)
r(20,2,0,41)
w(20,3,0,41)
r(14,1,0,41)
r(15,2,0,43)
r(19,0,0,43)
r(19,0,0,43)
w(21,1,0,43)
w(21,2,1,45)
w(15,3,1,45)
w(19,1,1,45)
r(14,1,1,45)
r(21,2,1,45)
r(19,1,1,45)
w(19,2,1,45)
w(21,3,2,47)
r(21,3,2,47)
w(23,1,2,47)
w(19,3,2,47)
r(19,3,3,49)
r(14,1,3,49)
w(23,2,3,49)
r(19,3,3,49)
r(19,3,4,51)
w(23,3,4,51)
r(19,3,4,51)
r(24,0,4,51)
r(19,3,4,51)
r(24,0,4,51)
w(24,1,4,51)
r(24,1,5,53)
r(24,1,5,53)
w(24,2,5,53)
w(24,3,5,53)
r(26,0,6,55)
r(24,3,6,55)
w(26,1,6,55)
r(24,3,6,55)
w(27,1,6,55)
r(27,1,7,57)
w(22,1,7,57)
r(27,1,7,57)
w(26,2,7,57)
w(22,2,8,59)
r(27,1,8,59)
r(26,2,8,59)
w(26,3,8,59)
r(27,1,8,59)
r(27,1,9,61)
w(22,3,9,61)
r(27,1,9,61)
r(26,3,9,61)
w(27,2,9,61)
r(27,2,9,61)
r(27,2,10,63)
r(27,2,10,63)
w(14,2,10,63)
w(27,3,10,63)
w(29,1,10,63)
r(30,0,10,63)
w(30,1,11,65)
w(30,2,11,65)
r(28,0,11,65)
r(28,0,11,65)
r(28,0,12,67)
w(30,3,12,67)
w(14,3,12,67)
r(30,3,12,67)
r(30,3,13,69)
r(30,3,13,69)
r(30,3,13,69)
r(28,0,13,69)
r(31,0,13,69)
r(29,1,13,69)
w(31,1,13,69)
w(28,1,13,69)
r(28,1,14,71)
r(31,1,14,71)
r(28,1,14,71)
r(29,1,14,71)
w(31,2,14,71)
w(31,3,15,73)
w(28,2,15,73)
r(28,2,15,73)
w(28,3,15,73)
w(32,1,15,73)
r(32,1,15,73)
w(32,2,16,75)
w(32,3,16,75)
r(32,3,16,75)
r(32,3,16,75)
r(28,3,16,75)
r(32,3,16,75)
r(32,3,17,77)
r(32,3,17,77)
r(14,3,17,77)
w(33,1,17,77)
r(28,3,17,77)
r(33,1,17,77)
r(33,1,18,79)
r(33,1,18,79)
r(25,0,18,79)
r(33,1,18,79)
r(28,3,18,79)
r(33,1,19,81)
r(34,0,19,81)
r(34,0,19,81)
w(29,2,19,81)
w(33,2,19,81)
r(34,0,19,81)
r(33,2,19,81)
w(33,3,0,83)
r(33,3,0,83)
w(35,1,0,83)
w(35,2,0,83)
w(35,3,0,83)
w(29,3,0,85)
r(14,3,0,85)
r(34,0,0,85)
w(34,1,0,85)
r(35,3,0,85)
r(36,0,1,87)
r(36,0,1,87)
r(35,3,1,87)
r(34,1,1,87)
w(34,2,2,89)
r(35,3,2,89)
r(35,3,2,89)
w(36,1,2,89)
r(35,3,2,89)
r(34,2,2,89)
w(37,1,2,89)
w(34,3,2,89)
w(38,1,3,91)
r(14,3,3,91)
r(38,1,3,91)
w(36,2,3,91)
w(38,2,3,91)
r(38,2,3,91)
r(37,1,4,93)
r(37,1,4,93)
r(37,1,4,93)
w(38,3,4,93)
w(25,1,4,93)
w(37,2,5,95)
w(36,3,5,95)
w(37,3,5,95)
r(25,1,5,95)
r(38,3,5,95)
r(37,3,5,95)
r(40,0,5,95)
w(40,1,5,95)
r(40,1,6,97)
r(40,1,6,97)
r(41,0,6,97)
r(39,0,6,97)
w(40,2,6,97)
w(40,3,6,97)
w(42,1,6,97)
r(42,1,6,97)
r(42,1,7,99)
w(41,1,7,99)
w(39,1,7,99)
r(42,1,7,99)
r(41,1,7,99)
r(39,1,7,99)
w(42,2,8,101)
w(39,2,8,101)
w(42,3,8,101)
w(43,1,8,101)
w(41,2,8,101)
r(43,1,8,101)
w(39,3,9,104)
w(43,2,9,104)
r(43,2,9,104)
r(43,2,9,104)
r(39,3,9,104)
r(43,2,9,104)
r(43,2,9,104)
r(44,0,11,107)
w(41,3,11,107)
w(44,1,11,107)
w(25,2,11,107)
w(46,1,11,107)
w(46,2,11,107)
w(44,2,12,109)
w(46,3,12,109)
w(44,3,12,109)
r(41,3,12,109)
r(47,0,13,111)
w(47,1,13,111)
r(41,3,13,111)
r(41,3,13,111)
r(41,3,13,111)
w(45,2,13,111)
r(47,1,13,111)
w(45,3,14,113)
w(47,2,14,113)
w(47,3,14,113)
r(49,0,14,113)
w(49,1,15,115)
w(49,2,15,115)
w(48,1,15,115)
r(41,3,15,115)
r(45,3,15,115)
r(48,1,16,117)
w(49,3,16,117)
r(49,3,16,117)
r(50,0,16,117)
r(41,3,16,117)
w(50,1,16,117)
w(50,2,16,117)
w(50,3,17,119)
r(48,1,17,119)
r(52,0,17,119)
r(52,0,17,119)
r(48,1,17,119)
r(52,0,17,119)
w(53,1,17,119)
r(52,0,18,121)
w(48,2,18,121)
w(52,1,18,121)
r(48,2,18,121)
r(48,2,18,121)
w(52,2,19,123)
r(48,2,19,123)
r(52,2,19,123)
w(48,3,19,123)
w(52,3,19,123)
w(53,2,0,125)
r(52,3,0,125)
r(52,3,0,125)
r(52,3,0,125)
w(53,3,0,125)
r(54,0,0,127)
w(25,3,0,127)
r(54,0,0,127)
r(54,0,0,127)
r(51,0,0,127)
r(55,0,1,129)
r(53,3,1,129)
w(55,1,1,129)
r(55,1,1,129)
w(55,2,1,129)
r(53,3,1,129)
r(53,3,2,131)
w(55,3,2,131)
r(55,3,2,131)
w(54,1,2,131)
r(54,1,3,133)
r(56,0,3,133)
w(57,1,3,133)
r(57,1,3,133)
r(54,1,3,133)
w(56,1,3,133)
w(54,2,3,133)
r(56,1,4,135)
w(56,2,4,135)
r(25,3,4,135)
r(56,2,4,135)
r(54,2,4,135)
r(51,0,5,137)
r(54,2,5,137)
r(57,1,5,137)
w(56,3,5,137)
w(57,2,5,137)
r(56,3,5,137)
r(56,3,5,137)
r(57,2,5,137)
w(57,3,6,139)
r(58,0,6,139)
r(58,0,6,139)
r(54,2,6,139)
r(58,0,6,139)
r(58,0,6,139)
w(58,1,6,139)
w(58,2,7,141)
r(58,2,7,141)
r(58,2,7,141)
w(58,3,7,141)
r(25,3,7,141)
w(54,3,7,141)
w(59,1,7,141)
r(60,0,8,143)
r(60,0,8,143)
w(59,2,8,143)
w(61,1,8,143)
w(59,3,8,143)
w(51,1,9,145)
w(60,1,9,145)
r(59,3,9,145)
r(61,1,9,145)
w(60,2,9,145)
r(60,2,9,145)
r(60,2,10,147)
r(60,2,10,147)
w(60,3,10,147)
r(61,1,10,147)
r(60,3,11,149)
r(60,3,11,149)
r(62,0,11,149)
w(62,1,11,149)
r(61,1,11,149)
w(62,2,11,149)
w(62,3,11,149)
w(51,2,11,149)
r(64,0,12,151)
r(61,1,12,151)
r(63,0,12,151)
w(61,2,12,151)
r(63,0,12,151)
w(64,1,13,153)
w(51,3,13,153)
w(64,2,13,153)
r(64,2,13,153)
r(64,2,13,153)
w(64,3,14,155)
r(63,0,14,155)
r(61,2,14,155)
r(66,0,14,155)
w(61,3,14,155)
w(63,1,14,155)
w(63,2,15,157)
w(63,3,15,157)
w(68,1,15,157)
r(67,0,15,157)
r(67,0,15,157)
r(67,0,16,159)
r(65,0,16,159)
r(68,1,16,159)
r(68,1,16,159)
w(67,1,16,159)
w(67,2,17,161)
r(66,0,17,161)
r(64,3,17,161)
w(68,2,17,161)
w(68,3,17,161)
w(65,1,17,161)
w(69,1,18,163)
r(67,2,18,163)
w(65,2,18,163)
r(67,2,18,163)
r(67,2,18,163)
w(70,1,18,163)
r(67,2,18,163)
w(67,3,19,165)
w(66,1,19,165)
r(70,1,19,165)
r(69,1,19,165)
r(70,1,19,165)
r(66,1,19,165)
r(71,0,19,165)
w(71,1,0,167)
r(71,1,0,167)
r(71,1,0,167)
w(71,2,0,167)
r(71,2,0,167)
r(71,2,0,169)
r(71,2,0,169)
w(70,2,0,169)
r(71,2,0,169)
w(70,3,0,169)
r(71,2,1,171)
r(69,1,1,171)
r(71,2,1,171)
w(69,2,1,171)
w(71,3,1,171)
w(72,1,1,171)
r(71,3,2,173)
r(71,3,2,173)
r(72,1,2,173)
r(65,2,2,173)
w(73,1,2,173)
r(73,1,2,173)
r(73,1,2,173)
w(66,2,3,175)
w(73,2,3,175)
w(69,3,3,175)
r(73,2,3,175)
r(69,3,3,175)
r(66,2,3,175)
w(72,2,4,177)
r(72,2,4,177)
w(66,3,4,177)
w(72,3,4,177)
r(69,3,4,177)
r(69,3,4,177)
w(73,3,4,177)
r(74,0,5,179)
r(69,3,5,179)
w(75,1,5,179)
r(75,1,5,179)
r(75,1,5,179)
r(74,0,5,179)
r(75,1,5,179)
r(74,0,6,181)
w(75,2,6,181)
r(75,2,6,181)
r(74,0,6,181)
w(74,1,6,181)
r(75,2,7,183)
w(74,2,7,183)
r(75,2,7,183)
w(76,1,7,183)
w(76,2,7,183)
r(75,2,7,183)
r(76,2,7,183)
w(76,3,7,183)
r(65,2,8,185)
w(75,3,8,185)
r(75,3,8,185)
w(77,1,8,185)
r(75,3,8,185)
r(75,3,8,185)
r(75,3,8,185)
w(77,2,8,185)
r(78,0,9,187)
w(78,1,9,187)
w(74,3,9,187)
w(65,3,9,187)
w(79,1,9,187)
r(77,2,9,187)
w(78,2,9,187)
r(66,3,10,189)
r(78,2,10,189)
w(79,2,10,189)
w(78,3,10,189)
r(77,2,10,189)
r(77,2,11,191)
r(78,3,11,191)
r(78,3,11,191)
r(79,2,11,191)
w(79,3,11,191)
r(78,3,11,191)
r(78,3,12,193)
r(78,3,12,193)
w(80,1,12,193)
r(78,3,12,193)
w(80,2,12,193)
r(78,3,12,193)
r(80,2,13,195)
w(77,3,13,195)
r(80,2,13,195)
w(82,1,13,195)
r(80,2,14,197)
w(82,2,14,197)
r(80,2,14,197)
r(82,2,14,197)
r(82,2,14,197)
w(82,3,14,197)
r(84,0,14,197)
w(80,3,14,197)
r(84,0,15,199)
r(83,0,15,199)
r(84,0,15,199)
w(84,1,15,199)
w(84,2,15,199)
w(81,1,16,201)
w(84,3,16,201)
r(80,3,16,201)
r(81,1,16,201)
w(83,1,17,203)
r(85,0,17,203)
r(85,0,17,203)
r(85,0,17,203)
r(85,0,18,205)
r(85,0,18,205)
w(85,1,18,205)
w(85,2,18,205)
w(85,3,19,207)
r(85,3,19,207)
r(81,1,19,207)
w(88,1,19,207)
r(88,1,19,207)
r(88,1,19,207)
r(88,1,0,209)
r(88,1,0,209)
r(87,0,0,209)
w(88,2,0,209)
w(83,2,0,211)
r(87,0,0,211)
w(88,3,0,211)
w(83,3,0,211)
w(87,1,0,211)
r(83,3,0,211)
r(88,3,0,211)
r(88,3,0,211)
w(89,1,1,213)
w(87,2,1,213)
r(89,1,1,213)
w(87,3,1,213)
r(89,1,1,213)
w(89,2,1,213)
w(89,3,1,213)
r(83,3,2,215)
r(81,1,2,215)
w(81,2,2,215)
w(81,3,2,215)
w(91,1,2,215)
r(90,0,2,215)
r(91,1,2,215)
r(91,1,3,217)
w(91,2,3,217)
r(91,2,3,217)
w(90,1,3,217)
r(83,3,3,217)
r(83,3,4,219)
w(91,3,4,219)
w(90,2,4,219)
r(83,3,4,219)
r(83,3,4,219)
r(83,3,4,219)
r(91,3,5,221)
r(81,3,5,221)
r(90,2,5,221)
r(90,2,5,221)
w(93,1,6,223)
r(90,2,6,223)
r(93,1,6,223)
w(93,2,6,223)
r(90,2,6,223)
w(90,3,7,225)
r(93,2,7,225)
w(93,3,7,225)
r(93,3,7,225)
r(90,3,7,225)
w(94,1,7,225)
r(90,3,8,227)
w(94,2,8,227)
r(94,2,8,227)
r(92,0,8,227)
r(94,2,9,229)
r(90,3,9,229)
w(94,3,9,229)
w(95,1,9,229)
r(94,3,9,229)
r(94,3,9,229)
w(95,2,9,229)
r(95,2,10,231)
r(97,0,10,231)
r(96,0,10,231)
r(86,0,10,231)
r(95,2,10,231)
w(97,1,11,233)
r(96,0,11,233)
w(95,3,11,233)
r(97,1,11,233)
r(96,0,11,233)
w(97,2,11,233)
w(98,1,11,233)
w(97,3,12,235)
r(97,3,12,235)
r(96,0,12,235)
w(98,2,12,235)
w(96,1,12,235)
r(98,2,13,237)
r(86,0,13,237)
w(98,3,13,237)
w(99,1,13,237)
r(99,1,13,237)
r(99,1,13,237)
w(99,2,13,237)
w(99,3,13,237)
r(99,3,14,239)
w(96,2,14,239)
r(92,0,14,239)
w(101,1,14,239)
r(96,2,15,241)
r(101,1,15,241)
w(100,1,15,241)
r(100,1,15,241)
w(96,3,15,241)
w(100,2,16,243)
r(92,0,16,243)
w(101,2,16,243)
w(100,3,16,243)
w(101,3,16,243)
r(100,3,17,245)
r(101,3,17,245)
r(100,3,17,245)
r(103,0,17,245)
r(103,0,18,247)
w(104,1,18,247)
r(102,0,18,247)
w(103,1,18,247)
r(92,0,18,247)
r(103,1,18,247)
r(102,0,19,249)
w(103,2,19,249)
w(104,2,19,249)
w(103,3,19,249)
r(103,3,19,249)
r(105,0,19,249)
w(102,1,19,249)
r(105,0,19,249)
w(105,1,0,251)
r(102,1,0,251)
w(105,2,0,251)
w(105,3,0,251)
r(105,3,0,251)
r(104,2,0,251)
w(86,1,0,253)
r(105,3,0,253)
w(102,2,0,253)
r(105,3,0,253)
r(102,2,0,253)
w(102,3,1,255)
r(106,0,1,255)
r(92,0,1,255)
w(107,1,1,255)
r(107,1,1,255)
r(104,2,1,255)
w(107,2,1,255)
w(107,3,1,255)
r(106,0,2,257)
w(92,1,2,257)
r(107,3,2,257)
w(86,2,2,257)
r(108,0,3,259)
w(108,1,3,259)
r(106,0,3,259)
r(108,1,3,259)
r(104,2,3,259)
r(106,0,3,259)
r(92,1,3,259)
w(106,1,3,259)
r(108,1,4,261)
r(106,1,4,261)
r(108,1,4,261)
r(108,1,4,261)
w(108,2,4,261)
r(108,2,5,263)
r(104,2,5,263)
r(108,2,5,263)
w(106,2,5,263)
r(108,2,5,263)
w(108,3,5,263)
w(106,3,5,263)
w(104,3,5,263)
r(108,3,6,265)
r(109,0,6,265)
w(109,1,6,265)
r(109,1,6,265)
w(109,2,6,265)
r(104,3,6,265)
w(109,3,6,265)
w(110,1,7,267)
r(104,3,7,267)
w(110,2,7,267)
r(110,2,7,267)
w(110,3,7,267)
r(106,3,7,267)
w(111,1,8,269)
r(92,1,8,269)
r(111,1,8,269)
r(113,0,8,269)
r(111,1,8,269)
w(111,2,8,269)
r(111,2,9,271)
w(111,3,9,271)
w(113,1,9,271)
w(112,1,9,271)
r(113,1,9,271)
r(114,0,9,271)
w(114,1,9,271)
r(114,1,10,273)
w(114,2,10,273)
w(114,3,10,273)
r(114,3,10,273)
r(114,3,10,273)
r(113,1,10,273)
r(114,3,10,273)
w(115,1,11,275)
w(92,2,11,275)
w(115,2,11,275)
w(113,2,11,275)
r(115,2,11,275)
w(112,2,11,275)
w(115,3,11,275)
r(113,2,12,277)
r(113,2,12,277)
w(116,1,12,277)
w(113,3,12,277)
r(113,3,13,279)
w(92,3,13,279)
r(116,1,13,279)
r(112,2,13,279)
r(116,1,13,279)
r(116,1,13,279)
r(116,1,13,279)
w(116,2,13,279)
w(116,3,14,281)
r(116,3,14,281)
r(113,3,14,281)
w(117,1,14,281)
w(117,2,15,283)
w(118,1,15,283)
w(112,3,15,283)
w(117,3,15,283)
r(117,3,16,285)
r(118,1,16,285)
w(119,1,16,285)
r(119,1,16,285)
w(118,2,17,287)
r(118,2,17,287)
r(119,1,17,287)
r(119,1,17,287)
w(118,3,17,287)
r(118,3,17,287)
r(118,3,17,287)
w(119,2,17,287)
r(119,2,18,289)
w(121,1,18,289)
w(86,3,18,289)
r(121,1,18,289)
r(119,2,18,289)
r(119,2,19,291)
w(120,1,19,291)
w(121,2,19,291)
w(119,3,19,291)
w(123,1,19,291)
w(123,2,19,291)
r(123,2,0,293)
r(123,2,0,293)
r(123,2,0,293)
w(122,1,0,293)
r(123,2,0,293)
r(123,2,0,293)
w(120,2,0,293)
w(121,3,0,293)
w(123,3,0,295)
r(123,3,0,295)
w(120,3,0,295)
r(125,0,0,295)
w(124,1,0,295)
r(125,0,1,297)
w(124,2,1,297)
w(125,1,1,297)
r(124,2,1,297)
w(125,2,1,297)
w(125,3,1,297)
w(126,1,2,299)
w(124,3,2,299)
w(127,1,2,299)
r(126,1,2,299)
w(126,2,2,299)
r(127,1,3,301)
w(127,2,3,301)
r(126,2,3,301)
w(126,3,3,301)
w(127,3,3,301)
w(122,2,3,301)
r(122,2,3,301)
w(128,1,3,301)
r(126,3,4,303)
r(126,3,4,303)
r(127,3,4,303)
r(112,3,4,303)
r(112,3,4,303)
w(129,1,4,303)
r(129,1,4,303)
w(130,1,4,303)
r(130,1,5,305)
w(128,2,5,305)
r(129,1,5,305)
r(130,1,5,305)
r(130,1,5,305)
w(130,2,6,307)
r(128,2,6,307)
r(129,1,6,307)
w(130,3,6,307)
w(129,2,6,307)
w(129,3,6,307)
r(131,0,6,307)
r(129,3,7,309)
r(130,3,7,309)
r(132,0,7,309)
r(132,0,7,309)
r(132,0,7,309)
r(128,2,7,309)
r(132,0,7,309)
r(132,0,8,311)
w(132,1,8,311)
w(132,2,8,311)
w(131,1,8,311)
w(132,3,8,311)
r(132,3,8,311)
w(131,2,9,313)
r(132,3,9,313)
w(128,3,9,313)
w(133,1,9,313)
w(134,1,10,315)
w(131,3,10,315)
w(133,2,10,315)
r(133,2,10,315)
w(134,2,10,315)
r(134,2,10,315)
w(134,3,11,317)
r(133,2,11,317)
r(134,3,11,317)
r(135,0,11,317)
w(133,3,11,317)
r(135,0,11,317)
r(135,0,11,317)
r(135,0,12,319)
r(135,0,12,319)
w(137,1,12,319)
w(137,2,12,319)
w(137,3,13,321)
r(137,3,13,321)
r(137,3,13,321)
w(135,1,13,321)
r(135,1,13,321)
w(135,2,14,323)
r(135,2,14,323)
w(135,3,14,323)
r(137,3,14,323)
w(122,3,14,323)
r(136,0,14,323)
w(136,1,14,323)
r(136,1,15,325)
r(138,0,15,325)
r(135,3,15,325)
r(138,0,15,325)
w(136,2,15,325)
w(139,1,15,325)
r(139,1,16,327)
r(139,1,16,327)
r(138,0,16,327)
r(136,2,16,327)
w(139,2,16,327)
w(139,3,17,329)
r(138,0,17,329)
r(140,0,17,329)
r(138,0,17,329)
r(138,0,17,329)
w(140,1,18,331)
r(140,1,18,331)
r(140,1,18,331)
r(140,1,18,331)
r(140,1,19,333)
w(140,2,19,333)
r(140,2,19,333)
w(136,3,19,333)
w(140,3,19,333)
r(138,0,19,333)
w(138,1,19,333)
r(142,0,19,333)
r(142,0,0,335)
w(142,1,0,335)
r(142,1,0,335)
w(142,2,0,335)
w(138,2,0,337)
r(142,2,0,337)
r(138,2,0,337)
r(141,0,0,337)
r(143,0,0,337)
w(143,1,0,337)
r(138,2,1,339)
w(138,3,1,339)
w(144,1,1,339)
r(143,1,1,339)
r(142,2,2,341)
r(142,2,2,341)
r(142,2,2,341)
w(144,2,2,341)
w(143,2,2,341)
w(142,3,2,341)
w(141,1,3,343)
r(142,3,3,343)
w(144,3,3,343)
w(141,2,3,343)
w(145,1,3,343)
w(143,3,4,345)
w(145,2,4,345)
r(143,3,4,345)
w(145,3,4,345)
w(141,3,4,345)
r(122,3,5,347)
w(146,1,5,347)
w(146,2,5,347)
r(146,2,5,347)
r(147,0,5,347)
w(149,1,6,349)
r(146,2,6,349)
w(149,2,6,349)
r(146,2,6,349)
w(147,1,7,351)
w(147,2,7,351)
w(149,3,7,351)
r(146,2,7,351)
w(147,3,8,353)
r(148,0,8,353)
r(146,2,8,353)
w(146,3,8,353)
w(150,1,8,353)
r(150,1,8,353)
r(151,0,8,353)
w(151,1,9,355)
w(150,2,9,355)
r(150,2,9,355)
r(149,3,9,355)
r(151,1,10,357)
w(150,3,10,357)
r(151,1,10,357)
r(151,1,10,357)
r(150,3,10,357)
r(150,3,10,357)
r(153,0,11,359)
r(151,1,11,359)
w(151,2,11,359)
r(151,2,11,359)
w(151,3,11,359)
r(153,0,11,359)
r(154,0,12,361)
r(154,0,12,361)
w(153,1,12,361)
r(154,0,12,361)
r(154,0,12,361)
w(154,1,13,363)
r(154,1,13,363)
r(153,1,13,363)
w(153,2,13,363)
w(153,3,13,363)
w(154,2,13,363)
r(153,3,13,363)
r(155,0,14,365)
r(154,2,14,365)
w(154,3,14,365)
r(154,3,14,365)
w(156,1,14,365)
w(156,2,14,365)
w(156,3,15,367)
r(155,0,15,367)
r(156,3,15,367)
r(156,3,15,367)
r(156,3,15,367)
w(157,1,15,367)
w(152,1,15,367)
r(155,0,16,369)
r(155,0,16,369)
w(157,2,16,369)
w(155,1,16,369)
r(155,1,16,369)
r(157,2,16,369)
r(157,2,16,369)
w(157,3,16,369)
r(157,3,17,371)
w(152,2,17,371)
w(158,1,17,371)
r(152,2,17,371)
r(155,1,17,371)
w(155,2,18,373)
r(155,2,18,373)
w(155,3,18,373)
r(158,1,18,373)
w(158,2,18,373)
w(152,3,18,373)
r(148,0,19,375)
w(158,3,19,375)
r(158,3,19,375)
w(159,1,19,375)
r(158,3,0,377)
r(159,1,0,377)
w(160,1,0,377)
r(159,1,0,377)
r(148,0,0,377)
w(160,2,0,377)
r(160,2,0,377)
w(160,3,0,377)
w(161,1,0,379)
w(162,1,0,379)
r(159,1,0,379)
w(161,2,0,379)
w(159,2,0,379)
r(161,2,0,379)
r(159,2,1,381)
w(159,3,1,381)
w(162,2,1,381)
w(162,3,1,381)
r(162,3,1,381)
r(162,3,1,381)
r(163,0,2,383)
r(163,0,2,383)
r(161,2,2,383)
r(148,0,2,383)
w(161,3,3,385)
w(164,1,3,385)
r(163,0,3,385)
r(165,0,3,385)
w(164,2,3,385)
w(164,3,3,385)
w(163,1,3,385)
r(164,3,4,387)
w(165,1,4,387)
r(148,0,4,387)
w(163,2,4,387)
w(148,1,4,387)
r(163,2,5,389)
r(166,0,5,389)
r(163,2,5,389)
r(148,1,5,389)
w(166,1,5,389)
r(163,2,7,392)
r(166,1,7,392)
r(148,1,7,392)
r(122,3,7,392)
r(163,2,7,392)
r(167,0,7,392)
w(148,2,6,393)
r(166,1,6,393)
r(163,2,6,393)
w(165,2,6,393)
r(166,1,6,393)
w(166,2,6,393)
w(163,3,6,393)
w(166,3,6,393)
w(167,1,8,395)
w(165,3,8,395)
r(165,3,8,395)
r(167,1,8,395)
r(167,1,8,395)
r(163,3,8,395)
w(167,2,8,395)
r(163,3,9,397)
r(167,2,9,397)
r(165,3,9,397)
w(167,3,9,397)
r(167,3,10,399)
r(168,0,10,399)
r(148,2,10,399)
r(168,0,10,399)
r(163,3,10,399)
r(168,0,10,399)
r(168,0,10,399)
r(163,3,11,401)
r(168,0,11,401)
w(168,1,11,401)
w(168,2,11,401)
r(168,2,11,401)
r(163,3,11,401)
w(168,3,11,401)
r(148,2,12,403)
w(169,1,12,403)
r(168,3,12,403)
w(170,1,12,403)
r(169,1,13,405)
r(170,1,13,405)
r(170,1,13,405)
r(168,3,13,405)
r(170,1,14,407)
r(148,2,14,407)
r(169,1,14,407)
r(172,0,14,407)
w(172,1,15,409)
w(172,2,15,409)
r(172,2,15,409)
r(148,2,15,409)
r(172,2,16,411)
w(172,3,16,411)
w(148,3,16,411)
r(172,3,16,411)
r(170,1,16,411)
w(171,1,17,413)
r(170,1,17,413)
r(172,3,17,413)
r(170,1,17,413)
w(173,1,17,413)
w(173,2,17,413)
w(170,2,18,415)
r(173,2,18,415)
r(173,2,18,415)
r(173,2,18,415)
w(173,3,19,417)
w(174,1,19,417)
w(174,2,19,417)
w(170,3,19,417)
w(174,3,0,419)
r(174,3,0,419)
r(176,0,0,419)
r(177,0,0,419)
w(169,2,0,419)
w(176,1,0,422)
r(177,0,0,422)
r(176,1,0,422)
w(177,1,0,422)
r(169,2,0,422)
w(177,2,0,422)
r(177,2,0,422)
r(176,1,0,422)
r(177,2,2,426)
w(169,3,2,426)
r(178,0,2,426)
w(178,1,2,426)
r(178,1,2,426)
r(178,1,2,426)
w(176,2,2,426)
r(176,2,2,426)
r(178,1,4,429)
r(178,1,4,429)
r(178,1,4,429)
w(176,3,4,429)
r(176,3,4,429)
r(176,3,4,429)
w(180,1,4,429)
w(181,1,4,429)
r(181,1,5,431)
w(180,2,5,431)
r(179,0,5,431)
r(179,0,5,431)
w(175,2,5,431)
w(180,3,5,431)
r(180,3,6,433)
w(181,2,6,433)
r(179,0,6,433)
w(181,3,6,433)
r(181,3,6,433)
w(179,1,6,433)
w(182,1,7,435)
r(179,1,7,435)
r(181,3,7,435)
r(182,1,7,435)
r(182,1,7,435)
w(182,2,7,435)
w(175,3,7,435)
r(182,2,8,437)
r(182,2,8,437)
w(183,1,8,437)
r(182,2,8,437)
w(182,3,8,437)
r(183,1,8,437)
w(184,1,8,437)
r(175,3,8,437)
w(183,2,9,439)
r(183,2,9,439)
w(171,2,9,439)
r(184,1,9,439)
r(184,1,9,439)
r(184,1,10,441)
r(184,1,10,441)
r(183,2,10,441)
r(183,2,10,441)
r(183,2,10,441)
r(184,1,10,441)
r(184,1,10,441)
r(179,1,11,443)
w(184,2,11,443)
w(184,3,11,443)
r(179,1,11,443)
r(183,2,12,445)
r(179,1,12,445)
w(186,1,12,445)
w(186,2,12,445)
r(186,2,12,445)
r(186,2,12,445)
r(186,2,12,445)
r(186,2,12,445)
r(183,2,13,447)
r(186,2,13,447)
w(186,3,13,447)
r(187,0,13,447)
w(187,1,13,447)
r(179,1,14,449)
w(187,2,14,449)
w(187,3,14,449)
r(183,2,14,449)
w(185,1,14,449)
r(183,2,14,449)
w(188,1,14,449)
w(188,2,14,449)
r(188,2,15,451)
r(183,2,15,451)
r(185,1,15,451)
w(188,3,15,451)
w(179,2,16,455)
r(183,2,16,455)
r(183,2,16,455)
r(189,0,16,455)
r(179,2,16,455)
r(189,0,16,455)
r(185,1,16,455)
r(189,0,16,455)
w(189,3,18,457)
r(189,3,18,457)
r(183,2,18,457)
r(179,2,18,457)
r(190,0,18,457)
w(183,3,18,457)
r(192,0,19,459)
r(192,0,19,459)
r(190,0,19,459)
r(190,0,19,459)
w(190,1,19,459)
r(190,1,0,461)
r(171,2,0,461)
r(190,1,0,461)
r(192,0,0,461)
w(192,1,0,461)
r(190,1,0,461)
r(190,1,0,461)
r(192,1,0,461)
w(190,2,0,463)
r(192,1,0,463)
w(185,2,0,463)
w(192,2,0,463)
r(190,2,1,465)
r(190,2,1,465)
r(192,2,1,465)
r(192,2,1,465)
w(190,3,1,465)
r(190,3,1,465)
r(190,3,1,465)
r(191,0,1,465)
r(191,0,2,467)
w(192,3,2,467)
r(192,3,2,467)
w(193,1,2,467)
w(193,2,2,467)
r(193,2,2,467)
r(191,0,2,467)
w(194,1,3,469)
w(194,2,3,469)
r(193,2,3,469)
r(191,0,3,469)
w(193,3,3,469)
r(194,2,4,471)
r(185,2,4,471)
r(194,2,4,471)
w(185,3,4,471)
r(193,3,4,471)
w(191,1,4,471)
w(194,3,4,471)
r(193,3,4,471)
r(194,3,5,473)
w(197,1,5,473)
r(195,0,5,473)
w(195,1,5,473)
w(191,2,5,473)
r(197,1,5,473)
r(191,2,5,473)
w(195,2,6,475)
r(191,2,6,475)
w(195,3,6,475)
w(196,1,6,475)
w(198,1,6,475)
w(198,2,7,477)
w(196,2,7,477)
r(198,2,7,477)
w(198,3,7,477)
r(199,0,7,477)
r(199,0,7,477)
w(197,2,8,479)
w(199,1,8,479)
r(199,1,8,479)
w(199,2,8,479)
w(199,3,8,479)
r(199,3,9,481)
w(196,3,9,481)
w(200,1,9,481)
w(197,3,9,481)
r(200,1,9,481)
r(200,1,9,481)
r(200,1,9,481)
r(171,2,9,481)
w(200,2,10,483)
w(200,3,10,483)
w(201,1,10,483)
w(191,3,10,483)
r(201,1,10,483)
w(201,2,10,483)
r(201,2,10,483)
r(202,0,11,485)
w(201,3,11,485)
w(202,1,11,485)
w(202,2,11,485)
r(202,2,12,487)
w(203,1,12,487)
r(171,2,12,487)
r(203,1,12,487)
r(202,2,12,487)
w(202,3,12,487)
r(203,1,13,489)
w(205,1,13,489)
r(203,1,13,489)
w(205,2,13,489)
r(205,2,13,489)
r(205,2,13,489)
w(205,3,14,491)
r(205,3,14,491)
w(206,1,14,491)
w(206,2,14,491)
r(203,1,14,491)
r(203,1,14,491)
w(204,1,15,493)
w(206,3,15,493)
r(204,1,15,493)
w(207,1,15,493)
r(203,1,16,495)
w(207,2,16,495)
w(207,3,16,495)
r(207,3,16,495)
r(203,1,16,495)
r(203,1,16,495)
w(171,3,17,497)
r(208,0,17,497)
r(208,0,17,497)
r(171,3,17,497)
r(208,0,17,497)
r(203,1,18,499)
r(208,0,18,499)
r(208,0,18,499)
r(208,0,18,499)
r(208,0,18,499)
r(208,0,18,499)
r(208,0,18,499)
r(203,1,18,499)
r(208,0,19,501)
r(204,1,19,501)
w(203,2,19,501)
w(209,1,19,501)
w(208,1,19,501)
w(208,2,19,501)
r(208,2,19,501)
w(208,3,19,501)
w(203,3,0,503)
r(203,3,0,503)
r(211,0,0,503)
w(211,1,0,503)
w(204,2,0,505)
r(211,1,0,505)
r(204,2,0,505)
r(211,1,0,505)
w(211,2,0,505)
w(209,2,0,505)
r(209,2,1,507)
r(211,2,1,507)
w(211,3,1,507)
r(211,3,1,507)
r(209,2,1,507)
r(212,0,1,507)
r(212,0,1,507)
r(213,0,1,507)
r(213,0,2,509)
r(213,0,2,509)
w(212,1,2,509)
w(210,1,2,509)
r(212,1,3,511)
r(212,1,3,511)
w(212,2,3,511)
r(212,2,3,511)
w(209,3,3,511)
r(212,2,3,511)
r(212,2,4,513)
r(212,2,4,513)
r(212,2,4,513)
r(213,0,4,513)
r(212,2,4,513)
w(213,1,4,513)
r(212,2,4,513)
w(212,3,5,515)
r(212,3,5,515)
r(209,3,5,515)
r(209,3,5,515)
w(213,2,5,515)
w(213,3,5,515)
r(212,3,5,515)
r(212,3,5,515)
r(209,3,6,517)
r(209,3,6,517)
r(213,3,6,517)
r(214,0,6,517)
r(214,0,7,519)
r(214,0,7,519)
r(212,3,7,519)
w(215,1,7,519)
w(215,2,7,519)
r(214,0,7,519)
w(215,3,8,521)
r(215,3,8,521)
r(214,0,8,521)
r(210,1,8,521)
r(213,3,8,521)
r(214,0,8,521)
r(210,1,8,521)
w(217,1,8,521)
w(216,1,9,523)
w(204,3,9,523)
r(216,1,9,523)
r(217,1,9,523)
r(216,1,9,523)
w(216,2,9,523)
r(217,1,9,523)
r(217,1,9,523)
r(216,2,10,525)
w(216,3,10,525)
r(216,3,10,525)
w(217,2,10,525)
w(217,3,10,525)
r(217,3,11,527)
w(218,1,11,527)
r(218,1,11,527)
w(214,1,11,527)
r(220,0,11,527)
w(218,2,12,529)
w(218,3,12,529)
w(214,2,12,529)
w(220,1,12,529)
w(214,3,13,531)
w(221,1,13,531)
r(221,1,13,531)
w(221,2,13,531)
r(210,1,13,531)
w(220,2,13,531)
w(221,3,14,533)
r(222,0,14,533)
w(220,3,14,533)
w(222,1,14,533)
r(222,1,14,533)
r(222,1,14,533)
r(222,1,14,533)
w(222,2,14,533)
w(222,3,15,535)
r(220,3,15,535)
r(223,0,15,535)
r(223,0,15,535)
r(220,3,15,535)
w(223,1,16,537)
w(224,1,16,537)
r(223,1,16,537)
r(223,1,16,537)
r(223,1,16,537)
r(223,1,16,537)
w(223,2,16,537)
r(214,3,17,539)
w(224,2,17,539)
r(223,2,17,539)
r(224,2,17,539)
r(224,2,17,539)
w(224,3,18,541)
r(223,2,18,541)
r(214,3,18,541)
w(219,1,18,541)
r(225,0,18,541)
r(223,2,18,541)
w(225,1,18,541)
w(223,3,19,543)
r(223,3,19,543)
w(226,1,19,543)
w(226,2,19,543)
r(225,1,19,543)
r(223,3,19,543)
w(226,3,19,543)
r(223,3,0,545)
r(226,3,0,545)
r(225,1,0,545)
w(219,2,0,545)
w(225,2,0,545)
w(225,3,0,545)
w(227,1,0,545)
r(227,1,0,547)
r(227,1,0,547)
r(210,1,0,547)
r(226,3,0,547)
w(227,2,0,547)
w(210,2,1,549)
r(226,3,1,549)
r(227,2,1,549)
r(227,2,1,549)
r(227,2,2,551)
w(227,3,2,551)
r(229,0,2,551)
w(228,1,2,551)
w(230,1,2,551)
r(230,1,3,553)
r(230,1,3,553)
w(228,2,3,553)
r(230,1,3,553)
w(219,3,3,553)
r(230,1,3,553)
w(229,1,4,555)
w(229,2,4,555)
w(230,2,4,555)
w(229,3,4,555)
w(230,3,5,557)
r(228,2,5,557)
r(229,3,5,557)
r(228,2,5,557)
w(231,1,5,557)
w(231,2,6,559)
w(231,3,6,559)
r(231,3,6,559)
r(233,0,6,559)
r(228,2,6,559)
r(228,2,6,559)
w(228,3,7,561)
w(232,1,7,561)
w(234,1,7,561)
w(233,1,7,561)
r(233,1,7,561)
r(233,1,7,561)
r(233,1,7,561)
w(236,2,9,564)
w(236,3,9,564)
r(236,3,9,564)
r(234,1,9,564)
r(235,0,9,564)
r(236,3,10,567)
r(235,0,10,567)
r(237,0,10,567)
w(232,2,10,567)
r(234,1,10,567)
r(237,0,10,567)
w(237,1,11,569)
r(237,1,11,569)
r(237,1,11,569)
r(237,1,11,569)
w(232,3,11,569)
w(237,2,12,571)
w(237,3,12,571)
r(235,0,12,571)
r(234,1,12,571)
r(237,3,12,571)
r(237,3,12,571)
r(237,3,12,571)
r(234,1,12,571)
w(210,3,13,573)
r(238,0,13,573)
r(238,0,13,573)
w(238,1,13,573)
r(238,1,14,575)
r(234,1,14,575)
r(235,0,14,575)
w(238,2,14,575)
r(238,2,15,577)
w(239,1,15,577)
w(238,3,15,577)
r(235,0,15,577)
w(235,1,16,579)
r(239,1,16,579)
w(239,2,16,579)
r(240,0,16,579)
r(240,0,16,579)
r(239,2,17,581)
r(239,2,17,581)
r(235,1,17,581)
w(240,1,17,581)
r(240,1,17,581)
w(239,3,17,581)
w(240,2,17,581)
r(239,3,18,583)
w(235,2,18,583)
w(240,3,18,583)
r(242,0,18,583)
r(242,0,18,583)
r(242,0,18,583)
w(241,1,18,583)
w(242,1,18,583)
r(241,1,19,585)
w(235,3,19,585)
r(241,1,19,585)
w(241,2,19,585)
r(232,3,0,587)
r(241,2,0,587)
r(243,0,0,587)
r(241,2,0,587)
r(242,1,0,587)
w(241,3,0,587)
r(242,1,0,587)
w(242,2,0,589)
r(242,2,0,589)
r(242,2,0,589)
r(242,2,0,589)
r(243,0,0,589)
r(242,2,0,589)
r(242,2,1,591)
w(242,3,1,591)
r(232,3,1,591)
r(244,0,1,591)
r(244,0,1,591)
r(245,0,1,591)
r(232,3,2,593)
w(245,1,2,593)
r(245,1,2,593)
w(244,1,2,593)
w(245,2,3,595)
r(245,2,3,595)
r(232,3,3,595)
w(243,1,3,595)
w(245,3,3,595)
r(245,3,3,595)
r(245,3,4,597)
r(244,1,4,597)
r(245,3,4,597)
r(244,1,4,597)
w(244,2,4,597)
w(244,3,4,597)
r(245,3,5,599)
w(247,1,5,599)
w(247,2,5,599)
w(247,3,5,599)
w(248,1,6,601)
r(248,1,6,601)
w(248,2,6,601)
r(248,2,6,601)
r(243,1,6,601)
r(246,0,7,603)
w(248,3,7,603)
r(248,3,7,603)
r(246,0,7,603)
r(243,1,8,605)
w(246,1,8,605)
w(250,1,8,605)
r(243,1,8,605)
w(243,2,8,605)
r(250,1,8,605)
r(246,1,9,607)
w(250,2,9,607)
w(250,3,9,607)
w(246,2,9,607)
r(251,0,9,607)
w(243,3,10,609)
w(251,1,10,609)
w(251,2,10,609)
r(251,2,10,609)
w(251,3,10,609)
r(246,2,11,611)
r(246,2,11,611)
w(252,1,11,611)
r(243,3,11,611)
r(252,1,11,611)
r(252,1,11,611)
r(246,2,12,613)
r(252,1,12,613)
r(252,1,12,613)
w(246,3,12,613)
r(252,1,12,613)
w(252,2,13,615)
w(252,3,13,615)
r(246,3,13,615)
w(254,1,13,615)
r(252,3,14,617)
r(252,3,14,617)
r(246,3,14,617)
r(255,0,14,617)
w(255,1,14,617)
w(254,2,14,617)
r(255,1,15,619)
w(255,2,15,619)
r(256,0,15,619)
r(255,2,15,619)
r(255,2,15,619)
r(255,2,15,619)
w(255,3,15,619)
w(256,1,15,619)
r(255,3,16,621)
r(255,3,16,621)
r(257,0,16,621)
r(253,0,16,621)
r(257,0,16,621)
