r(4,0,0,1)
r(3,0,0,1)
w(3,1,0,1)
w(4,1,0,1)
w(3,2,0,1)
r(4,1,0,1)
w(4,2,0,1)
r(3,2,0,1)
r(4,2,1,3)
w(4,3,1,3)
w(5,1,1,3)
r(5,1,1,3)
r(2,0,2,5)
r(3,2,2,5)
r(5,1,2,5)
r(0,0,2,5)
w(3,3,2,5)
r(3,3,3,7)
r(5,1,3,7)
r(5,1,3,7)
r(5,1,3,7)
w(2,1,3,7)
r(2,1,3,7)
r(3,3,3,7)
w(5,2,3,7)
w(6,1,4,9)
r(5,2,4,9)
r(6,1,4,9)
w(6,2,4,9)
r(5,2,5,11)
w(6,3,5,11)
r(6,3,5,11)
r(5,2,5,11)
r(5,2,6,13)
w(5,3,6,13)
w(1,1,6,13)
r(2,1,6,13)
r(1,1,6,13)
r(5,3,6,13)
r(7,0,6,13)
w(7,1,6,13)
r(7,1,7,15)
w(8,1,7,15)
r(7,1,7,15)
w(2,2,7,15)
w(1,2,7,15)
w(8,2,7,15)
r(8,2,8,17)
r(2,2,8,17)
w(2,3,8,17)
r(1,2,8,17)
w(7,2,8,17)
w(7,3,8,17)
r(7,3,9,19)
r(7,3,9,19)
r(1,2,9,19)
w(1,3,9,19)
r(7,3,9,19)
r(9,0,9,19)
r(2,3,9,19)
r(8,2,10,21)
r(8,2,10,21)
r(8,2,10,21)
r(8,2,10,21)
r(1,3,10,21)
r(9,0,10,21)
r(9,0,10,21)
w(9,1,10,21)
w(9,2,11,23)
r(10,0,11,23)
w(9,3,11,23)
r(9,3,11,23)
r(8,2,11,23)
w(8,3,11,23)
r(0,0,11,23)
r(11,0,12,25)
r(8,3,12,25)
r(11,0,12,25)
w(11,1,12,25)
w(11,2,12,25)
w(11,3,12,25)
r(11,3,12,25)
w(13,1,12,25)
w(13,2,13,27)
w(14,1,13,27)
w(10,1,13,27)
w(14,2,13,27)
w(10,2,13,27)
w(13,3,13,27)
w(14,3,13,27)
r(13,3,14,29)
r(14,3,14,29)
r(10,2,14,29)
r(14,3,14,29)
w(15,1,14,29)
r(15,1,15,31)
r(15,1,15,31)
r(15,1,15,31)
w(15,2,15,31)
r(15,2,15,31)
r(13,3,15,31)
w(15,3,16,33)
w(0,1,16,33)
r(13,3,16,33)
r(12,0,16,33)
r(12,0,16,33)
w(16,1,16,33)
r(15,3,16,33)
w(16,2,17,35)
r(10,2,17,35)
w(16,3,17,35)
r(15,3,17,35)
r(10,2,17,35)
w(12,1,17,35)
r(17,0,17,35)
w(17,1,18,37)
r(18,0,18,37)
w(18,1,18,37)
r(18,1,18,37)
w(18,2,18,37)
r(17,1,19,39)
r(18,2,19,39)
r(18,2,19,39)
w(17,2,19,39)
w(18,3,0,41)
w(17,3,0,41)
w(10,3,0,41)
w(12,2,0,41)
r(18,3,0,41)
r(19,0,0,41)
w(19,1,0,41)
w(19,2,0,41)
r(12,2,0,43)
r(0,1,0,43)
w(20,1,0,43)
r(20,1,0,43)
r(19,2,0,43)
w(19,3,1,45)
w(20,2,1,45)
w(20,3,1,45)
r(20,3,1,45)
r(22,0,1,45)
r(20,3,1,45)
r(22,0,1,45)
w(22,1,1,45)
r(22,1,2,47)
r(0,1,2,47)
w(22,2,2,47)
w(22,3,2,47)
r(22,3,3,49)
r(22,3,3,49)
w(24,1,3,49)
r(23,0,3,49)
r(24,1,3,49)
r(12,2,3,49)
r(21,0,3,49)
w(23,1,4,51)
r(24,1,4,51)
r(24,1,4,51)
r(0,1,4,51)
w(24,2,4,51)
r(24,2,4,51)
w(21,1,4,51)
w(23,2,4,51)
r(23,2,5,53)
r(23,2,5,53)
r(23,2,5,53)
w(23,3,5,53)
r(23,3,5,53)
r(25,0,6,55)
r(24,2,6,55)
w(21,2,6,55)
r(25,0,6,55)
r(25,0,7,57)
w(12,3,7,57)
w(21,3,7,57)
r(21,3,7,57)
r(25,0,8,59)
r(24,2,8,59)
w(25,1,8,59)
r(24,2,8,59)
w(25,2,8,59)
w(24,3,8,59)
w(0,2,8,59)
w(25,3,8,59)
r(24,3,9,61)
r(26,0,9,61)
r(26,0,9,61)
r(24,3,9,61)
r(26,0,9,61)
r(12,3,10,63)
r(26,0,10,63)
r(24,3,10,63)
r(21,3,10,63)
r(24,3,10,63)
r(26,0,11,65)
r(21,3,11,65)
r(27,0,11,65)
w(27,1,11,65)
r(26,0,11,65)
w(26,1,11,65)
w(27,2,12,67)
r(27,2,12,67)
r(28,0,12,67)
r(26,1,12,67)
r(26,1,13,69)
r(26,1,13,69)
w(29,1,13,69)
r(29,1,13,69)
r(28,0,13,69)
w(26,2,13,69)
w(27,3,13,69)
w(26,3,13,69)
r(31,0,14,71)
w(31,1,14,71)
w(28,1,14,71)
r(31,1,14,71)
w(30,1,15,73)
w(31,2,15,73)
r(30,1,15,73)
r(31,2,15,73)
r(31,2,15,73)
r(30,1,15,73)
r(29,1,15,73)
w(31,3,15,73)
w(29,2,16,75)
r(0,2,16,75)
w(30,2,16,75)
w(32,1,16,75)
w(0,3,16,75)
w(30,3,16,75)
w(29,3,17,77)
w(32,2,17,77)
w(32,3,17,77)
r(30,3,17,77)
r(32,3,17,77)
r(33,0,17,77)
r(32,3,17,77)
r(32,3,17,77)
r(35,0,18,79)
w(36,1,18,79)
w(35,1,18,79)
w(33,1,18,79)
w(35,2,18,79)
w(36,2,18,79)
r(33,1,19,81)
r(33,1,19,81)
r(28,1,19,81)
w(36,3,19,81)
r(33,1,19,81)
r(36,3,19,81)
r(36,3,19,81)
w(37,1,19,81)
w(34,1,0,83)
r(35,2,0,83)
r(33,1,0,83)
r(35,2,0,83)
r(37,1,0,83)
w(37,2,0,83)
w(37,3,0,85)
r(37,3,0,85)
w(35,3,0,85)
w(33,2,0,85)
r(28,1,1,87)
r(35,3,1,87)
w(38,1,1,87)
r(38,1,1,87)
r(38,1,1,87)
r(35,3,2,89)
r(33,2,2,89)
w(33,3,2,89)
r(38,1,2,89)
r(35,3,2,89)
w(39,1,2,89)
r(38,1,4,92)
w(38,3,4,92)
w(28,2,4,92)
r(35,3,4,92)
w(40,1,5,95)
w(40,2,5,95)
r(40,2,5,95)
w(40,3,5,95)
w(39,3,5,95)
r(35,3,5,95)
r(28,2,6,97)
r(28,2,6,97)
r(41,0,6,97)
w(42,1,6,97)
r(39,3,6,97)
r(41,0,6,97)
r(42,1,6,97)
w(41,1,6,97)
w(42,2,7,99)
r(41,1,7,99)
r(42,2,7,99)
r(41,1,7,99)
r(42,2,7,99)
r(41,1,7,99)
r(43,0,8,101)
w(42,3,8,101)
r(41,1,8,101)
w(41,2,8,101)
r(44,0,8,101)
r(41,2,8,101)
w(44,1,8,101)
w(41,3,8,101)
r(28,2,9,103)
r(45,0,9,103)
w(44,2,9,103)
w(44,3,9,103)
r(43,0,9,103)
r(45,0,9,103)
w(43,1,9,103)
r(43,1,9,103)
r(34,1,10,105)
w(45,1,10,105)
r(45,1,10,105)
w(43,2,10,105)
r(45,1,10,105)
w(45,2,10,105)
r(45,2,10,105)
w(45,3,11,107)
r(28,2,11,107)
r(45,3,11,107)
r(43,2,11,107)
r(47,0,11,107)
r(46,0,11,107)
r(43,2,11,107)
r(34,1,11,107)
w(46,1,12,109)
w(47,1,12,109)
w(43,3,12,109)
w(28,3,12,109)
w(46,2,13,111)
r(28,3,13,111)
r(46,2,13,111)
w(47,2,13,111)
r(47,2,13,111)
w(48,1,13,111)
w(47,3,13,111)
w(46,3,14,113)
r(47,3,14,113)
r(47,3,14,113)
r(47,3,14,113)
r(46,3,14,113)
r(47,3,14,113)
r(47,3,14,113)
w(48,2,15,115)
w(50,1,15,115)
r(50,1,15,115)
r(51,0,15,115)
w(49,1,15,115)
r(49,1,15,115)
r(48,2,16,117)
r(50,1,16,117)
r(48,2,16,117)
w(50,2,16,117)
r(50,2,17,119)
w(49,2,17,119)
w(49,3,17,119)
w(50,3,17,119)
r(50,3,17,119)
r(52,0,17,119)
w(51,1,17,119)
w(52,1,18,121)
w(52,2,18,121)
w(48,3,18,121)
r(49,3,18,121)
r(52,2,18,121)
w(34,3,18,121)
r(51,1,19,123)
r(53,0,19,123)
r(52,2,19,123)
w(53,1,19,123)
r(53,1,19,123)
r(52,2,19,123)
r(52,2,0,125)
r(52,2,0,125)
w(52,3,0,125)
r(53,1,0,125)
r(52,3,0,125)
w(54,1,0,125)
r(54,1,0,125)
r(54,1,0,127)
w(54,2,0,127)
r(54,2,0,127)
w(53,2,0,127)
r(53,2,0,127)
w(54,3,0,127)
w(53,3,0,127)
r(55,0,0,127)
w(51,2,1,129)
w(51,3,1,129)
r(57,0,1,129)
w(57,1,1,129)
w(56,1,1,129)
w(56,2,1,129)
w(56,3,1,129)
r(57,1,2,131)
r(56,3,2,131)
r(57,1,2,131)
r(56,3,2,131)
w(55,1,3,133)
w(55,2,3,133)
r(57,1,3,133)
r(57,1,3,133)
r(55,2,3,133)
r(57,1,3,133)
r(57,1,4,135)
w(57,2,4,135)
w(57,3,4,135)
r(55,2,4,135)
r(34,3,4,135)
r(56,3,4,135)
r(57,3,4,135)
r(58,0,4,135)
w(55,3,5,137)
r(58,0,5,137)
w(59,1,5,137)
r(59,1,5,137)
r(55,3,5,137)
w(60,1,5,137)
r(60,1,5,137)
w(60,2,6,139)
w(58,1,6,139)
r(60,2,6,139)
w(60,3,6,139)
r(55,3,6,139)
w(62,1,6,139)
r(55,3,6,139)
w(58,2,7,141)
r(55,3,7,141)
r(55,3,7,141)
r(59,1,7,141)
r(62,1,7,141)
r(59,1,8,143)
w(59,2,8,143)
r(59,2,8,143)
r(62,1,8,143)
r(59,2,8,143)
r(59,2,8,143)
r(55,3,8,143)
w(62,2,9,145)
w(62,3,9,145)
w(58,3,9,145)
r(62,3,9,145)
r(59,2,9,145)
r(64,0,10,147)
r(59,2,10,147)
w(59,3,10,147)
w(64,1,10,147)
r(59,3,10,147)
r(64,1,10,147)
r(63,0,11,150)
w(65,1,11,150)
r(65,1,11,150)
w(64,2,11,150)
r(63,0,12,151)
r(64,2,12,151)
r(64,2,12,151)
w(65,2,12,151)
r(61,0,12,151)
w(65,3,12,151)
w(64,3,12,151)
w(66,1,12,151)
w(61,1,13,153)
r(66,1,13,153)
w(67,1,13,153)
w(66,2,13,153)
w(67,2,13,153)
w(67,3,14,155)
r(67,3,14,155)
w(66,3,14,155)
r(67,3,14,155)
w(68,1,14,155)
r(69,0,14,155)
r(68,1,14,155)
r(68,1,14,155)
w(61,2,15,157)
w(61,3,15,157)
w(69,1,15,157)
r(68,1,15,157)
w(68,2,15,157)
r(63,0,15,157)
w(63,1,16,159)
w(68,3,16,159)
r(58,3,16,159)
r(69,1,16,159)
w(70,1,16,159)
w(69,2,16,159)
r(70,1,16,159)
w(70,2,16,159)
w(69,3,17,161)
r(63,1,17,161)
r(72,0,17,161)
r(63,1,17,161)
r(70,2,17,161)
w(70,3,18,163)
r(72,0,18,163)
w(73,1,18,163)
w(73,2,18,163)
w(72,1,18,163)
r(73,2,18,163)
w(73,3,18,163)
r(74,0,18,163)
r(74,0,19,165)
w(74,1,19,165)
r(74,1,19,165)
w(72,2,19,165)
r(63,1,19,165)
w(72,3,0,167)
r(72,3,0,167)
r(74,1,0,167)
w(74,2,0,167)
w(74,3,0,167)
w(63,2,0,169)
r(71,0,0,169)
w(75,1,0,169)
w(75,2,0,169)
r(76,0,0,169)
w(75,3,0,169)
r(63,2,1,171)
r(77,0,1,171)
r(63,2,1,171)
w(71,1,1,171)
r(77,0,1,171)
w(77,1,1,171)
r(71,1,1,171)
w(77,2,2,173)
w(63,3,2,173)
w(77,3,2,173)
r(61,3,2,173)
r(71,1,2,173)
r(77,3,2,173)
w(71,2,2,173)
r(79,0,3,175)
w(79,1,3,175)
r(76,0,3,175)
w(79,2,3,175)
w(78,1,3,175)
w(78,2,3,175)
w(79,3,4,177)
r(79,3,4,177)
w(78,3,4,177)
r(79,3,4,177)
r(79,3,4,177)
r(78,3,4,177)
w(76,1,4,177)
r(78,3,5,179)
r(80,0,5,179)
r(76,1,5,179)
r(80,0,5,179)
r(76,1,5,179)
w(80,1,5,179)
r(71,2,5,179)
r(76,1,6,181)
w(80,2,6,181)
r(80,2,6,181)
r(76,1,6,181)
w(80,3,6,181)
r(80,3,6,181)
w(76,2,7,183)
r(80,3,7,183)
r(78,3,7,183)
r(71,2,7,183)
r(81,0,8,185)
r(76,2,8,185)
r(71,2,8,185)
w(81,1,8,185)
r(81,1,8,185)
w(76,3,8,185)
r(76,3,8,185)
r(81,1,9,187)
r(81,1,9,187)
r(81,1,9,187)
r(76,3,9,187)
w(81,2,9,187)
r(81,2,9,187)
r(71,2,10,189)
w(81,3,10,189)
r(81,3,10,189)
r(81,3,10,189)
w(82,1,11,191)
r(83,0,11,191)
w(82,2,11,191)
r(84,0,11,191)
r(83,0,11,191)
r(83,0,12,193)
r(82,2,12,193)
r(83,0,12,193)
r(82,2,12,193)
w(71,3,12,193)
w(83,1,12,193)
w(83,2,12,193)
r(83,2,12,193)
w(83,3,13,195)
w(82,3,13,195)
r(85,0,13,195)
w(84,1,13,195)
w(84,2,13,195)
r(85,0,14,197)
w(85,1,14,197)
w(86,1,14,197)
r(85,1,14,197)
r(85,1,14,197)
w(85,2,14,197)
w(85,3,15,199)
r(87,0,15,199)
r(84,2,15,199)
w(88,1,15,199)
r(88,1,15,199)
r(88,1,15,199)
w(87,1,15,199)
w(88,2,16,201)
r(86,1,16,201)
w(88,3,16,201)
r(89,0,16,201)
w(86,2,17,203)
r(87,1,17,203)
w(86,3,17,203)
w(84,3,17,203)
r(89,0,17,203)
r(89,0,17,203)
r(89,0,18,205)
w(89,1,18,205)
w(87,2,18,205)
w(87,3,18,205)
r(89,1,18,205)
r(84,3,18,205)
w(89,2,18,205)
w(89,3,19,207)
w(91,1,19,207)
r(87,3,19,207)
r(90,0,19,207)
w(91,2,19,207)
r(87,3,19,207)
r(87,3,19,207)
r(91,2,19,207)
r(92,0,0,209)
w(92,1,0,209)
r(91,2,0,209)
w(90,1,0,209)
w(91,3,0,209)
r(61,3,0,211)
r(92,1,0,211)
r(92,1,0,211)
r(91,3,0,211)
w(90,2,0,211)
r(90,2,1,213)
r(90,2,1,213)
w(94,1,1,213)
r(93,0,1,213)
r(94,1,1,213)
w(90,3,1,213)
r(93,0,1,213)
r(93,0,1,213)
r(94,1,2,215)
r(90,3,2,215)
r(94,1,2,215)
r(61,3,2,215)
w(94,2,2,215)
r(90,3,2,215)
w(94,3,2,215)
w(93,1,2,215)
r(90,3,3,217)
r(95,0,3,217)
r(90,3,3,217)
r(93,1,3,217)
r(95,0,3,217)
r(95,0,3,217)
w(95,1,3,217)
r(95,1,4,219)
w(93,2,4,219)
r(92,1,4,219)
r(95,1,4,219)
r(93,2,4,219)
w(96,1,4,219)
w(95,2,5,221)
w(93,3,5,221)
w(95,3,5,221)
r(95,3,5,221)
w(96,2,6,223)
w(97,1,6,223)
r(97,1,6,223)
r(97,1,6,223)
r(97,1,6,223)
w(96,3,7,225)
w(97,2,7,225)
w(98,1,7,225)
w(98,2,7,225)
w(98,3,7,225)
w(97,3,7,225)
w(100,1,8,227)
w(100,2,8,227)
w(100,3,8,227)
r(96,3,8,227)
r(101,0,8,227)
w(101,1,9,229)
w(92,2,9,229)
w(101,2,9,229)
r(101,2,9,229)
w(101,3,10,231)
r(99,0,10,231)
r(101,3,10,231)
r(97,3,10,231)
w(102,1,10,231)
r(102,1,10,231)
r(102,1,10,231)
r(102,1,11,233)
w(102,2,11,233)
r(102,2,11,233)
r(102,2,11,233)
r(102,2,11,233)
r(104,0,12,235)
r(103,0,12,235)
w(103,1,12,235)
w(103,2,12,235)
r(103,2,13,237)
w(102,3,13,237)
w(104,1,13,237)
r(105,0,13,237)
w(103,3,13,237)
r(105,0,13,237)
r(105,0,13,237)
w(104,2,13,237)
w(105,1,14,239)
r(105,1,14,239)
r(105,1,14,239)
w(105,2,14,239)
w(105,3,14,239)
r(105,3,15,241)
r(106,0,15,241)
r(105,3,15,241)
r(105,3,15,241)
w(106,1,15,241)
r(104,2,15,241)
w(107,1,16,243)
w(106,2,16,243)
w(107,2,16,243)
r(106,2,16,243)
w(104,3,17,245)
r(106,2,17,245)
w(107,3,17,245)
r(107,3,17,245)
r(107,3,17,245)
r(107,3,17,245)
r(92,2,17,245)
w(106,3,17,245)
r(106,3,18,247)
w(109,1,18,247)
w(110,1,18,247)
w(108,1,18,247)
w(110,2,18,247)
r(110,2,18,247)
w(109,2,18,247)
r(110,2,18,247)
w(108,2,19,249)
w(109,3,19,249)
w(110,3,19,249)
w(112,1,19,249)
w(111,1,19,249)
r(108,2,19,249)
r(112,1,19,249)
w(111,2,19,249)
r(111,2,0,251)
r(112,1,0,251)
r(112,1,0,251)
w(111,3,0,251)
w(112,2,0,253)
w(112,3,0,253)
r(113,0,0,253)
w(113,1,0,253)
w(113,2,0,253)
r(113,2,0,253)
w(108,3,0,253)
r(111,3,1,255)
w(113,3,1,255)
w(115,1,1,255)
r(116,0,1,255)
r(116,0,1,255)
r(114,0,1,255)
r(116,0,1,255)
w(115,2,2,257)
w(116,1,2,257)
w(116,2,2,257)
r(116,2,2,257)
r(116,2,2,257)
w(114,1,2,257)
r(114,1,4,260)
r(114,1,4,260)
w(117,1,4,260)
r(117,1,4,260)
r(116,2,3,261)
w(116,3,3,261)
w(114,2,3,261)
r(116,3,3,261)
w(114,3,3,261)
w(115,3,3,261)
r(117,0,3,261)
r(118,0,5,263)
w(118,1,5,263)
r(118,1,5,263)
w(92,3,5,263)
r(117,1,5,263)
w(117,2,5,263)
w(117,3,5,263)
r(118,1,5,263)
r(117,3,6,265)
r(117,3,6,265)
r(117,3,6,265)
r(119,0,6,265)
w(119,1,7,267)
r(117,3,7,267)
r(99,0,7,267)
r(117,3,7,267)
w(118,2,7,267)
w(120,1,8,269)
r(119,1,8,269)
r(118,2,8,269)
w(120,2,8,269)
w(121,1,8,269)
w(120,3,8,269)
r(118,2,8,269)
w(122,1,9,271)
w(122,2,9,271)
w(119,2,9,271)
w(118,3,9,271)
w(123,1,9,271)
r(122,2,9,271)
r(122,2,9,271)
w(122,3,10,273)
r(119,2,10,273)
r(122,3,10,273)
r(122,3,10,273)
w(123,2,10,273)
r(123,2,10,273)
r(123,2,10,273)
w(123,3,11,275)
r(122,3,11,275)
w(124,1,11,275)
w(124,2,11,275)
w(124,3,11,275)
r(121,1,11,275)
w(99,1,11,275)
w(121,2,12,277)
r(123,3,12,277)
r(121,2,12,277)
r(123,3,12,277)
r(119,2,12,277)
r(125,0,12,277)
r(125,0,12,277)
r(119,2,12,277)
r(99,1,13,279)
r(125,0,13,279)
w(125,1,13,279)
r(119,2,13,279)
r(119,2,13,279)
r(121,2,13,279)
r(99,1,13,279)
w(119,3,14,281)
w(126,1,14,281)
w(125,2,14,281)
w(125,3,14,281)
r(125,3,14,281)
r(125,3,14,281)
r(126,1,15,283)
r(125,3,15,283)
r(125,3,15,283)
r(121,2,15,283)
r(127,0,15,283)
w(126,2,15,283)
w(127,1,15,283)
r(126,2,16,285)
w(126,3,16,285)
w(127,2,16,285)
w(127,3,16,285)
r(127,3,16,285)
r(128,0,16,285)
r(126,3,16,285)
w(128,1,16,285)
r(119,3,17,287)
r(119,3,17,287)
r(121,2,17,287)
r(128,1,17,287)
w(128,2,17,287)
r(119,3,17,287)
r(119,3,17,287)
r(128,2,18,289)
r(128,2,18,289)
r(129,0,18,289)
w(128,3,18,289)
r(130,0,19,291)
w(130,1,19,291)
r(121,2,19,291)
w(129,1,19,291)
w(129,2,19,291)
w(130,2,19,291)
w(130,3,19,291)
r(130,3,19,291)
r(129,2,0,293)
r(130,3,0,293)
r(129,2,0,293)
w(131,1,0,293)
w(129,3,0,293)
r(132,0,0,293)
w(132,1,0,293)
r(129,3,0,293)
w(132,2,0,295)
r(131,1,0,295)
w(132,3,0,295)
w(131,2,0,295)
r(129,3,0,295)
w(131,3,0,295)
w(133,1,0,295)
r(133,1,0,295)
r(129,3,1,297)
r(129,3,1,297)
w(133,2,1,297)
w(133,3,1,297)
r(134,0,1,297)
w(135,1,1,297)
r(134,0,1,297)
r(135,1,2,299)
w(134,1,2,299)
r(135,1,2,299)
w(136,1,2,299)
w(136,2,2,299)
r(136,2,2,299)
r(136,2,3,301)
w(136,3,3,301)
r(135,1,3,301)
w(135,2,3,301)
w(121,3,3,301)
r(135,2,4,303)
r(136,3,4,303)
w(134,2,4,303)
w(135,3,4,303)
w(134,3,4,303)
r(136,3,4,303)
r(134,3,5,305)
w(137,1,5,305)
r(137,1,5,305)
r(137,1,5,305)
r(134,3,6,307)
r(137,1,6,307)
w(137,2,6,307)
r(136,3,6,307)
w(137,3,6,307)
r(134,3,7,309)
r(138,0,7,309)
r(139,0,7,309)
r(139,0,7,309)
w(139,1,7,309)
r(134,3,7,309)
r(134,3,8,311)
w(138,1,8,311)
r(139,1,8,311)
r(139,1,8,311)
r(139,1,8,311)
r(121,3,9,313)
w(139,2,9,313)
r(139,2,9,313)
r(121,3,9,313)
w(138,2,9,313)
r(99,1,10,315)
w(138,3,10,315)
r(139,2,10,315)
r(140,0,10,315)
r(139,2,10,315)
w(139,3,10,315)
r(139,3,11,317)
r(140,0,11,317)
r(138,3,11,317)
r(140,0,11,317)
r(141,0,12,319)
w(141,1,12,319)
r(141,1,12,319)
r(142,0,12,319)
w(141,2,13,321)
w(142,1,13,321)
r(143,0,13,321)
r(141,2,13,321)
w(142,2,14,323)
r(141,2,14,323)
w(141,3,14,323)
w(143,1,14,323)
w(142,3,14,323)
w(140,1,14,323)
r(141,3,14,323)
r(141,3,15,325)
r(142,3,15,325)
r(144,0,15,325)
r(144,0,15,325)
r(145,0,15,325)
w(145,1,16,327)
w(144,1,16,327)
w(145,2,16,327)
r(144,1,16,327)
r(144,1,16,327)
r(144,1,16,327)
r(145,2,17,329)
r(145,2,17,329)
r(140,1,17,329)
w(144,2,17,329)
w(144,3,18,331)
w(145,3,18,331)
r(143,1,18,331)
w(147,1,18,331)
w(146,1,19,333)
w(140,2,19,333)
r(146,1,19,333)
w(143,2,19,333)
r(146,1,0,335)
r(146,1,0,335)
w(146,2,0,335)
w(140,3,0,335)
w(146,3,0,335)
r(147,1,0,337)
w(143,3,0,337)
w(148,1,0,337)
r(148,1,0,337)
w(148,2,0,337)
r(149,0,0,337)
r(148,2,1,339)
r(147,1,1,339)
w(148,3,1,339)
r(148,3,1,339)
r(150,0,1,339)
w(150,1,1,339)
w(151,1,1,339)
r(151,1,2,341)
r(151,1,2,341)
w(147,2,2,341)
w(151,2,2,341)
r(151,2,3,343)
r(147,2,3,343)
r(151,2,3,343)
w(151,3,3,343)
r(151,3,3,343)
r(149,0,3,343)
r(147,2,4,345)
w(152,1,4,345)
w(150,2,4,345)
w(99,2,4,345)
w(152,2,4,345)
r(150,2,4,345)
r(149,0,4,345)
r(149,0,5,347)
w(152,3,5,347)
w(147,3,5,347)
w(149,1,5,347)
r(149,1,5,347)
w(153,1,5,347)
w(154,1,5,347)
r(153,1,6,349)
w(154,2,6,349)
w(153,2,6,349)
r(149,1,6,349)
r(150,2,6,349)
r(99,2,6,349)
w(153,3,6,349)
r(153,3,6,349)
w(150,3,7,351)
r(154,2,7,351)
w(99,3,7,351)
w(155,1,7,351)
w(155,2,7,351)
w(154,3,7,351)
r(155,2,8,353)
r(156,0,8,353)
r(156,0,8,353)
r(156,0,8,353)
w(155,3,8,353)
r(156,0,9,355)
r(155,3,9,355)
r(99,3,9,355)
w(149,2,9,355)
r(155,3,9,355)
w(156,1,9,355)
r(149,2,9,355)
r(158,0,10,357)
r(158,0,10,357)
r(158,0,10,357)
w(158,1,10,357)
r(149,2,10,357)
r(158,1,10,357)
r(158,1,10,357)
w(156,2,11,359)
r(158,1,11,359)
w(156,3,11,359)
r(156,3,11,359)
r(158,1,11,359)
r(156,3,11,359)
w(159,1,12,361)
w(158,2,12,361)
r(158,2,12,361)
r(158,2,12,361)
r(156,3,12,361)
r(158,2,13,363)
r(157,0,13,363)
w(158,3,13,363)
r(156,3,13,363)
w(160,1,13,363)
w(160,2,13,363)
r(157,0,13,363)
r(160,2,14,365)
r(160,2,14,365)
w(160,3,14,365)
w(149,3,14,365)
w(161,1,14,365)
r(149,3,15,367)
r(161,1,15,367)
r(157,0,15,367)
w(162,1,15,367)
r(162,1,15,367)
r(162,1,16,369)
w(161,2,16,369)
r(159,1,16,369)
r(162,1,16,369)
w(162,2,16,369)
r(162,2,16,369)
r(161,2,16,369)
r(161,2,16,369)
r(162,2,17,371)
w(162,3,17,371)
w(163,1,17,371)
r(161,2,17,371)
r(161,2,17,371)
r(162,3,17,371)
w(164,1,17,371)
r(161,2,17,371)
r(164,1,18,373)
w(157,1,18,373)
r(164,1,18,373)
w(164,2,18,373)
r(164,2,18,373)
r(163,1,18,373)
w(161,3,18,373)
w(164,3,19,375)
r(164,3,19,375)
w(165,1,19,375)
r(164,3,19,375)
w(165,2,0,377)
r(164,3,0,377)
r(165,2,0,377)
w(166,1,0,377)
w(165,3,0,379)
r(166,1,0,379)
w(159,2,0,379)
w(166,2,0,379)
w(163,2,0,379)
r(163,2,0,379)
r(157,1,0,379)
r(157,1,0,379)
w(166,3,1,381)
w(163,3,1,381)
r(166,3,1,381)
r(166,3,1,381)
w(168,1,1,381)
w(168,2,1,381)
w(168,3,2,383)
w(157,2,2,383)
w(167,1,2,383)
r(169,0,2,383)
r(169,0,3,385)
r(167,1,3,385)
w(169,1,3,385)
w(169,2,3,385)
w(167,2,3,385)
w(169,3,3,385)
w(159,3,3,385)
r(169,3,3,385)
r(169,3,4,387)
r(163,3,4,387)
w(167,3,4,387)
r(171,0,4,387)
r(171,0,5,389)
r(171,0,5,389)
r(171,0,5,389)
r(171,0,5,389)
w(157,3,5,389)
w(170,1,5,389)
w(171,1,5,389)
r(171,1,6,391)
r(171,1,6,391)
r(171,1,6,391)
w(171,2,6,391)
r(171,2,6,391)
r(170,1,6,391)
r(171,2,6,391)
w(172,1,6,391)
r(157,3,7,393)
w(172,2,7,393)
w(171,3,7,393)
w(170,2,7,393)
w(170,3,7,393)
r(171,3,7,393)
w(173,1,8,395)
r(157,3,8,395)
r(173,1,8,395)
r(173,1,8,395)
r(170,3,9,397)
r(172,2,9,397)
w(172,3,9,397)
r(173,1,9,397)
r(175,0,9,397)
r(175,0,9,397)
r(172,3,9,397)
r(175,0,10,399)
r(174,0,10,399)
w(175,1,10,399)
w(176,1,10,399)
w(173,2,10,399)
r(175,1,10,399)
r(173,2,10,399)
w(173,3,11,401)
w(174,1,11,401)
r(175,1,11,401)
w(177,1,11,401)
r(176,1,11,401)
w(175,2,11,401)
r(173,3,11,401)
w(175,3,11,401)
r(175,3,12,403)
w(177,2,12,403)
r(173,3,12,403)
r(173,3,12,403)
r(173,3,13,405)
w(177,3,13,405)
r(178,0,13,405)
w(179,1,13,405)
w(178,1,14,407)
w(179,2,14,407)
w(179,3,14,407)
r(179,3,14,407)
r(177,3,14,407)
w(176,2,14,407)
r(174,1,14,407)
w(178,2,14,407)
w(180,1,15,409)
r(180,1,15,409)
w(180,2,15,409)
w(180,3,15,409)
r(180,3,15,409)
w(178,3,15,409)
r(182,0,15,409)
w(181,1,15,409)
w(182,1,16,411)
r(178,3,16,411)
r(181,1,16,411)
w(182,2,16,411)
w(182,3,16,411)
w(174,2,17,413)
r(182,3,17,413)
r(174,2,17,413)
r(174,2,17,413)
r(178,3,17,413)
r(183,0,17,413)
w(181,2,17,413)
w(181,3,18,415)
w(183,1,18,415)
w(183,2,18,415)
r(183,2,18,415)
w(174,3,18,415)
r(178,3,18,415)
r(183,2,19,417)
r(184,0,19,417)
r(178,3,19,417)
r(183,2,19,417)
r(184,0,19,417)
r(183,2,19,417)
r(183,2,0,419)
r(174,3,0,419)
r(178,3,0,419)
r(183,2,0,419)
w(185,1,0,419)
w(183,3,0,421)
r(185,1,0,421)
r(185,1,0,421)
w(185,2,0,421)
w(186,1,0,421)
r(187,0,0,421)
w(187,1,0,421)
r(187,1,0,421)
r(187,1,1,423)
w(184,1,1,423)
r(185,2,1,423)
w(187,2,1,423)
w(187,3,1,423)
w(185,3,1,423)
w(184,2,1,423)
r(176,2,2,425)
r(187,3,2,425)
w(186,2,2,425)
r(187,3,2,425)
r(186,2,2,425)
w(188,1,2,425)
r(188,1,3,427)
w(188,2,3,427)
w(188,3,3,427)
w(189,1,3,427)
r(188,3,4,429)
r(188,3,4,429)
w(189,2,4,429)
r(189,2,4,429)
r(188,3,4,429)
r(188,3,4,429)
r(189,2,4,429)
r(189,2,5,431)
w(190,1,5,431)
r(190,1,5,431)
w(190,2,5,431)
w(190,3,5,431)
r(189,2,6,433)
w(189,3,6,433)
r(190,3,6,433)
r(190,3,6,433)
r(192,0,6,433)
r(184,2,6,433)
r(192,0,7,435)
r(191,0,7,435)
r(184,2,7,435)
r(184,2,7,435)
w(191,1,7,435)
w(191,2,7,435)
w(191,3,7,435)
w(192,1,7,435)
r(192,1,8,437)
r(191,3,8,437)
r(186,2,8,437)
r(192,1,8,437)
r(184,2,8,437)
r(184,2,8,437)
r(192,1,9,439)
w(184,3,9,439)
w(192,2,9,439)
w(192,3,9,439)
r(184,3,9,439)
w(186,3,9,439)
w(194,1,9,439)
w(193,1,10,441)
w(194,2,10,441)
w(194,3,10,441)
r(193,1,10,441)
r(194,3,10,441)
r(176,2,10,441)
r(195,0,10,441)
r(194,3,10,441)
w(196,1,11,443)
r(196,1,11,443)
w(196,2,11,443)
r(196,2,11,443)
r(176,2,11,443)
w(193,2,11,443)
r(196,2,12,445)
r(196,2,12,445)
r(196,2,12,445)
w(193,3,12,445)
r(195,0,12,445)
w(196,3,13,447)
w(197,1,13,447)
r(197,1,13,447)
r(197,1,13,447)
r(199,0,13,447)
w(199,1,13,447)
w(195,1,14,449)
w(195,2,14,449)
w(198,1,14,449)
w(198,2,14,449)
w(199,2,15,451)
r(197,1,15,451)
r(197,1,15,451)
r(195,2,15,451)
r(197,1,15,451)
w(197,2,16,453)
w(199,3,16,453)
w(197,3,16,453)
r(197,3,16,453)
r(197,3,16,453)
w(200,1,16,453)
r(200,1,16,453)
w(200,2,16,453)
r(198,2,17,455)
r(200,2,17,455)
w(200,3,17,455)
r(195,2,17,455)
r(200,3,17,455)
r(200,3,17,455)
w(201,1,17,455)
w(202,1,18,457)
w(201,2,18,457)
r(201,2,18,457)
w(202,2,18,457)
w(201,3,18,457)
r(202,2,18,457)
w(198,3,19,459)
w(195,3,19,459)
r(202,2,19,459)
w(202,3,19,459)
r(202,3,19,459)
w(203,1,19,459)
r(203,1,19,459)
w(204,1,0,461)
r(203,1,0,461)
w(203,2,0,461)
r(203,2,0,461)
w(205,1,0,461)
w(203,3,0,461)
r(204,1,0,461)
r(203,3,0,461)
r(206,0,0,463)
w(205,2,0,463)
w(206,1,0,463)
w(205,3,0,463)
r(206,1,1,465)
w(206,2,1,465)
r(205,3,1,465)
w(206,3,1,465)
r(206,3,1,465)
r(207,0,1,465)
w(176,3,1,465)
r(207,0,1,465)
w(207,1,2,467)
r(207,1,2,467)
w(207,2,2,467)
r(207,2,2,467)
r(205,3,2,467)
w(208,1,2,467)
w(207,3,2,467)
w(209,1,3,469)
r(195,3,3,469)
w(209,2,3,469)
w(208,2,3,469)
w(209,3,3,469)
r(210,0,3,469)
r(211,0,3,469)
w(208,3,3,469)
r(208,3,4,471)
r(210,0,4,471)
w(210,1,4,471)
w(211,1,4,471)
w(210,2,4,471)
r(208,3,5,473)
r(208,3,5,473)
w(211,2,5,473)
w(210,3,5,473)
r(208,3,5,473)
r(212,0,5,473)
r(211,2,5,473)
r(212,0,6,475)
r(212,0,6,475)
r(211,2,6,475)
w(211,3,6,475)
w(212,1,7,477)
r(212,1,7,477)
w(213,1,7,477)
r(211,3,7,477)
w(213,2,8,479)
w(213,3,8,479)
r(212,1,8,479)
r(212,1,8,479)
w(212,2,8,479)
w(215,1,8,479)
w(212,3,8,479)
w(204,2,9,481)
r(214,0,9,481)
r(215,1,9,481)
w(216,1,9,481)
r(215,1,9,481)
w(216,2,9,481)
r(216,2,9,481)
r(216,2,10,483)
w(215,2,10,483)
w(216,3,10,483)
r(215,2,10,483)
w(214,1,10,483)
r(215,2,11,485)
w(215,3,11,485)
r(216,3,11,485)
r(204,2,11,485)
r(215,3,11,485)
r(216,3,12,487)
r(216,3,12,487)
r(216,3,12,487)
w(217,1,12,487)
w(217,2,12,487)
w(218,1,12,487)
r(218,1,12,487)
w(217,3,12,487)
r(217,3,13,489)
r(218,1,13,489)
w(214,2,13,489)
r(176,3,13,489)
r(218,1,13,489)
r(214,2,13,489)
r(218,1,14,491)
r(218,1,14,491)
r(218,1,14,491)
w(219,1,14,491)
r(219,1,15,493)
w(218,2,15,493)
w(219,2,15,493)
r(204,2,15,493)
w(214,3,15,493)
w(218,3,15,493)
r(218,3,15,493)
w(220,1,16,495)
w(219,3,16,495)
r(220,1,16,495)
r(214,3,16,495)
r(220,1,16,495)
r(220,1,16,495)
w(220,2,17,497)
r(219,3,17,497)
r(221,0,17,497)
r(220,2,17,497)
r(220,2,17,497)
w(222,1,17,497)
w(220,3,17,497)
w(224,1,17,497)
w(204,3,18,499)
w(224,2,18,499)
r(221,0,18,499)
r(224,2,18,499)
r(223,0,18,499)
r(223,0,18,499)
w(222,2,18,499)
w(222,3,18,499)
r(225,0,19,501)
r(223,0,19,501)
w(225,1,19,501)
w(223,1,19,501)
w(224,3,19,501)
w(223,2,19,501)
w(226,1,0,503)
w(227,1,0,503)
w(227,2,0,503)
w(223,3,0,503)
w(227,3,0,503)
r(227,3,0,503)
r(227,3,0,503)
r(228,0,0,503)
w(225,2,0,505)
r(228,0,0,505)
w(226,2,0,505)
r(228,0,0,505)
r(229,0,0,505)
w(229,1,1,507)
r(228,0,1,507)
w(229,2,1,507)
w(228,1,1,507)
w(226,3,1,507)
r(229,2,1,507)
w(225,3,1,507)
r(228,1,2,509)
r(228,1,2,509)
r(229,2,2,509)
w(229,3,2,509)
r(229,3,2,509)
w(231,1,2,509)
r(231,1,2,509)
r(230,0,2,509)
r(226,3,3,511)
w(231,2,3,511)
w(231,3,3,511)
r(231,3,3,511)
r(228,1,3,511)
r(228,1,3,511)
w(232,1,4,513)
w(232,2,4,513)
r(232,2,4,513)
r(232,2,4,513)
r(232,2,4,513)
r(232,2,4,513)
r(233,0,5,515)
w(228,2,5,515)
r(228,2,5,515)
r(232,2,5,515)
w(230,1,5,515)
r(228,2,6,517)
r(228,2,6,517)
r(232,2,6,517)
w(232,3,6,517)
r(228,2,6,517)
w(234,1,6,517)
r(234,1,6,517)
r(228,2,6,517)
w(234,2,7,519)
w(234,3,7,519)
w(235,1,7,519)
w(235,2,7,519)
r(233,0,7,519)
r(233,0,8,521)
r(228,2,8,521)
r(235,2,8,521)
w(228,3,8,521)
w(233,1,8,521)
r(235,2,8,521)
w(235,3,9,523)
r(235,3,9,523)
r(235,3,9,523)
w(236,1,9,523)
w(221,1,9,523)
r(233,1,9,523)
r(236,1,10,525)
w(236,2,10,525)
r(221,1,10,525)
r(228,3,10,525)
w(236,3,10,525)
r(237,0,11,527)
r(237,0,11,527)
r(228,3,11,527)
w(237,1,11,527)
r(228,3,11,527)
r(228,3,12,529)
w(237,2,12,529)
r(237,2,12,529)
w(237,3,12,529)
r(237,3,12,529)
w(233,2,12,529)
w(238,1,12,529)
r(230,1,12,529)
r(239,0,13,531)
r(233,2,13,531)
w(238,2,13,531)
r(239,0,13,531)
w(239,1,13,531)
w(239,2,13,531)
w(239,3,13,531)
r(239,3,13,531)
r(233,2,14,533)
r(238,2,14,533)
w(238,3,14,533)
r(239,3,14,533)
r(239,3,14,533)
r(239,3,14,533)
r(238,3,14,533)
r(239,3,14,533)
r(239,3,15,535)
r(239,3,15,535)
r(239,3,15,535)
r(239,3,15,535)
r(240,0,15,535)
r(239,3,15,535)
r(240,0,15,535)
w(233,3,15,535)
w(241,1,16,537)
w(241,2,16,537)
w(241,3,16,537)
r(241,3,16,537)
r(241,3,16,537)
w(221,2,17,539)
w(240,1,17,539)
r(230,1,17,539)
r(242,0,17,539)
w(240,2,17,539)
w(242,1,17,539)
w(242,2,17,539)
r(240,2,18,541)
r(242,2,18,541)
w(240,3,18,541)
r(240,3,18,541)
r(242,2,19,543)
w(242,3,19,543)
r(242,3,19,543)
r(242,3,19,543)
r(242,3,19,543)
r(230,1,0,545)
w(230,2,0,545)
w(243,1,0,545)
w(230,3,0,545)
r(240,3,0,547)
r(240,3,0,547)
r(244,0,0,547)
r(240,3,0,547)
r(244,0,0,547)
r(244,0,0,547)
w(245,1,0,547)
w(243,2,0,547)
r(244,0,1,549)
r(245,1,1,549)
r(245,1,1,549)
w(245,2,1,549)
r(244,0,1,549)
r(244,0,1,549)
w(243,3,1,549)
r(245,2,1,549)
r(243,3,2,551)
w(245,3,2,551)
r(244,0,2,551)
w(244,1,2,551)
w(244,2,2,551)
r(244,2,2,551)
r(244,2,2,551)
w(244,3,2,551)
r(246,0,3,553)
w(248,1,3,553)
w(221,3,3,553)
w(248,2,3,553)
r(248,2,3,553)
r(248,2,3,553)
w(248,3,3,553)
w(247,1,3,553)
w(247,2,4,556)
w(247,3,4,556)
r(230,3,4,556)
r(246,0,4,556)
w(249,1,4,556)
r(251,0,5,557)
w(251,1,5,557)
r(249,1,5,557)
r(249,1,5,557)
w(251,2,6,559)
w(251,3,6,559)
w(252,1,6,559)
r(249,1,6,559)
w(252,2,6,559)
w(252,3,7,561)
w(249,2,7,561)
w(249,3,7,561)
r(246,0,7,561)
r(246,0,8,563)
w(253,1,8,563)
w(246,1,8,563)
w(253,2,8,563)
r(254,0,8,563)
r(253,2,8,563)
r(246,1,8,563)
w(254,1,9,565)
w(246,2,9,565)
w(254,2,9,565)
r(246,2,9,565)
r(253,2,9,565)
r(253,2,10,567)
w(253,3,10,567)
w(255,1,10,567)
w(255,2,10,567)
r(255,2,10,567)
w(255,3,11,569)
w(254,3,11,569)
r(255,3,11,569)
w(246,3,11,569)
r(246,3,11,569)
w(256,1,11,569)
r(255,3,12,571)
r(246,3,12,571)
r(256,1,12,571)
r(257,0,12,571)
w(257,1,12,571)
w(257,2,13,573)
r(257,2,13,573)
w(256,2,13,573)
r(256,2,13,573)
r(257,2,14,575)
r(256,2,14,575)
r(250,0,14,575)
r(257,2,14,575)
r(257,2,14,575)
r(256,2,14,575)
r(257,2,14,575)
r(246,3,15,577)
r(257,2,15,577)
w(257,3,15,577)
r(257,3,15,577)
w(250,1,15,577)
r(256,2,15,577)
w(259,1,16,579)
r(259,1,16,579)
w(259,2,16,579)
r(259,2,16,579)
w(256,3,16,579)
w(258,1,16,579)
r(256,3,16,579)
w(258,2,16,579)
r(259,2,17,581)
w(259,3,17,581)
r(259,3,17,581)
r(259,3,17,581)
w(250,2,18,583)
r(259,3,18,583)
r(259,3,18,583)
r(260,0,18,583)
w(250,3,18,583)
w(261,1,18,583)
r(261,1,18,583)
w(261,2,18,583)
r(261,2,19,585)
r(261,2,19,585)
w(260,1,19,585)
r(260,1,19,585)
r(260,1,19,585)
w(261,3,19,585)
w(260,2,19,585)
r(261,3,19,585)
r(261,3,0,587)
r(260,2,0,587)
w(258,3,0,587)
r(262,0,0,587)
w(262,1,0,589)
w(262,2,0,589)
r(262,2,0,589)
r(260,2,0,589)
w(260,3,0,589)
r(265,0,0,589)
r(262,2,1,591)
r(262,2,1,591)
w(262,3,1,591)
r(264,0,1,591)
r(262,3,2,593)
r(266,0,2,593)
r(267,0,2,593)
r(266,0,2,593)
w(267,1,2,593)
w(263,1,3,595)
w(265,1,3,595)
r(263,1,3,595)
w(264,1,3,595)
r(267,1,3,595)
r(264,1,3,595)
r(267,1,3,595)
r(267,1,4,597)
w(267,2,4,597)
r(263,1,4,597)
r(266,0,4,597)
w(266,1,5,599)
w(265,2,5,599)
w(267,3,5,599)
w(264,2,5,599)
r(267,3,5,599)
w(266,2,5,599)
w(263,2,6,601)
r(268,0,6,601)
w(268,1,6,601)
w(266,3,6,601)
r(268,1,6,601)
r(268,1,6,601)
r(268,1,6,601)
r(265,2,7,603)
r(265,2,7,603)
r(265,2,7,603)
r(266,3,7,603)
w(268,2,7,603)
w(264,3,7,603)
r(268,2,8,605)
r(266,3,8,605)
r(266,3,8,605)
w(268,3,8,605)
r(264,3,8,605)
r(266,3,8,605)
r(270,0,8,605)
w(265,3,8,605)
w(269,1,9,607)
w(269,2,9,607)
w(271,1,9,607)
r(265,3,9,607)
w(263,3,9,607)
r(269,2,9,607)
w(269,3,10,609)
r(271,1,10,609)
w(271,2,10,609)
r(269,3,10,609)
r(269,3,10,609)
w(271,3,10,609)
r(265,3,10,609)
r(272,0,11,611)
r(273,0,11,611)
r(272,0,11,611)
w(273,1,11,611)
w(272,1,12,613)
w(273,2,12,613)
r(273,2,12,613)
w(274,1,12,613)
r(270,0,12,613)
w(272,2,13,615)
r(275,0,13,615)
r(272,2,13,615)
r(273,2,13,615)
r(273,2,13,615)
r(272,2,13,615)
r(273,2,13,615)
w(273,3,13,615)
r(273,3,14,617)
r(272,2,14,617)
w(276,1,14,617)
r(274,1,14,617)
r(276,1,15,619)
w(276,2,15,619)
r(276,2,15,619)
w(276,3,15,619)
w(272,3,15,619)
w(270,1,15,619)
r(272,3,16,621)
r(272,3,16,621)
r(272,3,16,621)
r(276,3,16,621)
w(277,1,17,623)
r(277,1,17,623)
r(277,1,17,623)
w(277,2,17,623)
w(278,1,17,623)
r(277,2,18,625)
r(275,0,18,625)
w(277,3,18,625)
r(275,0,18,625)
r(277,3,18,625)
r(277,3,19,627)
r(278,1,19,627)
r(278,1,19,627)
r(277,3,19,627)
r(278,1,19,627)
r(277,3,19,627)
w(279,1,19,627)
w(279,2,19,627)
r(278,1,0,629)
r(270,1,0,629)
r(279,2,0,629)
w(274,2,0,629)
w(279,3,0,631)
r(280,0,0,631)
r(280,0,0,631)
w(280,1,0,631)
r(280,1,0,631)
r(278,1,1,633)
w(278,2,1,633)
w(278,3,1,633)
w(280,2,1,633)
w(280,3,2,635)
r(278,3,2,635)
r(280,3,2,635)
w(270,2,2,635)
r(280,3,2,635)
r(278,3,2,635)
w(281,1,2,635)
w(270,3,2,635)
w(281,2,3,637)
w(274,3,3,637)
r(278,3,3,637)
r(278,3,3,637)
r(278,3,3,637)
r(281,2,3,637)
r(281,2,4,639)
r(274,3,4,639)
w(281,3,4,639)
r(282,0,4,639)
w(282,1,5,641)
r(281,3,5,641)
r(281,3,5,641)
r(282,1,5,641)
w(285,1,5,641)
w(282,2,5,641)
w(285,2,6,643)
r(282,2,6,643)
r(285,2,6,643)
w(285,3,6,643)
w(283,1,6,643)
r(282,2,6,643)
w(282,3,6,643)
r(286,0,7,645)
w(286,1,7,645)
r(275,0,7,645)
w(287,1,7,645)
r(287,1,7,645)
r(287,1,7,645)
r(286,1,8,647)
r(287,1,8,647)
w(284,1,8,647)
r(283,1,8,647)
w(286,2,9,649)
r(286,2,9,649)
r(286,2,9,649)
r(287,1,9,649)
w(286,3,9,649)
r(283,1,9,649)
w(287,2,9,649)
w(287,3,10,651)
r(288,0,10,651)
r(288,0,10,651)
r(288,0,10,651)
w(283,2,10,651)
w(284,2,10,651)
r(284,2,10,651)
r(288,0,10,651)
w(288,1,11,653)
w(289,1,11,653)
w(288,2,11,653)
w(288,3,11,653)
r(289,1,12,655)
r(289,1,12,655)
r(288,3,12,655)
w(289,2,12,655)
r(290,0,12,655)
r(289,2,12,655)
w(284,3,12,655)
w(290,1,12,655)
r(290,1,13,657)
w(290,2,13,657)
r(289,2,13,657)
w(289,3,13,657)
r(290,2,13,657)
r(290,2,13,657)
w(290,3,13,657)
r(292,0,13,657)
w(293,1,14,659)
r(293,1,14,659)
r(293,1,14,659)
w(283,3,14,659)
r(292,0,14,659)
r(292,0,14,659)
r(293,1,15,661)
w(291,1,15,661)
r(293,1,15,661)
w(291,2,15,661)
r(293,1,15,661)
w(294,1,15,661)
r(293,1,15,661)
r(293,1,16,663)
w(293,2,16,663)
r(293,2,16,663)
r(294,1,16,663)
w(293,3,17,665)
w(292,1,17,665)
r(291,2,17,665)
r(294,1,17,665)
w(295,1,17,665)
r(295,1,17,665)
r(291,2,17,665)
r(292,1,17,665)
r(292,1,18,667)
w(295,2,18,667)
w(292,2,18,667)
r(294,1,18,667)
w(291,3,18,667)
r(295,2,18,667)
r(292,2,18,667)
w(295,3,19,669)
w(294,2,19,669)
r(292,2,19,669)
w(296,1,19,669)
w(292,3,19,669)
w(297,1,19,669)
r(292,3,19,669)
w(297,2,0,671)
r(297,2,0,671)
r(297,2,0,671)
w(297,3,0,671)
r(298,0,0,673)
w(294,3,0,673)
r(294,3,0,673)
r(298,0,0,673)
r(298,0,1,675)
r(298,0,1,675)
r(275,0,1,675)
r(298,0,1,675)
r(298,0,1,675)
w(300,1,1,675)
w(298,1,1,675)
r(300,1,1,675)
w(298,2,2,677)
r(298,2,2,677)
r(298,2,2,677)
r(296,1,2,677)
w(296,2,2,677)
w(299,1,2,677)
w(298,3,2,677)
w(296,3,2,677)
r(275,0,3,679)
w(301,1,3,679)
r(301,1,3,679)
w(300,2,3,679)
r(301,1,3,679)
r(301,1,3,679)
w(301,2,3,679)
w(299,2,4,681)
r(301,2,4,681)
r(300,2,4,681)
w(299,3,4,681)
w(301,3,5,683)
r(301,3,5,683)
r(302,0,5,683)
w(275,1,5,683)
w(300,3,5,683)
w(304,1,6,685)
r(303,0,6,685)
w(304,2,6,685)
w(304,3,6,685)
w(303,1,6,685)
r(304,3,6,685)
r(303,1,7,687)
w(305,1,7,687)
r(303,1,7,687)
r(306,0,7,687)
w(306,1,7,687)
w(306,2,7,687)
w(303,2,8,689)
r(305,1,8,689)
w(303,3,8,689)
r(306,2,8,689)
w(307,1,8,689)
w(307,2,9,691)
r(306,2,9,691)
r(306,2,9,691)
w(307,3,9,691)
r(305,1,9,691)
w(302,1,9,691)
r(306,2,9,691)
r(306,2,9,691)
r(306,2,10,693)
r(305,1,10,693)
w(306,3,10,693)
w(308,1,10,693)
w(308,2,10,693)
w(308,3,10,693)
w(309,1,11,695)
r(308,3,11,695)
w(310,1,11,695)
w(275,2,11,695)
w(305,2,11,695)
r(310,1,11,695)
r(275,2,11,695)
w(310,2,12,697)
w(310,3,12,697)
r(302,1,12,697)
w(302,2,12,697)
r(310,3,13,699)
w(305,3,13,699)
r(310,3,13,699)
r(310,3,13,699)
r(309,1,14,701)
r(310,3,14,701)
r(310,3,14,701)
r(305,3,14,701)
r(309,1,14,701)
r(302,2,15,703)
r(309,1,15,703)
r(311,0,15,703)
w(311,1,15,703)
r(311,1,15,703)
w(311,2,15,703)
w(312,1,15,703)
w(309,2,16,705)
r(275,2,16,705)
r(311,2,16,705)
r(312,1,16,705)
w(302,3,16,705)
r(309,2,16,705)
r(309,2,16,705)
r(309,2,16,705)
w(309,3,17,707)
r(311,2,17,707)
w(312,2,17,707)
r(312,2,17,707)
r(311,2,17,707)
w(311,3,17,707)
r(311,3,17,707)
r(311,3,18,709)
w(312,3,18,709)
w(313,1,18,709)
w(314,1,18,709)
w(314,2,18,709)
r(313,1,19,711)
w(314,3,19,711)
r(315,0,19,711)
r(315,0,19,711)
w(313,2,0,713)
w(275,3,0,713)
r(312,3,0,713)
w(315,1,0,713)
r(316,0,0,713)
w(315,2,0,713)
r(313,2,0,713)
r(312,3,0,715)
w(315,3,0,715)
r(315,3,0,715)
w(317,1,0,715)
w(317,2,0,715)
r(318,0,0,715)
r(317,2,1,717)
r(318,0,1,717)
r(317,2,1,717)
w(318,1,1,717)
w(318,2,2,719)
r(275,3,2,719)
w(318,3,2,719)
w(317,3,2,719)
r(316,0,2,719)
r(313,2,2,719)
r(318,3,2,719)
r(318,3,3,721)
r(318,3,3,721)
r(318,3,3,721)
r(318,3,3,721)
r(320,0,3,721)
r(319,0,4,723)
r(320,0,4,723)
w(320,1,4,723)
w(320,2,4,723)
w(313,3,4,723)
r(319,0,4,723)
w(320,3,4,723)
w(321,1,4,723)
r(321,1,5,725)
r(321,1,5,725)
r(320,3,5,725)
r(320,3,5,725)
r(320,3,5,725)
r(321,1,5,725)
w(321,2,5,725)
r(322,0,6,727)
r(322,0,6,727)
w(322,1,6,727)
w(319,1,6,727)
w(321,3,6,727)
r(322,1,6,727)
r(316,0,6,727)
r(323,0,7,729)
r(322,1,7,729)
r(319,1,7,729)
w(319,2,7,729)
r(323,0,7,729)
r(275,3,7,729)
w(322,2,7,729)
r(322,2,7,729)
w(322,3,8,731)
w(324,1,8,731)
r(316,0,8,731)
r(324,1,8,731)
r(324,1,8,731)
r(319,2,8,731)
w(324,2,8,731)
w(323,1,8,731)
w(324,3,9,733)
r(324,3,9,733)
w(319,3,9,733)
r(324,3,9,733)
w(323,2,9,733)
r(319,3,10,735)
w(325,1,10,735)
w(325,2,10,735)
w(325,3,10,735)
r(325,3,10,735)
r(325,3,10,735)
w(326,1,10,735)
w(323,3,10,735)
w(326,2,11,737)
r(323,3,11,737)
r(323,3,11,737)
w(326,3,11,737)
r(319,3,11,737)
r(319,3,12,740)
r(327,0,12,740)
r(327,0,12,740)
w(327,1,12,740)
r(329,0,14,743)
r(329,0,14,743)
r(329,0,14,743)
r(329,0,14,743)
r(329,0,14,743)
w(329,1,15,745)
r(329,1,15,745)
r(328,0,15,745)
r(328,0,15,745)
r(328,0,15,745)
r(330,0,15,745)
w(330,1,15,745)
r(328,0,15,745)
r(329,1,16,747)
r(328,0,16,747)
w(330,2,16,747)
w(329,2,16,747)
w(329,3,17,749)
r(329,3,17,749)
r(329,3,17,749)
w(316,1,17,749)
w(330,3,18,751)
r(331,0,18,751)
r(275,3,18,751)
r(331,0,18,751)
r(316,1,19,753)
w(332,1,19,753)
r(331,0,19,753)
w(331,1,19,753)
r(331,1,19,753)
w(331,2,19,753)
w(331,3,0,755)
r(331,3,0,755)
w(332,2,0,755)
r(331,3,0,755)
r(316,1,0,757)
r(331,3,0,757)
w(332,3,0,757)
r(316,1,0,757)
w(333,1,1,759)
r(334,0,1,759)
w(328,1,1,759)
r(334,0,1,759)
w(334,1,1,759)
r(334,1,1,759)
w(334,2,2,761)
r(333,1,2,761)
r(334,2,2,761)
w(328,2,2,761)
w(334,3,2,761)
r(328,2,2,761)
r(335,0,2,761)
r(328,2,3,763)
r(335,0,3,763)
r(316,1,3,763)
w(328,3,3,763)
r(332,3,4,765)
r(335,0,4,765)
r(335,0,4,765)
w(335,1,4,765)
r(336,0,4,765)
w(335,2,4,765)
w(336,1,4,765)
r(335,2,4,765)
w(335,3,5,767)
w(336,2,5,767)
r(316,1,5,767)
w(337,1,5,767)
r(337,1,5,767)
w(336,3,6,769)
r(337,1,6,769)
w(337,2,6,769)
r(337,2,6,769)
w(337,3,6,769)
r(338,0,6,769)
r(338,0,6,769)
r(339,0,6,769)
w(338,1,7,771)
r(338,1,7,771)
w(339,1,7,771)
r(339,1,7,771)
w(339,2,7,771)
