w(3,1,0,1)
r(4,0,0,1)
r(4,0,0,1)
w(2,1,0,1)
r(2,1,0,1)
w(2,2,0,1)
r(3,1,1,3)
r(3,1,1,3)
w(2,3,1,3)
w(4,1,1,3)
r(3,1,1,3)
w(4,2,1,3)
w(3,2,2,5)
w(4,3,2,5)
r(5,0,2,5)
r(6,0,2,5)
w(5,1,2,5)
r(1,0,2,5)
w(5,2,3,7)
w(6,1,3,7)
w(6,2,3,7)
r(6,2,3,7)
w(6,3,4,9)
r(6,3,4,9)
w(5,3,4,9)
r(5,3,4,9)
r(6,3,4,9)
r(3,2,4,9)
r(1,0,4,9)
r(7,0,4,9)
r(3,2,5,11)
r(3,2,5,11)
w(7,1,5,11)
w(1,1,5,11)
w(7,2,5,11)
w(3,3,6,14)
w(7,3,6,14)
r(9,0,6,14)
r(3,3,6,14)
r(10,0,6,14)
r(8,0,6,14)
r(9,0,6,14)
w(9,1,7,15)
w(9,2,7,15)
w(10,1,7,15)
w(9,3,7,15)
w(8,1,7,15)
w(10,2,7,15)
r(11,0,8,17)
w(10,3,8,17)
r(12,0,8,17)
w(12,1,8,17)
w(11,1,8,17)
r(12,1,9,19)
w(11,2,9,19)
r(11,2,9,19)
r(8,1,9,19)
r(12,1,9,19)
r(12,1,9,19)
r(11,2,9,19)
w(11,3,10,21)
r(8,1,10,21)
w(12,2,10,21)
w(12,3,10,21)
w(13,1,10,21)
w(0,1,10,21)
r(13,1,10,21)
r(13,1,10,21)
r(8,1,11,23)
w(14,1,11,23)
w(13,2,11,23)
w(13,3,11,23)
r(13,3,11,23)
r(13,3,12,25)
r(14,1,12,25)
r(14,1,12,25)
r(14,1,12,25)
w(14,2,12,25)
w(15,1,12,25)
r(0,1,12,25)
w(15,2,12,25)
w(15,3,13,27)
w(14,3,13,27)
r(15,3,13,27)
r(15,3,13,27)
r(15,3,13,27)
r(15,3,13,27)
r(8,1,13,27)
w(16,1,13,27)
r(16,1,14,29)
r(8,1,14,29)
r(16,1,14,29)
r(8,1,14,29)
w(17,1,14,29)
r(8,1,15,31)
r(17,1,15,31)
w(1,2,15,31)
w(16,2,15,31)
r(16,2,16,33)
r(8,1,16,33)
r(17,1,16,33)
w(17,2,16,33)
w(16,3,17,35)
r(17,2,17,35)
r(18,0,17,35)
r(18,0,17,35)
w(8,2,18,37)
r(8,2,18,37)
r(0,1,18,37)
w(18,1,18,37)
r(18,1,18,37)
w(17,3,18,37)
r(18,1,19,39)
r(8,2,19,39)
w(18,2,19,39)
r(18,2,19,39)
r(18,2,19,39)
r(18,2,19,39)
r(8,2,19,39)
r(19,0,0,41)
w(19,1,0,41)
r(19,1,0,41)
w(8,3,0,41)
r(18,2,0,41)
w(19,2,0,43)
r(8,3,0,43)
r(1,2,0,43)
r(8,3,0,43)
w(18,3,0,43)
r(18,3,0,43)
r(18,3,0,43)
w(20,1,0,43)
r(20,1,1,45)
w(20,2,1,45)
r(19,2,1,45)
r(20,2,1,45)
r(20,2,2,47)
w(20,3,2,47)
r(19,2,2,47)
w(22,1,2,47)
w(19,3,2,47)
r(19,3,3,49)
r(21,0,3,49)
w(21,1,3,49)
w(22,2,3,49)
w(21,2,4,51)
r(21,2,4,51)
r(21,2,4,51)
w(21,3,4,51)
r(1,2,5,53)
r(21,3,5,53)
w(22,3,5,53)
r(21,3,5,53)
r(21,3,5,53)
r(22,3,5,53)
r(24,0,6,55)
r(1,2,6,55)
r(22,3,6,55)
r(24,0,6,55)
w(0,2,6,55)
w(23,1,6,55)
w(24,1,6,55)
w(24,2,6,55)
r(24,2,7,57)
w(23,2,7,57)
w(23,3,7,57)
r(23,3,7,57)
w(24,3,7,57)
r(26,0,7,57)
w(26,1,7,57)
w(25,1,8,59)
w(26,2,8,59)
w(25,2,8,59)
w(27,1,8,59)
w(26,3,8,59)
w(25,3,9,61)
w(28,1,9,61)
r(1,2,9,61)
r(28,1,9,61)
r(28,1,9,61)
w(27,2,9,61)
w(28,2,10,63)
w(28,3,10,63)
r(28,3,10,63)
r(28,3,10,63)
w(1,3,11,65)
r(25,3,11,65)
r(28,3,11,65)
r(27,2,11,65)
r(28,3,12,67)
w(29,1,12,67)
r(27,2,12,67)
r(29,1,12,67)
r(27,2,12,67)
w(29,2,12,67)
r(25,3,12,67)
w(29,3,13,69)
w(0,3,13,69)
r(31,0,13,69)
r(31,0,13,69)
r(27,2,13,69)
w(31,1,14,71)
r(31,1,14,71)
r(0,3,14,71)
r(31,1,14,71)
r(31,1,15,73)
w(27,3,15,73)
r(30,0,15,73)
r(25,3,15,73)
r(31,1,16,75)
r(31,1,16,75)
r(25,3,16,75)
r(25,3,16,75)
w(31,2,17,77)
r(31,2,17,77)
r(25,3,17,77)
r(31,2,17,77)
r(31,2,17,77)
w(31,3,17,77)
r(31,3,17,77)
w(32,1,17,77)
w(32,2,18,79)
w(34,1,18,79)
r(34,1,18,79)
r(33,0,18,79)
r(33,0,18,79)
w(34,2,18,79)
w(32,3,18,79)
r(32,3,19,81)
w(34,3,19,81)
r(30,0,19,81)
r(34,3,19,81)
r(30,0,0,83)
w(30,1,0,83)
w(35,1,0,83)
r(35,1,0,83)
r(35,1,0,83)
r(37,0,0,83)
r(37,0,0,85)
w(37,1,0,85)
r(35,1,0,85)
r(37,1,0,85)
w(37,2,0,85)
r(37,2,0,85)
r(37,2,1,87)
r(37,2,1,87)
w(35,2,1,87)
w(36,1,1,87)
r(35,2,1,87)
w(37,3,2,89)
r(37,3,2,89)
r(35,2,2,89)
w(30,2,2,89)
r(35,2,2,89)
w(38,1,2,89)
r(38,1,2,89)
w(38,2,3,91)
r(38,2,3,91)
w(33,1,3,91)
r(38,2,3,91)
r(38,2,4,93)
w(38,3,4,93)
w(36,2,4,93)
w(33,2,4,93)
w(36,3,4,93)
r(39,0,4,93)
r(39,0,5,95)
w(39,1,5,95)
w(35,3,5,95)
r(39,1,5,95)
w(33,3,5,95)
r(35,3,5,95)
w(39,2,5,95)
r(39,2,6,97)
w(39,3,6,97)
r(33,3,6,97)
r(40,0,6,97)
r(40,0,6,97)
w(40,1,6,97)
w(40,2,6,97)
r(41,0,7,99)
w(41,1,7,99)
r(41,1,7,99)
r(40,2,7,99)
r(40,2,8,101)
r(41,1,8,101)
w(40,3,8,101)
r(41,1,8,101)
w(41,2,9,105)
r(42,0,9,105)
r(42,0,9,105)
w(42,1,9,105)
r(41,2,9,105)
r(42,1,11,107)
r(44,0,11,107)
r(45,0,11,107)
w(44,1,11,107)
w(43,2,11,107)
r(45,0,11,107)
r(45,0,11,107)
w(30,3,12,109)
r(43,2,12,109)
w(44,2,12,109)
w(43,3,12,109)
r(46,0,12,109)
w(44,3,13,111)
r(45,0,13,111)
r(44,3,13,111)
w(45,1,13,111)
r(45,1,13,111)
r(46,0,13,111)
w(45,2,13,111)
r(45,2,13,111)
r(44,3,14,113)
r(45,2,14,113)
r(47,0,14,113)
r(45,2,14,113)
w(45,3,14,113)
w(47,1,14,113)
r(45,3,15,115)
w(49,1,15,115)
r(49,1,15,115)
w(49,2,15,115)
w(48,1,15,115)
w(49,3,15,115)
w(46,1,15,115)
w(50,1,15,115)
w(50,2,16,117)
r(50,2,16,117)
w(50,3,16,117)
r(50,3,16,117)
r(46,1,16,117)
w(47,2,16,117)
w(51,1,16,117)
r(51,1,16,117)
r(30,3,17,119)
w(46,2,17,119)
w(46,3,17,119)
r(51,1,17,119)
r(51,1,17,119)
r(47,2,17,119)
r(48,1,17,119)
w(51,2,18,121)
w(51,3,18,121)
r(51,3,18,121)
r(51,3,18,121)
r(51,3,18,121)
w(47,3,18,121)
r(53,0,18,121)
w(53,1,19,123)
w(52,1,19,123)
r(55,0,19,123)
r(55,0,19,123)
w(55,1,0,125)
w(55,2,0,125)
w(53,2,0,125)
r(53,2,0,125)
w(55,3,0,127)
r(53,2,0,127)
r(53,2,0,127)
r(55,3,0,127)
r(54,0,0,127)
r(53,2,0,127)
w(52,2,0,127)
w(52,3,1,129)
r(56,0,1,129)
r(56,0,1,129)
r(53,2,1,129)
r(53,2,1,129)
w(53,3,2,131)
r(56,0,2,131)
r(53,3,2,131)
r(53,3,2,131)
w(56,1,2,131)
r(57,0,3,133)
w(57,1,3,133)
r(58,0,3,133)
w(56,2,3,133)
w(57,2,4,135)
r(56,2,4,135)
w(57,3,4,135)
r(58,0,4,135)
w(59,1,4,135)
r(59,1,4,135)
w(59,2,4,135)
r(54,0,4,135)
w(58,1,5,137)
r(56,2,5,137)
r(59,2,5,137)
r(59,2,5,137)
r(59,2,6,139)
w(58,2,6,139)
w(59,3,6,139)
w(56,3,6,139)
r(59,3,6,139)
r(59,3,6,139)
w(60,1,6,139)
w(60,2,7,141)
w(60,3,7,141)
r(59,3,7,141)
r(58,2,7,141)
w(58,3,7,141)
r(63,0,7,141)
r(61,0,7,141)
w(61,1,8,143)
w(63,1,8,143)
r(61,1,8,143)
r(61,1,8,143)
r(61,1,8,143)
r(62,0,9,145)
r(63,1,9,145)
r(61,1,9,145)
r(61,1,9,145)
r(61,1,10,147)
r(62,0,10,147)
w(61,2,10,147)
w(63,2,10,147)
w(62,1,10,147)
w(63,3,10,147)
r(54,0,10,147)
w(48,2,10,147)
w(61,3,11,149)
r(61,3,11,149)
r(62,1,11,149)
r(64,0,11,149)
r(65,0,11,149)
w(65,1,11,149)
r(65,1,11,149)
w(62,2,11,149)
r(65,1,12,151)
r(65,1,12,151)
r(64,0,12,151)
r(64,0,12,151)
r(64,0,12,151)
w(64,1,12,151)
w(65,2,13,153)
r(64,1,13,153)
r(65,2,13,153)
w(65,3,13,153)
r(54,0,13,153)
r(62,2,14,155)
w(54,1,14,155)
r(64,1,14,155)
w(54,2,14,155)
r(62,2,14,155)
r(48,2,14,155)
r(64,1,14,155)
r(62,2,14,155)
r(62,2,15,157)
r(64,1,15,157)
r(62,2,15,157)
w(66,1,15,157)
w(64,2,16,159)
w(62,3,16,159)
r(62,3,16,159)
r(66,1,16,159)
r(66,1,16,159)
w(66,2,16,159)
w(66,3,16,159)
r(64,2,16,159)
r(68,0,17,161)
w(68,1,17,161)
w(68,2,17,161)
w(64,3,17,161)
w(67,1,17,161)
r(68,2,17,161)
r(67,1,18,163)
r(69,0,18,163)
w(68,3,18,163)
w(69,1,18,163)
w(69,2,18,163)
w(70,1,18,163)
w(70,2,19,165)
w(70,3,19,165)
w(67,2,19,165)
r(69,2,19,165)
r(69,2,19,165)
r(70,3,19,165)
w(67,3,19,165)
w(69,3,0,167)
r(71,0,0,167)
w(71,1,0,167)
r(70,3,0,167)
r(72,0,0,167)
w(71,2,0,167)
r(70,3,0,167)
r(70,3,0,169)
r(71,2,0,169)
w(71,3,0,169)
r(71,3,0,169)
w(72,1,0,169)
r(72,1,1,171)
r(71,3,1,171)
r(54,2,1,171)
r(73,0,1,171)
w(73,1,1,171)
w(72,2,2,173)
r(73,1,2,173)
w(73,2,2,173)
r(73,2,2,173)
r(73,2,3,175)
w(73,3,3,175)
r(73,3,3,175)
w(54,3,3,175)
r(72,2,3,175)
r(73,3,3,175)
r(73,3,4,177)
r(48,2,4,177)
r(54,3,4,177)
r(73,3,4,177)
w(74,1,4,177)
r(75,0,4,177)
r(74,1,5,179)
r(75,0,5,179)
r(74,1,5,179)
r(74,1,5,179)
r(74,1,5,179)
w(74,2,5,179)
w(75,1,5,179)
r(74,2,5,179)
r(72,2,6,181)
r(75,1,6,181)
w(75,2,6,181)
w(75,3,6,181)
w(74,3,6,181)
w(76,1,6,181)
r(76,1,7,183)
r(76,1,7,183)
w(76,2,7,183)
w(76,3,7,183)
r(75,3,7,183)
r(77,0,8,185)
w(77,1,8,185)
w(77,2,8,185)
r(77,2,8,185)
w(77,3,8,185)
r(79,0,8,185)
w(72,3,8,185)
r(72,3,8,185)
w(79,1,9,187)
r(78,0,9,187)
w(78,1,9,187)
r(79,1,9,187)
r(78,1,9,187)
r(79,1,9,187)
r(79,1,9,187)
r(72,3,10,189)
r(54,3,10,189)
r(78,1,10,189)
w(79,2,10,189)
r(48,2,10,189)
r(79,2,10,189)
r(80,0,10,189)
w(80,1,11,191)
r(79,2,11,191)
r(78,1,11,191)
w(78,2,11,191)
w(79,3,11,191)
r(79,3,11,191)
w(82,1,11,191)
r(78,2,12,193)
w(80,2,12,193)
w(78,3,12,193)
r(78,3,12,193)
r(82,1,12,193)
r(82,1,13,195)
r(78,3,13,195)
r(80,2,13,195)
w(81,1,13,195)
w(82,2,13,195)
w(80,3,13,195)
w(83,1,13,195)
w(83,2,13,195)
w(48,3,14,197)
w(82,3,14,197)
r(84,0,14,197)
r(84,0,14,197)
w(84,1,14,197)
r(81,1,14,197)
w(83,3,14,197)
r(84,1,14,197)
r(84,1,15,199)
r(84,1,15,199)
r(85,0,15,199)
r(85,0,15,199)
r(86,0,15,199)
r(86,0,16,201)
w(84,2,16,201)
w(84,3,16,201)
w(87,1,16,201)
r(48,3,16,201)
r(87,1,17,203)
r(87,1,17,203)
r(87,1,17,203)
w(86,1,17,203)
w(81,2,18,205)
w(87,2,18,205)
r(85,0,18,205)
w(86,2,18,205)
r(87,2,18,205)
r(87,2,18,205)
r(87,2,18,205)
w(85,1,19,207)
w(87,3,19,207)
w(86,3,19,207)
r(81,2,19,207)
w(88,1,19,207)
r(86,3,19,207)
w(88,2,19,207)
r(86,3,19,207)
w(88,3,0,209)
r(88,3,0,209)
r(89,0,0,209)
r(85,1,0,209)
r(90,0,0,209)
r(81,2,0,209)
w(85,2,0,211)
w(91,1,0,211)
r(90,0,0,211)
w(91,2,0,211)
r(91,2,0,211)
w(85,3,0,211)
w(90,1,1,213)
r(85,3,1,213)
w(90,2,1,213)
w(91,3,1,213)
r(85,3,1,213)
r(91,3,2,215)
r(81,2,2,215)
w(90,3,2,215)
r(85,3,2,215)
r(92,0,2,215)
w(92,1,3,217)
w(92,2,3,217)
w(92,3,3,217)
r(85,3,3,217)
r(92,3,3,217)
r(92,3,4,219)
r(93,0,4,219)
r(92,3,4,219)
r(92,3,4,219)
r(92,3,4,219)
r(93,0,4,219)
r(94,0,4,219)
r(94,0,4,219)
w(94,1,5,221)
r(94,1,5,221)
w(93,1,5,221)
r(94,1,5,221)
r(93,1,5,221)
w(94,2,5,221)
w(93,2,5,221)
r(93,2,5,221)
w(95,1,6,223)
w(95,2,6,223)
r(93,2,6,223)
w(94,3,6,223)
w(89,1,6,223)
w(96,1,6,223)
w(93,3,6,223)
w(96,2,7,225)
r(93,3,7,225)
r(95,2,7,225)
w(96,3,7,225)
r(96,3,7,225)
w(81,3,7,225)
w(97,1,7,225)
r(81,3,7,225)
w(97,2,8,227)
r(97,2,8,227)
r(93,3,8,227)
w(97,3,8,227)
r(99,0,8,227)
r(93,3,9,229)
w(98,1,9,229)
r(99,0,9,229)
r(99,0,9,229)
w(99,1,9,229)
r(93,3,9,229)
r(99,1,9,229)
r(98,1,9,229)
r(99,1,10,231)
r(99,1,10,231)
w(99,2,10,231)
r(99,2,10,231)
w(95,3,10,231)
w(99,3,10,231)
r(101,0,10,231)
w(101,1,10,231)
r(98,1,11,233)
r(101,1,11,233)
r(101,1,11,233)
w(101,2,11,233)
r(101,2,11,233)
w(102,1,11,233)
r(101,2,11,233)
r(101,2,12,235)
w(98,2,12,235)
w(89,2,12,235)
r(98,2,12,235)
r(102,1,12,235)
r(101,2,12,235)
r(100,0,13,237)
r(101,2,13,237)
r(101,2,13,237)
w(101,3,13,237)
w(89,3,13,237)
r(89,3,13,237)
r(98,2,13,237)
r(100,0,13,237)
r(100,0,14,239)
r(103,0,14,239)
r(103,0,14,239)
r(103,0,14,239)
r(98,2,14,239)
w(100,1,14,239)
r(103,0,14,239)
r(100,1,14,239)
r(100,1,15,241)
r(102,1,15,241)
r(100,1,15,241)
w(100,2,15,241)
r(100,2,15,241)
r(102,1,15,241)
r(102,1,15,241)
w(103,1,15,241)
w(100,3,16,243)
r(103,1,16,243)
w(103,2,16,243)
r(103,2,16,243)
w(103,3,16,243)
r(105,0,16,243)
r(105,0,16,243)
w(105,1,17,245)
r(103,3,17,245)
w(98,3,17,245)
r(102,1,17,245)
r(98,3,17,245)
w(102,2,17,245)
r(103,3,17,245)
r(105,1,18,247)
r(103,3,18,247)
w(102,3,18,247)
r(105,1,18,247)
w(105,2,18,247)
r(103,3,19,249)
r(103,3,19,249)
r(103,3,19,249)
w(105,3,19,249)
r(105,3,19,249)
w(106,1,19,249)
w(107,1,19,249)
w(107,2,19,249)
r(107,2,0,251)
w(108,1,0,251)
r(107,2,0,251)
r(107,2,0,251)
r(108,1,0,251)
r(107,2,0,251)
w(108,2,0,251)
w(107,3,0,251)
r(108,2,0,253)
r(108,2,0,253)
r(109,0,0,253)
r(110,0,0,253)
r(109,0,1,255)
r(108,2,1,255)
r(110,0,1,255)
w(110,1,1,255)
r(109,0,1,255)
r(108,2,1,255)
r(109,0,1,255)
w(108,3,1,255)
w(110,2,2,257)
r(110,2,2,257)
w(111,1,2,257)
r(106,1,2,257)
w(110,3,3,259)
w(112,1,3,259)
w(112,2,3,259)
r(111,1,3,259)
w(112,3,3,259)
r(106,1,4,261)
r(113,0,4,261)
w(113,1,4,261)
w(109,1,4,261)
r(113,1,4,261)
w(111,2,5,263)
w(113,2,5,263)
w(113,3,5,263)
r(114,0,5,263)
w(109,2,5,263)
w(111,3,6,265)
r(106,1,6,265)
w(114,1,6,265)
r(115,0,6,265)
w(114,2,6,265)
r(114,2,6,265)
w(109,3,7,267)
w(114,3,7,267)
w(115,1,7,267)
r(109,3,7,267)
w(116,1,7,267)
r(116,1,7,267)
r(109,3,7,267)
r(116,1,7,267)
w(106,2,8,269)
w(116,2,8,269)
r(109,3,8,269)
w(116,3,8,269)
r(115,1,8,269)
r(115,1,8,269)
w(106,3,8,269)
r(109,3,8,269)
w(115,2,9,271)
r(116,3,9,271)
r(106,3,9,271)
r(116,3,9,271)
w(115,3,9,271)
w(117,1,10,273)
w(117,2,10,273)
r(117,2,10,273)
w(118,1,10,273)
w(119,1,10,273)
w(117,3,10,273)
w(118,2,11,275)
r(119,1,11,275)
w(120,1,11,275)
w(120,2,11,275)
r(119,1,11,275)
w(118,3,12,277)
r(120,2,12,277)
r(120,2,12,277)
r(120,2,12,277)
r(118,3,13,279)
r(120,2,13,279)
w(120,3,13,279)
r(119,1,13,279)
w(121,1,13,279)
r(118,3,13,279)
r(106,3,13,279)
r(118,3,14,281)
r(119,1,14,281)
r(121,1,14,281)
w(104,1,14,281)
r(122,0,14,281)
r(122,0,14,281)
w(122,1,14,281)
w(122,2,14,281)
r(122,2,15,283)
w(121,2,15,283)
w(122,3,15,283)
r(119,1,15,283)
w(104,2,15,283)
r(119,1,15,283)
w(121,3,15,283)
r(123,0,15,283)
r(121,3,16,285)
w(123,1,16,285)
r(123,1,16,285)
w(123,2,16,285)
r(123,2,16,285)
w(119,2,16,285)
r(121,3,17,287)
r(123,2,17,287)
w(123,3,17,287)
w(125,1,17,287)
w(104,3,17,287)
w(125,2,17,287)
w(119,3,18,289)
r(125,2,18,289)
w(125,3,18,289)
r(124,0,18,289)
r(126,0,18,289)
r(126,0,18,289)
w(124,1,18,289)
w(126,1,19,291)
w(126,2,19,291)
r(125,3,19,291)
r(125,3,19,291)
w(124,2,0,293)
w(126,3,0,293)
r(127,0,0,293)
w(124,3,0,293)
r(124,3,0,293)
r(106,3,0,293)
r(129,0,0,295)
r(104,3,0,295)
w(129,1,0,295)
r(128,0,0,295)
w(129,2,0,295)
r(127,0,1,297)
r(129,2,1,297)
w(129,3,1,297)
r(129,3,1,297)
w(127,1,1,297)
r(127,1,1,297)
w(127,2,1,297)
w(131,1,2,299)
w(127,3,2,299)
r(128,0,2,299)
r(127,3,2,299)
w(131,2,2,299)
r(131,2,2,299)
r(127,3,3,301)
r(131,2,3,301)
w(131,3,3,301)
w(128,1,3,301)
r(131,3,3,301)
w(132,1,4,303)
w(132,2,4,303)
w(128,2,4,303)
r(128,2,4,303)
w(132,3,4,303)
r(130,0,4,303)
r(127,3,5,305)
r(128,2,5,305)
r(134,0,5,305)
w(134,1,5,305)
r(133,0,5,305)
r(133,0,5,305)
r(128,2,5,305)
w(133,1,6,307)
w(134,2,6,307)
r(133,1,6,307)
r(134,2,6,307)
w(128,3,6,307)
w(130,1,6,307)
r(133,1,6,307)
w(133,2,7,309)
w(133,3,7,309)
r(134,2,7,309)
r(134,2,7,309)
r(128,3,7,309)
r(135,0,8,311)
w(134,3,8,311)
r(135,0,8,311)
r(130,1,8,311)
w(135,1,8,311)
r(135,1,8,311)
r(135,1,9,313)
w(135,2,9,313)
r(135,2,9,313)
w(135,3,9,313)
r(135,3,9,313)
r(135,3,10,315)
w(130,2,10,315)
w(136,1,10,315)
w(136,2,10,315)
w(136,3,10,315)
w(137,1,10,315)
w(139,1,10,315)
r(139,1,10,315)
r(130,2,11,317)
r(137,1,11,317)
r(138,0,11,317)
r(138,0,11,317)
r(137,1,11,317)
w(137,2,12,319)
r(138,0,12,319)
r(138,0,12,319)
r(138,0,12,319)
r(138,0,12,319)
w(138,1,12,319)
r(139,1,13,321)
r(138,1,13,321)
r(139,1,13,321)
w(137,3,13,321)
r(138,1,13,321)
r(138,1,13,321)
w(130,3,13,321)
w(140,1,13,321)
r(138,1,14,323)
w(140,2,14,323)
r(138,1,14,323)
w(139,2,14,323)
r(137,3,14,323)
r(141,0,15,325)
r(138,1,15,325)
r(139,2,15,325)
r(139,2,15,325)
w(138,2,15,325)
w(140,3,15,325)
r(138,2,15,325)
r(139,2,16,327)
r(138,2,16,327)
w(138,3,16,327)
r(138,3,16,327)
r(143,0,16,327)
w(142,1,17,329)
r(143,0,17,329)
r(142,1,17,329)
r(139,2,17,329)
r(143,0,17,329)
w(143,1,17,329)
w(143,2,17,329)
r(143,2,17,329)
r(143,2,18,331)
w(143,3,18,331)
r(143,3,18,331)
r(143,3,18,331)
w(142,2,19,333)
w(141,1,19,333)
w(141,2,19,333)
w(144,1,19,333)
r(139,2,19,333)
r(141,2,0,336)
r(140,3,0,336)
r(144,1,0,336)
r(142,2,0,336)
r(144,1,0,336)
r(144,1,0,336)
r(144,1,1,337)
w(144,2,1,337)
w(141,3,1,337)
r(139,2,1,337)
r(144,2,1,337)
r(140,3,1,337)
w(144,3,1,340)
w(145,1,1,340)
w(145,2,1,340)
r(139,2,1,340)
w(145,3,1,340)
r(145,3,1,340)
r(145,3,1,340)
r(145,0,2,341)
w(139,3,2,341)
r(141,3,2,341)
r(145,0,2,341)
w(146,1,2,341)
r(145,0,2,341)
r(140,3,2,341)
r(147,0,2,341)
r(146,1,3,343)
w(147,1,3,343)
r(147,1,3,343)
w(146,2,3,343)
w(146,3,3,343)
w(147,2,3,343)
r(142,2,3,343)
w(147,3,4,345)
r(147,3,4,345)
r(147,3,4,345)
r(147,3,4,345)
r(146,3,4,345)
w(148,1,4,345)
r(146,3,5,347)
w(149,1,5,347)
r(142,2,5,347)
w(148,2,5,347)
r(146,3,5,347)
r(149,1,5,347)
w(149,2,5,347)
w(149,3,5,347)
w(150,1,6,349)
r(149,3,6,349)
w(148,3,6,349)
r(149,3,6,349)
r(149,3,6,349)
r(150,1,6,349)
r(151,0,6,349)
w(151,1,6,349)
r(151,1,7,351)
w(150,2,7,351)
w(151,2,7,351)
r(151,2,7,351)
r(150,2,7,351)
r(151,2,7,351)
r(151,2,7,351)
r(151,2,7,351)
r(151,2,8,353)
w(151,3,8,353)
r(142,2,8,353)
w(152,1,8,353)
r(151,3,8,353)
w(153,1,8,353)
r(142,2,8,353)
r(153,1,8,353)
r(153,1,9,355)
r(153,1,9,355)
w(153,2,9,355)
r(153,2,9,355)
r(150,2,9,355)
r(142,2,10,357)
w(153,3,10,357)
w(152,2,10,357)
w(142,3,10,357)
r(153,3,10,357)
w(150,3,10,357)
r(142,3,10,357)
r(155,0,11,359)
r(152,2,11,359)
w(156,1,11,359)
r(155,0,11,359)
r(156,1,11,359)
r(155,0,11,359)
r(155,0,11,359)
w(156,2,12,361)
w(155,1,12,361)
r(155,1,12,361)
r(154,0,12,361)
r(155,1,13,363)
w(156,3,13,363)
w(155,2,13,363)
w(155,3,13,363)
r(142,3,13,363)
r(157,0,13,363)
w(157,1,13,363)
r(158,0,14,365)
w(157,2,14,365)
w(157,3,14,365)
r(160,0,14,365)
r(154,0,14,365)
r(158,0,14,365)
w(159,1,14,365)
r(159,1,14,365)
r(159,1,15,367)
r(159,1,15,367)
r(158,0,15,367)
w(158,1,15,367)
r(158,1,15,367)
r(160,0,16,369)
r(159,1,16,369)
r(158,1,16,369)
w(160,1,16,369)
w(159,2,16,369)
r(160,1,17,371)
w(159,3,17,371)
w(158,2,17,371)
w(154,1,17,371)
r(161,0,17,371)
w(161,1,17,371)
r(158,2,18,373)
w(160,2,18,373)
r(160,2,18,373)
w(158,3,18,373)
w(152,3,19,375)
w(154,2,19,375)
r(152,3,19,375)
r(161,1,19,375)
r(161,1,0,377)
w(161,2,0,377)
w(161,3,0,377)
w(160,3,0,377)
w(162,1,0,377)
r(163,0,0,379)
r(163,0,0,379)
w(163,1,0,379)
r(152,3,0,379)
r(163,1,0,379)
r(163,1,0,379)
w(163,2,0,379)
w(163,3,1,382)
w(154,3,1,382)
r(163,3,1,382)
r(160,3,1,382)
r(154,2,2,383)
r(164,0,2,383)
r(164,0,2,383)
r(164,0,2,383)
w(162,2,2,383)
r(162,2,2,383)
r(164,0,2,383)
r(162,2,3,385)
w(164,1,3,385)
r(164,1,3,385)
w(164,2,3,385)
w(165,1,3,385)
w(164,3,3,385)
r(162,2,3,385)
r(154,3,3,385)
r(166,0,4,387)
r(166,0,4,387)
w(166,1,4,387)
r(166,1,4,387)
w(166,2,4,387)
w(166,3,4,387)
r(162,2,4,387)
r(162,2,5,389)
w(162,3,5,389)
r(152,3,5,389)
r(167,0,5,389)
r(167,0,6,391)
w(167,1,6,391)
w(167,2,6,391)
w(167,3,6,391)
w(168,1,7,393)
r(167,3,7,393)
w(168,2,7,393)
r(168,2,7,393)
r(152,3,7,393)
w(168,3,7,393)
r(168,3,8,395)
r(169,0,8,395)
w(170,1,8,395)
w(170,2,8,395)
r(169,0,9,397)
w(165,2,9,397)
w(170,3,9,397)
w(169,1,9,397)
w(169,2,10,399)
r(165,2,10,399)
w(169,3,10,399)
r(171,0,10,399)
r(171,0,10,399)
r(172,0,10,399)
w(171,1,11,401)
w(172,1,11,401)
r(172,1,11,401)
r(172,1,11,401)
w(172,2,11,401)
r(172,2,12,403)
w(172,3,12,403)
r(172,3,12,403)
r(171,1,12,403)
r(171,1,12,403)
r(174,0,12,403)
w(174,1,12,403)
w(174,2,12,403)
r(174,2,13,405)
r(174,2,13,405)
w(165,3,13,405)
r(171,1,13,405)
r(174,2,13,405)
w(174,3,13,405)
w(175,1,14,407)
w(171,2,14,407)
r(173,0,14,407)
r(171,2,14,407)
w(173,1,15,409)
w(173,2,15,409)
r(175,1,15,409)
w(175,2,15,409)
r(171,2,16,411)
r(175,2,16,411)
w(175,3,16,411)
r(171,2,16,411)
r(175,3,16,411)
w(171,3,16,411)
r(175,3,16,411)
r(175,3,17,413)
w(173,3,17,413)
w(176,1,17,413)
r(173,3,17,413)
r(176,1,17,413)
r(173,3,18,415)
r(176,1,18,415)
r(178,0,18,415)
r(177,0,18,415)
r(173,3,18,415)
w(177,1,18,415)
r(177,1,19,417)
w(177,2,19,417)
r(177,2,19,417)
r(178,0,19,417)
w(178,1,19,417)
w(178,2,19,417)
r(176,1,0,419)
r(177,2,0,419)
w(178,3,0,419)
r(178,3,0,419)
w(177,3,0,419)
r(176,1,0,419)
w(179,1,0,421)
w(181,1,0,421)
r(181,1,0,421)
r(180,0,0,421)
w(179,2,0,421)
r(180,0,1,423)
r(173,3,1,423)
r(181,1,1,423)
w(181,2,1,423)
w(176,2,1,423)
r(176,2,2,425)
w(180,1,2,425)
w(181,3,2,425)
r(176,2,2,425)
w(182,1,2,425)
w(180,2,3,427)
r(176,2,3,427)
w(182,2,3,427)
w(182,3,3,427)
r(182,3,4,429)
r(182,3,4,429)
r(180,2,4,429)
r(182,3,4,429)
r(184,0,4,429)
w(176,3,5,431)
r(180,2,5,431)
w(184,1,5,431)
w(184,2,5,431)
w(184,3,5,431)
r(180,2,5,431)
r(180,2,5,431)
w(180,3,6,433)
r(185,0,6,433)
w(187,1,6,433)
r(186,0,6,433)
r(186,0,6,433)
w(187,2,6,433)
r(187,2,6,433)
w(187,3,7,435)
w(179,3,7,435)
w(186,1,7,435)
w(186,2,7,435)
w(185,1,7,435)
r(186,2,7,435)
r(183,0,7,435)
r(188,0,8,437)
r(188,0,8,437)
r(188,0,8,437)
r(188,0,8,437)
w(185,2,8,437)
r(185,2,8,437)
w(188,1,9,439)
w(186,3,9,439)
r(183,0,9,439)
r(186,3,9,439)
r(188,1,9,439)
w(188,2,9,439)
w(188,3,10,441)
w(185,3,10,441)
w(190,1,10,441)
r(189,0,10,441)
r(189,0,10,441)
r(190,1,11,443)
w(190,2,11,443)
r(190,2,11,443)
w(189,1,11,443)
r(190,2,11,443)
w(190,3,12,445)
r(185,3,12,445)
w(189,2,12,445)
r(189,2,12,445)
r(189,2,12,445)
r(190,3,13,447)
w(191,1,13,447)
r(191,1,13,447)
r(191,1,13,447)
w(189,3,13,447)
w(191,2,14,449)
w(192,1,14,449)
r(191,2,14,449)
w(191,3,14,449)
r(194,0,15,452)
r(189,3,15,452)
r(189,3,15,452)
r(189,3,15,452)
w(194,1,15,452)
r(194,1,15,452)
w(192,3,17,455)
w(183,1,17,455)
r(195,0,17,455)
r(196,0,17,455)
w(183,2,17,455)
w(196,1,17,455)
r(196,1,17,455)
r(192,3,17,455)
r(196,1,18,457)
r(183,2,18,457)
r(196,1,18,457)
r(196,1,18,457)
w(195,1,18,457)
r(192,3,18,457)
w(196,2,18,457)
w(196,3,19,459)
r(196,3,19,459)
r(196,3,19,459)
w(197,1,19,459)
r(198,0,19,459)
w(195,2,19,459)
w(197,2,19,459)
w(195,3,19,459)
w(193,1,0,461)
w(198,1,0,461)
r(198,1,0,461)
w(183,3,0,461)
r(193,1,0,461)
w(198,2,0,461)
r(198,2,0,463)
r(199,0,0,463)
r(199,0,0,463)
w(198,3,0,463)
w(200,1,1,465)
r(200,1,1,465)
r(199,0,1,465)
w(200,2,1,465)
r(197,2,2,467)
r(199,0,2,467)
r(199,0,2,467)
w(199,1,2,467)
w(200,3,2,467)
r(200,3,2,467)
w(199,2,3,469)
w(199,3,3,469)
w(197,3,3,469)
r(202,0,3,469)
r(199,3,3,469)
w(202,1,4,471)
r(202,1,4,471)
w(202,2,4,471)
w(203,1,4,471)
w(203,2,5,473)
r(201,0,5,473)
r(203,2,5,473)
w(203,3,5,473)
r(203,3,5,473)
w(202,3,6,475)
r(202,3,6,475)
r(203,3,6,475)
w(204,1,6,475)
r(202,3,6,475)
w(205,1,6,475)
w(205,2,6,475)
r(205,2,7,477)
w(205,3,7,477)
w(201,1,7,477)
r(204,1,7,477)
r(206,0,7,477)
w(207,1,7,477)
r(206,0,8,479)
w(204,2,8,479)
w(207,2,8,479)
r(207,2,8,479)
w(201,2,8,479)
r(207,2,8,479)
r(207,2,9,481)
w(206,1,9,481)
r(207,2,9,481)
r(206,1,9,481)
r(207,2,9,481)
r(207,2,9,481)
r(207,2,10,483)
r(206,1,10,483)
w(207,3,10,483)
w(208,1,10,483)
r(204,2,11,485)
w(201,3,11,485)
w(208,2,11,485)
r(208,2,11,485)
r(208,2,11,485)
r(208,2,12,487)
w(206,2,12,487)
w(208,3,12,487)
r(208,3,12,487)
r(208,3,12,487)
r(201,3,12,487)
r(201,3,12,487)
r(204,2,12,487)
r(208,3,13,489)
w(209,1,13,489)
r(209,1,13,489)
r(209,1,13,489)
r(209,1,13,489)
r(206,2,13,489)
r(209,1,14,492)
r(206,2,14,492)
r(204,2,14,492)
r(209,1,14,492)
w(209,2,14,492)
w(209,3,14,492)
r(201,3,14,492)
r(210,0,14,492)
r(210,0,15,493)
r(210,0,15,493)
w(206,3,15,493)
w(193,2,15,493)
w(211,1,15,493)
r(211,1,15,493)
w(210,1,15,493)
w(210,2,15,493)
w(210,3,16,495)
w(204,3,16,495)
r(212,0,16,495)
r(211,1,16,495)
w(211,2,17,497)
r(212,0,17,497)
w(211,3,17,497)
r(211,3,17,497)
r(201,3,17,497)
r(212,0,17,497)
r(212,0,18,499)
r(212,0,18,499)
r(201,3,18,499)
w(214,1,18,499)
r(213,0,18,499)
r(213,0,18,499)
w(212,1,18,499)
r(213,0,19,501)
r(212,1,19,501)
r(212,1,19,501)
r(201,3,19,501)
r(212,1,19,501)
r(212,1,19,501)
r(212,1,19,501)
w(213,1,19,501)
w(212,2,0,503)
w(212,3,0,503)
w(213,2,0,503)
w(213,3,0,503)
r(212,3,0,503)
w(216,1,0,503)
r(212,3,0,503)
r(212,3,0,505)
w(216,2,0,505)
w(216,3,0,505)
w(218,1,0,505)
r(218,1,0,505)
r(218,1,0,505)
r(218,1,0,505)
w(217,1,1,507)
r(217,1,1,507)
w(218,2,1,507)
w(218,3,1,507)
r(218,3,1,507)
r(218,3,2,509)
w(219,1,2,509)
w(214,2,2,509)
r(219,1,2,509)
r(219,1,2,509)
w(219,2,2,509)
r(217,1,2,509)
r(214,2,2,509)
w(217,2,3,511)
w(214,3,3,511)
r(217,2,3,511)
w(217,3,3,511)
w(193,3,3,511)
r(217,3,3,511)
w(215,1,3,511)
r(219,2,4,513)
w(219,3,4,513)
w(220,1,4,513)
r(221,0,4,513)
w(222,1,4,513)
r(222,1,5,515)
r(193,3,5,515)
r(221,0,5,515)
w(221,1,5,515)
w(221,2,5,515)
w(222,2,5,515)
r(222,2,6,517)
r(221,2,6,517)
w(215,2,6,517)
r(222,2,6,517)
r(222,2,7,519)
r(221,2,7,519)
w(222,3,7,519)
r(222,3,7,519)
r(222,3,8,521)
w(221,3,8,521)
r(215,2,8,521)
r(193,3,8,521)
r(221,3,8,521)
r(223,0,8,521)
w(220,2,8,521)
r(223,0,8,521)
r(224,0,9,523)
w(223,1,9,523)
w(223,2,9,523)
r(220,2,9,523)
w(224,1,9,523)
r(223,2,9,523)
w(224,2,10,525)
w(224,3,10,525)
r(223,2,10,525)
r(223,2,10,525)
r(223,2,10,525)
r(224,3,11,527)
r(223,2,11,527)
r(223,2,11,527)
w(220,3,11,527)
r(223,2,11,527)
r(224,3,11,527)
r(215,2,11,527)
w(223,3,12,529)
r(224,3,12,529)
r(226,0,12,529)
r(227,0,12,529)
r(215,2,12,529)
w(215,3,12,529)
w(226,1,12,529)
r(227,0,13,531)
r(227,0,13,531)
w(226,2,13,531)
r(227,0,13,531)
w(227,1,13,531)
w(227,2,13,531)
w(226,3,13,531)
r(227,2,13,531)
w(227,3,14,533)
r(227,3,14,533)
r(227,3,14,533)
r(220,3,14,533)
w(229,1,14,533)
w(228,1,15,535)
w(228,2,15,535)
r(228,2,15,535)
r(220,3,15,535)
r(228,2,15,535)
r(229,1,15,535)
r(220,3,16,537)
r(228,2,16,537)
r(220,3,16,537)
r(228,2,16,537)
w(228,3,16,537)
r(228,3,17,539)
r(228,3,17,539)
w(229,2,17,539)
w(231,1,17,539)
w(229,3,17,539)
r(231,1,17,539)
r(230,0,17,539)
w(231,2,18,541)
w(230,1,18,541)
w(231,3,18,541)
r(232,0,18,541)
r(231,3,18,541)
w(230,2,18,541)
w(234,1,18,541)
w(234,2,19,543)
r(225,0,19,543)
r(230,2,19,543)
r(230,2,19,543)
r(232,0,19,543)
w(234,3,0,545)
r(235,0,0,545)
w(235,1,0,545)
r(235,1,0,545)
w(233,1,0,547)
w(232,1,0,547)
w(233,2,0,547)
w(232,2,0,547)
r(235,1,0,547)
w(235,2,0,547)
r(232,2,0,547)
r(230,2,0,547)
r(230,2,1,549)
w(232,3,1,549)
w(230,3,1,549)
w(235,3,1,549)
r(232,3,2,551)
r(237,0,2,551)
w(237,1,2,551)
r(236,0,2,551)
r(236,0,2,551)
r(225,0,3,553)
r(230,3,3,553)
r(230,3,3,553)
w(237,2,3,553)
r(236,0,3,553)
r(237,2,3,553)
w(237,3,3,553)
r(236,0,3,553)
r(236,0,4,555)
w(233,3,4,555)
r(225,0,4,555)
r(236,0,4,555)
r(225,0,4,555)
r(238,0,4,555)
r(239,0,5,557)
r(233,3,5,557)
r(238,0,5,557)
r(239,0,5,557)
r(236,0,5,557)
w(239,1,5,557)
r(238,0,6,559)
r(236,0,6,559)
w(236,1,6,559)
w(236,2,6,559)
r(239,1,6,559)
r(240,0,6,559)
r(236,2,7,561)
r(239,1,7,561)
r(236,2,7,561)
w(240,1,7,561)
w(225,1,8,563)
r(239,1,8,563)
w(239,2,8,563)
r(239,2,8,563)
w(239,3,8,563)
r(225,1,8,563)
r(239,3,8,563)
r(236,2,9,565)
r(241,0,9,565)
w(241,1,9,565)
r(241,1,9,565)
r(236,2,9,565)
w(241,2,10,567)
r(236,2,10,567)
w(241,3,10,567)
r(236,2,10,567)
r(241,3,10,567)
w(242,1,10,567)
r(236,2,10,567)
w(242,2,11,569)
r(238,0,11,569)
r(236,2,11,569)
w(242,3,11,569)
w(236,3,11,569)
w(238,1,12,571)
w(243,1,12,571)
w(243,2,12,571)
r(243,2,12,571)
r(236,3,12,571)
w(243,3,12,571)
r(243,3,13,573)
r(236,3,13,573)
r(243,3,13,573)
r(240,1,13,573)
r(243,3,13,573)
r(243,3,13,573)
r(244,0,13,573)
r(244,0,14,575)
r(245,0,14,575)
w(244,1,14,575)
w(244,2,14,575)
r(238,1,14,575)
r(244,2,14,575)
w(240,2,14,575)
r(238,1,14,575)
w(238,2,15,577)
r(238,2,15,577)
r(245,0,15,577)
w(244,3,15,577)
w(245,1,15,577)
w(245,2,15,577)
r(238,2,15,577)
r(245,2,16,579)
w(240,3,16,579)
r(238,2,16,579)
r(245,2,16,579)
r(245,2,16,579)
r(245,2,16,579)
w(245,3,16,579)
r(245,3,17,581)
r(244,3,17,581)
r(245,3,17,581)
w(238,3,17,581)
r(245,3,17,581)
r(238,3,18,583)
w(246,1,18,583)
r(246,1,18,583)
w(246,2,18,583)
w(247,1,18,583)
r(246,2,18,583)
w(247,2,18,583)
r(238,3,19,585)
r(247,2,19,585)
r(246,2,19,585)
w(246,3,19,585)
r(246,3,19,585)
w(247,3,19,585)
r(246,3,19,585)
r(250,0,19,585)
w(250,1,0,587)
w(249,1,0,587)
w(249,2,0,587)
w(249,3,0,587)
r(250,1,0,587)
r(250,1,0,587)
w(251,1,0,589)
w(251,2,0,589)
r(250,1,0,589)
w(251,3,0,589)
r(240,3,0,589)
r(248,0,0,589)
w(250,2,0,589)
r(250,2,0,589)
r(250,2,1,591)
r(250,2,1,591)
w(252,1,1,591)
r(252,1,1,591)
w(250,3,1,591)
r(252,1,2,593)
w(248,1,2,593)
r(252,1,2,593)
w(252,2,2,593)
r(253,0,2,593)
w(253,1,3,595)
r(252,2,3,595)
r(225,1,3,595)
r(225,1,3,595)
w(253,2,3,595)
w(253,3,3,595)
r(252,2,4,597)
w(252,3,4,597)
r(252,3,4,597)
w(255,1,4,597)
w(254,1,4,597)
w(255,2,4,597)
r(254,1,4,597)
w(248,2,4,597)
r(254,1,5,599)
w(248,3,5,599)
w(255,3,5,599)
r(256,0,5,599)
r(254,1,5,599)
r(256,0,5,599)
r(256,0,5,599)
r(256,0,6,601)
w(254,2,6,601)
r(254,2,6,601)
w(254,3,6,601)
w(256,1,6,601)
r(256,1,7,603)
w(256,2,7,603)
w(225,2,7,603)
r(248,3,7,603)
r(257,0,7,603)
w(256,3,7,603)
r(256,3,8,605)
r(256,3,8,605)
r(258,0,8,605)
w(257,1,8,605)
r(256,3,9,607)
r(256,3,9,607)
r(256,3,9,607)
w(258,1,9,607)
r(248,3,10,609)
r(225,2,10,609)
w(257,2,10,609)
r(259,0,10,609)
r(259,0,10,609)
r(257,2,11,611)
w(259,1,11,611)
w(258,2,11,611)
r(258,2,11,611)
w(258,3,11,611)
w(259,2,11,611)
w(259,3,11,611)
r(258,3,12,613)
r(259,3,12,613)
w(261,1,12,613)
w(261,2,12,613)
w(260,1,12,613)
r(260,1,12,613)
r(262,0,12,613)
w(262,1,12,613)
w(262,2,13,615)
r(261,2,13,615)
w(262,3,13,615)
w(261,3,13,615)
r(261,3,13,615)
r(263,0,13,615)
w(264,1,13,615)
r(263,0,14,617)
w(264,2,14,617)
w(257,3,14,617)
r(263,0,14,617)
w(263,1,14,617)
r(263,1,15,619)
r(263,1,15,619)
w(260,2,15,619)
w(263,2,15,619)
w(264,3,15,619)
r(263,2,15,619)
w(225,3,15,619)
r(263,2,15,619)
r(260,2,16,621)
r(263,2,16,621)
r(263,2,16,621)
r(225,3,16,621)
r(263,2,16,621)
w(263,3,16,621)
r(225,3,16,621)
w(265,1,16,621)
r(263,3,17,623)
w(265,2,17,623)
r(260,2,17,623)
r(266,0,17,623)
w(265,3,17,623)
r(263,3,17,623)
r(267,0,17,623)
w(267,1,17,623)
w(267,2,18,625)
w(260,3,18,625)
r(267,2,18,625)
w(269,1,18,625)
r(267,2,18,625)
r(267,2,18,625)
w(266,1,18,625)
w(267,3,19,627)
r(268,0,19,627)
r(267,3,19,627)
r(269,1,19,627)
r(269,1,19,627)
r(269,1,0,629)
r(267,3,0,629)
r(270,0,0,629)
w(269,2,0,629)
r(271,0,0,629)
r(266,1,0,631)
r(270,0,0,631)
r(271,0,0,631)
r(269,2,0,631)
r(271,0,1,633)
w(269,3,1,633)
w(268,1,1,633)
w(270,1,1,633)
r(271,0,2,635)
w(271,1,2,635)
r(269,3,2,635)
w(271,2,2,635)
r(270,1,2,635)
r(271,2,3,637)
r(271,2,3,637)
w(272,1,3,637)
w(271,3,3,637)
r(273,0,3,637)
r(272,1,4,640)
r(273,0,4,640)
r(272,1,4,640)
w(273,1,4,640)
w(270,2,4,640)
w(273,2,4,640)
r(272,1,4,640)
w(270,3,6,643)
w(275,1,6,643)
w(272,3,6,643)
r(275,1,6,643)
w(274,1,6,643)
w(266,2,7,645)
r(275,1,7,645)
w(274,2,7,645)
r(276,0,7,645)
w(276,1,8,647)
w(274,3,8,647)
w(268,2,8,647)
w(266,3,8,647)
r(277,0,8,647)
w(276,2,8,647)
w(277,1,9,649)
r(277,1,9,649)
r(275,1,9,649)
r(277,1,9,649)
r(277,1,9,649)
w(277,2,9,649)
w(277,3,9,649)
r(279,0,9,649)
r(279,0,10,651)
r(279,0,10,651)
r(279,0,10,651)
r(276,2,10,651)
w(279,1,10,651)
r(275,1,10,651)
w(279,2,11,653)
r(279,2,11,653)
w(276,3,11,653)
w(279,3,11,653)
r(280,0,11,653)
r(275,1,11,653)
w(280,1,11,653)
r(280,1,12,655)
w(280,2,12,655)
w(281,1,12,655)
r(281,1,12,655)
w(280,3,13,657)
r(275,1,13,657)
r(282,0,13,657)
w(282,1,13,657)
r(282,1,14,659)
w(282,2,14,659)
r(281,1,14,659)
w(282,3,14,659)
w(283,1,14,659)
w(275,2,15,661)
w(275,3,15,661)
r(283,1,15,661)
r(283,1,15,661)
r(281,1,15,661)
w(283,2,15,661)
w(281,2,16,663)
r(281,2,16,663)
r(283,2,16,663)
w(278,1,16,663)
r(283,2,16,663)
w(283,3,16,663)
r(278,1,17,665)
r(281,2,17,665)
r(284,0,17,665)
r(284,0,17,665)
r(275,3,17,665)
w(281,3,17,665)
r(284,0,17,665)
r(281,3,18,667)
w(284,1,18,667)
r(284,1,18,667)
w(278,2,18,667)
r(285,0,19,669)
r(284,1,19,669)
r(281,3,19,669)
r(284,1,19,669)
w(284,2,0,671)
r(285,0,0,671)
w(284,3,0,671)
r(285,0,0,671)
w(287,1,0,671)
r(286,0,0,671)
r(285,0,0,673)
w(286,1,0,673)
r(287,1,0,673)
r(286,1,0,673)
w(287,2,0,673)
w(287,3,0,673)
r(285,0,0,673)
r(288,0,1,675)
r(286,1,1,675)
w(288,1,1,675)
w(278,3,1,675)
w(288,2,1,675)
r(288,2,1,675)
w(286,2,1,675)
r(288,2,2,677)
w(288,3,2,677)
r(288,3,2,677)
r(285,0,2,677)
w(289,1,2,677)
w(286,3,2,677)
r(289,1,2,677)
r(285,0,3,679)
w(289,2,3,679)
r(285,0,3,679)
r(289,2,3,679)
r(289,2,3,679)
r(268,2,4,681)
w(289,3,4,681)
w(285,1,4,681)
w(285,2,4,681)
r(289,3,4,681)
r(268,2,4,681)
r(268,2,4,681)
r(286,3,5,683)
w(285,3,5,683)
r(290,0,5,683)
r(290,0,5,683)
r(290,0,5,683)
w(290,1,6,686)
r(286,3,6,686)
w(290,2,6,686)
r(286,3,6,686)
r(285,3,6,686)
r(290,2,6,686)
r(291,0,6,686)
r(291,0,6,686)
w(293,2,8,689)
w(293,3,8,689)
r(291,0,8,689)
r(291,0,8,689)
r(293,3,9,691)
r(294,0,9,691)
w(295,1,9,691)
r(294,0,9,691)
w(294,1,9,691)
w(294,2,9,691)
w(294,3,9,691)
w(291,2,9,691)
r(292,0,10,693)
r(294,3,10,693)
r(291,2,10,693)
w(295,2,10,693)
r(291,2,10,693)
r(295,2,10,693)
w(292,3,11,695)
r(296,0,11,695)
r(291,2,11,695)
w(291,3,11,695)
w(296,1,11,695)
r(296,1,11,695)
r(296,1,11,695)
r(296,1,12,697)
r(291,3,12,697)
r(296,1,12,697)
w(295,3,12,697)
w(296,2,12,697)
w(296,3,13,699)
r(300,0,13,699)
r(301,0,13,699)
r(301,0,13,699)
r(300,0,14,701)
r(301,0,14,701)
r(301,0,14,701)
r(301,0,14,701)
w(301,1,14,701)
r(301,1,14,701)
w(299,1,14,701)
w(301,2,14,701)
r(301,2,15,703)
r(299,1,15,703)
w(298,1,15,703)
w(301,3,15,703)
r(300,0,15,703)
r(299,1,15,703)
r(301,3,16,705)
r(301,3,16,705)
w(298,2,16,705)
w(300,1,16,705)
w(300,2,16,705)
r(301,3,16,705)
r(301,3,16,705)
w(298,3,16,705)
r(300,2,17,707)
r(301,3,17,707)
w(299,2,17,707)
r(302,0,17,707)
w(302,1,17,707)
r(302,1,17,707)
r(302,1,18,709)
r(302,1,18,709)
w(299,3,18,709)
r(302,1,18,709)
w(302,2,19,711)
r(302,2,19,711)
r(302,2,19,711)
w(303,1,19,711)
r(302,2,19,711)
r(302,2,19,711)
w(302,3,19,711)
w(303,2,19,711)
w(300,3,0,713)
r(300,3,0,713)
r(303,2,0,713)
w(297,1,0,713)
r(306,0,0,713)
r(303,2,0,715)
r(303,2,0,715)
r(303,2,0,715)
r(303,2,0,715)
w(304,1,0,715)
w(297,2,1,717)
w(306,1,1,717)
r(304,1,1,717)
w(306,2,1,717)
r(303,2,1,717)
r(306,2,1,717)
w(304,2,1,717)
r(303,2,1,717)
r(304,2,2,719)
r(304,2,2,719)
w(304,3,2,719)
r(303,2,2,719)
w(306,3,2,719)
r(303,2,2,719)
r(307,0,2,719)
w(307,1,3,721)
w(297,3,3,721)
r(305,0,3,721)
r(307,1,3,721)
w(307,2,3,721)
w(303,3,4,723)
r(303,3,4,723)
w(307,3,4,723)
r(307,3,4,723)
r(307,3,4,723)
r(307,3,4,723)
r(310,0,5,725)
r(309,0,5,725)
w(311,1,5,725)
r(311,1,5,725)
r(311,1,5,725)
w(311,2,5,725)
r(311,2,5,725)
r(309,0,6,727)
w(310,1,6,727)
w(311,3,6,727)
w(305,1,6,727)
r(311,3,6,727)
w(309,1,6,727)
w(305,2,6,727)
r(309,1,7,729)
w(309,2,7,729)
r(309,2,7,729)
r(308,0,7,729)
r(312,0,7,729)
r(312,0,7,729)
w(305,3,7,729)
w(310,2,7,729)
r(309,2,8,731)
r(309,2,8,731)
w(312,1,8,731)
r(310,2,8,731)
r(308,0,8,731)
r(309,2,8,731)
w(308,1,8,731)
w(309,3,8,731)
w(312,2,9,733)
r(312,2,9,733)
w(312,3,9,733)
r(312,3,9,733)
r(308,1,10,735)
w(313,1,10,735)
w(313,2,10,735)
w(308,2,10,735)
r(305,3,10,735)
w(314,1,11,737)
r(314,1,11,737)
w(314,2,11,737)
r(313,2,11,737)
w(314,3,11,737)
r(308,2,11,737)
r(313,2,11,737)
r(315,0,12,739)
w(315,1,12,739)
w(308,3,12,739)
w(315,2,12,739)
r(315,2,13,741)
r(315,2,13,741)
r(313,2,13,741)
r(313,2,13,741)
w(313,3,13,741)
w(315,3,13,741)
r(308,3,13,741)
r(316,0,14,743)
w(316,1,14,743)
w(316,2,14,743)
r(316,2,14,743)
w(316,3,14,743)
r(305,3,14,743)
r(316,3,14,743)
r(308,3,15,745)
r(317,0,15,745)
w(317,1,15,745)
r(317,1,15,745)
w(319,1,15,745)
r(318,0,15,745)
w(317,2,16,747)
w(320,1,16,747)
w(318,1,16,747)
w(317,3,16,747)
w(319,2,17,749)
r(319,2,17,749)
r(317,3,17,749)
w(319,3,17,749)
w(321,1,17,749)
w(321,2,17,749)
r(319,3,18,751)
r(321,2,18,751)
r(321,2,18,751)
r(321,2,18,751)
w(310,3,18,751)
r(319,3,18,751)
r(321,2,18,751)
w(321,3,18,751)
w(322,1,19,754)
r(321,3,19,754)
r(320,1,19,754)
w(322,2,19,754)
r(318,1,19,754)
w(318,2,19,754)
w(323,1,19,754)
r(324,0,0,757)
r(318,2,0,757)
w(324,1,0,757)
r(318,2,0,757)
w(320,2,0,757)
w(324,2,0,757)
w(324,3,0,757)
r(323,1,1,759)
w(325,1,1,759)
r(325,1,1,759)
w(325,2,1,759)
r(322,2,2,761)
w(325,3,2,761)
r(323,1,2,761)
r(325,3,2,761)
r(326,0,2,761)
r(322,2,3,763)
r(318,2,3,763)
r(322,2,3,763)
w(326,1,3,763)
w(323,2,3,763)
w(326,2,3,763)
r(327,0,4,765)
r(326,2,4,765)
w(326,3,4,765)
r(328,0,4,765)
r(326,3,4,765)
r(328,0,4,765)
w(327,1,5,767)
w(327,2,5,767)
r(327,2,5,767)
w(329,1,5,767)
r(328,0,6,769)
r(329,1,6,769)
w(329,2,6,769)
r(328,0,6,769)
r(323,2,6,769)
w(328,1,6,769)
r(329,2,7,771)
r(327,2,7,771)
r(327,2,7,771)
r(329,2,7,771)
r(327,2,7,771)
w(329,3,7,771)
r(328,1,7,771)
r(327,2,7,771)
w(328,2,8,773)
w(320,3,8,773)
w(327,3,8,773)
r(330,0,8,773)
r(330,0,9,775)
w(330,1,9,775)
w(331,1,9,775)
w(328,3,9,775)
w(330,2,9,775)
r(320,3,9,775)
r(330,2,9,775)
r(330,2,10,777)
r(330,2,10,777)
w(330,3,10,777)
r(323,2,10,777)
r(333,0,10,777)
w(333,1,10,777)
w(333,2,10,777)
r(332,0,11,779)
w(333,3,11,779)
w(332,1,11,779)
w(332,2,11,779)
r(332,2,11,779)
w(332,3,11,779)
r(332,3,11,779)
r(320,3,12,781)
r(332,3,12,781)
r(332,3,12,781)
w(334,1,12,781)
r(334,1,12,781)
r(331,1,12,781)
r(334,1,12,781)
r(331,1,12,781)
r(334,1,13,783)
r(331,1,13,783)
r(334,1,13,783)
w(334,2,13,783)
w(334,3,13,783)
r(334,3,14,785)
r(336,0,14,785)
r(336,0,14,785)
w(336,1,14,785)
w(335,1,15,787)
w(336,2,15,787)
r(335,1,15,787)
r(323,2,15,787)
r(320,3,15,787)
r(336,2,15,787)
w(335,2,15,787)
r(336,2,15,787)
r(336,2,16,789)
r(336,2,16,789)
w(335,3,16,789)
w(337,1,16,789)
w(337,2,16,789)
r(337,2,17,791)
w(337,3,17,791)
w(336,3,17,791)
r(336,3,17,791)
w(338,1,18,793)
w(331,2,18,793)
w(331,3,18,793)
w(339,1,18,793)
r(338,1,19,795)
r(339,1,19,795)
r(339,1,19,795)
r(339,1,19,795)
w(339,2,0,797)
w(339,3,0,797)
w(338,2,0,797)
w(341,1,0,797)
r(338,2,0,799)
w(341,2,0,799)
w(340,1,0,799)
w(341,3,0,799)
r(341,3,0,799)
r(338,2,0,799)
w(340,2,0,799)
w(340,3,0,799)
r(342,0,1,801)
r(338,2,1,801)
w(342,1,1,801)
w(338,3,1,801)
w(344,1,3,805)
w(342,3,3,805)
r(342,3,3,805)
w(345,2,3,805)
r(343,0,3,805)
w(346,1,3,805)
w(346,2,4,807)
r(346,2,4,807)
r(346,2,4,807)
w(346,3,4,807)
w(344,2,4,807)
w(345,3,5,810)
r(347,0,5,810)
r(347,0,5,810)
r(347,0,5,810)
w(347,1,5,810)
r(343,0,5,810)
r(343,0,7,813)
w(349,1,7,813)
r(348,0,7,813)
r(343,0,7,813)
r(349,1,7,813)
r(348,0,7,813)
w(348,1,7,813)
w(349,2,7,813)
r(349,2,8,815)
r(349,2,8,815)
w(348,2,8,815)
r(343,0,8,815)
r(348,2,8,815)
r(348,2,8,815)
w(349,3,8,815)
w(348,3,8,815)
w(344,3,9,817)
r(348,3,9,817)
w(350,1,9,817)
w(350,2,9,817)
r(351,0,9,817)
w(351,1,9,817)
w(351,2,9,817)
r(351,2,9,817)
r(343,0,10,819)
r(351,2,10,819)
w(343,2,10,819)
r(350,2,10,819)
w(351,3,10,819)
r(350,2,10,819)
r(350,2,10,819)
w(323,3,10,819)
r(350,2,11,821)
r(351,3,11,821)
r(351,3,11,821)
r(351,3,11,821)
w(353,1,11,821)
w(343,3,11,821)
r(353,1,11,821)
w(353,2,12,823)
r(350,2,12,823)
r(343,3,12,823)
r(353,2,12,823)
r(350,2,13,825)
w(353,3,13,825)
w(350,3,13,825)
r(352,0,13,825)
w(352,1,13,825)
r(355,0,14,827)
r(354,0,14,827)
w(354,1,14,827)
r(356,0,14,827)
w(354,2,14,827)
r(354,2,15,829)
w(354,3,15,829)
w(355,1,15,829)
r(356,0,15,829)
r(323,3,15,829)
r(355,1,15,829)
w(357,1,16,831)
r(355,1,16,831)
w(357,2,16,831)
r(355,1,16,831)
w(357,3,16,831)
r(356,0,17,833)
r(355,1,17,833)
r(356,0,17,833)
w(358,1,17,833)
r(358,1,17,833)
w(358,2,18,835)
w(358,3,18,835)
w(355,2,18,835)
w(355,3,18,835)
r(356,0,19,837)
r(359,0,19,837)
r(359,0,19,837)
r(359,0,19,837)
r(355,3,19,837)
w(359,1,19,837)
w(359,2,19,837)
w(360,1,19,837)
w(360,2,0,839)
r(356,0,0,839)
r(359,2,0,839)
r(360,2,0,839)
w(360,3,0,839)
w(359,3,0,839)
r(359,3,0,839)
r(360,3,0,841)
r(356,0,0,841)
w(361,1,0,841)
w(361,2,0,841)
r(356,0,0,841)
r(356,0,0,841)
r(360,3,1,843)
r(360,3,1,843)
r(356,0,1,843)
r(361,2,1,843)
r(361,2,1,843)
w(361,3,1,843)
r(360,3,2,845)
r(352,1,2,845)
w(362,1,2,845)
r(362,1,2,845)
w(356,1,3,847)
w(362,2,3,847)
w(363,1,3,847)
w(362,3,3,847)
r(362,3,3,847)
r(362,3,3,847)
w(356,2,4,849)
w(363,2,4,849)
r(363,2,4,849)
r(364,0,4,849)
r(364,0,4,849)
w(363,3,4,849)
w(356,3,4,849)
r(365,0,4,849)
w(365,1,5,851)
r(364,0,5,851)
r(365,1,5,851)
r(356,3,5,851)
w(364,1,5,851)
r(364,1,6,853)
r(365,1,6,853)
r(365,1,6,853)
w(366,1,6,853)
r(364,1,6,853)
w(364,2,6,853)
w(364,3,6,853)
r(364,3,6,853)
r(365,1,7,855)
w(365,2,7,855)
r(367,0,7,855)
w(367,1,7,855)
r(367,1,7,855)
r(367,1,7,855)
w(367,2,7,855)
w(365,3,7,855)
r(367,2,8,857)
w(367,3,8,857)
w(352,2,8,857)
r(368,0,8,857)
r(365,3,9,859)
w(369,1,9,859)
w(366,2,9,859)
r(368,0,9,859)
r(368,0,9,859)
w(366,3,9,859)
w(368,1,10,861)
r(352,2,10,861)
w(369,2,10,861)
w(368,2,10,861)
r(368,2,10,861)
r(352,2,10,861)
w(368,3,10,861)
r(369,2,11,863)
w(371,1,11,863)
w(369,3,11,863)
w(371,2,11,863)
w(371,3,11,863)
r(374,0,12,865)
w(373,1,12,865)
w(352,3,12,865)
r(374,0,12,865)
w(373,2,12,865)
r(374,0,12,865)
r(372,0,13,867)
w(373,3,13,867)
r(374,0,13,867)
r(374,0,13,867)
w(374,1,13,867)
w(372,1,13,867)
w(374,2,14,869)
w(374,3,14,869)
r(373,3,14,869)
r(375,0,14,869)
w(375,1,14,869)
r(370,0,14,869)
w(375,2,14,869)
r(372,1,15,871)
w(375,3,15,871)
w(370,1,15,871)
w(376,1,15,871)
w(372,2,15,871)
w(376,2,15,871)
r(377,0,15,871)
w(377,1,15,871)
w(376,3,16,873)
r(377,1,16,873)
w(372,3,16,873)
w(377,2,16,873)
r(377,2,16,873)
r(370,1,17,875)
w(377,3,17,875)
r(380,0,17,875)
r(377,3,17,875)
r(379,0,17,875)
r(377,3,17,875)
r(380,0,17,875)
r(381,0,18,877)
w(381,1,18,877)
w(381,2,18,877)
r(381,2,18,877)
w(381,3,18,877)
r(380,0,18,877)
r(379,0,18,877)
r(381,3,18,877)
r(381,3,19,879)
r(380,0,19,879)
w(380,1,19,879)
w(380,2,19,879)
w(379,1,19,879)
r(381,3,19,879)
r(378,0,19,879)
w(380,3,0,881)
r(379,1,0,881)
r(382,0,0,881)
r(379,1,0,881)
r(382,0,0,881)
w(379,2,0,881)
w(378,1,0,881)
r(380,3,0,883)
r(382,0,0,883)
w(382,1,0,883)
w(382,2,0,883)
w(382,3,1,885)
r(382,3,1,885)
r(382,3,1,885)
r(384,0,1,885)
w(379,3,1,885)
w(383,1,2,887)
w(384,1,2,887)
r(384,1,2,887)
r(379,3,2,887)
r(383,1,2,887)
w(384,2,3,889)
r(384,2,3,889)
w(383,2,3,889)
w(383,3,3,889)
w(384,3,3,889)
r(384,3,3,889)
r(384,3,4,891)
r(385,0,4,891)
r(379,3,4,891)
r(385,0,4,891)
w(385,1,4,891)
r(386,0,5,893)
r(386,0,5,893)
r(378,1,5,893)
r(385,1,5,893)
r(385,1,6,895)
w(378,2,6,895)
w(386,1,6,895)
r(386,1,6,895)
w(378,3,6,895)
w(385,2,6,895)
w(385,3,7,897)
r(386,1,7,897)
r(387,0,7,897)
r(387,0,7,897)
r(386,1,7,897)
r(387,0,8,899)
w(386,2,8,899)
r(386,2,8,899)
w(387,1,8,899)
w(387,2,9,901)
r(378,3,9,901)
r(387,2,9,901)
r(386,2,9,901)
w(387,3,9,901)
r(378,3,10,903)
r(386,2,10,903)
w(388,1,10,903)
r(386,2,10,903)
r(388,1,10,903)
r(388,1,10,903)
r(388,1,11,905)
w(388,2,11,905)
w(388,3,11,905)
r(386,2,11,905)
r(388,3,11,905)
r(386,2,11,905)
w(386,3,11,905)
w(389,1,12,907)
r(379,3,12,907)
r(389,1,12,907)
r(389,1,12,907)
r(389,1,12,907)
r(389,1,12,907)
r(389,1,13,909)
r(389,1,13,909)
w(389,2,13,909)
r(370,1,13,909)
w(389,3,13,909)
r(390,0,13,909)
w(390,1,14,911)
r(391,0,14,911)
r(390,1,14,911)
w(390,2,14,911)
r(379,3,14,911)
r(390,2,14,911)
r(378,3,14,911)
w(391,1,14,911)
r(390,2,15,913)
w(390,3,15,913)
r(391,1,15,913)
w(391,2,15,913)
r(379,3,15,913)
r(391,2,16,915)
r(390,3,16,915)
r(391,2,16,915)
r(393,0,16,915)
r(393,0,16,915)
r(393,0,16,915)
r(393,0,16,915)
r(394,0,17,917)
r(391,2,17,917)
w(393,1,17,917)
w(394,1,17,917)
r(393,1,17,917)
r(393,1,17,917)
r(391,2,17,917)
w(393,2,18,919)
r(393,2,18,919)
w(393,3,18,919)
r(393,3,18,919)
r(391,2,19,921)
w(391,3,19,921)
r(393,3,19,921)
r(391,3,19,921)
w(394,2,0,923)
r(370,1,0,923)
r(393,3,0,923)
r(395,0,0,923)
r(395,0,0,923)
r(392,0,0,923)
w(395,1,0,923)
w(395,2,0,925)
w(394,3,0,925)
r(395,2,0,925)
r(395,2,0,925)
w(395,3,0,925)
r(395,3,1,927)
r(395,3,1,927)
r(396,0,1,927)
w(397,1,1,927)
w(397,2,1,927)
r(396,0,1,927)
w(396,1,2,929)
r(397,2,2,929)
w(397,3,2,929)
w(392,1,2,929)
w(398,1,2,929)
r(399,0,2,929)
w(396,2,3,931)
r(396,2,3,931)
w(396,3,3,931)
r(396,3,3,931)
r(398,1,3,931)
w(399,1,4,933)
w(399,2,4,933)
r(398,1,4,933)
w(399,3,4,933)
r(398,1,4,933)
w(398,2,4,933)
r(400,0,5,935)
r(398,2,5,935)
r(400,0,5,935)
w(401,1,5,935)
w(398,3,5,935)
r(392,1,6,937)
r(401,1,6,937)
w(401,2,6,937)
w(400,1,6,937)
w(400,2,6,937)
w(401,3,7,939)
r(392,1,7,939)
r(401,3,7,939)
w(400,3,7,939)
w(403,1,7,939)
r(392,1,7,939)
r(401,3,7,939)
w(403,2,8,941)
w(403,3,8,941)
r(370,1,8,941)
r(405,0,8,941)
w(405,1,9,943)
w(405,2,9,943)
w(405,3,9,943)
r(405,3,9,943)
r(392,1,9,943)
r(406,0,9,943)
r(370,1,10,945)
r(406,0,10,945)
r(370,1,10,945)
w(406,1,10,945)
w(406,2,10,945)
w(406,3,10,945)
r(407,0,10,945)
w(407,1,10,945)
r(392,1,11,948)
r(407,1,11,948)
r(407,1,11,948)
w(402,1,11,948)
w(404,1,11,948)
w(404,2,11,948)
r(407,1,11,948)
r(407,1,11,948)
w(402,2,12,949)
r(407,1,12,949)
w(404,3,12,949)
w(392,2,12,949)
r(407,1,13,951)
r(407,1,13,951)
r(408,0,13,951)
r(407,1,13,951)
w(408,1,14,953)
r(408,1,14,953)
r(407,1,14,953)
w(370,2,14,953)
r(370,2,14,953)
w(407,2,14,953)
w(408,2,15,955)
w(407,3,15,955)
r(402,2,15,955)
r(392,2,15,955)
r(402,2,16,957)
r(407,3,16,957)
r(407,3,16,957)
r(408,2,16,957)
r(408,2,17,959)
r(409,0,17,959)
w(408,3,17,959)
w(409,1,17,959)
r(409,1,18,961)
w(409,2,18,961)
w(410,1,18,961)
r(410,1,18,961)
w(409,3,18,961)
r(392,2,19,963)
w(402,3,19,963)
w(410,2,19,963)
r(410,2,19,963)
w(410,3,19,963)
w(411,1,19,963)
r(411,1,0,965)
r(402,3,0,965)
r(411,1,0,965)
r(411,1,0,965)
r(411,1,0,965)
w(411,2,0,967)
w(412,1,0,967)
r(402,3,0,967)
r(411,2,0,967)
w(412,2,0,967)
r(411,2,0,967)
w(411,3,0,967)
w(413,1,0,967)
w(414,1,1,969)
r(412,2,1,969)
r(414,1,1,969)
r(392,2,1,969)
r(412,2,1,969)
w(412,3,2,971)
r(414,1,2,971)
r(413,1,2,971)
r(414,1,2,971)
r(414,1,2,971)
w(415,1,2,971)
w(414,2,2,971)
w(413,2,3,973)
w(414,3,3,973)
r(415,1,3,973)
r(415,1,3,973)
w(415,2,3,973)
w(416,1,3,973)
w(416,2,3,973)
r(416,2,3,973)
r(416,2,4,975)
w(415,3,4,975)
w(416,3,4,975)
w(417,1,4,975)
r(417,1,5,977)
r(418,0,5,977)
w(418,1,5,977)
w(418,2,5,977)
r(417,1,5,977)
r(417,1,5,977)
w(418,3,5,977)
w(392,3,5,977)
w(419,1,6,979)
r(392,3,6,979)
r(417,1,6,979)
w(413,3,6,979)
r(419,1,6,979)
r(417,1,6,979)
r(417,1,6,979)
w(419,2,6,979)
w(417,2,7,981)
r(370,2,7,981)
r(417,2,7,981)
w(420,1,7,981)
w(419,3,7,981)
r(420,1,7,981)
w(417,3,7,981)
r(417,3,8,983)
w(422,1,8,983)
r(420,1,8,983)
w(422,2,8,983)
w(422,3,8,983)
r(422,3,8,983)
w(423,1,8,983)
w(424,1,9,985)
r(421,0,9,985)
w(424,2,9,985)
r(423,1,9,985)
r(424,2,10,987)
w(424,3,10,987)
r(423,1,10,987)
r(424,3,10,987)
r(420,1,11,989)
w(423,2,11,989)
r(424,3,11,989)
w(421,1,11,989)
w(421,2,11,989)
w(423,3,11,989)
w(421,3,11,989)
r(421,3,12,991)
r(423,3,12,991)
w(370,3,12,991)
r(426,0,12,991)
r(425,0,12,991)
w(425,1,12,991)
r(425,1,12,991)
w(426,1,12,991)
w(427,1,13,993)
r(427,1,13,993)
r(427,1,13,993)
w(427,2,13,993)
r(426,1,13,993)
r(427,2,13,993)
w(427,3,13,993)
r(427,3,14,995)
r(425,1,14,995)
w(426,2,14,995)
r(425,1,14,995)
w(425,2,14,995)
w(425,3,15,997)
w(429,1,15,997)
w(420,2,15,997)
r(429,1,15,997)
r(426,2,16,999)
w(429,2,16,999)
r(426,2,16,999)
r(425,3,16,999)
r(430,0,16,999)
r(430,0,16,999)
w(429,3,17,1001)
w(430,1,17,1001)
r(426,2,17,1001)
r(431,0,17,1001)
w(430,2,17,1001)
r(430,2,17,1001)
r(430,2,17,1001)
w(426,3,18,1003)
r(428,0,18,1003)
r(426,3,18,1003)
w(431,1,18,1003)
