r(4,0,0,1)
r(3,0,0,1)
w(4,1,0,1)
r(4,1,0,1)
w(2,1,1,3)
w(3,1,1,3)
w(4,2,1,3)
w(0,1,1,3)
r(0,1,2,5)
r(4,2,2,5)
w(3,2,2,5)
r(0,1,2,5)
w(4,3,2,5)
w(3,3,2,5)
r(0,1,2,5)
r(1,0,3,8)
r(5,0,3,8)
r(0,1,3,8)
r(5,0,3,8)
w(1,1,3,8)
r(5,0,3,8)
r(3,3,3,8)
w(2,2,3,8)
r(5,0,5,11)
r(5,0,5,11)
r(5,0,5,11)
r(5,0,5,11)
r(6,0,5,11)
r(3,3,5,11)
r(5,0,5,11)
r(6,0,6,13)
r(5,0,6,13)
r(3,3,6,13)
w(5,2,6,13)
r(5,2,6,13)
w(5,3,6,13)
r(9,0,6,13)
r(6,0,6,13)
r(9,0,7,15)
w(9,1,7,15)
r(9,1,7,15)
r(8,0,7,15)
r(9,1,7,15)
w(9,2,8,17)
w(9,3,8,17)
r(9,3,8,17)
w(8,1,8,17)
r(9,3,9,19)
r(7,0,9,19)
r(10,0,9,19)
r(8,1,9,19)
r(10,0,9,19)
r(10,0,9,19)
r(6,0,9,19)
w(10,1,9,19)
r(10,1,10,21)
w(10,2,10,21)
w(8,2,10,21)
r(10,2,10,21)
r(8,2,10,21)
w(10,3,11,23)
r(10,3,11,23)
w(6,1,11,23)
r(11,0,11,23)
r(6,1,11,23)
r(8,2,11,23)
r(11,0,11,23)
w(11,1,11,23)
r(8,2,12,25)
w(8,3,12,25)
r(8,3,12,25)
r(11,1,12,25)
w(11,2,13,27)
r(11,2,13,27)
r(11,2,13,27)
r(6,1,13,27)
r(8,3,13,27)
w(11,3,13,27)
r(11,3,14,29)
r(13,0,14,29)
r(13,0,14,29)
w(0,2,14,29)
w(12,1,14,29)
r(6,1,15,31)
r(12,1,15,31)
r(12,1,15,31)
r(13,0,15,31)
w(13,1,15,31)
r(6,1,15,31)
r(7,0,15,31)
r(13,1,16,33)
w(13,2,16,33)
w(12,2,16,33)
w(12,3,16,33)
w(13,3,16,33)
r(13,3,16,33)
w(14,1,17,35)
w(14,2,17,35)
r(6,1,17,35)
r(13,3,17,35)
w(6,2,17,35)
r(15,0,17,35)
r(15,0,17,35)
r(15,0,18,37)
w(14,3,18,37)
r(6,2,18,37)
r(14,3,18,37)
w(15,1,19,39)
w(7,1,19,39)
w(15,2,19,39)
w(16,1,19,39)
w(15,3,19,39)
r(16,1,19,39)
r(16,1,19,39)
r(16,1,0,41)
r(15,3,0,41)
r(7,1,0,41)
r(15,3,0,41)
w(6,3,0,43)
r(7,1,0,43)
r(6,3,0,43)
r(17,0,0,43)
r(6,3,0,43)
r(17,0,1,45)
r(16,1,1,45)
r(16,1,1,45)
w(7,2,1,45)
w(17,1,1,45)
w(17,2,2,47)
r(17,2,2,47)
r(17,2,2,47)
w(7,3,2,47)
w(16,2,3,49)
w(17,3,3,49)
w(18,1,3,49)
r(18,1,3,49)
r(19,0,3,49)
w(19,1,3,49)
r(16,2,3,49)
w(19,2,3,49)
r(6,3,4,51)
r(16,2,4,51)
w(0,3,4,51)
w(19,3,4,51)
w(18,2,4,51)
w(16,3,4,51)
r(19,3,4,51)
r(21,0,5,53)
w(21,1,5,53)
r(18,2,5,53)
r(19,3,5,53)
w(22,1,6,55)
r(22,1,6,55)
w(22,2,6,55)
r(22,2,6,55)
w(18,3,6,55)
r(21,1,7,57)
w(22,3,7,57)
r(20,0,7,57)
w(24,1,7,57)
w(21,2,7,57)
r(24,1,7,57)
w(24,2,7,57)
w(24,3,8,59)
r(24,3,8,59)
w(25,1,8,59)
w(21,3,8,59)
r(20,0,8,59)
w(25,2,8,59)
w(25,3,8,59)
w(20,1,8,59)
r(26,0,9,61)
r(26,0,9,61)
r(26,0,9,61)
w(26,1,9,61)
w(27,1,9,61)
w(26,2,9,61)
w(26,3,9,61)
r(28,0,10,63)
r(28,0,10,63)
r(28,0,10,63)
w(28,1,10,63)
r(27,1,11,65)
w(27,2,11,65)
w(28,2,11,65)
r(28,2,11,65)
r(28,2,11,65)
w(28,3,12,67)
r(28,3,12,67)
w(30,1,12,67)
r(30,1,12,67)
w(30,2,12,67)
w(30,3,13,69)
w(27,3,13,69)
r(30,3,13,69)
r(32,0,13,69)
r(20,1,13,69)
w(31,1,13,69)
w(20,2,13,69)
w(31,2,14,71)
w(20,3,14,71)
r(20,3,14,71)
w(31,3,14,71)
r(20,3,15,73)
w(29,1,15,73)
w(34,1,15,73)
r(34,1,15,73)
r(33,0,15,73)
w(34,2,15,73)
r(34,2,15,73)
r(32,0,15,73)
w(33,1,16,75)
w(34,3,16,75)
w(35,1,16,75)
w(35,2,16,75)
r(35,2,16,75)
r(32,0,16,75)
w(32,1,16,75)
w(32,2,16,75)
w(35,3,17,77)
r(35,3,17,77)
r(32,2,17,77)
w(32,3,17,77)
r(36,0,17,77)
r(32,3,17,77)
r(33,1,17,77)
r(33,1,17,77)
w(33,2,18,79)
r(32,3,18,79)
r(36,0,18,79)
r(33,2,18,79)
r(36,0,18,79)
r(33,2,19,81)
r(23,0,19,81)
r(36,0,19,81)
r(32,3,19,81)
w(36,1,19,81)
r(36,1,19,81)
r(32,3,0,83)
r(36,1,0,83)
w(33,3,0,83)
r(36,1,0,83)
r(36,1,0,85)
r(32,3,0,85)
w(36,2,0,85)
w(36,3,0,85)
r(39,0,0,85)
w(39,1,1,87)
w(39,2,1,87)
w(38,1,1,87)
r(39,2,1,87)
w(39,3,1,87)
w(29,2,1,87)
w(38,2,2,89)
r(37,0,2,89)
w(40,1,2,89)
r(29,2,2,89)
w(40,2,2,89)
w(40,3,2,89)
r(23,0,2,89)
r(40,3,2,89)
w(38,3,3,91)
r(41,0,3,91)
r(41,0,3,91)
w(41,1,3,91)
w(42,1,4,93)
r(41,1,4,93)
w(41,2,4,93)
w(41,3,4,93)
r(42,1,4,93)
r(37,0,4,93)
r(42,1,4,93)
w(42,2,4,93)
r(29,2,5,95)
r(41,3,5,95)
r(42,2,5,95)
r(43,0,5,95)
r(43,0,6,97)
r(42,2,6,97)
r(43,0,6,97)
w(43,1,6,97)
w(43,2,7,99)
w(42,3,7,99)
w(43,3,7,99)
w(44,1,7,99)
r(42,3,8,101)
r(42,3,8,101)
r(44,1,8,101)
w(44,2,8,101)
w(44,3,8,101)
r(44,3,8,101)
r(42,3,9,103)
r(29,2,9,103)
r(29,2,9,103)
r(46,0,9,103)
r(46,0,10,105)
r(46,0,10,105)
w(45,1,10,105)
r(45,1,10,105)
w(45,2,11,107)
r(45,2,11,107)
r(45,2,11,107)
w(45,3,11,107)
w(46,1,12,109)
r(37,0,12,109)
r(47,0,12,109)
w(47,1,12,109)
w(46,2,12,109)
r(46,2,12,109)
r(47,1,12,109)
r(46,2,12,109)
r(29,2,13,111)
w(46,3,13,111)
w(47,2,13,111)
w(47,3,13,111)
w(49,1,14,113)
r(48,0,14,113)
r(49,1,14,113)
r(49,1,14,113)
w(49,2,14,113)
w(37,1,14,113)
w(49,3,15,115)
w(50,1,15,115)
r(50,1,15,115)
w(50,2,15,115)
w(50,3,15,115)
r(50,3,16,117)
w(51,1,16,117)
r(51,1,16,117)
w(51,2,16,117)
r(37,1,16,117)
w(51,3,16,117)
w(48,1,17,119)
r(52,0,17,119)
w(52,1,17,119)
r(37,1,17,119)
w(48,2,17,119)
r(52,1,17,119)
r(48,2,18,121)
w(48,3,18,121)
w(52,2,18,121)
w(37,2,18,121)
r(37,2,18,121)
w(52,3,19,123)
r(52,3,19,123)
w(53,1,19,123)
r(53,1,19,123)
r(29,2,0,125)
w(53,2,0,125)
r(37,2,0,125)
w(54,1,0,125)
r(53,2,0,127)
r(23,0,0,127)
r(37,2,0,127)
r(37,2,0,127)
w(53,3,1,129)
r(54,1,1,129)
r(53,3,1,129)
r(23,0,1,129)
w(37,3,1,129)
r(55,0,1,129)
r(37,3,1,129)
r(37,3,2,131)
w(55,1,2,131)
w(55,2,2,131)
r(55,2,2,131)
r(55,2,3,133)
r(55,2,3,133)
r(54,1,3,133)
r(54,1,3,133)
r(55,2,3,133)
r(54,1,3,133)
w(56,1,4,135)
r(54,1,4,135)
r(55,2,4,135)
w(54,2,4,135)
w(55,3,4,135)
w(56,2,4,135)
r(54,2,5,137)
w(23,1,5,137)
r(54,2,5,137)
r(23,1,5,137)
r(54,2,5,137)
w(57,1,5,137)
r(54,2,5,137)
w(54,3,5,137)
w(56,3,6,139)
w(57,2,6,139)
r(57,2,6,139)
r(57,2,6,139)
r(54,3,6,139)
r(57,2,6,139)
w(57,3,6,139)
r(58,0,7,141)
w(59,1,7,141)
w(59,2,7,141)
w(29,3,7,141)
r(60,0,8,143)
w(58,1,8,143)
r(59,2,8,143)
w(59,3,8,143)
w(58,2,8,143)
r(60,0,8,143)
w(60,1,8,143)
r(23,1,8,143)
w(61,1,9,145)
r(61,1,9,145)
r(61,1,9,145)
r(61,1,9,145)
w(23,2,9,145)
w(61,2,9,145)
r(62,0,9,145)
r(60,1,9,145)
r(60,1,10,147)
r(61,2,10,147)
r(23,2,10,147)
w(61,3,10,147)
r(60,1,10,147)
r(61,3,11,149)
r(61,3,11,149)
w(58,3,11,149)
r(58,3,11,149)
w(60,2,11,149)
r(61,3,12,151)
w(60,3,12,151)
w(63,1,12,151)
r(63,1,12,151)
r(60,3,12,151)
r(63,1,12,151)
r(60,3,13,153)
r(60,3,13,153)
r(60,3,13,153)
r(63,1,13,153)
w(64,1,13,153)
w(63,2,13,153)
w(63,3,13,153)
r(64,1,14,155)
w(65,1,14,155)
r(65,1,14,155)
r(64,1,14,155)
w(65,2,15,157)
w(65,3,15,157)
w(66,1,15,157)
r(64,1,15,157)
w(66,2,15,157)
w(66,3,16,159)
r(64,1,16,159)
r(67,0,16,159)
w(67,1,16,159)
w(67,2,16,159)
w(67,3,17,161)
r(64,1,17,161)
r(64,1,17,161)
r(67,3,17,161)
w(64,2,17,161)
r(64,2,17,161)
r(64,2,18,163)
r(68,0,18,163)
w(68,1,18,163)
w(64,3,18,163)
w(68,2,18,163)
r(23,2,18,163)
r(68,2,19,165)
r(64,3,19,165)
r(68,2,19,165)
r(68,2,19,165)
w(68,3,19,165)
r(70,0,19,165)
w(62,1,19,165)
w(70,1,0,167)
r(70,1,0,167)
r(70,1,0,167)
r(64,3,0,167)
r(69,0,0,167)
r(64,3,0,167)
w(69,1,0,169)
r(70,1,0,169)
r(69,1,0,169)
w(70,2,0,169)
w(62,2,0,169)
w(70,3,0,169)
r(70,3,0,169)
r(70,3,0,169)
w(71,1,1,171)
w(69,2,1,171)
r(72,0,1,171)
r(72,0,1,171)
r(71,1,1,171)
w(72,1,1,171)
w(71,2,2,173)
w(62,3,2,173)
r(72,1,2,173)
w(72,2,2,173)
r(72,2,2,173)
w(72,3,2,173)
r(71,2,3,175)
w(69,3,3,175)
w(71,3,3,175)
r(72,3,3,175)
r(72,3,3,175)
r(72,3,3,175)
r(72,3,4,177)
r(71,3,4,177)
r(71,3,4,177)
w(73,1,4,177)
r(75,0,4,177)
r(75,0,5,179)
r(73,1,5,179)
w(74,1,5,179)
r(73,1,5,179)
r(73,1,6,181)
r(75,0,6,181)
w(74,2,6,181)
w(75,1,6,181)
r(75,1,6,181)
w(74,3,6,181)
w(73,2,6,181)
r(23,2,7,183)
r(75,1,7,183)
w(73,3,7,183)
w(75,2,7,183)
r(75,2,7,183)
w(76,1,7,183)
w(75,3,7,183)
r(76,1,7,183)
r(77,0,8,185)
w(78,1,8,185)
w(78,2,8,185)
r(74,3,8,185)
w(77,1,8,185)
w(78,3,9,187)
w(77,2,9,187)
r(77,2,9,187)
r(79,0,9,187)
r(79,0,9,187)
w(79,1,9,187)
r(74,3,9,187)
w(77,3,10,189)
r(76,1,10,189)
w(79,2,10,189)
w(76,2,10,189)
r(79,2,11,191)
r(79,2,11,191)
r(79,2,11,191)
r(79,2,11,191)
r(74,3,11,191)
r(79,2,11,191)
w(79,3,11,191)
r(77,3,11,191)
r(79,3,12,193)
r(74,3,12,193)
r(77,3,12,193)
r(79,3,12,193)
r(76,2,13,195)
w(80,1,13,195)
w(80,2,13,195)
r(80,2,13,195)
r(80,2,13,195)
w(80,3,13,195)
w(82,1,13,195)
r(82,1,14,197)
w(81,1,14,197)
w(81,2,14,197)
r(82,1,14,197)
w(83,1,14,197)
r(82,1,14,197)
w(82,2,14,197)
r(81,2,15,199)
w(83,2,15,199)
w(82,3,15,199)
w(83,3,15,199)
w(84,1,15,199)
w(81,3,15,199)
w(84,2,15,199)
r(81,3,15,199)
r(81,3,16,201)
r(84,2,16,201)
r(76,2,16,201)
w(84,3,16,201)
r(76,2,16,201)
r(84,3,16,201)
r(84,3,16,201)
r(84,3,17,203)
r(84,3,17,203)
r(84,3,17,203)
r(81,3,17,203)
w(76,3,17,203)
r(84,3,17,203)
r(84,3,18,205)
r(84,3,18,205)
r(84,3,18,205)
r(76,3,18,205)
r(84,3,18,205)
r(84,3,18,205)
r(87,0,18,205)
r(87,0,19,207)
r(86,0,19,207)
r(86,0,19,207)
r(76,3,19,207)
r(87,0,19,207)
r(23,2,0,209)
r(87,0,0,209)
w(87,1,0,209)
w(87,2,0,209)
r(87,2,0,209)
r(88,0,0,209)
w(87,3,0,209)
r(89,0,0,209)
r(89,0,0,211)
w(88,1,0,211)
r(89,0,0,211)
r(89,0,0,211)
r(89,0,0,211)
w(85,1,0,211)
r(88,1,0,211)
w(89,1,1,213)
r(89,1,1,213)
w(89,2,1,213)
r(89,2,1,213)
r(86,0,1,213)
w(86,1,2,215)
w(85,2,2,215)
w(85,3,2,215)
w(89,3,2,215)
r(86,1,2,215)
w(88,2,2,215)
w(23,3,2,215)
r(86,1,2,215)
w(91,1,3,217)
w(91,2,3,217)
r(86,1,3,217)
w(91,3,3,217)
r(91,3,3,217)
w(86,2,3,217)
r(90,0,4,219)
r(91,3,4,219)
r(86,2,4,219)
r(90,0,4,219)
w(92,1,4,219)
w(86,3,4,219)
r(92,1,5,221)
w(92,2,5,221)
w(90,1,5,221)
r(92,2,5,221)
w(88,3,5,221)
w(90,2,5,221)
r(93,0,5,221)
w(93,1,5,221)
w(93,2,6,223)
w(92,3,6,223)
w(94,1,6,223)
r(93,2,6,223)
r(93,2,6,223)
r(94,1,7,225)
w(94,2,7,225)
w(93,3,7,225)
r(93,3,7,225)
w(94,3,7,225)
r(93,3,7,225)
r(96,0,7,225)
r(23,3,7,225)
w(96,1,8,227)
w(96,2,8,227)
r(96,2,8,227)
r(90,2,8,227)
r(93,3,8,227)
w(96,3,8,227)
r(96,3,8,227)
r(93,3,8,227)
r(96,3,9,229)
r(98,0,9,229)
r(98,0,9,229)
r(98,0,9,229)
w(97,1,9,229)
w(97,2,9,229)
r(98,0,9,229)
r(98,0,9,229)
w(98,1,10,231)
r(98,1,10,231)
w(90,3,10,231)
w(98,2,10,231)
w(98,3,10,231)
r(98,3,10,231)
w(95,1,10,231)
w(97,3,10,231)
r(97,3,11,233)
r(97,3,11,233)
r(99,0,11,233)
w(99,1,11,233)
w(99,2,12,235)
w(99,3,12,235)
r(100,0,12,235)
r(90,3,12,235)
w(100,1,12,235)
r(100,1,12,235)
r(101,0,12,235)
w(101,1,13,237)
w(95,2,13,237)
r(100,1,13,237)
r(101,1,13,237)
w(101,2,13,237)
w(101,3,14,239)
r(95,2,14,239)
w(103,1,14,239)
w(100,2,14,239)
r(95,2,15,241)
w(103,2,15,241)
r(95,2,15,241)
w(103,3,15,241)
r(102,0,16,243)
r(102,0,16,243)
r(95,2,16,243)
r(100,2,16,243)
r(104,0,17,245)
w(102,1,17,245)
r(104,0,17,245)
w(102,2,17,245)
r(104,0,17,245)
w(104,1,17,245)
w(95,3,17,245)
r(100,2,18,247)
r(102,2,18,247)
r(100,2,18,247)
w(104,2,18,247)
r(95,3,18,247)
w(104,3,18,247)
w(100,3,19,249)
w(102,3,19,249)
r(105,0,19,249)
r(106,0,19,249)
r(105,0,19,249)
w(105,1,19,249)
r(105,1,19,249)
r(105,1,0,251)
w(106,1,0,251)
r(100,3,0,251)
r(100,3,0,251)
w(106,2,0,251)
r(105,1,0,251)
r(95,3,0,253)
w(105,2,0,253)
r(105,2,0,253)
r(95,3,0,253)
r(105,2,0,253)
r(105,2,0,253)
r(105,2,0,253)
w(105,3,0,253)
r(23,3,1,255)
w(107,1,1,255)
r(107,1,1,255)
r(95,3,1,255)
r(95,3,1,255)
r(107,1,1,255)
r(107,1,2,257)
w(107,2,2,257)
w(107,3,2,257)
r(108,0,2,257)
w(108,1,2,257)
r(109,0,2,257)
r(23,3,2,257)
r(109,0,2,257)
w(108,2,3,259)
w(108,3,3,259)
r(109,0,3,259)
w(109,1,3,259)
r(108,3,3,259)
r(108,3,4,261)
r(109,1,4,261)
w(109,2,4,261)
r(106,2,4,261)
r(110,0,4,261)
r(109,2,4,261)
r(109,2,4,261)
w(109,3,5,263)
w(110,1,5,263)
w(110,2,5,263)
r(110,2,5,263)
w(106,3,6,265)
r(95,3,6,265)
w(110,3,6,265)
r(109,3,6,265)
w(112,1,6,265)
r(110,3,6,265)
w(112,2,6,265)
w(112,3,7,267)
r(112,3,7,267)
w(114,1,7,267)
r(114,1,7,267)
w(114,2,7,267)
w(114,3,7,267)
r(114,3,7,267)
r(114,3,7,267)
w(115,1,8,269)
r(113,0,8,269)
r(115,1,8,269)
r(115,1,8,269)
r(115,1,8,269)
r(115,1,8,269)
r(113,0,8,269)
r(113,0,9,271)
w(113,1,9,271)
r(115,1,9,271)
r(113,1,9,271)
r(116,0,9,271)
r(115,1,9,271)
w(115,2,10,273)
r(115,2,10,273)
w(116,1,10,273)
w(113,2,10,273)
r(115,2,10,273)
r(111,0,10,273)
r(113,2,11,275)
r(115,2,11,275)
w(115,3,11,275)
r(115,3,11,275)
r(118,0,12,277)
r(111,0,12,277)
r(118,0,12,277)
r(118,0,12,277)
r(113,2,12,277)
r(117,0,13,279)
w(113,3,13,279)
r(118,0,13,279)
w(119,1,13,279)
w(118,1,13,279)
w(118,3,15,283)
r(119,1,15,283)
r(118,3,15,283)
w(119,2,15,283)
r(120,0,15,283)
w(119,3,16,285)
r(120,0,16,285)
r(120,0,16,285)
w(120,1,16,285)
w(121,1,17,287)
w(117,1,17,287)
w(121,2,17,287)
w(120,2,17,287)
w(120,3,17,287)
r(122,0,17,287)
w(121,3,17,287)
w(122,1,17,287)
w(123,1,18,289)
w(124,1,18,289)
w(124,2,18,289)
r(124,2,18,289)
r(124,2,18,289)
r(124,2,18,289)
w(124,3,19,291)
r(117,1,19,291)
r(111,0,19,291)
r(124,3,19,291)
r(124,3,0,293)
r(124,3,0,293)
w(125,1,0,293)
w(125,2,0,293)
w(125,3,0,293)
r(123,1,0,295)
r(111,0,0,295)
w(126,1,0,295)
w(123,2,0,295)
w(126,2,0,295)
r(126,2,0,295)
r(126,2,0,295)
w(123,3,0,295)
w(126,3,1,297)
w(122,2,1,297)
r(127,0,1,297)
w(127,1,1,297)
w(128,1,1,297)
w(128,2,2,299)
w(127,2,2,299)
w(128,3,2,299)
w(127,3,2,299)
r(128,3,2,299)
r(129,0,2,299)
w(111,1,2,299)
r(129,0,2,299)
r(122,2,3,301)
r(122,2,3,301)
w(111,2,3,301)
w(130,1,3,301)
w(129,1,3,301)
r(117,1,3,301)
r(129,1,3,301)
w(129,2,4,303)
w(130,2,4,303)
r(129,2,4,303)
r(122,2,4,303)
r(117,1,4,303)
w(129,3,4,303)
r(129,3,4,303)
w(122,3,5,305)
w(130,3,5,305)
r(130,3,5,305)
r(129,3,5,305)
r(131,0,5,305)
r(131,0,6,307)
r(130,3,6,307)
r(131,0,6,307)
w(131,1,6,307)
r(130,3,6,307)
r(131,1,6,307)
r(132,0,6,307)
r(131,1,7,309)
r(131,1,7,309)
w(131,2,7,309)
w(131,3,7,309)
r(134,0,7,309)
r(134,0,7,309)
w(134,1,7,309)
r(134,1,7,309)
w(117,2,8,311)
w(134,2,8,311)
r(132,0,8,311)
w(132,1,8,311)
r(133,0,8,311)
r(133,0,8,311)
w(133,1,8,311)
w(134,3,9,313)
r(133,1,9,313)
r(135,0,9,313)
w(117,3,9,313)
r(135,0,10,315)
w(135,1,10,315)
w(135,2,10,315)
r(135,2,10,315)
r(135,2,10,315)
r(132,1,10,315)
w(133,2,10,315)
r(135,2,11,317)
r(135,2,11,317)
r(136,0,11,317)
r(135,2,11,317)
w(135,3,11,317)
r(135,3,12,319)
r(133,2,12,319)
r(136,0,12,319)
w(132,2,12,319)
r(137,0,12,319)
r(137,0,12,319)
r(137,0,12,319)
r(137,0,13,321)
w(132,3,13,321)
r(133,2,13,321)
w(111,3,13,321)
r(137,0,13,321)
r(132,3,13,321)
r(137,0,14,323)
r(137,0,14,323)
w(137,1,14,323)
w(137,2,14,323)
r(137,2,14,323)
w(137,3,15,325)
w(133,3,15,325)
r(138,0,15,325)
r(138,0,15,325)
w(138,1,16,327)
r(138,1,16,327)
r(138,1,16,327)
r(138,1,16,327)
w(138,2,16,327)
r(132,3,16,327)
r(139,0,16,327)
r(138,2,17,329)
w(140,1,17,329)
r(139,0,17,329)
w(140,2,17,329)
r(140,2,17,329)
r(138,2,17,329)
w(140,3,18,331)
r(138,2,18,331)
r(138,2,18,331)
r(140,3,18,331)
r(138,2,18,331)
r(138,2,18,331)
r(138,2,19,333)
w(138,3,19,333)
r(141,0,19,333)
r(141,0,19,333)
w(141,1,19,333)
r(138,3,19,333)
r(141,1,0,335)
r(138,3,0,335)
r(138,3,0,335)
r(142,0,0,335)
w(142,1,0,337)
r(139,0,0,337)
r(139,0,0,337)
w(141,2,0,337)
w(141,3,1,339)
w(143,1,1,339)
r(142,1,1,339)
w(139,1,1,339)
r(142,1,1,339)
r(142,1,1,339)
r(142,1,1,339)
w(142,2,1,339)
r(143,1,2,341)
w(142,3,2,341)
w(139,2,2,341)
w(143,2,2,341)
r(144,0,2,341)
w(143,3,3,344)
w(136,1,3,344)
r(144,0,3,344)
r(144,0,3,344)
w(145,1,3,344)
w(144,1,3,344)
w(144,2,3,344)
r(136,1,5,347)
w(146,1,5,347)
w(146,2,5,347)
r(146,2,5,347)
w(146,3,5,347)
w(145,2,5,347)
r(145,2,5,347)
w(145,3,5,347)
r(147,0,6,349)
r(146,3,6,349)
r(147,0,6,349)
w(149,1,6,349)
r(149,1,6,349)
r(149,1,6,349)
w(149,2,7,351)
r(149,2,7,351)
w(147,1,7,351)
r(147,1,7,351)
w(149,3,8,353)
r(150,0,8,353)
w(150,1,8,353)
r(148,0,8,353)
r(148,0,8,353)
r(150,1,8,353)
r(150,1,8,353)
w(147,2,9,355)
r(150,1,9,355)
w(148,1,9,355)
r(150,1,9,355)
r(148,1,9,355)
r(111,3,9,355)
w(150,2,9,355)
r(150,2,10,357)
w(147,3,10,357)
r(147,3,10,357)
r(148,1,10,357)
w(150,3,10,357)
r(150,3,10,357)
r(136,1,10,357)
r(148,1,11,359)
r(148,1,11,359)
w(151,1,11,359)
r(148,1,11,359)
r(150,3,11,359)
r(148,1,11,359)
r(148,1,12,361)
w(148,2,12,361)
r(152,0,12,361)
w(148,3,12,361)
r(148,3,13,363)
r(152,0,13,363)
r(148,3,13,363)
r(152,0,13,363)
r(148,3,13,363)
r(152,0,13,363)
r(136,1,13,363)
r(136,1,14,365)
w(151,2,14,365)
r(136,1,14,365)
r(152,0,14,365)
w(151,3,14,365)
w(152,1,14,365)
r(151,3,15,367)
w(152,2,15,367)
w(152,3,15,367)
r(152,3,15,367)
w(153,1,15,367)
r(156,0,15,367)
r(155,0,16,369)
r(156,0,16,369)
w(156,1,16,369)
w(156,2,16,369)
w(156,3,17,371)
r(156,3,17,371)
r(155,0,17,371)
r(157,0,17,371)
r(157,0,17,371)
w(157,1,18,373)
w(153,2,18,373)
r(157,1,18,373)
w(157,2,18,373)
w(136,2,18,373)
r(157,2,18,373)
w(136,3,18,373)
r(157,2,18,373)
r(153,2,19,375)
r(153,2,19,375)
w(153,3,19,375)
w(157,3,19,375)
r(157,3,19,375)
r(155,0,19,375)
r(153,3,19,375)
r(153,3,19,375)
r(158,0,0,377)
r(159,0,0,377)
w(159,1,0,377)
r(158,0,0,377)
r(159,1,0,377)
r(155,0,0,379)
r(158,0,0,379)
w(158,1,0,379)
r(158,1,0,379)
r(136,3,0,379)
w(158,2,0,379)
w(158,3,0,379)
r(158,3,0,379)
r(159,1,1,381)
r(160,0,1,381)
w(160,1,1,381)
w(155,1,1,381)
r(159,1,2,383)
w(160,2,2,383)
r(159,1,2,383)
r(155,1,2,383)
r(160,2,2,383)
r(160,2,2,383)
r(160,2,2,383)
w(159,2,2,383)
w(160,3,3,385)
r(136,3,3,385)
r(160,3,3,385)
r(159,2,3,385)
r(160,3,3,385)
r(159,2,3,385)
r(155,1,3,385)
w(161,1,4,387)
w(161,2,4,387)
w(161,3,4,387)
w(154,1,4,387)
r(161,3,4,387)
w(159,3,4,387)
r(159,3,4,387)
r(161,3,4,387)
r(159,3,5,389)
r(155,1,5,389)
w(163,1,5,389)
w(163,2,5,389)
w(162,1,5,389)
r(155,1,5,389)
r(162,1,6,391)
r(162,1,6,391)
w(155,2,6,391)
r(163,2,6,391)
r(162,1,6,391)
r(162,1,7,393)
w(163,3,7,393)
w(162,2,7,393)
w(155,3,7,393)
r(162,2,7,393)
r(162,2,8,395)
r(164,0,8,395)
r(164,0,8,395)
r(164,0,8,395)
r(164,0,8,395)
w(162,3,8,395)
r(155,3,8,395)
w(165,1,8,395)
w(165,2,9,397)
w(165,3,9,397)
r(155,3,9,397)
w(166,1,9,397)
r(154,1,9,397)
r(164,0,9,397)
w(166,2,9,397)
w(164,1,9,397)
w(154,2,10,399)
r(164,1,10,399)
w(166,3,10,399)
r(167,0,10,399)
r(167,0,10,399)
r(167,0,10,399)
w(167,1,11,401)
r(168,0,11,401)
r(167,1,11,401)
w(168,1,11,401)
w(167,2,11,401)
w(164,2,11,401)
r(167,2,11,401)
r(167,2,12,403)
r(168,1,12,403)
w(164,3,12,403)
r(168,1,12,403)
r(167,2,13,405)
w(167,3,13,405)
w(169,1,13,405)
w(170,1,13,405)
r(169,1,13,405)
r(170,1,13,405)
r(170,1,14,407)
w(154,3,14,407)
w(168,2,14,407)
w(170,2,14,407)
w(170,3,14,407)
r(170,3,14,407)
r(169,1,14,407)
r(172,0,15,409)
w(168,3,15,409)
r(169,1,15,409)
r(172,0,15,409)
w(172,1,15,409)
w(172,2,15,409)
w(172,3,16,411)
r(172,3,16,411)
r(173,0,16,411)
r(174,0,16,411)
r(173,0,16,411)
r(174,0,16,411)
r(174,0,16,411)
w(174,1,16,411)
r(154,3,17,413)
r(169,1,17,413)
w(174,2,17,413)
w(169,2,17,413)
w(174,3,18,415)
w(173,1,18,415)
r(174,3,18,415)
r(173,1,18,415)
r(175,0,18,415)
r(169,2,18,415)
w(171,1,19,417)
w(175,1,19,417)
r(169,2,19,417)
w(173,2,19,417)
r(175,1,0,419)
r(169,2,0,419)
r(175,1,0,419)
w(175,2,0,419)
r(169,2,0,419)
w(175,3,0,419)
r(175,3,0,419)
r(175,3,0,419)
r(177,0,0,421)
w(177,1,0,421)
r(177,1,0,421)
r(173,2,0,421)
r(177,1,1,423)
w(173,3,1,423)
w(171,2,1,423)
w(177,2,1,423)
r(171,2,1,423)
w(177,3,1,423)
w(169,3,1,423)
w(171,3,1,423)
r(178,0,2,425)
w(178,1,2,425)
r(178,1,2,425)
w(178,2,2,425)
r(178,2,2,425)
w(178,3,2,425)
w(179,1,3,427)
w(179,2,3,427)
w(180,1,3,427)
r(171,3,3,427)
r(180,1,3,427)
w(180,2,3,427)
r(171,3,4,429)
r(176,0,4,429)
r(179,2,4,429)
w(179,3,4,429)
r(179,3,4,429)
r(179,3,5,431)
r(179,3,5,431)
w(180,3,5,431)
r(180,3,5,431)
r(179,3,5,431)
r(179,3,5,431)
w(182,1,6,433)
w(181,1,6,433)
w(176,1,6,433)
r(181,1,6,433)
w(182,2,6,433)
w(183,1,6,433)
r(181,1,6,433)
r(181,1,6,433)
r(183,1,7,436)
r(171,3,7,436)
w(183,2,7,436)
r(171,3,7,436)
r(181,1,7,436)
w(182,3,8,437)
w(176,2,8,437)
r(182,3,8,437)
w(181,2,8,437)
r(183,1,8,437)
r(181,2,8,437)
w(176,3,9,439)
w(184,1,9,439)
r(171,3,9,439)
w(183,3,9,439)
r(184,1,9,439)
r(184,1,9,439)
w(181,3,10,441)
r(184,1,10,441)
r(184,1,10,441)
r(186,0,10,441)
r(186,0,10,441)
r(183,3,10,441)
r(186,0,11,443)
r(183,3,11,443)
r(186,0,11,443)
w(186,1,11,443)
w(184,2,11,443)
r(186,1,11,443)
w(184,3,12,445)
r(186,1,12,445)
w(186,2,12,445)
w(186,3,12,445)
r(186,3,13,447)
r(187,0,13,447)
w(185,1,13,447)
w(187,1,13,447)
r(176,3,14,449)
r(188,0,14,449)
w(188,1,14,449)
w(188,2,14,449)
r(184,3,15,451)
r(184,3,15,451)
r(184,3,15,451)
r(188,2,15,451)
w(185,2,15,451)
r(185,2,15,451)
w(188,3,15,451)
r(188,3,16,453)
w(187,2,16,453)
r(189,0,16,453)
w(187,3,16,453)
r(188,3,16,453)
w(190,1,16,453)
w(190,2,17,455)
r(187,3,17,455)
r(190,2,17,455)
r(190,2,17,455)
w(185,3,18,457)
w(190,3,18,457)
w(189,1,18,457)
r(189,1,18,457)
w(191,1,18,457)
w(191,2,18,457)
w(191,3,18,457)
r(191,3,19,459)
r(191,3,19,459)
r(191,3,19,459)
w(192,1,19,459)
r(191,3,19,459)
w(193,1,0,461)
r(185,3,0,461)
w(189,2,0,461)
r(193,1,0,461)
r(187,3,0,461)
w(193,2,0,461)
w(192,2,0,461)
r(193,2,0,463)
r(187,3,0,463)
w(189,3,0,463)
w(193,3,0,463)
r(193,3,0,463)
r(193,3,0,463)
r(193,3,0,463)
w(195,1,0,463)
w(196,1,1,465)
w(196,2,1,465)
r(196,2,1,465)
w(195,2,1,465)
r(196,2,1,465)
w(196,3,2,467)
w(194,1,2,467)
r(197,0,2,467)
r(195,2,2,467)
r(195,2,2,467)
r(197,0,3,469)
r(194,1,3,469)
w(194,2,3,469)
r(197,0,3,469)
r(197,0,3,469)
r(197,0,3,469)
w(194,3,3,469)
r(197,0,3,469)
w(197,1,4,471)
r(197,1,4,471)
r(195,2,4,471)
w(197,2,4,471)
r(194,3,5,473)
w(197,3,5,473)
w(195,3,5,473)
r(195,3,5,473)
r(199,0,5,473)
r(200,0,5,473)
w(192,3,5,473)
r(201,0,6,475)
w(201,1,6,475)
r(201,1,6,475)
r(201,1,6,475)
r(201,1,6,475)
w(201,2,7,477)
r(200,0,7,477)
w(200,1,7,477)
r(201,2,7,477)
r(201,2,7,477)
w(198,1,7,477)
w(200,2,7,477)
w(201,3,8,479)
r(201,3,8,479)
w(198,2,8,479)
r(202,0,8,479)
w(199,1,8,479)
r(202,0,8,479)
w(198,3,8,479)
w(202,1,9,481)
r(200,2,9,481)
r(199,1,9,481)
w(200,3,9,481)
w(204,1,10,483)
w(202,2,10,483)
w(204,2,10,483)
r(202,2,10,483)
w(202,3,10,483)
w(204,3,10,483)
r(204,3,10,483)
r(204,3,11,485)
r(202,3,11,485)
r(202,3,11,485)
w(199,2,11,485)
w(205,1,12,487)
r(199,2,12,487)
r(199,2,12,487)
r(205,1,12,487)
w(205,2,12,487)
r(202,3,13,490)
r(202,3,13,490)
w(205,3,13,490)
w(206,1,13,490)
r(205,3,13,490)
w(207,1,14,491)
w(207,2,14,491)
r(205,2,14,491)
r(207,2,14,491)
w(207,3,14,491)
r(203,0,14,491)
r(208,0,14,491)
r(208,0,15,493)
w(208,1,15,493)
r(208,1,15,493)
r(208,1,15,493)
w(199,3,16,495)
w(203,1,16,495)
w(208,2,16,495)
w(206,2,16,495)
r(199,3,16,495)
w(208,3,16,495)
w(209,1,16,495)
w(210,1,16,495)
r(210,1,17,497)
w(209,2,17,497)
w(209,3,17,497)
r(199,3,17,497)
r(199,3,17,497)
w(210,2,17,497)
w(210,3,17,497)
r(209,3,18,499)
w(206,3,18,499)
r(199,3,18,499)
w(211,1,18,499)
w(212,1,18,499)
r(211,1,18,499)
w(211,2,18,499)
r(212,1,18,499)
r(212,1,19,501)
r(211,2,19,501)
r(213,0,19,501)
r(212,1,19,501)
r(212,1,19,501)
r(213,0,19,501)
r(213,0,19,501)
w(211,3,19,501)
r(214,0,0,503)
w(212,2,0,503)
r(211,3,0,503)
r(212,2,0,503)
r(215,0,0,503)
w(212,3,0,503)
r(216,0,0,505)
w(216,1,0,505)
r(216,1,0,505)
w(216,2,0,505)
r(216,2,1,507)
w(214,1,1,507)
w(213,1,1,507)
w(215,1,1,507)
r(216,2,1,507)
w(216,3,1,507)
r(215,1,1,507)
w(215,2,2,509)
w(215,3,2,509)
w(217,1,2,509)
r(216,3,2,509)
r(216,3,2,509)
r(217,1,2,509)
r(216,3,2,509)
r(203,1,3,511)
w(217,2,3,511)
w(213,2,3,511)
w(213,3,3,511)
w(217,3,3,511)
r(218,0,3,511)
w(218,1,3,511)
w(218,2,4,513)
r(219,0,4,513)
r(217,3,4,513)
r(218,2,4,513)
r(220,0,5,515)
r(218,2,5,515)
r(218,2,5,515)
w(219,1,5,515)
w(219,2,5,515)
w(219,3,5,515)
r(203,1,6,517)
r(214,1,6,517)
w(220,1,6,517)
w(218,3,6,517)
w(220,2,6,517)
r(220,2,6,517)
w(220,3,6,517)
r(221,0,7,519)
r(221,0,7,519)
w(221,1,7,519)
r(221,1,7,519)
r(222,0,7,519)
r(221,1,7,519)
w(214,2,7,519)
r(221,1,7,519)
r(223,0,8,521)
r(221,1,8,521)
w(222,1,8,521)
r(222,1,8,521)
r(221,1,9,523)
w(221,2,9,523)
r(221,2,9,523)
w(221,3,9,523)
w(223,1,9,523)
r(221,3,10,525)
w(223,2,10,525)
r(221,3,10,525)
r(221,3,10,525)
w(223,3,10,525)
r(221,3,10,525)
w(225,1,10,525)
w(224,1,10,525)
w(224,2,11,527)
w(222,2,11,527)
w(225,2,11,527)
r(222,2,11,527)
w(214,3,11,527)
w(222,3,12,529)
r(225,2,12,529)
w(225,3,12,529)
r(224,2,12,529)
r(222,3,12,529)
w(224,3,12,529)
r(224,3,12,529)
r(224,3,13,531)
r(214,3,13,531)
r(225,3,13,531)
r(225,3,13,531)
r(222,3,13,531)
r(222,3,13,531)
r(225,3,13,531)
r(224,3,13,531)
w(203,2,14,533)
r(224,3,14,533)
r(224,3,14,533)
w(203,3,14,533)
w(227,1,14,533)
w(228,1,15,535)
w(227,2,15,535)
w(228,2,15,535)
r(228,2,15,535)
r(228,2,15,535)
w(228,3,16,538)
r(203,3,16,538)
w(227,3,16,538)
w(230,1,16,538)
r(230,1,16,538)
r(230,1,18,541)
w(229,2,18,541)
r(230,1,18,541)
r(229,2,18,541)
r(226,0,19,543)
w(226,2,19,543)
r(203,3,19,543)
w(229,3,19,543)
r(226,2,0,545)
w(231,1,0,545)
r(231,1,0,545)
w(230,3,0,545)
r(231,1,0,545)
r(230,3,0,545)
r(232,0,0,545)
r(232,0,0,545)
w(232,1,0,547)
r(232,1,0,547)
r(232,1,0,547)
w(232,2,0,547)
w(232,3,0,547)
r(231,1,0,547)
r(226,2,0,547)
r(232,3,0,547)
r(203,3,1,549)
r(226,2,1,549)
r(233,0,1,549)
r(233,0,1,549)
w(231,2,1,549)
r(231,2,1,549)
w(233,1,2,551)
w(233,2,2,551)
w(226,3,2,551)
w(233,3,2,551)
w(231,3,3,553)
w(234,1,3,553)
w(234,2,3,553)
w(234,3,3,553)
r(231,3,3,553)
r(226,3,4,555)
r(231,3,4,555)
w(236,1,4,555)
w(236,2,4,555)
r(235,0,4,555)
w(236,3,4,555)
w(235,1,4,555)
w(235,2,5,557)
r(231,3,5,557)
w(235,3,5,557)
w(237,1,5,557)
r(235,3,5,557)
r(231,3,6,559)
w(237,2,6,559)
r(231,3,6,559)
r(231,3,6,559)
w(237,3,6,559)
w(239,1,6,559)
r(238,0,6,559)
w(241,1,7,561)
w(241,2,7,561)
r(241,2,7,561)
w(241,3,7,561)
r(241,3,7,561)
r(203,3,7,561)
r(238,0,8,563)
r(238,0,8,563)
r(239,1,8,563)
r(238,0,8,563)
r(242,0,8,563)
r(238,0,8,563)
r(242,0,8,563)
r(242,0,9,565)
r(239,1,9,565)
w(242,1,9,565)
r(242,1,9,565)
r(240,0,9,565)
w(242,2,9,565)
w(238,1,9,565)
w(242,3,10,567)
r(239,1,10,567)
r(239,1,10,567)
w(240,1,10,567)
w(244,1,10,567)
r(244,1,11,569)
w(244,2,11,569)
w(239,2,11,569)
r(244,2,11,569)
w(244,3,11,569)
w(243,1,11,569)
w(238,2,11,569)
w(239,3,11,569)
r(244,3,12,571)
r(245,0,12,571)
w(245,1,12,571)
w(240,2,12,571)
r(239,3,12,571)
r(238,2,12,571)
r(239,3,12,571)
r(238,2,13,573)
w(245,2,13,573)
w(240,3,13,573)
r(245,2,13,573)
w(238,3,13,573)
w(248,1,13,573)
w(246,1,13,573)
r(246,1,14,575)
r(246,1,14,575)
r(245,2,14,575)
w(248,2,14,575)
w(245,3,14,575)
r(245,3,15,577)
w(247,1,15,577)
r(248,2,15,577)
r(245,3,15,577)
r(245,3,15,577)
r(246,1,15,577)
r(246,1,15,577)
w(243,2,16,579)
r(245,3,16,579)
r(245,3,16,579)
w(248,3,16,579)
r(249,0,16,579)
r(249,0,16,579)
r(247,1,17,581)
w(247,2,17,581)
r(250,0,17,581)
w(249,1,17,581)
r(246,1,17,581)
r(246,1,17,581)
r(246,1,17,581)
w(249,2,18,583)
w(246,2,18,583)
w(250,1,18,583)
r(249,2,18,583)
w(246,3,18,583)
r(243,2,18,583)
r(251,0,18,583)
w(249,3,19,585)
r(251,0,19,585)
r(249,3,19,585)
r(243,2,19,585)
r(243,2,19,585)
r(249,3,19,585)
w(251,1,19,585)
r(251,1,0,587)
w(247,3,0,587)
r(247,3,0,587)
r(252,0,0,587)
w(252,1,0,587)
w(252,2,0,587)
w(252,3,0,587)
r(252,3,0,589)
r(251,1,0,589)
w(243,3,0,589)
r(252,3,0,589)
r(251,1,1,591)
r(252,3,1,591)
r(250,1,1,591)
w(251,2,1,591)
r(254,0,1,591)
w(254,1,2,593)
w(254,2,2,593)
r(254,2,2,593)
r(243,3,2,593)
r(243,3,2,593)
w(254,3,2,593)
w(256,1,2,593)
r(256,1,2,593)
w(256,2,3,595)
w(250,2,3,595)
w(256,3,3,595)
r(251,2,3,595)
r(256,3,3,595)
r(256,3,3,595)
r(256,3,4,597)
w(251,3,4,597)
r(257,0,4,597)
r(257,0,4,597)
w(250,3,4,597)
r(253,0,4,597)
r(257,0,5,599)
w(257,1,5,599)
w(255,1,5,599)
w(257,2,5,599)
r(250,3,5,599)
r(258,0,6,601)
r(258,0,6,601)
r(257,2,6,601)
w(253,1,6,601)
w(257,3,6,601)
r(259,0,6,601)
r(257,3,7,603)
w(258,1,7,603)
w(260,1,7,603)
w(258,2,7,603)
w(260,2,7,603)
w(259,1,7,603)
r(260,2,8,605)
r(260,2,8,605)
w(260,3,8,605)
w(258,3,8,605)
w(259,2,8,605)
r(253,1,8,605)
r(258,3,9,607)
r(258,3,9,607)
w(255,2,9,607)
w(262,1,9,607)
r(262,1,9,607)
r(262,1,9,607)
r(262,1,9,607)
r(261,0,9,607)
w(261,1,10,609)
r(262,1,10,609)
r(261,1,10,609)
w(261,2,10,609)
r(259,2,10,609)
w(255,3,10,609)
r(261,2,10,609)
w(261,3,11,611)
w(262,2,11,611)
r(262,2,11,611)
w(262,3,11,611)
r(263,0,12,613)
r(259,2,12,613)
w(264,1,12,613)
w(263,1,12,613)
w(253,2,13,615)
w(263,2,13,615)
r(263,2,13,615)
r(263,2,13,615)
r(264,1,13,615)
w(264,2,13,615)
w(264,3,14,617)
w(265,1,14,617)
r(265,1,14,617)
r(259,2,14,617)
w(263,3,15,619)
w(253,3,15,619)
r(253,3,15,619)
w(265,2,15,619)
r(263,3,15,619)
w(265,3,15,619)
r(263,3,15,619)
r(253,3,16,621)
r(263,3,16,621)
r(259,2,16,621)
r(267,0,16,621)
w(266,1,16,621)
w(259,3,16,621)
r(267,0,17,623)
r(266,1,17,623)
w(266,2,17,623)
r(266,2,17,623)
r(266,2,17,623)
w(267,1,18,625)
r(255,3,18,625)
r(266,2,18,625)
r(266,2,18,625)
r(268,0,18,625)
r(266,2,18,625)
r(266,2,18,625)
r(266,2,19,627)
r(266,2,19,627)
w(268,1,19,627)
r(266,2,19,627)
w(267,2,19,627)
r(255,3,0,629)
w(268,2,0,629)
r(266,2,0,629)
w(269,1,0,629)
w(266,3,0,631)
w(267,3,0,631)
w(268,3,0,631)
r(268,3,0,631)
w(269,2,0,631)
w(270,1,0,631)
r(267,3,0,631)
w(270,2,1,633)
r(270,2,1,633)
r(267,3,1,633)
r(270,2,1,633)
r(255,3,1,633)
r(267,3,1,633)
r(269,2,1,633)
r(269,2,2,635)
w(270,3,2,635)
r(271,0,2,635)
w(272,1,2,635)
r(272,1,3,637)
r(272,1,3,637)
w(272,2,3,637)
r(267,3,3,637)
r(272,2,3,637)
r(272,2,3,637)
r(272,2,4,639)
w(272,3,4,639)
w(274,1,4,639)
w(274,2,4,639)
r(269,2,4,639)
w(274,3,4,639)
r(274,3,4,639)
w(271,1,4,639)
w(273,1,5,641)
w(275,1,5,641)
r(275,1,5,641)
w(276,1,5,641)
r(276,1,5,641)
w(269,3,6,643)
r(276,1,6,643)
r(276,1,6,643)
w(276,2,6,643)
w(275,2,6,643)
r(276,2,6,643)
r(276,2,7,645)
r(276,2,7,645)
w(271,2,7,645)
r(276,2,7,645)
w(276,3,7,645)
w(277,1,7,645)
r(276,3,8,647)
r(276,3,8,647)
w(275,3,8,647)
w(277,2,8,647)
r(276,3,8,647)
w(277,3,8,647)
r(275,3,8,647)
r(273,1,9,649)
r(279,0,9,649)
w(278,1,9,649)
w(278,2,9,649)
w(279,1,9,649)
w(279,2,10,651)
w(279,3,10,651)
r(271,2,10,651)
r(279,3,10,651)
r(280,0,10,651)
w(280,1,10,651)
r(281,0,11,653)
r(281,0,11,653)
r(281,0,11,653)
w(278,3,11,653)
r(271,2,11,653)
w(281,1,11,653)
w(281,2,12,655)
w(281,3,12,655)
r(281,3,12,655)
r(281,3,12,655)
r(281,3,12,655)
r(271,2,13,657)
w(283,1,13,657)
r(283,1,13,657)
r(283,1,13,657)
r(283,1,14,659)
r(282,0,14,659)
w(283,2,14,659)
w(283,3,14,659)
r(283,3,14,659)
r(283,3,14,659)
r(283,3,14,659)
w(282,1,14,659)
r(280,1,15,661)
w(282,2,15,661)
w(284,1,15,661)
w(284,2,15,661)
r(273,1,15,661)
w(282,3,15,661)
r(280,1,16,663)
w(284,3,16,663)
w(286,1,16,663)
w(286,2,16,663)
w(271,3,16,663)
r(285,0,17,665)
w(285,1,17,665)
w(286,3,17,665)
w(287,1,17,665)
r(287,1,18,667)
w(287,2,18,667)
r(287,2,18,667)
w(287,3,18,667)
r(288,0,18,667)
r(288,0,18,667)
w(285,2,19,669)
r(285,2,19,669)
w(273,2,19,669)
r(285,2,19,669)
r(285,2,19,669)
w(285,3,19,669)
r(285,3,0,671)
r(289,0,0,671)
w(289,1,0,671)
r(288,0,0,671)
r(288,0,0,671)
w(288,1,0,671)
r(288,1,0,673)
r(289,1,0,673)
r(288,1,0,673)
r(288,1,0,673)
w(289,2,0,673)
r(288,1,1,675)
w(289,3,1,675)
r(290,0,1,675)
w(288,2,1,675)
w(288,3,1,675)
r(280,1,1,675)
w(290,1,1,675)
r(288,3,2,677)
w(291,1,2,677)
r(291,1,2,677)
w(291,2,2,677)
r(291,2,2,677)
w(291,3,3,679)
w(280,2,3,679)
w(290,2,3,679)
w(290,3,3,679)
r(291,3,4,681)
r(290,3,4,681)
r(280,2,4,681)
w(292,1,4,681)
w(292,2,5,683)
r(292,2,5,683)
w(292,3,5,683)
w(280,3,5,683)
r(294,0,5,683)
r(271,3,5,683)
w(293,1,5,683)
r(294,0,6,685)
r(293,1,6,685)
w(294,1,6,685)
r(294,1,6,685)
r(293,1,6,685)
w(293,2,6,685)
r(293,2,6,685)
r(294,1,6,685)
w(294,2,7,687)
r(294,2,7,687)
w(273,3,7,687)
w(296,1,7,687)
w(294,3,8,689)
r(293,2,8,689)
r(294,3,8,689)
r(295,0,8,689)
r(297,0,8,689)
w(297,1,8,689)
r(297,1,8,689)
r(297,1,8,689)
r(293,2,9,691)
w(297,2,9,691)
r(293,2,9,691)
w(297,3,9,691)
r(295,0,9,691)
w(293,3,9,691)
r(295,0,9,691)
r(297,3,9,691)
r(296,1,10,693)
w(295,1,10,693)
w(296,2,10,693)
r(297,3,10,693)
r(297,3,10,693)
r(297,3,10,693)
r(296,2,11,695)
r(296,2,11,695)
r(296,2,11,695)
r(296,2,11,695)
r(299,0,11,695)
w(296,3,11,695)
w(299,1,11,695)
r(293,3,12,697)
r(296,3,12,697)
r(299,1,12,697)
w(299,2,12,697)
r(293,3,12,697)
r(293,3,13,699)
w(299,3,13,699)
w(300,1,13,699)
r(300,1,13,699)
r(293,3,14,701)
r(296,3,14,701)
r(300,1,14,701)
r(300,1,14,701)
w(302,1,15,703)
w(300,2,15,703)
w(300,3,15,703)
r(300,3,15,703)
r(300,3,16,705)
r(300,3,16,705)
r(300,3,16,705)
w(298,1,16,705)
w(303,1,16,705)
w(303,2,16,705)
w(302,2,16,705)
r(302,2,16,705)
w(301,1,17,707)
w(303,3,17,707)
r(303,3,17,707)
r(302,2,17,707)
r(303,3,17,707)
w(301,2,17,707)
r(295,1,18,709)
r(302,2,18,709)
r(304,0,18,709)
r(298,1,18,709)
r(304,0,19,711)
w(302,3,19,711)
r(302,3,19,711)
r(304,0,19,711)
r(301,2,19,711)
w(305,1,19,711)
w(304,1,19,711)
w(305,2,19,711)
r(304,1,0,713)
r(305,2,0,713)
r(305,2,0,713)
r(304,1,0,713)
r(305,2,0,713)
r(305,2,0,713)
r(304,1,0,715)
w(304,2,0,715)
r(305,2,0,715)
r(304,2,0,715)
w(295,2,0,715)
w(304,3,0,715)
w(305,3,0,715)
r(301,2,1,717)
w(306,1,1,717)
r(306,1,1,717)
w(306,2,1,717)
w(295,3,2,719)
w(298,2,2,719)
r(298,2,2,719)
w(306,3,2,719)
r(306,3,2,719)
w(307,1,2,719)
r(306,3,3,721)
r(308,0,3,721)
r(301,2,3,721)
w(308,1,3,721)
r(307,1,4,723)
r(308,1,4,723)
r(308,1,4,723)
w(307,2,4,723)
r(301,2,5,725)
w(301,3,5,725)
r(308,1,5,725)
r(307,2,5,725)
r(307,2,5,725)
w(308,2,5,725)
w(308,3,5,725)
w(307,3,6,727)
w(309,1,6,727)
r(309,1,6,727)
w(309,2,6,727)
w(309,3,6,727)
r(312,0,7,729)
w(312,1,7,729)
r(311,0,7,729)
r(312,1,7,729)
r(312,1,7,729)
r(312,1,7,729)
r(312,1,7,729)
w(312,2,8,731)
w(312,3,8,731)
w(310,1,8,731)
r(314,0,8,731)
r(314,0,8,731)
w(313,1,8,731)
w(314,1,8,731)
w(314,2,9,733)
w(310,2,9,733)
w(314,3,9,733)
r(310,2,9,733)
w(313,2,9,733)
w(311,1,9,733)
w(315,1,9,733)
r(313,2,10,735)
w(310,3,10,735)
w(315,2,10,735)
r(315,2,10,735)
r(315,2,10,735)
w(315,3,10,735)
r(315,3,11,737)
r(310,3,11,737)
r(315,3,11,737)
w(313,3,11,737)
w(298,3,11,737)
r(315,3,11,737)
r(313,3,11,737)
w(317,1,12,739)
w(317,2,12,739)
w(317,3,12,739)
w(316,1,12,739)
r(311,1,12,739)
w(316,2,12,739)
w(318,1,12,739)
w(316,3,13,741)
r(319,0,13,741)
w(319,1,13,741)
r(318,1,13,741)
w(319,2,14,743)
w(318,2,14,743)
r(318,2,14,743)
r(318,2,14,743)
r(319,2,14,743)
w(319,3,14,743)
w(318,3,14,743)
r(319,3,15,745)
r(319,3,15,745)
r(321,0,15,745)
r(321,0,15,745)
r(311,1,15,745)
r(320,0,15,745)
r(321,0,15,745)
r(321,0,15,745)
r(321,0,16,747)
r(311,1,16,747)
w(321,1,16,747)
r(321,1,16,747)
w(320,1,16,747)
r(311,1,16,747)
r(311,1,16,747)
r(323,0,17,750)
r(323,0,17,750)
w(321,2,17,750)
r(323,0,17,750)
r(321,2,17,750)
r(321,2,19,753)
r(323,0,19,753)
r(324,0,19,753)
w(323,1,19,753)
r(324,0,19,753)
w(324,1,19,753)
r(324,1,19,753)
r(324,1,19,753)
w(324,2,0,755)
r(323,1,0,755)
r(324,2,0,755)
w(311,2,0,755)
w(323,2,0,755)
w(324,3,0,757)
w(323,3,0,757)
r(323,3,0,757)
w(320,2,0,757)
r(325,0,1,759)
r(325,0,1,759)
r(323,3,1,759)
w(320,3,1,759)
r(320,3,1,759)
w(325,1,2,761)
r(326,0,2,761)
w(327,1,2,761)
r(325,1,2,761)
w(326,1,3,763)
w(325,2,3,763)
r(325,2,3,763)
w(326,2,3,763)
r(326,2,3,763)
w(327,2,4,765)
w(327,3,4,765)
r(327,3,4,765)
r(327,3,4,765)
r(326,2,4,765)
w(326,3,4,765)
r(326,3,4,765)
w(325,3,5,767)
w(322,1,5,767)
r(325,3,5,767)
r(328,0,5,767)
r(328,0,5,767)
r(325,3,5,767)
w(322,2,6,769)
r(325,3,6,769)
r(325,3,6,769)
r(326,3,6,769)
r(330,0,6,769)
r(328,0,7,771)
r(330,0,7,771)
w(329,1,7,771)
r(330,0,7,771)
w(329,2,7,771)
w(328,1,7,771)
w(329,3,7,771)
w(330,1,7,771)
w(330,2,8,773)
w(330,3,8,773)
w(331,1,8,773)
r(331,1,8,773)
r(331,1,8,773)
r(331,1,8,773)
w(331,2,8,773)
w(328,2,9,775)
w(331,3,9,775)
r(331,3,9,775)
w(311,3,9,775)
r(328,2,9,775)
w(332,1,9,775)
r(329,3,10,777)
w(328,3,10,777)
w(333,1,10,777)
r(333,1,10,777)
w(334,1,11,779)
r(332,1,11,779)
r(333,1,11,779)
w(333,2,11,779)
w(332,2,11,779)
r(334,1,11,779)
w(335,1,12,781)
w(332,3,12,781)
r(333,2,12,781)
w(336,1,12,781)
r(336,1,12,781)
w(336,2,12,781)
r(322,2,12,781)
w(335,2,12,781)
r(336,2,13,783)
r(334,1,13,783)
r(334,1,13,783)
w(336,3,13,783)
w(337,1,13,783)
r(337,1,13,783)
w(337,2,13,783)
r(337,2,14,785)
r(334,1,14,785)
w(337,3,14,785)
r(334,1,14,785)
w(338,1,14,785)
w(338,2,14,785)
r(338,2,15,787)
r(338,2,15,787)
w(334,2,15,787)
w(338,3,15,787)
r(338,3,16,789)
r(338,3,16,789)
r(333,2,16,789)
r(339,0,16,789)
w(339,1,16,789)
w(339,2,16,789)
r(339,2,16,789)
w(339,3,16,789)
w(334,3,17,791)
w(335,3,17,791)
r(340,0,17,791)
r(341,0,17,791)
w(340,1,17,791)
r(340,1,17,791)
r(341,0,17,791)
w(341,1,18,793)
r(340,1,18,793)
r(340,1,18,793)
r(335,3,18,793)
w(341,2,18,793)
r(341,2,18,793)
r(340,1,18,793)
w(341,3,18,793)
r(322,2,19,795)
r(333,2,19,795)
r(340,1,19,795)
r(341,3,19,795)
r(340,1,19,795)
r(322,2,19,795)
r(340,1,0,797)
w(340,2,0,797)
r(341,3,0,797)
r(341,3,0,797)
r(333,2,0,797)
w(340,3,0,799)
r(333,2,0,799)
r(333,2,0,799)
w(342,1,0,799)
r(343,0,0,799)
r(342,1,1,801)
w(342,2,1,801)
r(342,2,1,801)
w(342,3,1,801)
r(343,0,1,801)
w(344,1,2,803)
r(333,2,2,803)
r(343,0,2,803)
r(344,1,2,803)
w(343,1,2,803)
r(344,1,2,803)
w(333,3,3,805)
w(344,2,3,805)
r(344,2,3,805)
w(344,3,3,805)
r(344,3,3,805)
r(344,3,3,805)
w(345,1,3,805)
r(322,2,3,805)
r(345,1,4,807)
r(343,1,4,807)
r(343,1,4,807)
r(335,3,4,807)
w(345,2,4,807)
w(345,3,4,807)
w(343,2,4,807)
r(345,3,4,807)
r(333,3,5,809)
w(346,1,5,809)
r(346,1,5,809)
r(346,1,5,809)
r(343,2,5,809)
w(346,2,5,809)
r(343,2,5,809)
w(346,3,5,809)
r(347,0,6,811)
w(343,3,6,811)
w(322,3,6,811)
r(347,0,6,811)
r(343,3,6,811)
w(347,1,7,813)
w(349,1,7,813)
r(348,0,7,813)
r(348,0,7,813)
w(348,1,8,815)
w(348,2,8,815)
r(348,2,8,815)
w(349,2,8,815)
r(347,1,8,815)
r(349,2,8,815)
w(348,3,8,815)
w(347,2,8,815)
r(350,0,9,817)
w(349,3,9,817)
w(351,1,9,817)
r(347,2,9,817)
r(351,1,10,819)
w(351,2,10,819)
r(353,0,10,819)
r(353,0,10,819)
r(351,2,10,819)
r(351,2,11,821)
r(353,0,11,821)
w(353,1,11,821)
r(351,2,11,821)
w(351,3,11,821)
r(351,3,12,823)
w(352,1,12,823)
w(350,1,12,823)
w(353,2,12,823)
r(347,2,12,823)
w(353,3,13,825)
w(354,1,13,825)
r(347,2,13,825)
w(347,3,13,825)
w(354,2,13,825)
r(353,3,13,825)
r(347,3,14,827)
r(354,2,14,827)
r(354,2,14,827)
w(354,3,14,827)
r(354,3,14,827)
r(353,3,15,829)
r(353,3,15,829)
r(356,0,15,829)
w(356,1,15,829)
w(356,2,16,831)
r(347,3,16,831)
r(356,2,16,831)
r(352,1,16,831)
r(355,0,16,831)
r(356,2,16,831)
r(355,0,16,831)
w(356,3,17,833)
r(357,0,17,833)
w(355,1,17,833)
r(347,3,17,833)
r(357,0,17,833)
r(357,0,18,835)
w(355,2,18,835)
r(357,0,18,835)
w(355,3,18,835)
w(357,1,18,835)
r(355,3,18,835)
r(357,1,19,837)
w(357,2,19,837)
w(357,3,19,837)
w(359,1,19,837)
r(359,1,0,839)
w(350,2,0,839)
w(360,1,0,839)
r(358,0,0,839)
r(359,1,0,839)
r(359,1,0,841)
r(359,1,0,841)
w(359,2,0,841)
w(360,2,0,841)
w(358,1,0,841)
w(350,3,0,841)
w(359,3,0,841)
r(360,2,1,843)
w(360,3,1,843)
w(362,1,1,843)
r(361,0,1,843)
r(352,1,2,845)
w(361,1,2,845)
r(361,1,2,845)
w(361,2,2,845)
w(361,3,2,845)
w(363,1,2,845)
r(363,1,2,845)
w(362,2,2,845)
w(363,2,3,847)
w(363,3,3,847)
r(363,3,3,847)
r(362,2,3,847)
r(363,3,3,847)
r(362,2,4,849)
r(358,1,4,849)
r(363,3,4,849)
r(364,0,4,849)
r(362,2,4,849)
r(364,0,4,849)
r(364,0,5,851)
r(364,0,5,851)
r(362,2,5,851)
r(358,1,5,851)
r(364,0,6,854)
w(364,1,6,854)
r(364,1,6,854)
r(364,1,6,854)
w(364,2,6,854)
r(364,2,8,857)
w(358,3,8,857)
w(365,1,8,857)
w(362,3,8,857)
r(362,3,8,857)
w(365,2,8,857)
w(365,3,8,857)
r(358,3,9,859)
r(366,0,9,859)
r(366,0,9,859)
r(366,0,9,859)
r(367,0,9,859)
w(366,1,10,861)
r(368,0,10,861)
w(366,2,10,861)
w(366,3,10,861)
r(366,3,10,861)
r(368,0,10,861)
r(366,3,10,861)
r(366,3,11,863)
r(352,1,11,863)
w(368,1,11,863)
r(366,3,11,863)
w(368,2,12,865)
w(368,3,12,865)
r(368,3,12,865)
r(350,3,12,865)
w(370,1,12,865)
w(370,2,12,865)
r(370,2,12,865)
r(367,0,13,867)
w(370,3,13,867)
r(370,3,13,867)
r(371,0,13,867)
w(371,1,14,869)
w(371,2,14,869)
r(369,0,14,869)
r(371,2,14,869)
w(367,1,14,869)
r(371,2,15,871)
r(369,0,15,871)
w(369,1,15,871)
r(371,2,15,871)
w(371,3,15,871)
r(373,0,15,871)
w(373,1,15,871)
w(369,2,16,873)
w(369,3,16,873)
r(367,1,16,873)
r(373,1,16,873)
w(374,1,16,873)
r(374,1,16,873)
r(373,1,16,873)
w(367,2,17,875)
w(373,2,17,875)
r(367,2,17,875)
r(374,1,17,875)
w(373,3,17,875)
r(373,3,18,877)
r(373,3,18,877)
r(367,2,18,877)
w(374,2,18,877)
r(375,0,18,877)
r(375,0,18,877)
r(374,2,18,877)
w(372,1,19,879)
w(367,3,19,879)
w(375,1,19,879)
r(375,1,19,879)
r(375,1,19,879)
w(374,3,19,879)
w(375,2,19,879)
r(374,3,19,879)
w(375,3,0,881)
w(352,3,0,881)
r(372,1,0,881)
r(374,3,0,881)
r(367,3,0,881)
r(375,3,0,881)
r(376,0,0,881)
w(376,1,0,883)
r(352,3,0,883)
w(377,1,0,883)
w(377,2,0,883)
w(377,3,0,883)
r(378,0,0,883)
r(379,0,1,885)
r(376,1,1,885)
w(378,1,1,885)
r(378,1,1,885)
r(378,1,1,885)
w(379,1,2,887)
w(379,2,2,887)
r(376,1,2,887)
w(379,3,2,887)
w(380,1,2,887)
r(378,1,2,887)
r(380,1,2,887)
r(372,1,2,887)
w(378,2,3,890)
r(378,2,3,890)
w(378,3,3,890)
r(376,1,3,890)
w(376,2,3,890)
w(376,3,3,890)
w(380,2,3,890)
w(382,1,3,890)
r(384,0,5,893)
w(384,2,5,893)
w(383,2,5,893)
r(384,2,5,893)
r(384,2,5,893)
r(384,2,6,895)
w(384,3,6,895)
r(384,3,6,895)
r(384,3,6,895)
w(383,3,6,895)
r(385,0,6,895)
r(385,0,6,895)
r(382,1,6,895)
r(381,0,7,897)
r(386,0,7,897)
r(385,0,7,897)
w(385,1,7,897)
r(382,1,7,897)
w(385,2,8,899)
r(385,2,8,899)
r(381,0,8,899)
r(386,0,8,899)
w(385,3,9,901)
r(385,3,9,901)
r(386,0,9,901)
r(372,1,9,901)
w(386,1,9,901)
w(387,1,9,901)
r(382,1,9,901)
r(382,1,9,901)
r(386,1,10,903)
r(387,1,10,903)
r(372,1,10,903)
r(387,1,10,903)
r(386,1,10,903)
r(387,1,10,903)
r(387,1,11,905)
r(381,0,11,905)
w(382,2,11,905)
w(387,2,11,905)
w(382,3,11,905)
w(387,3,11,905)
r(388,0,12,907)
r(388,0,12,907)
r(388,0,12,907)
w(389,1,12,907)
r(389,1,12,907)
r(389,1,12,907)
w(388,1,12,907)
w(388,2,13,909)
w(388,3,13,909)
r(390,0,13,909)
w(390,1,13,909)
r(390,1,13,909)
w(381,1,13,909)
r(390,1,13,909)
w(390,2,14,911)
r(389,1,14,911)
r(390,2,14,911)
w(390,3,14,911)
r(389,1,14,911)
r(391,0,14,911)
r(386,1,14,911)
r(391,0,15,913)
w(389,2,15,913)
w(391,1,15,913)
r(372,1,15,913)
w(391,2,15,913)
w(391,3,15,913)
r(386,1,15,913)
w(389,3,15,913)
r(389,3,16,915)
w(392,1,16,915)
r(392,1,16,915)
r(389,3,16,915)
r(392,1,16,915)
w(372,2,16,915)
w(386,2,16,915)
w(392,2,16,915)
r(393,0,17,917)
w(392,3,17,917)
r(386,2,17,917)
r(392,3,17,917)
w(393,1,17,917)
r(392,3,17,917)
r(392,3,17,917)
r(392,3,18,919)
w(372,3,18,919)
r(392,3,18,919)
w(386,3,18,919)
r(394,0,18,919)
w(394,1,18,919)
r(394,1,18,919)
r(394,1,19,921)
r(394,1,19,921)
r(394,1,19,921)
r(393,1,19,921)
w(394,2,19,921)
r(372,3,0,923)
w(394,3,0,923)
w(395,1,0,923)
r(395,1,0,923)
r(386,3,0,923)
w(393,2,0,925)
w(393,3,0,925)
r(393,3,0,925)
r(395,1,0,925)
w(395,2,0,925)
r(396,0,0,925)
w(395,3,0,925)
r(395,3,0,925)
r(395,3,1,927)
w(398,1,1,927)
w(397,1,1,927)
r(398,1,1,927)
w(396,1,1,927)
w(396,2,1,927)
r(398,1,2,929)
w(398,2,2,929)
r(396,2,2,929)
w(398,3,2,929)
r(398,3,2,929)
w(399,1,3,931)
r(396,2,3,931)
r(400,0,3,931)
w(396,3,3,931)
w(400,1,4,933)
w(400,2,4,933)
r(400,2,4,933)
w(400,3,4,933)
r(402,0,5,935)
r(399,1,5,935)
r(399,1,5,935)
r(402,0,5,935)
r(399,1,6,937)
w(402,1,6,937)
r(401,0,6,937)
w(402,2,6,937)
w(402,3,6,937)
w(403,1,6,937)
r(403,1,6,937)
r(403,1,7,939)
r(403,1,7,939)
w(403,2,7,939)
r(403,2,7,939)
r(399,1,7,939)
w(403,3,7,939)
r(403,3,8,941)
w(401,1,8,941)
w(404,1,8,941)
r(404,1,8,941)
r(399,1,8,941)
r(401,1,8,941)
w(404,2,8,941)
r(401,1,9,943)
w(401,2,9,943)
w(401,3,9,943)
r(401,3,9,943)
r(404,2,9,943)
w(404,3,9,943)
r(404,3,10,945)
w(397,2,10,945)
r(381,1,10,945)
r(399,1,10,945)
r(399,1,10,945)
r(405,0,10,945)
r(401,3,10,945)
r(405,0,11,947)
r(401,3,11,947)
r(399,1,11,947)
r(405,0,11,947)
w(405,1,11,947)
r(399,1,11,947)
r(397,2,11,947)
r(406,0,12,949)
r(406,0,12,949)
w(405,2,12,949)
r(406,0,12,949)
w(406,1,13,951)
w(381,2,13,951)
w(406,2,13,951)
r(406,2,13,951)
w(405,3,13,951)
w(397,3,14,953)
r(405,3,14,953)
r(406,2,14,953)
w(399,2,14,953)
w(406,3,15,955)
r(408,0,15,955)
r(406,3,15,955)
r(408,0,15,955)
r(408,0,15,955)
w(408,1,16,957)
w(408,2,16,957)
w(408,3,16,957)
r(406,3,16,957)
r(409,0,17,959)
w(409,1,17,959)
w(407,1,17,959)
r(406,3,17,959)
r(406,3,18,961)
r(409,1,18,961)
r(406,3,18,961)
r(406,3,18,961)
r(409,1,18,961)
r(409,1,18,961)
r(410,0,19,963)
r(409,1,19,963)
w(409,2,19,963)
r(399,2,19,963)
r(407,1,19,963)
w(410,1,19,963)
r(407,1,19,963)
w(410,2,0,965)
r(409,2,0,965)
w(409,3,0,965)
r(411,0,0,965)
w(411,1,0,965)
w(411,2,0,965)
w(399,3,0,965)
r(410,2,0,965)
w(411,3,0,967)
w(410,3,0,967)
r(407,1,0,967)
r(411,3,0,967)
r(412,0,0,967)
r(412,0,0,967)
w(412,1,1,969)
r(399,3,1,969)
r(412,1,1,969)
r(399,3,1,969)
r(410,3,1,969)
r(399,3,1,969)
r(399,3,1,969)
r(412,1,1,969)
w(413,1,2,971)
w(413,2,2,971)
r(412,1,2,971)
r(412,1,2,971)
r(413,2,2,971)
r(413,2,3,973)
r(413,2,3,973)
r(412,1,3,973)
w(381,3,3,973)
r(412,1,4,975)
r(381,3,4,975)
r(412,1,4,975)
r(412,1,4,975)
w(412,2,4,975)
w(414,1,4,975)
r(412,2,5,977)
w(412,3,5,977)
w(413,3,5,977)
r(407,1,5,977)
r(412,3,5,977)
r(413,3,5,977)
r(412,3,5,977)
r(412,3,5,977)
w(415,1,6,979)
w(415,2,6,979)
r(412,3,6,979)
w(415,3,6,979)
w(414,2,6,979)
r(416,0,6,979)
r(412,3,6,979)
r(412,3,6,979)
r(417,0,7,981)
r(417,0,7,981)
w(417,1,7,981)
w(416,1,7,981)
w(416,2,7,981)
r(417,1,8,983)
r(417,1,8,983)
w(417,2,8,983)
w(417,3,8,983)
w(418,1,8,983)
r(416,2,8,983)
r(418,1,9,985)
r(416,2,9,985)
r(416,2,9,985)
w(418,2,9,985)
w(418,3,9,985)
w(414,3,9,985)
r(416,2,9,985)
w(407,2,10,987)
w(416,3,10,987)
w(420,1,10,987)
r(419,0,10,987)
r(419,0,10,987)
w(419,1,10,987)
w(419,2,10,987)
w(407,3,10,987)
w(419,3,11,990)
r(419,3,11,990)
r(407,3,11,990)
w(421,1,11,990)
w(421,2,11,990)
w(420,2,11,990)
r(423,0,13,993)
r(420,2,13,993)
r(423,0,13,993)
r(423,0,13,993)
w(423,1,13,993)
r(414,3,13,993)
r(422,0,13,993)
r(423,1,13,993)
r(414,3,14,995)
w(422,1,14,995)
r(423,1,14,995)
w(423,2,14,995)
w(423,3,14,995)
r(425,0,15,997)
w(425,1,15,997)
r(423,3,15,997)
r(424,0,15,997)
w(426,1,15,997)
w(426,2,15,997)
w(426,3,15,997)
r(424,0,15,997)
w(427,1,16,999)
w(424,1,16,999)
w(427,2,16,999)
r(424,1,16,999)
w(424,2,17,1001)
r(424,2,17,1001)
w(427,3,17,1001)
r(427,3,17,1001)
w(424,3,17,1001)
r(429,0,17,1001)
w(425,2,17,1001)
w(425,3,17,1001)
w(422,2,18,1004)
r(429,0,18,1004)
w(429,1,18,1004)
w(429,2,18,1004)
w(429,3,18,1004)
r(428,0,18,1004)
r(428,0,18,1004)
w(430,1,19,1005)
w(430,2,19,1005)
r(430,2,19,1005)
r(430,2,19,1005)
r(428,0,19,1005)
r(430,2,19,1005)
w(430,3,19,1005)
w(428,1,19,1005)
r(430,3,0,1007)
r(432,0,0,1007)
w(428,2,0,1007)
r(432,0,0,1007)
r(432,0,0,1007)
w(428,3,0,1007)
w(431,1,0,1007)
r(431,1,0,1007)
r(432,0,0,1009)
r(428,3,0,1009)
r(432,0,0,1009)
r(431,1,0,1009)
r(381,3,0,1009)
w(432,1,0,1009)
w(432,2,1,1011)
r(432,2,1,1011)
r(432,2,1,1011)
r(432,2,1,1011)
w(432,3,1,1011)
r(431,1,1,1011)
r(432,3,1,1011)
r(432,3,1,1011)
w(431,2,2,1013)
w(433,1,2,1013)
r(433,1,2,1013)
w(433,2,2,1013)
w(433,3,2,1013)
r(428,3,2,1013)
w(435,1,3,1015)
r(434,0,3,1015)
r(422,2,3,1015)
w(435,2,3,1015)
r(434,0,3,1015)
w(435,3,4,1017)
w(431,3,4,1017)
r(436,0,4,1017)
r(436,0,4,1017)
r(436,0,4,1017)
r(436,0,4,1017)
w(436,1,5,1019)
r(434,0,5,1019)
w(434,1,5,1019)
w(434,2,5,1019)
w(436,2,5,1019)
r(434,2,5,1019)
w(436,3,5,1019)
r(434,2,6,1021)
w(434,3,6,1021)
r(438,0,6,1021)
r(438,0,6,1021)
w(422,3,6,1021)
r(438,0,6,1021)
r(438,0,6,1021)
r(437,0,6,1021)
r(438,0,7,1023)
r(437,0,7,1023)
r(437,0,7,1023)
r(438,0,7,1023)
r(438,0,7,1023)
r(434,3,7,1023)
w(438,1,7,1023)
r(434,3,7,1023)
r(438,1,8,1025)
r(438,1,8,1025)
r(437,0,8,1025)
r(438,1,8,1025)
w(437,1,8,1025)
w(438,2,9,1027)
w(439,1,9,1027)
w(439,2,9,1027)
w(438,3,9,1027)
r(438,3,9,1027)
r(438,3,9,1027)
r(439,2,10,1029)
w(439,3,10,1029)
w(441,1,10,1029)
r(441,1,10,1029)
w(441,2,10,1029)
r(437,1,10,1029)
r(439,3,11,1031)
w(441,3,11,1031)
r(442,0,11,1031)
w(442,1,11,1031)
w(442,2,12,1033)
r(442,2,12,1033)
r(442,2,12,1033)
w(442,3,12,1033)
r(443,0,12,1033)
r(443,0,12,1033)
r(439,3,12,1033)
r(439,3,13,1035)
r(439,3,13,1035)
w(443,1,13,1035)
r(439,3,13,1035)
r(440,0,13,1035)
r(439,3,13,1035)
w(443,2,14,1037)
r(439,3,14,1037)
w(443,3,14,1037)
r(444,0,14,1037)
w(445,1,15,1039)
r(445,1,15,1039)
r(437,1,15,1039)
w(445,2,15,1039)
r(445,2,15,1039)
w(445,3,15,1039)
r(437,1,15,1039)
r(446,0,15,1039)
r(446,0,16,1041)
w(446,1,16,1041)
r(446,1,16,1041)
r(446,1,16,1041)
r(437,1,16,1041)
r(446,1,16,1041)
r(444,0,16,1041)
r(446,1,16,1041)
w(437,2,17,1043)
w(446,2,17,1043)
r(446,2,17,1043)
w(444,1,17,1043)
r(444,1,18,1045)
r(446,2,18,1045)
w(446,3,18,1045)
r(447,0,18,1045)
r(447,0,18,1045)
r(440,0,19,1047)
w(444,2,19,1047)
w(447,1,19,1047)
w(444,3,19,1047)
r(448,0,19,1047)
w(447,2,19,1047)
r(447,2,19,1047)
r(437,2,0,1049)
r(381,3,0,1049)
r(448,0,0,1049)
w(447,3,0,1049)
r(449,0,0,1049)
w(437,3,0,1049)
w(448,1,0,1049)
r(449,0,0,1051)
w(449,1,0,1051)
r(448,1,0,1051)
r(448,1,0,1051)
r(449,1,0,1051)
w(448,2,1,1054)
r(449,1,1,1054)
r(449,1,1,1054)
w(448,3,1,1054)
r(449,1,1,1054)
w(449,2,2,1055)
r(448,1,2,1055)
w(449,3,2,1055)
r(448,1,2,1055)
r(440,0,2,1055)
r(449,3,2,1055)
r(451,0,2,1055)
r(451,0,2,1055)
r(451,0,3,1057)
r(451,0,3,1057)
r(451,0,3,1057)
w(451,1,3,1057)
w(452,1,3,1057)
r(452,1,3,1057)
w(452,2,3,1057)
w(452,3,3,1057)
r(451,1,4,1059)
r(452,3,4,1059)
w(450,1,4,1059)
r(452,3,4,1059)
w(453,1,4,1059)
r(453,1,4,1059)
w(450,2,5,1061)
w(453,2,5,1061)
w(453,3,5,1061)
r(451,1,5,1061)
r(451,1,6,1063)
r(451,1,6,1063)
r(450,2,6,1063)
w(454,1,6,1063)
r(440,0,6,1063)
r(451,1,7,1065)
r(451,1,7,1065)
r(454,1,7,1065)
w(454,2,7,1065)
r(451,1,7,1065)
r(454,2,7,1065)
w(454,3,7,1065)
r(450,2,8,1067)
w(440,1,8,1067)
w(451,2,8,1067)
r(451,2,8,1067)
w(451,3,8,1067)
w(456,1,9,1069)
w(450,3,9,1069)
r(456,1,9,1069)
r(456,1,9,1069)
r(456,1,9,1069)
r(451,3,9,1069)
w(456,2,9,1069)
r(456,2,10,1071)
r(456,2,10,1071)
w(458,1,10,1071)
w(456,3,10,1071)
r(457,0,10,1071)
w(457,1,11,1073)
w(458,2,11,1073)
r(456,3,11,1073)
r(457,1,11,1073)
r(457,1,11,1073)
w(459,1,12,1075)
r(458,2,12,1075)
w(459,2,12,1075)
r(458,2,12,1075)
r(457,1,12,1075)
w(458,3,12,1075)
w(440,2,12,1075)
r(458,3,13,1077)
w(455,1,13,1077)
w(459,3,13,1077)
r(458,3,13,1077)
w(457,2,13,1077)
w(440,3,13,1077)
r(457,2,13,1077)
r(460,0,14,1079)
w(460,1,14,1079)
r(457,2,14,1079)
r(460,1,14,1079)
w(457,3,15,1081)
w(460,2,15,1081)
r(460,2,15,1081)
r(457,3,15,1081)
r(460,2,15,1081)
r(457,3,15,1081)
r(460,2,16,1083)
r(457,3,16,1083)
r(460,2,16,1083)
r(460,2,16,1083)
w(460,3,16,1083)
r(460,3,17,1085)
r(461,0,17,1085)
r(461,0,17,1085)
r(460,3,17,1085)
w(464,1,17,1085)
r(464,1,17,1085)
r(464,1,17,1085)
w(464,2,17,1085)
w(464,3,18,1087)
r(464,3,18,1087)
r(463,0,18,1087)
r(465,0,18,1087)
r(465,0,18,1087)
r(462,0,18,1087)
w(461,1,18,1087)
r(461,1,19,1091)
w(465,1,19,1091)
r(465,1,19,1091)
w(465,2,19,1091)
r(465,2,19,1091)
r(465,2,19,1091)
r(462,0,19,1091)
w(462,1,0,1093)
w(462,2,0,1093)
w(466,3,0,1093)
r(463,0,0,1093)
r(466,3,0,1093)
r(466,3,0,1093)
r(466,3,1,1095)
r(466,3,1,1095)
r(463,0,1,1095)
r(466,3,1,1095)
r(466,3,2,1097)
r(462,2,2,1097)
r(461,1,2,1097)
r(463,0,2,1097)
w(462,3,2,1097)
w(463,2,3,1099)
r(463,2,3,1099)
r(463,2,3,1099)
w(467,1,3,1099)
r(468,0,4,1101)
r(467,1,4,1101)
w(467,2,4,1101)
r(467,2,4,1101)
r(467,2,4,1101)
r(463,2,4,1101)
w(463,3,5,1103)
r(455,1,5,1103)
r(467,2,5,1103)
w(467,3,5,1103)
r(469,0,6,1105)
r(468,0,6,1105)
w(469,1,6,1105)
w(469,2,6,1105)
w(468,1,6,1105)
r(468,1,6,1105)
r(469,2,6,1105)
r(469,2,7,1107)
r(468,1,7,1107)
w(468,2,7,1107)
r(470,0,7,1107)
r(468,2,7,1107)
w(469,3,7,1107)
w(470,1,7,1107)
w(455,2,8,1109)
r(469,3,8,1109)
w(470,2,8,1109)
r(469,3,8,1109)
r(470,2,8,1109)
w(461,3,8,1109)
r(469,3,8,1109)
r(469,3,9,1111)
w(468,3,9,1111)
r(468,3,9,1111)
w(455,3,9,1111)
w(470,3,9,1111)
r(471,0,10,1114)
w(471,1,10,1114)
r(471,1,10,1114)
w(473,1,10,1114)
r(473,1,10,1114)
r(473,1,10,1114)
r(474,0,12,1117)
r(472,0,12,1117)
r(472,0,12,1117)
r(474,0,12,1117)
r(472,0,12,1117)
w(474,1,12,1117)
r(474,1,12,1117)
r(474,1,13,1119)
r(471,1,13,1119)
r(472,0,13,1119)
r(474,1,13,1119)
r(471,1,13,1119)
w(474,2,13,1119)
r(472,0,14,1121)
r(476,0,14,1121)
w(474,3,14,1121)
w(476,1,14,1121)
w(476,2,14,1121)
r(477,0,14,1121)
r(476,2,14,1121)
w(477,1,15,1123)
w(477,2,15,1123)
w(478,1,15,1123)
w(475,1,15,1123)
w(472,1,15,1123)
r(476,2,16,1125)
w(476,3,16,1125)
w(472,2,16,1125)
r(472,2,16,1125)
r(477,2,17,1127)
r(477,2,17,1127)
r(477,2,17,1127)
r(472,2,17,1127)
w(479,1,17,1127)
w(475,2,17,1127)
w(479,2,17,1127)
w(472,3,18,1129)
w(478,2,18,1129)
w(477,3,18,1129)
r(479,2,18,1129)
w(479,3,19,1131)
r(479,3,19,1131)
r(480,0,19,1131)
r(472,3,19,1131)
r(479,3,19,1131)
r(480,0,0,1133)
w(480,1,0,1133)
r(480,1,0,1133)
w(480,2,0,1133)
w(480,3,0,1133)
r(480,3,0,1133)
w(478,3,0,1135)
r(480,3,0,1135)
r(479,3,0,1135)
r(480,3,0,1135)
r(479,3,0,1135)
r(472,3,0,1135)
r(472,3,0,1135)
r(480,3,0,1135)
w(482,3,2,1138)
w(483,1,2,1138)
r(479,3,2,1138)
w(481,1,2,1138)
r(481,1,2,1138)
w(483,2,2,1138)
r(475,2,2,1138)
r(481,1,3,1141)
w(483,3,3,1141)
r(483,3,3,1141)
r(484,0,3,1141)
w(475,3,4,1143)
w(485,1,4,1143)
r(484,0,4,1143)
w(485,2,4,1143)
r(481,1,4,1143)
r(484,0,4,1143)
r(484,0,5,1145)
w(486,1,5,1145)
w(484,1,5,1145)
r(486,1,5,1145)
w(484,2,6,1147)
r(481,1,6,1147)
w(485,3,6,1147)
r(484,2,6,1147)
r(484,2,6,1147)
r(484,2,6,1147)
r(484,2,7,1149)
r(481,1,7,1149)
r(484,2,7,1149)
r(485,3,7,1149)
r(485,3,7,1149)
w(484,3,7,1149)
r(484,3,7,1149)
r(484,3,7,1149)
r(484,3,8,1151)
r(487,0,8,1151)
w(488,1,8,1151)
r(487,0,8,1151)
w(481,2,8,1151)
w(487,1,9,1153)
w(488,2,9,1153)
r(488,2,9,1153)
r(488,2,9,1153)
r(488,2,9,1153)
w(488,3,9,1153)
r(488,3,9,1153)
r(488,3,10,1155)
w(487,2,10,1155)
w(487,3,10,1155)
w(481,3,10,1155)
r(488,3,10,1155)
r(488,3,11,1157)
w(490,1,11,1157)
w(490,2,11,1157)
w(490,3,11,1157)
r(490,3,11,1157)
w(489,1,11,1157)
w(489,2,11,1157)
r(490,3,11,1157)
r(489,2,12,1159)
w(489,3,12,1159)
r(481,3,12,1159)
r(490,3,12,1159)
r(490,3,12,1159)
r(490,3,12,1159)
r(491,0,12,1159)
w(493,1,12,1159)
w(493,2,13,1161)
w(493,3,13,1161)
w(491,1,13,1161)
w(494,1,13,1161)
r(494,1,13,1161)
w(491,2,13,1161)
r(494,1,14,1163)
r(494,1,14,1163)
r(494,1,14,1163)
r(494,1,14,1163)
w(494,2,14,1163)
w(491,3,14,1163)
w(486,2,14,1163)
r(494,2,15,1165)
r(494,2,15,1165)
r(494,2,15,1165)
r(496,0,15,1165)
r(496,0,15,1165)
w(494,3,15,1165)
r(492,0,15,1165)
w(496,1,15,1165)
w(486,3,16,1167)
r(497,0,16,1167)
w(496,2,16,1167)
w(497,1,16,1167)
w(492,1,16,1167)
w(496,3,16,1167)
w(497,2,16,1167)
w(497,3,17,1169)
w(498,1,17,1169)
r(499,0,17,1169)
w(499,1,17,1169)
w(499,2,17,1169)
w(499,3,17,1169)
w(492,2,17,1169)
w(498,2,18,1171)
r(500,0,18,1171)
w(492,3,18,1171)
w(498,3,18,1171)
w(500,1,18,1171)
w(502,1,18,1171)
w(503,1,19,1173)
r(502,1,19,1173)
w(501,1,19,1173)
r(502,1,19,1173)
r(503,1,19,1173)
w(501,2,19,1173)
r(502,1,0,1175)
r(503,1,0,1175)
w(503,2,0,1175)
r(503,2,0,1175)
w(503,3,0,1175)
w(501,3,0,1175)
w(500,2,0,1177)
w(504,1,0,1177)
r(504,1,0,1177)
r(502,1,0,1177)
r(501,3,1,1179)
w(504,2,1,1179)
r(495,0,1,1179)
w(504,3,1,1179)
w(505,1,1,1179)
r(505,1,1,1179)
w(505,2,1,1179)
r(506,0,1,1179)
r(506,0,2,1181)
w(506,1,2,1181)
r(502,1,2,1181)
r(505,2,2,1181)
r(495,0,2,1181)
r(505,2,2,1181)
