r(4,0,0,1)
w(4,1,0,1)
w(3,1,0,1)
w(3,2,0,1)
w(4,2,0,1)
w(4,3,1,3)
w(3,3,1,3)
r(3,3,1,3)
r(2,0,1,3)
r(4,3,2,5)
r(6,0,2,5)
w(5,1,2,5)
w(5,2,2,5)
w(5,3,3,7)
r(2,0,3,7)
r(5,3,3,7)
w(2,1,3,7)
r(6,0,4,9)
r(5,3,4,9)
r(6,0,4,9)
w(6,1,4,9)
w(0,1,5,11)
w(6,2,5,11)
r(6,2,5,11)
w(1,1,5,11)
r(2,1,5,11)
w(2,2,5,11)
r(1,1,6,13)
r(6,2,6,13)
r(7,0,6,13)
w(7,1,6,13)
w(7,2,7,15)
r(6,2,7,15)
r(6,2,7,15)
r(7,2,7,15)
r(6,2,7,15)
r(7,2,8,17)
w(6,3,8,17)
r(6,3,8,17)
r(7,2,8,17)
w(7,3,9,19)
r(7,3,9,19)
r(6,3,9,19)
w(2,3,9,19)
r(2,3,9,19)
r(6,3,10,21)
r(1,1,10,21)
r(6,3,10,21)
r(2,3,10,21)
w(1,2,10,21)
w(8,1,10,21)
w(8,2,11,23)
r(6,3,11,23)
r(8,2,11,23)
w(9,1,11,23)
r(8,2,12,25)
r(6,3,12,25)
w(8,3,12,25)
r(6,3,12,25)
r(1,2,12,25)
w(10,1,12,25)
r(1,2,13,27)
r(9,1,13,27)
w(1,3,13,27)
r(6,3,13,27)
r(10,1,13,27)
r(10,1,13,27)
r(0,1,13,27)
r(10,1,13,27)
r(10,1,14,29)
w(10,2,14,29)
r(9,1,14,29)
w(11,1,14,29)
r(1,3,15,31)
r(11,1,15,31)
r(0,1,15,31)
w(11,2,15,31)
w(11,3,15,31)
r(10,2,15,31)
r(11,3,15,31)
w(10,3,15,31)
r(10,3,16,33)
r(9,1,16,33)
w(12,1,16,33)
r(12,1,16,33)
r(12,1,16,33)
r(11,3,17,35)
r(12,1,17,35)
r(11,3,17,35)
r(12,1,17,35)
r(12,1,17,35)
w(9,2,17,35)
w(12,2,17,35)
r(14,0,18,37)
r(12,2,18,37)
r(9,2,18,37)
w(12,3,18,37)
w(13,1,19,39)
w(9,3,19,39)
r(15,0,19,39)
r(9,3,19,39)
r(15,0,0,41)
w(13,2,0,41)
w(13,3,0,41)
r(15,0,0,41)
r(0,1,0,41)
r(9,3,0,41)
r(16,0,0,43)
r(15,0,0,43)
w(15,1,0,43)
r(9,3,0,43)
r(15,1,0,43)
r(15,1,1,45)
r(16,0,1,45)
w(15,2,1,45)
w(15,3,1,45)
w(18,1,2,47)
w(17,1,2,47)
r(17,1,2,47)
w(16,1,2,47)
w(17,2,2,47)
w(16,2,3,49)
w(16,3,3,49)
r(17,2,3,49)
w(18,2,3,49)
w(17,3,3,49)
w(18,3,3,49)
w(19,1,3,49)
r(19,1,3,49)
r(18,3,4,51)
r(18,3,4,51)
r(18,3,4,51)
w(19,2,4,51)
r(18,3,4,51)
r(19,2,5,53)
r(20,0,5,53)
w(20,1,5,53)
r(20,1,5,53)
w(20,2,5,53)
w(20,3,6,55)
w(14,1,6,55)
w(0,2,6,55)
w(21,1,6,55)
w(21,2,6,55)
w(21,3,6,55)
r(17,3,6,55)
r(17,3,7,57)
w(14,2,7,57)
r(21,3,7,57)
w(19,3,7,57)
r(14,2,7,57)
r(22,0,7,57)
r(17,3,8,59)
r(23,0,8,59)
w(22,1,8,59)
r(22,1,8,59)
w(14,3,8,59)
w(22,2,8,59)
r(22,2,8,59)
r(23,0,9,63)
w(22,3,9,63)
r(23,0,9,63)
w(24,1,9,63)
w(24,2,9,63)
w(0,3,9,63)
r(24,2,9,63)
r(24,0,11,65)
r(23,0,11,65)
w(26,1,11,65)
w(26,2,11,65)
r(26,2,12,67)
w(26,3,12,67)
r(26,3,12,67)
w(28,1,12,67)
w(25,1,12,67)
w(27,1,13,69)
r(28,1,13,69)
w(23,3,13,69)
r(28,1,13,69)
r(27,1,13,69)
r(27,1,13,69)
r(27,1,13,69)
w(28,2,14,71)
w(28,3,14,71)
r(28,3,14,71)
r(29,0,14,71)
w(29,1,14,71)
w(30,1,14,71)
r(27,1,14,71)
r(27,1,15,73)
r(30,1,15,73)
w(30,2,15,73)
w(29,2,15,73)
r(29,2,15,73)
w(29,3,15,73)
w(27,2,15,73)
r(30,2,16,75)
w(30,3,16,75)
w(31,1,16,75)
w(31,2,16,75)
r(0,3,17,77)
w(32,1,17,77)
w(27,3,17,77)
w(31,3,17,77)
r(32,1,17,77)
r(31,3,17,77)
w(32,2,17,77)
r(32,2,18,79)
w(32,3,18,79)
w(33,1,18,79)
r(33,1,18,79)
w(33,2,18,79)
w(25,2,18,79)
w(25,3,18,79)
r(33,2,19,81)
r(33,2,19,81)
r(27,3,19,81)
w(34,1,19,81)
r(33,2,19,81)
w(33,3,19,81)
w(34,2,19,81)
w(34,3,19,81)
r(33,3,0,83)
r(34,3,0,83)
r(0,3,0,83)
r(27,3,0,83)
w(37,1,0,83)
r(36,0,0,83)
w(35,1,0,85)
r(36,0,0,85)
w(37,2,0,85)
w(35,2,0,85)
w(37,3,0,85)
r(35,2,1,87)
w(36,1,1,87)
w(38,1,1,87)
w(36,2,1,87)
r(39,0,2,89)
r(39,0,2,89)
r(36,2,2,89)
r(36,2,2,89)
w(36,3,2,89)
w(38,2,2,89)
r(38,2,2,89)
r(35,2,2,89)
w(39,1,3,91)
w(39,2,3,91)
w(40,1,3,91)
r(40,1,3,91)
w(39,3,3,91)
w(40,2,3,91)
r(39,3,3,91)
w(40,3,3,91)
r(38,2,4,93)
r(40,3,4,93)
w(38,3,4,93)
r(38,3,4,93)
r(35,2,4,93)
r(35,2,4,93)
w(41,1,5,95)
r(42,0,5,95)
w(42,1,5,95)
r(42,1,5,95)
r(38,3,5,95)
r(41,1,5,95)
w(42,2,6,97)
w(42,3,6,97)
w(44,1,6,97)
r(43,0,6,97)
r(44,1,6,97)
r(44,1,6,97)
w(44,2,7,99)
w(44,3,7,99)
w(45,1,7,99)
w(45,2,7,99)
r(41,1,7,99)
w(45,3,8,101)
r(43,0,8,101)
w(43,1,8,101)
r(46,0,8,101)
w(41,2,9,103)
r(43,1,9,103)
w(43,2,9,103)
w(43,3,9,103)
r(41,2,9,103)
r(47,0,9,103)
r(41,2,9,103)
w(46,1,9,103)
r(47,0,10,105)
r(46,1,10,105)
r(46,1,10,105)
w(47,1,10,105)
w(35,3,10,105)
r(41,2,11,107)
r(47,1,11,107)
w(41,3,11,107)
r(47,1,11,107)
r(46,1,11,107)
w(47,2,11,107)
w(47,3,12,109)
w(46,2,12,109)
w(46,3,12,109)
r(46,3,12,109)
r(48,0,13,111)
r(47,3,13,111)
w(50,1,13,111)
r(50,1,13,111)
r(50,1,13,111)
r(50,1,13,111)
w(50,2,13,111)
w(50,3,13,111)
r(50,3,14,113)
r(50,3,14,113)
r(51,0,14,113)
r(51,0,14,113)
w(53,1,14,113)
r(53,1,15,115)
r(52,0,15,115)
r(53,1,15,115)
w(48,1,15,115)
r(53,1,15,115)
r(52,0,15,115)
w(53,2,16,117)
r(53,2,16,117)
r(51,0,16,117)
r(53,2,16,117)
r(52,0,17,119)
w(52,1,17,119)
w(53,3,17,119)
w(52,2,17,119)
w(49,1,17,119)
w(54,1,18,121)
r(54,1,18,121)
r(54,1,18,121)
w(54,2,18,121)
r(54,2,18,121)
w(48,2,19,123)
w(54,3,19,123)
r(54,3,19,123)
r(55,0,19,123)
w(55,1,19,123)
r(55,1,19,123)
r(55,1,0,125)
r(55,1,0,125)
w(52,3,0,125)
w(48,3,0,125)
w(55,2,0,125)
r(55,2,0,125)
w(55,3,0,125)
w(51,1,0,127)
r(55,3,0,127)
w(51,2,0,127)
r(56,0,0,127)
r(57,0,1,129)
r(57,0,1,129)
w(57,1,1,129)
w(57,2,1,129)
r(56,0,1,129)
w(56,1,1,129)
r(51,2,2,131)
w(56,2,2,131)
r(57,2,2,131)
w(56,3,2,131)
r(48,3,2,131)
w(57,3,2,131)
r(56,3,2,131)
w(58,1,2,131)
r(58,1,3,133)
r(56,3,3,133)
r(58,1,3,133)
r(58,1,3,133)
w(60,1,3,133)
r(51,2,4,135)
w(51,3,4,135)
r(58,1,4,135)
w(58,2,4,135)
r(58,2,4,135)
w(59,1,4,135)
r(51,3,4,135)
r(51,3,4,135)
w(58,3,5,137)
w(60,2,5,137)
r(61,0,5,137)
r(61,0,5,137)
r(51,3,5,137)
w(60,3,6,139)
w(61,1,6,139)
r(49,1,6,139)
r(61,1,6,139)
w(61,2,6,139)
w(61,3,6,139)
r(61,3,7,141)
r(60,3,7,141)
r(61,3,7,141)
r(62,0,7,141)
w(62,1,7,141)
w(62,2,7,141)
r(62,2,7,141)
w(62,3,8,143)
r(59,1,8,143)
r(63,0,8,143)
r(49,1,8,143)
r(62,3,9,145)
w(65,1,9,145)
r(63,0,9,145)
r(63,0,9,145)
r(65,1,9,145)
r(59,1,9,145)
r(65,1,9,145)
r(65,1,10,147)
r(65,1,10,147)
r(59,1,10,147)
w(59,2,10,147)
r(65,1,11,149)
w(65,2,11,149)
r(63,0,11,149)
w(63,1,11,149)
r(64,0,11,149)
w(65,3,11,149)
r(64,0,11,149)
r(65,3,12,152)
w(66,1,12,152)
r(63,1,12,152)
r(66,1,12,152)
w(66,2,12,152)
w(63,2,12,152)
r(67,0,14,155)
r(66,2,14,155)
w(67,1,14,155)
w(66,3,14,155)
w(67,2,15,157)
w(67,3,15,157)
r(67,3,15,157)
w(64,2,15,157)
r(68,0,15,157)
r(68,0,15,157)
w(69,1,16,159)
r(64,2,16,159)
w(69,2,16,159)
w(68,1,16,159)
r(68,1,16,159)
r(68,1,17,161)
r(68,1,17,161)
r(59,2,17,161)
w(68,2,17,161)
w(49,2,17,161)
w(68,3,17,161)
r(68,3,18,163)
r(59,2,18,163)
w(70,1,18,163)
w(59,3,18,163)
w(69,3,18,163)
w(49,3,18,163)
r(70,1,18,163)
w(70,2,19,165)
w(70,3,19,165)
w(71,1,19,165)
r(71,1,19,165)
r(64,2,19,165)
r(72,0,19,165)
w(72,1,19,165)
r(72,1,19,165)
w(72,2,0,167)
r(72,2,0,167)
w(72,3,0,167)
r(72,3,0,167)
r(72,3,0,167)
r(72,3,0,167)
r(71,1,0,167)
w(73,1,0,169)
r(64,2,0,169)
w(64,3,0,169)
r(64,3,0,169)
r(71,1,1,171)
r(73,1,1,171)
w(71,2,1,171)
w(73,2,1,171)
w(73,3,1,171)
w(71,3,1,171)
r(74,0,1,171)
r(75,0,1,171)
r(71,3,2,173)
w(75,1,2,173)
r(75,1,2,173)
w(75,2,2,173)
w(75,3,3,175)
w(77,1,3,175)
w(78,1,3,175)
w(78,2,3,175)
w(79,1,3,175)
r(77,1,3,175)
r(79,1,3,175)
r(79,1,3,175)
r(77,1,4,177)
w(79,2,4,177)
r(79,2,4,177)
w(76,1,4,177)
r(79,2,4,177)
w(78,3,4,177)
r(79,2,5,179)
w(76,2,5,179)
r(77,1,5,179)
w(79,3,5,179)
r(79,3,5,179)
r(78,3,5,179)
r(80,0,6,181)
w(80,1,6,181)
r(80,1,6,181)
r(80,1,6,181)
r(80,1,6,181)
w(80,2,6,181)
r(80,2,7,183)
w(80,3,7,183)
r(80,3,7,183)
r(82,0,7,183)
r(77,1,7,183)
w(82,1,7,183)
r(82,1,8,185)
w(82,2,8,185)
r(82,2,8,185)
r(82,2,8,185)
r(82,2,8,185)
w(82,3,8,185)
r(83,0,9,187)
r(81,0,9,187)
w(83,1,9,187)
w(83,2,9,187)
w(81,1,9,187)
r(83,2,9,187)
w(76,3,10,189)
r(83,2,10,189)
r(83,2,10,189)
r(83,2,10,189)
r(74,0,11,191)
r(81,1,11,191)
w(83,3,11,191)
w(77,2,11,191)
w(81,2,12,193)
r(81,2,12,193)
r(81,2,12,193)
r(81,2,12,193)
r(81,2,12,193)
r(81,2,12,193)
w(84,1,13,195)
w(84,2,13,195)
r(84,2,13,195)
w(81,3,13,195)
w(84,3,13,195)
r(84,3,13,195)
r(77,2,13,195)
r(86,0,14,197)
r(85,0,14,197)
w(86,1,14,197)
r(85,0,14,197)
w(77,3,14,197)
w(86,2,15,199)
r(86,2,15,199)
r(74,0,15,199)
w(86,3,15,199)
r(88,0,16,201)
r(85,0,16,201)
r(88,0,16,201)
w(88,1,16,201)
w(85,1,16,201)
r(88,1,16,201)
r(87,0,16,201)
w(88,2,17,203)
w(88,3,17,203)
r(87,0,17,203)
w(89,1,17,203)
r(87,0,17,203)
w(89,2,17,203)
r(89,2,18,205)
w(89,3,18,205)
r(89,3,18,205)
w(85,2,18,205)
w(85,3,19,207)
r(89,3,19,207)
r(85,3,19,207)
r(89,3,19,207)
r(85,3,0,209)
r(85,3,0,209)
r(90,0,0,209)
r(85,3,0,209)
r(87,0,0,209)
r(85,3,0,211)
r(90,0,0,211)
r(90,0,0,211)
r(90,0,0,211)
r(90,0,0,211)
r(87,0,0,211)
r(90,0,0,211)
r(87,0,1,213)
w(90,1,1,213)
w(90,2,1,213)
r(92,0,1,213)
r(92,0,1,213)
w(90,3,1,213)
w(74,1,2,215)
w(92,1,2,215)
r(92,1,2,215)
w(92,2,2,215)
r(92,2,2,215)
w(93,1,3,217)
w(93,2,3,217)
r(93,2,3,217)
r(92,2,3,217)
w(93,3,3,217)
r(93,3,3,217)
w(94,1,3,217)
r(94,1,3,217)
w(92,3,4,219)
r(94,1,4,219)
r(94,1,4,219)
r(94,1,4,219)
w(94,2,4,219)
w(94,3,4,219)
r(92,3,4,219)
r(92,3,4,219)
w(95,1,5,221)
w(95,2,5,221)
r(95,2,5,221)
r(96,0,5,221)
r(74,1,5,221)
r(95,2,5,221)
w(96,1,5,221)
w(95,3,5,221)
w(96,2,6,223)
r(95,3,6,223)
w(74,2,6,223)
r(97,0,6,223)
w(97,1,6,223)
r(97,1,6,223)
w(97,2,6,223)
w(96,3,7,225)
r(96,3,7,225)
w(87,1,7,225)
r(97,2,7,225)
w(97,3,7,225)
r(97,3,7,225)
r(91,0,8,227)
w(99,1,8,227)
w(98,1,8,227)
w(87,2,8,227)
w(99,2,8,227)
r(99,2,9,229)
w(99,3,9,229)
r(87,2,9,229)
w(74,3,9,229)
r(99,3,9,229)
w(98,2,9,229)
w(98,3,9,229)
r(87,2,9,229)
r(100,0,10,231)
w(101,1,10,231)
w(100,1,10,231)
r(100,1,10,231)
w(101,2,10,231)
r(102,0,10,231)
w(101,3,11,233)
w(87,3,11,233)
r(103,0,11,233)
r(103,0,11,233)
w(103,1,11,233)
w(103,2,11,233)
r(103,2,12,235)
r(103,2,12,235)
r(103,2,12,235)
w(103,3,12,235)
w(100,2,12,235)
w(104,1,12,235)
r(103,3,12,235)
w(100,3,13,237)
r(103,3,13,237)
w(106,1,13,237)
w(105,1,13,237)
w(104,2,13,237)
w(106,2,13,237)
r(91,0,14,239)
w(106,3,14,239)
r(105,1,14,239)
r(104,2,14,239)
r(104,2,15,241)
w(105,2,15,241)
r(107,0,15,241)
w(107,1,15,241)
w(104,3,15,241)
r(107,1,15,241)
r(107,1,15,241)
r(105,2,15,241)
r(107,1,16,243)
r(104,3,16,243)
r(104,3,16,243)
r(107,1,16,243)
w(107,2,16,243)
r(105,2,16,243)
w(105,3,17,245)
r(107,2,17,245)
r(107,2,17,245)
w(107,3,17,245)
r(109,0,17,245)
w(110,1,17,245)
r(109,0,18,247)
w(110,2,18,247)
r(110,2,18,247)
w(110,3,18,247)
r(108,0,18,247)
r(111,0,18,247)
w(109,1,19,249)
r(111,0,19,249)
r(111,0,19,249)
r(111,0,19,249)
w(108,1,19,249)
r(109,1,19,249)
r(111,0,19,249)
r(109,1,0,251)
w(108,2,0,251)
r(109,1,0,251)
r(111,0,0,251)
r(111,0,0,251)
r(109,1,0,253)
w(102,1,0,253)
r(108,2,0,253)
w(111,1,0,253)
r(109,1,0,253)
w(111,2,0,253)
w(109,2,0,253)
r(102,1,1,255)
r(111,2,1,255)
r(108,2,1,255)
r(102,1,1,255)
r(109,2,2,257)
r(111,2,2,257)
w(111,3,2,257)
r(111,3,2,257)
r(109,2,2,257)
r(108,2,2,257)
r(109,2,2,257)
w(112,1,3,259)
r(108,2,3,259)
r(112,1,3,259)
w(112,2,3,259)
r(112,2,3,259)
r(112,2,3,259)
w(108,3,3,259)
r(112,2,3,259)
r(112,2,4,261)
r(109,2,4,261)
w(109,3,4,261)
r(109,3,4,261)
r(112,2,4,261)
r(102,1,4,261)
w(112,3,4,261)
w(113,1,4,261)
r(91,0,6,265)
w(113,3,6,265)
r(113,3,6,265)
w(115,1,6,265)
r(108,3,6,265)
r(108,3,6,265)
r(115,1,6,265)
r(91,0,6,265)
w(115,2,7,267)
r(115,2,7,267)
w(115,3,7,267)
r(115,3,7,267)
r(117,0,8,269)
r(116,0,8,269)
w(114,2,8,269)
r(116,0,8,269)
w(117,1,9,271)
r(114,2,9,271)
w(117,2,9,271)
w(102,2,9,271)
w(117,3,9,271)
r(114,2,9,271)
r(116,0,9,271)
r(114,2,10,273)
r(114,2,10,273)
r(102,2,10,273)
w(91,1,10,273)
r(118,0,11,276)
w(118,1,11,276)
w(116,1,11,276)
r(118,1,11,276)
r(118,1,11,276)
r(116,1,13,279)
w(118,2,13,279)
r(118,2,13,279)
r(116,1,13,279)
r(114,2,14,281)
w(118,3,14,281)
r(114,2,14,281)
r(114,2,14,281)
r(114,2,14,281)
r(119,0,14,281)
w(119,1,14,281)
w(120,1,15,283)
w(120,2,15,283)
w(119,2,15,283)
w(119,3,15,283)
r(120,2,15,283)
r(120,2,15,283)
w(121,1,15,283)
r(121,1,15,283)
r(121,1,16,285)
r(120,2,16,285)
w(121,2,16,285)
r(102,2,16,285)
r(120,2,17,287)
r(120,2,17,287)
w(102,3,17,287)
w(120,3,17,287)
r(116,1,17,287)
r(122,0,18,290)
r(121,2,18,290)
w(123,1,18,290)
w(121,3,18,290)
r(121,3,18,290)
r(102,3,18,290)
w(122,1,18,290)
w(123,2,18,290)
w(122,3,0,293)
w(91,3,0,293)
r(124,0,0,293)
w(124,2,0,293)
w(124,3,0,293)
r(124,3,0,293)
r(127,0,0,293)
r(127,0,0,293)
r(127,0,0,295)
r(127,0,0,295)
r(126,0,0,295)
w(127,1,0,295)
r(127,1,1,297)
r(129,0,1,297)
r(127,1,1,297)
w(125,1,1,297)
r(125,1,1,297)
r(129,0,1,297)
w(125,2,2,299)
r(127,1,2,299)
r(128,0,2,299)
w(127,2,2,299)
w(125,3,2,299)
r(127,2,3,301)
r(127,2,3,301)
r(126,0,3,301)
r(127,2,3,301)
r(126,0,3,301)
r(130,0,4,303)
r(127,2,4,303)
r(127,2,4,303)
r(127,2,4,303)
r(127,2,4,303)
r(126,0,5,305)
r(127,2,5,305)
r(127,2,5,305)
r(127,2,5,305)
w(129,1,5,305)
r(130,0,5,305)
r(127,2,5,305)
w(126,1,6,307)
r(128,0,6,307)
r(130,0,6,307)
w(127,3,6,307)
w(126,2,6,307)
w(129,2,6,307)
w(130,1,6,307)
r(130,1,6,307)
r(130,1,7,309)
r(126,2,7,309)
w(131,1,7,309)
r(130,1,7,309)
w(131,2,7,309)
r(131,2,7,309)
r(126,2,8,311)
w(131,3,8,311)
w(128,1,8,311)
r(131,3,8,311)
r(126,2,8,311)
w(126,3,8,311)
w(132,1,8,311)
w(130,2,9,313)
r(128,1,9,313)
w(130,3,9,313)
r(132,1,9,313)
w(132,2,9,313)
r(132,2,9,313)
r(130,3,9,313)
r(132,2,9,313)
w(128,2,10,315)
r(133,0,10,315)
r(126,3,10,315)
w(132,3,10,315)
w(134,1,10,315)
r(126,3,11,317)
w(134,2,11,317)
r(134,2,11,317)
w(133,1,11,317)
r(133,1,11,317)
r(134,2,11,317)
w(133,2,12,319)
r(129,2,12,319)
r(134,2,12,319)
w(135,1,12,319)
r(133,2,12,319)
w(134,3,12,319)
r(129,2,12,319)
r(133,2,12,319)
w(135,2,13,321)
w(135,3,13,321)
r(135,3,13,321)
r(135,3,13,321)
r(133,2,14,323)
r(134,3,14,323)
w(133,3,14,323)
r(134,3,14,323)
r(134,3,14,323)
r(134,3,14,323)
r(133,3,15,325)
r(133,3,15,325)
r(134,3,15,325)
r(135,3,15,325)
r(136,0,15,325)
w(129,3,15,325)
r(136,0,15,325)
w(128,3,16,327)
r(138,0,16,327)
w(136,1,16,327)
r(138,0,16,327)
r(138,0,16,327)
r(135,3,16,327)
w(139,1,16,327)
w(138,1,16,327)
w(137,1,17,329)
w(137,2,17,329)
r(138,1,17,329)
w(136,2,17,329)
w(137,3,17,329)
r(138,1,17,329)
r(138,1,17,329)
w(138,2,17,329)
w(138,3,18,332)
w(141,1,18,332)
w(136,3,18,332)
w(141,2,18,332)
r(141,2,18,332)
r(143,0,18,332)
r(141,2,18,332)
r(141,2,18,332)
r(141,2,0,335)
r(141,2,0,335)
r(144,0,0,335)
w(143,3,0,335)
w(144,1,0,335)
w(144,2,0,337)
r(144,2,0,337)
r(144,2,0,337)
w(145,1,0,337)
r(140,0,0,337)
w(145,2,0,337)
r(145,2,0,337)
r(144,2,1,339)
w(144,3,1,339)
w(140,1,1,339)
w(145,3,1,339)
w(146,1,1,339)
r(146,1,1,339)
r(146,1,2,341)
w(146,2,2,341)
w(146,3,2,341)
r(147,0,2,341)
w(148,1,3,343)
w(148,2,3,343)
r(148,2,3,343)
r(148,2,3,343)
r(148,2,3,343)
w(147,1,4,345)
r(147,1,4,345)
w(148,3,4,345)
w(140,2,4,345)
r(148,3,4,345)
r(140,2,4,345)
r(148,3,4,345)
r(148,3,4,345)
w(149,1,5,347)
r(149,1,5,347)
r(147,1,5,347)
w(149,2,5,347)
w(147,2,6,349)
w(147,3,6,349)
w(149,3,6,349)
r(150,0,6,349)
r(149,3,7,351)
w(139,2,7,351)
r(150,0,7,351)
r(149,3,7,351)
r(140,2,7,351)
w(150,1,7,351)
w(150,2,8,353)
r(140,2,8,353)
r(150,2,8,353)
r(151,0,8,353)
r(150,2,8,353)
w(150,3,8,353)
w(151,1,9,355)
r(150,3,9,355)
r(151,1,9,355)
r(151,1,9,355)
w(140,3,9,355)
r(152,0,9,355)
w(139,3,9,355)
r(151,1,10,357)
w(151,2,10,357)
r(151,2,10,357)
r(151,2,10,357)
r(152,0,10,357)
r(151,2,11,359)
w(151,3,11,359)
r(152,0,11,359)
r(151,3,11,359)
r(151,3,11,359)
r(140,3,11,359)
w(152,1,11,359)
r(152,1,12,361)
r(151,3,12,361)
r(151,3,12,361)
r(151,3,12,361)
r(154,0,12,361)
r(154,0,12,361)
r(142,0,12,361)
r(152,1,12,361)
r(154,0,13,363)
r(154,0,13,363)
r(154,0,13,363)
r(140,3,13,363)
w(152,2,13,363)
r(152,2,13,363)
r(142,0,13,363)
r(154,0,14,365)
r(140,3,14,365)
w(154,1,14,365)
r(140,3,14,365)
w(154,2,14,365)
r(154,2,14,365)
r(155,0,15,367)
r(154,2,15,367)
w(154,3,15,367)
w(156,1,15,367)
r(152,2,15,367)
w(153,1,16,370)
r(152,2,16,370)
w(156,2,16,370)
w(156,3,16,370)
r(153,1,16,370)
r(152,2,17,371)
r(156,1,17,371)
w(155,1,17,371)
w(155,2,17,371)
w(155,3,17,371)
w(157,1,17,371)
w(157,2,17,371)
r(152,2,18,373)
r(142,0,18,373)
r(157,2,18,373)
r(155,3,18,373)
r(157,2,18,373)
r(152,2,18,373)
r(155,3,19,375)
w(152,3,19,375)
r(157,2,19,375)
w(157,3,19,375)
r(155,3,0,377)
r(142,0,0,377)
w(158,1,0,377)
r(152,3,0,377)
w(158,2,0,377)
r(152,3,0,379)
r(158,2,0,379)
w(158,3,0,379)
r(152,3,0,379)
w(159,1,1,381)
w(159,2,1,381)
w(142,2,1,381)
r(160,0,1,381)
r(152,3,1,381)
w(159,3,2,383)
r(160,0,2,383)
r(160,0,2,383)
r(152,3,2,383)
w(160,1,3,385)
r(152,3,3,385)
w(153,2,3,385)
w(160,2,3,385)
r(160,2,4,387)
r(160,2,4,387)
w(160,3,4,387)
r(159,3,4,387)
w(161,1,4,387)
w(161,2,5,389)
r(161,2,5,389)
w(142,3,5,389)
w(161,3,5,389)
r(142,3,5,389)
r(161,3,5,389)
r(161,3,5,389)
w(162,1,6,391)
w(162,2,6,391)
r(163,0,6,391)
w(163,1,6,391)
w(163,2,7,393)
r(163,2,7,393)
r(153,2,7,393)
w(162,3,7,393)
r(153,2,7,393)
r(164,0,7,393)
r(163,2,7,393)
r(163,2,7,393)
r(163,2,8,395)
r(163,2,8,395)
w(165,1,8,395)
w(165,2,8,395)
r(163,2,9,397)
w(163,3,9,397)
w(164,1,9,397)
w(165,3,9,397)
r(163,3,9,397)
r(164,1,9,397)
r(164,1,10,399)
w(166,1,10,399)
r(166,1,10,399)
w(166,2,10,399)
r(164,1,10,399)
r(166,2,11,401)
r(166,2,11,401)
r(164,1,11,401)
r(164,1,11,401)
r(166,2,12,403)
r(166,2,12,403)
w(166,3,12,403)
r(142,3,12,403)
w(164,2,12,403)
r(166,3,12,403)
r(166,3,12,403)
w(164,3,12,403)
r(165,3,13,405)
r(167,0,13,405)
w(167,1,13,405)
w(168,1,13,405)
r(168,1,13,405)
w(167,2,13,405)
w(168,2,14,407)
r(168,2,14,407)
r(167,2,14,407)
w(169,1,14,407)
r(167,2,14,407)
w(168,3,15,409)
r(168,3,15,409)
r(168,3,15,409)
w(167,3,15,409)
w(169,2,15,409)
r(169,2,16,411)
w(170,1,16,411)
r(170,1,16,411)
w(171,1,16,411)
r(170,1,16,411)
w(171,2,16,411)
w(170,2,17,413)
r(170,2,17,413)
w(170,3,17,413)
r(171,2,17,413)
w(171,3,18,415)
r(172,0,18,415)
r(170,3,18,415)
r(170,3,18,415)
r(170,3,18,415)
w(169,3,18,415)
w(173,1,18,415)
r(153,2,18,415)
r(174,0,19,417)
r(174,0,19,417)
r(174,0,19,417)
r(172,0,19,417)
w(174,1,0,419)
w(174,2,0,419)
r(174,2,0,419)
w(174,3,0,419)
r(172,0,0,421)
r(173,1,0,421)
r(175,0,0,421)
w(175,1,0,421)
r(173,1,1,423)
w(175,2,1,423)
r(169,3,1,423)
r(172,0,1,423)
w(172,1,1,423)
w(173,2,2,425)
w(175,3,2,425)
r(172,1,2,425)
w(153,3,2,425)
r(169,3,2,425)
r(175,3,2,425)
r(175,3,2,425)
w(172,2,2,425)
r(169,3,3,427)
r(175,3,3,427)
r(172,2,3,427)
w(177,1,3,427)
r(172,2,3,427)
w(177,2,4,429)
r(177,2,4,429)
w(177,3,4,429)
r(173,2,4,429)
w(172,3,4,429)
r(177,3,5,431)
w(178,1,5,431)
r(178,1,5,431)
r(173,2,5,431)
r(178,1,5,431)
w(176,1,5,431)
w(176,2,6,433)
w(179,1,6,433)
w(178,2,6,433)
w(178,3,6,433)
w(179,2,6,433)
r(180,0,7,435)
r(180,0,7,435)
r(173,2,7,435)
r(179,2,7,435)
w(180,1,7,435)
r(180,1,7,435)
w(180,2,7,435)
w(180,3,8,437)
r(179,2,8,437)
r(179,2,8,437)
r(182,0,8,437)
r(176,2,9,439)
w(179,3,9,439)
w(182,1,9,439)
r(182,1,9,439)
r(176,2,10,441)
r(173,2,10,441)
r(173,2,10,441)
r(182,1,10,441)
r(182,1,10,441)
w(182,2,10,441)
r(182,2,10,441)
w(182,3,10,441)
r(176,2,11,443)
r(184,0,11,443)
r(184,0,11,443)
w(183,1,11,443)
r(184,0,11,443)
r(181,0,11,443)
w(184,1,11,443)
r(176,2,11,443)
w(183,2,12,445)
r(183,2,12,445)
w(181,1,12,445)
w(184,2,12,445)
r(181,1,12,445)
w(184,3,13,447)
r(184,3,13,447)
r(184,3,13,447)
r(184,3,13,447)
r(183,2,13,447)
w(185,1,13,447)
w(185,2,14,449)
r(185,2,14,449)
r(185,2,14,449)
r(176,2,14,449)
w(185,3,15,451)
r(185,3,15,451)
w(186,1,15,451)
r(176,2,15,451)
r(183,2,15,451)
r(183,2,15,451)
w(186,2,16,453)
w(176,3,16,453)
r(186,2,16,453)
r(183,2,16,453)
r(173,2,16,453)
r(176,3,16,453)
w(186,3,16,453)
w(187,1,16,453)
w(187,2,17,455)
r(183,2,17,455)
r(176,3,17,455)
r(187,2,17,455)
w(173,3,17,455)
r(187,2,17,455)
w(187,3,17,455)
r(183,2,18,457)
w(181,2,18,457)
r(176,3,18,457)
w(188,1,18,457)
r(188,1,18,457)
r(188,1,18,457)
r(183,2,19,459)
w(183,3,19,459)
w(188,2,19,459)
r(188,2,19,459)
w(188,3,0,461)
r(190,0,0,461)
w(190,1,0,461)
w(190,2,0,461)
r(173,3,0,461)
w(190,3,0,463)
w(189,1,0,463)
w(191,1,0,463)
r(189,1,0,463)
r(192,0,0,463)
w(189,2,0,463)
r(192,0,0,463)
w(191,2,0,463)
w(189,3,1,465)
r(189,3,1,465)
r(191,2,1,465)
r(192,0,1,465)
r(189,3,1,465)
r(192,0,2,468)
w(192,1,2,468)
w(192,2,2,468)
r(193,0,2,468)
r(193,0,2,468)
r(192,2,2,468)
r(192,2,2,468)
r(192,2,4,471)
r(194,0,4,471)
r(194,0,4,471)
w(194,1,4,471)
r(193,0,4,471)
r(193,0,4,471)
r(196,0,5,473)
r(196,0,5,473)
w(195,1,5,473)
w(193,2,5,473)
r(193,2,5,473)
w(193,3,5,473)
w(196,1,6,475)
r(197,0,6,475)
w(196,2,6,475)
r(196,2,6,475)
w(196,3,6,475)
r(196,3,6,475)
w(194,2,7,477)
r(198,0,7,477)
r(198,0,7,477)
r(198,0,7,477)
r(197,0,7,477)
w(197,1,7,477)
w(198,1,7,477)
r(198,1,7,477)
w(197,2,8,479)
r(198,1,8,479)
w(197,3,8,479)
w(181,3,8,479)
w(198,2,8,479)
r(197,3,8,479)
r(198,2,8,479)
r(194,2,9,481)
w(198,3,9,481)
w(200,1,9,481)
r(200,1,9,481)
r(201,0,9,481)
w(200,2,9,481)
w(201,1,10,483)
w(201,2,10,483)
r(201,2,10,483)
r(201,2,10,483)
r(201,2,10,483)
w(201,3,10,483)
r(200,2,10,483)
r(195,1,11,485)
w(194,3,11,485)
r(201,3,11,485)
r(195,1,11,485)
r(202,0,11,485)
r(195,1,11,485)
r(202,0,12,487)
w(202,1,12,487)
r(200,2,12,487)
w(200,3,12,487)
r(202,1,12,487)
r(202,1,12,487)
w(202,2,12,487)
w(202,3,12,487)
r(194,3,13,489)
w(204,1,13,489)
r(203,0,13,489)
r(203,0,13,489)
w(203,1,13,489)
r(195,1,13,489)
r(204,1,14,492)
r(199,0,14,492)
r(204,1,14,492)
w(203,2,14,492)
r(204,1,14,492)
w(195,2,15,493)
w(204,2,15,493)
r(204,2,15,493)
r(204,2,15,493)
r(203,1,15,493)
w(204,3,15,493)
r(206,0,16,495)
r(203,2,16,495)
r(203,2,16,495)
w(206,1,16,495)
r(203,2,16,495)
w(206,2,17,497)
w(206,3,17,497)
r(206,3,17,497)
r(207,0,17,497)
r(203,2,17,497)
r(207,0,17,497)
r(207,0,17,497)
w(207,1,18,499)
r(203,2,18,499)
r(195,2,18,499)
r(207,1,18,499)
w(199,1,18,499)
r(205,0,18,499)
w(207,2,18,499)
w(207,3,19,501)
w(195,3,19,501)
r(203,2,19,501)
w(205,1,19,501)
r(208,0,0,503)
w(208,1,0,503)
r(208,1,0,503)
r(208,1,0,503)
r(208,1,0,503)
r(208,1,0,503)
w(203,3,0,505)
r(208,1,0,505)
r(208,1,0,505)
r(205,1,0,505)
r(208,1,0,505)
r(208,1,0,505)
w(209,1,0,505)
r(209,1,0,505)
w(209,2,1,507)
r(208,1,1,507)
w(205,2,1,507)
w(208,2,1,507)
r(208,2,1,507)
r(208,2,1,507)
r(208,2,2,509)
r(205,2,2,509)
r(208,2,2,509)
r(208,2,2,509)
r(208,2,2,509)
w(205,3,2,509)
w(208,3,3,511)
w(209,3,3,511)
r(208,3,3,511)
r(199,1,3,511)
r(211,0,3,511)
r(212,0,4,513)
w(212,1,4,513)
r(211,0,4,513)
r(211,0,4,513)
w(213,1,4,513)
w(211,1,4,513)
r(211,1,4,513)
r(212,1,5,515)
w(210,1,5,515)
r(210,1,5,515)
r(213,1,5,515)
w(212,2,5,515)
r(212,2,5,515)
w(211,2,5,515)
w(211,3,5,515)
r(212,2,6,517)
w(213,2,6,517)
w(214,1,6,517)
r(214,1,6,517)
w(214,2,6,517)
w(213,3,6,517)
w(212,3,6,517)
r(214,2,6,517)
r(214,2,7,519)
w(214,3,7,519)
r(212,3,7,519)
r(212,3,7,519)
r(214,3,7,519)
r(214,3,7,519)
w(215,1,7,519)
w(216,1,8,521)
r(216,1,8,521)
w(215,2,8,521)
r(216,1,8,521)
w(217,1,9,523)
w(216,2,9,523)
r(199,1,9,523)
w(199,2,9,523)
w(215,3,9,523)
w(216,3,9,523)
r(217,1,9,523)
r(216,3,9,523)
r(210,1,10,525)
r(218,0,10,525)
r(216,3,10,525)
w(218,1,10,525)
w(217,2,10,525)
r(218,1,10,525)
w(219,1,11,527)
r(210,1,11,527)
r(217,2,11,527)
w(219,2,11,527)
r(218,1,11,527)
r(219,2,11,527)
w(219,3,11,527)
r(219,3,11,527)
r(219,3,12,529)
r(217,2,12,529)
r(210,1,12,529)
r(219,3,12,529)
w(218,2,12,529)
w(220,1,12,529)
w(217,3,13,531)
r(220,1,13,531)
w(218,3,13,531)
w(220,2,13,531)
w(220,3,13,531)
w(221,1,13,531)
w(221,2,14,533)
r(221,2,14,533)
w(223,1,14,533)
r(221,2,14,533)
r(222,0,14,533)
r(221,2,15,535)
r(221,2,15,535)
w(222,1,15,535)
w(223,2,15,535)
w(221,3,16,537)
w(222,2,16,537)
r(222,2,16,537)
r(221,3,16,537)
r(223,2,16,537)
r(210,1,16,537)
r(223,2,16,537)
w(223,3,17,539)
w(224,1,17,539)
w(224,2,17,539)
r(224,2,17,539)
w(225,1,18,541)
w(225,2,18,541)
w(224,3,18,541)
w(222,3,18,541)
r(225,2,18,541)
w(210,2,19,543)
r(226,0,19,543)
w(210,3,19,543)
r(226,0,19,543)
r(226,0,19,543)
r(222,3,19,543)
r(222,3,19,543)
w(226,1,0,545)
r(222,3,0,545)
r(222,3,0,545)
w(226,2,0,545)
r(226,2,0,545)
r(225,2,0,545)
r(228,0,0,547)
w(226,3,0,547)
r(228,0,0,547)
w(228,1,0,547)
r(229,0,0,547)
r(227,0,1,549)
r(227,0,1,549)
r(229,0,1,549)
w(229,1,1,549)
w(225,3,1,549)
r(229,1,2,551)
r(229,1,2,551)
r(229,1,2,551)
w(229,2,2,551)
r(229,2,2,551)
r(229,2,2,551)
r(230,0,2,551)
w(229,3,3,553)
w(230,1,3,553)
r(229,3,3,553)
w(230,2,3,553)
w(230,3,3,553)
r(230,3,3,553)
r(231,0,3,553)
r(231,0,4,555)
w(231,1,4,555)
w(228,2,4,555)
w(231,2,4,555)
w(231,3,4,555)
r(199,2,4,555)
w(228,3,5,557)
r(227,0,5,557)
r(232,0,5,557)
r(227,0,5,557)
w(232,1,5,557)
r(228,3,5,557)
w(232,2,6,559)
w(233,1,6,559)
w(233,2,6,559)
r(232,2,6,559)
w(199,3,6,559)
r(233,2,6,559)
w(233,3,6,559)
w(232,3,6,559)
w(236,1,7,561)
r(236,1,7,561)
w(235,1,7,561)
w(236,2,7,561)
r(236,2,7,561)
r(234,0,7,561)
r(235,1,7,561)
r(236,2,7,561)
w(236,3,8,563)
w(237,1,8,563)
r(237,1,8,563)
w(237,2,8,563)
w(234,1,8,563)
w(237,3,9,565)
r(237,3,9,565)
r(227,0,9,565)
r(238,0,9,565)
r(238,0,9,565)
w(238,1,9,565)
w(227,1,10,567)
w(238,2,10,567)
r(238,2,10,567)
w(238,3,10,567)
w(235,2,10,567)
r(199,3,10,567)
w(239,1,10,567)
w(239,2,11,569)
r(227,1,11,569)
w(235,3,11,569)
w(239,3,11,569)
r(239,3,11,569)
r(239,3,11,569)
w(240,1,12,571)
r(241,0,12,571)
r(241,0,12,571)
w(241,1,12,571)
r(240,1,12,571)
r(234,1,13,573)
w(241,2,13,573)
r(241,2,13,573)
r(240,1,13,573)
w(234,2,13,573)
r(240,1,13,573)
r(240,1,13,573)
r(241,2,14,575)
r(241,2,14,575)
w(241,3,14,575)
r(242,0,14,575)
w(240,2,15,577)
w(242,1,15,577)
r(240,2,15,577)
r(240,2,15,577)
r(240,2,15,577)
w(240,3,15,577)
w(242,2,15,577)
w(242,3,15,577)
r(240,3,16,579)
r(234,2,16,579)
r(242,3,16,579)
w(243,1,16,579)
w(243,2,16,579)
r(243,2,17,581)
r(234,2,17,581)
w(243,3,17,581)
w(244,1,17,581)
w(244,2,17,581)
w(227,2,17,581)
r(227,2,17,581)
r(244,2,18,583)
w(245,1,18,583)
r(245,1,18,583)
r(234,2,18,583)
r(199,3,19,585)
r(234,2,19,585)
w(244,3,19,585)
r(234,2,19,585)
r(245,1,0,587)
w(246,1,0,587)
r(246,1,0,587)
w(245,2,0,587)
w(245,3,0,589)
w(234,3,0,589)
r(245,3,0,589)
r(246,1,0,589)
r(246,1,0,589)
r(247,0,1,591)
r(246,1,1,591)
r(246,1,1,591)
r(234,3,1,591)
r(247,0,1,591)
r(246,1,2,593)
r(246,1,2,593)
r(234,3,2,593)
r(199,3,2,593)
r(246,1,3,595)
r(247,0,3,595)
w(246,2,3,595)
w(246,3,3,595)
r(246,3,4,597)
w(227,3,4,597)
r(247,0,4,597)
w(247,1,4,597)
r(246,3,4,597)
w(247,2,4,597)
r(234,3,4,597)
r(246,3,5,599)
r(249,0,5,599)
r(247,2,5,599)
w(249,1,5,599)
w(249,2,5,599)
r(249,2,6,601)
r(249,2,6,601)
w(247,3,6,601)
r(247,3,6,601)
r(249,2,6,601)
r(248,0,6,601)
w(249,3,7,603)
r(249,3,7,603)
r(249,3,7,603)
r(249,3,7,603)
r(250,0,8,605)
w(251,1,8,605)
w(251,2,8,605)
r(250,0,8,605)
w(250,1,8,605)
w(251,3,9,607)
r(248,0,9,607)
r(252,0,9,607)
w(250,2,9,607)
r(252,0,10,609)
r(253,0,10,609)
r(253,0,10,609)
r(248,0,10,609)
r(253,0,10,609)
r(248,0,10,609)
r(253,0,11,611)
w(250,3,11,611)
w(253,1,11,611)
w(248,1,11,611)
r(248,1,11,611)
r(252,0,11,611)
r(250,3,11,611)
r(253,1,11,611)
r(253,1,12,613)
w(253,2,12,613)
r(252,0,12,613)
w(253,3,12,613)
r(256,0,12,613)
r(256,0,12,613)
w(256,1,12,613)
w(256,2,13,615)
w(256,3,13,615)
w(255,1,13,615)
r(256,3,13,615)
w(254,1,14,617)
r(256,3,14,617)
r(254,1,14,617)
w(252,1,14,617)
w(254,2,14,617)
w(257,1,15,619)
r(257,1,15,619)
r(257,1,15,619)
w(257,2,15,619)
r(257,2,15,619)
w(252,2,15,619)
w(248,2,15,619)
w(252,3,15,619)
w(254,3,16,621)
w(248,3,16,621)
w(257,3,16,621)
w(258,1,16,621)
r(248,3,16,621)
r(258,1,16,621)
w(258,2,17,623)
w(259,1,17,623)
r(258,2,17,623)
w(260,1,17,623)
w(259,2,17,623)
w(258,3,17,623)
r(259,2,18,625)
w(259,3,18,625)
r(261,0,18,625)
w(261,1,18,625)
w(261,2,18,625)
r(261,2,18,625)
w(261,3,18,625)
r(262,0,19,627)
r(261,3,19,627)
w(262,1,19,627)
w(260,2,19,627)
r(261,3,19,627)
r(261,3,19,627)
w(260,3,19,627)
w(262,2,0,630)
r(262,2,0,630)
r(261,3,0,630)
w(262,3,0,630)
r(262,3,0,630)
w(263,1,1,631)
r(263,1,1,631)
w(264,1,1,631)
r(263,1,1,631)
w(263,2,1,631)
r(255,1,1,631)
w(264,2,1,631)
r(265,0,1,631)
w(263,3,1,633)
w(265,1,1,633)
r(266,0,1,633)
w(265,2,1,633)
r(265,2,1,633)
w(266,1,1,633)
w(266,2,2,635)
r(266,2,2,635)
w(266,3,2,635)
w(267,1,2,635)
r(267,1,2,635)
w(264,3,3,637)
w(267,2,3,637)
w(265,3,3,637)
w(267,3,3,637)
r(269,0,3,637)
r(269,0,3,637)
r(264,3,4,639)
w(269,1,4,639)
w(269,2,4,639)
r(269,2,4,639)
r(264,3,4,639)
w(268,1,4,639)
w(269,3,4,639)
r(269,3,4,639)
r(270,0,5,643)
r(268,1,5,643)
r(265,3,5,643)
w(270,1,5,643)
r(265,3,5,643)
w(270,2,5,643)
w(271,1,7,645)
r(273,0,7,645)
w(273,1,7,645)
w(255,3,7,645)
w(273,2,7,645)
r(272,0,7,645)
r(271,1,8,647)
r(273,2,8,647)
w(272,1,8,647)
r(273,2,8,647)
w(272,2,9,649)
w(273,3,9,649)
r(273,3,9,649)
w(272,3,9,649)
w(275,1,9,649)
r(271,1,9,649)
w(268,2,10,651)
w(274,1,10,651)
r(274,1,10,651)
r(276,0,10,651)
r(268,2,10,651)
w(268,3,11,653)
r(275,1,11,653)
w(275,2,11,653)
r(271,1,11,653)
r(275,2,12,655)
w(274,2,12,655)
r(275,2,12,655)
w(274,3,12,655)
w(277,1,12,655)
w(277,2,12,655)
w(275,3,13,657)
w(271,2,13,657)
w(277,3,13,657)
r(277,3,13,657)
w(278,1,13,657)
r(278,1,13,657)
r(275,3,13,657)
r(278,1,14,659)
w(278,2,14,659)
r(278,2,14,659)
w(278,3,14,659)
r(279,0,14,659)
r(281,0,14,659)
w(271,3,15,661)
w(279,1,15,661)
w(279,2,15,661)
r(281,0,15,661)
w(281,1,15,661)
w(279,3,15,661)
r(279,3,15,661)
w(281,2,16,663)
w(281,3,16,663)
r(282,0,16,663)
r(282,0,16,663)
w(280,1,17,665)
r(282,0,17,665)
w(282,1,17,665)
r(282,1,17,665)
w(284,1,18,667)
r(284,1,18,667)
w(282,2,18,667)
r(284,1,18,667)
r(282,2,18,667)
r(282,2,18,667)
w(282,3,18,667)
r(280,1,19,669)
w(285,1,19,669)
r(283,0,19,669)
w(285,2,19,669)
w(280,2,0,671)
r(284,1,0,671)
w(285,3,0,671)
r(285,3,0,671)
r(284,1,0,671)
w(286,1,0,671)
r(286,1,0,673)
w(284,2,0,673)
r(286,1,0,673)
r(283,0,0,673)
w(284,3,0,673)
r(286,1,0,673)
r(286,1,0,673)
w(286,2,0,673)
r(284,3,1,675)
w(286,3,1,675)
r(284,3,1,675)
r(284,3,1,675)
r(286,3,2,677)
r(276,0,2,677)
r(284,3,2,677)
w(276,1,2,677)
r(283,0,2,677)
r(288,0,2,677)
r(288,0,3,679)
w(288,1,3,679)
r(283,0,3,679)
r(288,1,3,679)
w(287,1,3,679)
r(280,2,3,679)
r(288,1,4,681)
r(288,1,4,681)
w(288,2,4,681)
w(280,3,4,681)
r(287,1,4,681)
r(287,1,4,681)
w(287,2,4,681)
w(288,3,4,681)
w(287,3,5,683)
w(283,1,5,683)
w(289,1,5,683)
r(289,1,5,683)
w(289,2,6,685)
w(283,2,6,685)
r(276,1,6,685)
r(283,2,6,685)
w(291,1,7,687)
r(283,2,7,687)
w(289,3,7,687)
r(291,1,7,687)
w(292,1,7,687)
r(291,1,7,687)
w(290,1,7,687)
w(291,2,7,687)
w(291,3,8,689)
r(292,1,8,689)
r(292,1,8,689)
r(292,1,8,689)
w(283,3,8,689)
w(293,1,8,689)
w(293,2,9,691)
r(292,1,9,691)
w(290,2,9,691)
w(293,3,9,691)
r(293,3,9,691)
w(292,2,9,691)
r(293,3,10,693)
r(290,2,10,693)
w(290,3,10,693)
r(283,3,10,693)
w(292,3,10,693)
r(292,3,11,695)
w(294,1,11,695)
r(294,1,11,695)
w(294,2,11,695)
r(292,3,11,695)
w(294,3,11,695)
r(294,3,11,695)
r(283,3,12,697)
r(292,3,12,697)
r(294,3,12,697)
r(294,3,12,697)
r(283,3,12,697)
r(292,3,12,697)
r(292,3,12,697)
r(295,0,12,697)
r(276,1,13,699)
r(283,3,13,699)
r(295,0,13,699)
r(295,0,13,699)
w(295,1,13,699)
r(296,0,13,699)
r(283,3,14,701)
w(295,2,14,701)
w(276,2,14,701)
w(295,3,14,701)
w(296,1,14,701)
w(297,1,14,701)
w(296,2,14,701)
r(276,2,15,703)
r(297,1,15,703)
r(297,1,15,703)
r(297,1,15,703)
w(276,3,16,705)
r(297,1,16,705)
w(296,3,16,705)
w(297,2,16,705)
r(283,3,16,705)
w(297,3,16,705)
r(298,0,16,705)
w(298,1,16,705)
w(298,2,17,707)
w(299,1,17,707)
r(300,0,17,707)
w(298,3,17,707)
w(299,2,17,707)
r(299,2,17,707)
r(298,3,18,709)
w(299,3,18,709)
w(301,1,18,709)
w(302,1,18,709)
w(301,2,18,709)
r(301,2,18,709)
r(302,1,18,709)
r(301,2,19,711)
r(302,1,19,711)
r(290,3,19,711)
w(302,2,19,711)
w(301,3,19,711)
w(300,1,19,711)
w(300,2,0,713)
r(302,2,0,713)
r(302,2,0,713)
r(301,3,0,713)
r(302,2,0,713)
w(303,1,0,713)
r(302,2,0,715)
r(303,1,0,715)
r(300,2,0,715)
r(302,2,0,715)
r(302,2,0,715)
r(300,2,0,715)
w(303,2,0,715)
r(302,2,0,715)
r(300,2,1,717)
w(300,3,1,717)
r(302,2,1,717)
r(302,2,1,717)
r(303,2,1,717)
r(303,2,1,717)
w(303,3,1,717)
r(302,2,1,717)
w(302,3,2,719)
r(304,0,2,719)
r(304,0,2,719)
w(304,1,2,719)
w(304,2,2,719)
r(300,3,2,719)
r(304,2,2,719)
r(304,2,2,719)
w(304,3,3,721)
w(306,1,3,721)
r(302,3,3,721)
r(300,3,3,721)
w(306,2,4,723)
w(306,3,4,723)
r(302,3,4,723)
w(305,1,4,723)
w(308,1,4,723)
r(308,1,5,725)
w(308,2,5,725)
w(308,3,5,725)
r(308,3,5,725)
w(309,1,5,725)
w(310,1,5,725)
r(309,1,5,725)
r(310,1,6,727)
w(309,2,6,727)
w(309,3,6,727)
r(310,1,6,727)
r(310,1,6,727)
w(310,2,6,727)
r(310,2,6,727)
w(307,1,6,727)
w(307,2,7,729)
w(311,1,7,729)
w(307,3,7,729)
w(311,2,7,729)
w(310,3,7,729)
w(311,3,7,729)
r(311,3,7,729)
r(310,3,8,731)
r(310,3,8,731)
r(276,3,8,731)
r(310,3,8,731)
w(312,1,8,731)
r(310,3,8,731)
r(312,1,8,731)
r(310,3,8,731)
r(312,1,9,733)
w(312,2,9,733)
w(312,3,9,733)
r(314,0,9,733)
r(276,3,9,733)
w(314,1,9,733)
w(314,2,9,733)
w(314,3,10,735)
r(314,3,10,735)
w(315,1,10,735)
r(315,1,10,735)
r(305,1,10,735)
r(313,0,11,737)
w(313,1,11,737)
r(313,1,11,737)
r(313,1,11,737)
w(313,2,11,737)
r(313,2,11,737)
r(315,1,12,739)
w(315,2,12,739)
r(315,2,12,739)
r(315,2,12,739)
r(313,2,13,741)
w(313,3,13,741)
w(315,3,13,741)
w(316,1,13,741)
r(316,1,13,741)
w(318,1,13,741)
w(318,2,13,741)
r(305,1,14,743)
r(316,1,14,743)
w(316,2,14,743)
w(316,3,14,743)
r(316,3,14,743)
r(316,3,14,743)
w(317,1,14,743)
r(316,3,14,743)
r(316,3,15,745)
w(318,3,15,745)
w(320,1,15,745)
r(305,1,15,745)
r(319,0,15,745)
w(320,2,15,745)
w(320,3,15,745)
r(317,1,15,745)
w(317,2,16,747)
w(322,1,16,747)
w(322,2,16,747)
w(322,3,16,747)
r(322,3,16,747)
r(317,2,16,747)
w(319,1,16,747)
r(322,3,17,749)
w(317,3,17,749)
w(321,1,17,749)
w(323,1,17,749)
r(323,1,17,749)
r(323,1,17,749)
r(323,1,17,749)
r(305,1,18,751)
r(317,3,18,751)
w(323,2,18,751)
r(317,3,18,751)
r(317,3,18,751)
w(323,3,18,751)
r(321,1,18,751)
r(323,3,19,753)
r(323,3,19,753)
r(305,1,19,753)
w(321,2,19,753)
r(323,3,19,753)
w(324,1,0,755)
r(325,0,0,755)
r(325,0,0,755)
r(325,0,0,755)
r(324,1,0,755)
r(324,1,0,757)
r(324,1,0,757)
w(324,2,0,757)
r(325,0,0,757)
r(324,2,0,757)
r(324,2,0,757)
r(325,0,1,759)
r(325,0,1,759)
w(305,2,1,759)
r(325,0,1,759)
w(325,1,1,759)
r(305,2,1,759)
w(324,3,1,759)
w(325,2,2,761)
r(325,2,2,761)
w(325,3,2,761)
r(324,3,2,761)
r(324,3,2,761)
r(326,0,2,761)
r(326,0,3,763)
r(305,2,3,763)
r(319,1,3,763)
w(326,1,3,763)
r(327,0,3,763)
r(327,0,3,763)
w(326,2,4,765)
r(327,0,4,765)
w(305,3,4,765)
w(326,3,4,765)
r(321,2,5,767)
r(327,0,5,767)
r(328,0,5,767)
r(327,0,5,767)
w(327,1,6,769)
w(328,1,6,769)
r(321,2,6,769)
w(327,2,6,769)
r(327,2,6,769)
r(327,2,6,769)
r(327,2,6,769)
w(321,3,7,771)
w(327,3,7,771)
r(328,1,7,771)
r(328,1,7,771)
r(328,1,7,771)
r(329,0,7,771)
r(328,1,7,771)
r(328,1,8,773)
w(330,1,8,773)
r(331,0,8,773)
r(331,0,8,773)
r(328,1,8,773)
w(328,2,8,773)
w(331,1,8,773)
r(331,1,9,775)
r(331,1,9,775)
r(331,1,9,775)
w(331,2,9,775)
w(331,3,10,777)
r(328,2,10,777)
r(331,3,10,777)
w(330,2,10,777)
w(328,3,11,779)
r(332,0,11,779)
r(330,2,11,779)
w(332,1,11,779)
w(332,2,11,779)
w(332,3,12,781)
r(328,3,12,781)
w(319,2,12,781)
r(332,3,12,781)
r(319,2,13,783)
r(333,0,13,783)
w(334,1,13,783)
r(330,2,13,783)
w(334,2,13,783)
w(334,3,13,783)
r(334,3,13,783)
w(335,1,13,783)
r(335,1,14,785)
r(319,2,14,785)
w(330,3,14,785)
r(330,3,14,785)
w(335,2,14,785)
r(333,0,15,787)
r(336,0,15,787)
w(335,3,15,787)
r(335,3,15,787)
r(336,0,15,787)
w(333,1,15,787)
r(337,0,16,789)
w(337,1,16,789)
r(337,1,16,789)
r(337,1,16,789)
r(337,1,16,789)
w(333,2,17,791)
r(329,0,17,791)
w(337,2,17,791)
r(336,0,17,791)
r(337,2,17,791)
w(336,1,18,793)
w(336,2,18,793)
w(333,3,18,793)
w(337,3,18,793)
r(337,3,19,795)
r(337,3,19,795)
w(329,1,19,795)
w(338,1,19,795)
r(338,1,19,795)
r(339,0,19,795)
w(339,1,19,795)
w(339,2,0,797)
w(338,2,0,797)
r(339,2,0,797)
w(339,3,0,797)
r(340,0,0,799)
r(338,2,0,799)
r(319,2,0,799)
w(338,3,0,799)
r(340,0,0,799)
r(340,0,1,801)
r(329,1,1,801)
w(340,1,1,801)
r(340,1,1,801)
w(329,2,1,801)
r(336,2,2,803)
r(336,2,2,803)
r(340,1,2,803)
r(340,1,2,803)
w(340,2,3,805)
r(340,2,3,805)
r(336,2,3,805)
r(341,0,3,805)
r(340,2,3,805)
r(341,0,3,805)
r(341,0,4,807)
r(329,2,4,807)
r(340,2,4,807)
w(340,3,4,807)
r(341,0,4,807)
w(329,3,4,807)
r(342,0,4,807)
r(341,0,5,809)
w(342,1,5,809)
w(342,2,5,809)
r(342,2,5,809)
r(341,0,5,809)
r(342,2,5,809)
r(342,2,5,809)
r(342,2,5,809)
r(342,2,6,811)
w(341,1,6,811)
w(342,3,6,811)
r(336,2,6,811)
r(336,2,6,811)
w(343,1,6,811)
r(341,1,7,813)
r(343,1,7,813)
r(336,2,7,813)
w(336,3,7,813)
r(343,1,7,813)
w(343,2,7,813)
r(341,1,7,813)
r(343,2,8,815)
w(343,3,8,815)
r(319,2,8,815)
r(336,3,8,815)
r(344,0,8,815)
w(344,1,9,817)
w(341,2,9,817)
w(344,2,9,817)
w(344,3,9,817)
r(341,2,9,817)
w(345,1,10,819)
w(346,1,10,819)
w(346,2,10,819)
w(341,3,10,819)
r(346,2,10,819)
w(346,3,11,821)
r(348,0,11,821)
r(347,0,11,821)
w(347,1,11,821)
r(345,1,11,821)
w(347,2,12,824)
r(348,0,12,824)
r(347,2,12,824)
w(319,3,12,824)
w(347,3,12,824)
r(347,3,12,824)
w(348,1,12,824)
w(348,2,12,824)
w(348,3,13,825)
w(345,2,13,825)
w(349,1,13,825)
w(350,1,13,825)
w(350,2,13,825)
r(345,2,13,825)
w(350,3,14,827)
w(351,1,14,827)
r(349,1,14,827)
r(349,1,14,827)
w(349,2,14,827)
w(345,3,15,829)
r(345,3,15,829)
r(351,1,15,829)
w(349,3,15,829)
r(351,1,16,831)
w(351,2,16,831)
r(352,0,16,831)
w(351,3,16,831)
r(353,0,17,833)
r(351,3,17,833)
r(345,3,17,833)
r(354,0,17,833)
r(354,0,17,833)
r(319,3,18,835)
r(354,0,18,835)
w(354,1,18,835)
r(354,1,18,835)
w(354,2,18,835)
r(353,0,19,837)
r(352,0,19,837)
w(353,1,19,837)
r(354,2,19,837)
r(345,3,19,837)
r(352,0,19,837)
w(354,3,19,837)
w(355,1,19,837)
r(353,1,0,839)
r(353,1,0,839)
w(353,2,0,839)
r(353,2,0,839)
w(355,2,0,839)
r(353,2,0,839)
r(353,2,0,841)
r(355,2,0,841)
r(352,0,0,841)
r(355,2,0,841)
w(353,3,1,843)
w(356,1,1,843)
w(355,3,1,843)
w(356,2,1,843)
w(356,3,2,845)
w(357,1,2,845)
w(357,2,2,845)
r(353,3,2,845)
r(353,3,3,847)
r(357,2,3,847)
w(357,3,3,847)
r(352,0,3,847)
r(358,0,3,847)
r(359,0,3,847)
r(358,0,3,847)
r(359,0,3,847)
r(358,0,4,849)
w(352,1,4,849)
w(358,1,4,849)
w(359,1,4,849)
w(359,2,5,851)
r(359,2,5,851)
r(359,2,5,851)
r(358,1,5,851)
w(359,3,5,851)
r(359,3,5,851)
r(352,1,5,851)
r(360,0,6,853)
w(360,1,6,853)
r(352,1,6,853)
r(358,1,6,853)
w(360,2,6,853)
r(319,3,6,853)
r(358,1,6,853)
w(360,3,6,853)
w(358,2,7,856)
r(360,3,7,856)
r(360,3,7,856)
w(352,2,7,856)
r(360,3,7,856)
w(358,3,7,856)
w(362,1,7,856)
w(362,2,7,856)
w(364,1,9,859)
w(361,2,9,859)
r(363,0,9,859)
r(364,1,9,859)
r(364,1,9,859)
w(364,2,10,861)
r(361,2,10,861)
w(364,3,10,861)
w(361,3,10,861)
w(363,1,11,863)
r(364,3,11,863)
r(363,1,11,863)
r(364,3,11,863)
r(364,3,11,863)
r(363,1,11,863)
r(361,3,11,863)
r(365,0,11,863)
w(363,2,12,865)
r(366,0,12,865)
r(366,0,12,865)
r(365,0,12,865)
r(365,0,13,867)
r(363,2,13,867)
r(363,2,13,867)
w(365,1,13,867)
r(365,1,13,867)
r(365,1,14,869)
r(319,3,14,869)
w(363,3,14,869)
r(365,1,14,869)
w(365,2,14,869)
w(365,3,15,871)
r(319,3,15,871)
r(363,3,15,871)
r(368,0,15,871)
r(368,0,16,873)
r(368,0,16,873)
w(369,1,16,873)
w(368,1,16,873)
w(368,2,16,873)
r(369,1,16,873)
w(368,3,16,873)
r(366,0,16,873)
r(369,1,17,875)
r(369,1,17,875)
r(368,3,17,875)
r(319,3,17,875)
r(368,3,17,875)
w(366,1,18,877)
r(369,1,18,877)
w(369,2,18,877)
r(369,2,18,877)
w(369,3,19,879)
r(370,0,19,879)
w(366,2,19,879)
w(370,1,19,879)
r(369,3,19,879)
r(319,3,19,879)
w(366,3,19,879)
w(370,2,19,879)
w(367,1,0,881)
r(366,3,0,881)
w(370,3,0,881)
r(367,1,0,881)
r(319,3,0,881)
r(371,0,0,883)
r(371,0,0,883)
r(366,3,0,883)
r(371,0,0,883)
r(371,0,0,883)
r(373,0,0,883)
w(372,1,1,885)
w(371,1,1,885)
w(372,2,1,885)
w(371,2,1,885)
w(367,2,1,885)
r(372,2,2,887)
r(372,2,2,887)
w(373,1,2,887)
r(371,2,2,887)
w(372,3,2,887)
w(371,3,3,889)
r(372,3,3,889)
r(375,0,3,889)
w(375,1,3,889)
r(375,1,3,889)
w(375,2,4,891)
r(374,0,4,891)
w(373,2,4,891)
w(375,3,4,891)
w(377,1,4,891)
w(377,2,5,893)
w(367,3,5,893)
r(377,2,5,893)
r(374,0,5,893)
r(378,0,5,893)
r(376,0,5,893)
w(377,3,6,895)
r(374,0,6,895)
r(374,0,6,895)
r(379,0,6,895)
w(379,1,6,895)
w(378,1,7,897)
w(379,2,7,897)
r(374,0,7,897)
w(379,3,7,897)
r(379,3,8,899)
r(373,2,8,899)
r(379,3,8,899)
w(380,1,8,899)
w(374,1,8,899)
w(378,2,8,899)
r(373,2,8,899)
r(380,1,9,901)
w(374,2,9,901)
r(373,2,9,901)
r(380,1,9,901)
w(380,2,9,901)
w(380,3,10,903)
r(380,3,10,903)
r(380,3,10,903)
r(381,0,10,903)
r(381,0,10,903)
r(374,2,11,905)
w(381,1,11,905)
w(374,3,11,905)
r(374,3,11,905)
w(381,2,11,905)
r(374,3,11,905)
r(376,0,12,907)
w(381,3,12,907)
r(374,3,12,907)
r(381,3,12,907)
r(376,0,12,907)
r(383,0,12,907)
w(383,1,12,907)
r(383,1,13,909)
w(383,2,13,909)
w(383,3,13,909)
w(382,1,13,909)
r(373,2,13,909)
w(384,1,13,909)
w(378,3,14,911)
w(384,2,14,911)
r(384,2,14,911)
r(384,2,14,911)
w(373,3,14,911)
w(382,2,14,911)
w(384,3,14,911)
r(384,3,15,913)
r(382,2,15,913)
r(382,2,15,913)
w(382,3,15,913)
r(378,3,15,913)
w(385,1,16,915)
r(384,3,16,915)
r(378,3,16,915)
r(385,1,16,915)
w(385,2,16,915)
w(386,1,16,915)
w(386,2,16,915)
w(385,3,16,915)
r(373,3,17,917)
r(386,2,17,917)
r(387,0,17,917)
w(387,1,17,917)
r(387,1,17,917)
w(386,3,17,917)
r(386,3,17,917)
r(386,3,18,919)
w(387,2,18,919)
r(388,0,18,919)
w(387,3,18,919)
w(389,1,18,919)
r(389,1,18,919)
r(387,3,19,921)
r(388,0,19,921)
r(378,3,19,921)
r(376,0,19,921)
r(378,3,0,923)
r(390,0,0,923)
w(389,2,0,923)
r(390,0,0,923)
w(389,3,0,923)
w(390,1,0,923)
r(389,3,0,923)
w(390,2,0,925)
r(388,0,0,925)
r(391,0,0,925)
w(391,1,0,925)
w(392,1,0,925)
r(390,2,1,927)
r(391,1,1,927)
w(391,2,1,927)
w(391,3,1,927)
r(391,3,2,929)
r(390,2,2,929)
r(390,2,2,929)
r(390,2,2,929)
r(392,1,2,929)
r(391,3,3,931)
w(388,1,3,931)
r(390,2,3,931)
r(391,3,3,931)
r(388,1,3,931)
w(393,1,3,931)
r(388,1,3,931)
r(393,1,4,933)
w(388,2,4,933)
r(390,2,4,933)
r(390,2,4,933)
r(393,1,4,933)
r(393,1,4,933)
r(388,2,4,933)
r(390,2,5,935)
w(390,3,5,935)
r(393,1,5,935)
r(394,0,5,935)
r(394,0,5,935)
r(393,1,5,935)
w(394,1,5,935)
w(392,2,6,937)
w(393,2,6,937)
w(393,3,6,937)
w(394,2,6,937)
w(395,1,6,937)
r(395,1,6,937)
r(388,2,7,939)
r(394,2,7,939)
r(394,2,7,939)
r(395,1,7,939)
w(394,3,8,941)
w(388,3,8,941)
r(396,0,8,941)
w(396,1,8,941)
w(395,2,8,941)
r(395,2,8,941)
r(395,2,8,941)
r(392,2,9,943)
r(395,2,9,943)
r(395,2,9,943)
w(395,3,9,943)
w(397,1,9,943)
w(396,2,10,945)
w(397,2,10,945)
r(396,2,10,945)
r(398,0,10,945)
r(398,0,10,945)
r(396,2,10,945)
w(398,1,10,945)
w(397,3,10,945)
w(392,3,11,947)
r(398,1,11,947)
w(398,2,11,947)
w(398,3,11,947)
r(398,3,12,949)
r(398,3,12,949)
r(396,2,12,949)
r(396,2,12,949)
r(396,2,12,949)
w(396,3,12,949)
w(399,1,12,949)
w(399,2,13,951)
r(399,2,13,951)
r(399,2,13,951)
r(399,2,13,951)
w(399,3,13,951)
r(392,3,13,951)
r(400,0,13,951)
w(401,1,14,953)
r(401,1,14,953)
w(401,2,14,953)
r(401,2,14,953)
w(400,1,14,953)
r(401,2,14,953)
w(400,2,14,953)
w(400,3,14,953)
w(401,3,15,955)
r(403,0,15,955)
w(404,1,15,955)
r(403,0,15,955)
r(404,1,16,957)
r(403,0,16,957)
w(376,1,16,957)
r(403,0,16,957)
w(404,2,16,957)
w(402,1,16,957)
r(392,3,16,957)
w(403,1,17,959)
r(404,2,17,959)
r(404,2,17,959)
r(404,2,17,959)
w(404,3,17,959)
r(403,1,17,959)
w(403,2,18,961)
w(402,2,18,961)
r(404,3,18,961)
r(404,3,18,961)
r(392,3,18,961)
r(405,0,18,961)
w(405,1,19,963)
r(405,1,19,963)
r(405,1,19,963)
w(403,3,19,963)
r(405,1,19,963)
r(405,1,19,963)
r(403,3,19,963)
r(405,1,0,965)
w(405,2,0,965)
r(405,2,0,965)
r(405,2,0,965)
w(376,2,0,965)
w(405,3,0,965)
r(406,0,0,965)
w(402,3,0,965)
r(405,3,0,967)
r(405,3,0,967)
w(376,3,0,967)
w(407,1,0,967)
w(407,2,0,967)
r(408,0,0,967)
w(407,3,1,969)
r(410,0,1,969)
r(408,0,1,969)
w(408,1,1,969)
w(408,2,2,971)
w(408,3,2,971)
r(408,3,2,971)
r(411,0,2,971)
w(411,1,2,971)
r(402,3,2,971)
r(410,0,3,973)
w(411,2,3,973)
r(411,2,3,973)
r(411,2,3,973)
r(411,2,3,973)
w(410,1,3,973)
r(411,2,4,975)
w(411,3,4,975)
r(402,3,4,975)
w(406,1,4,975)
r(411,3,5,977)
w(412,1,5,977)
r(412,1,5,977)
r(412,1,5,977)
w(412,2,6,979)
r(412,2,6,979)
r(410,1,6,979)
r(409,0,6,979)
r(410,1,6,979)
r(412,2,6,979)
w(409,1,7,982)
r(410,1,7,982)
w(412,3,7,982)
w(406,2,7,982)
w(414,1,7,982)
w(406,3,7,982)
r(410,1,7,982)
r(413,0,8,983)
r(414,1,8,983)
r(413,0,8,983)
r(410,1,8,983)
w(414,2,9,985)
w(414,3,9,985)
r(410,1,9,985)
r(414,3,9,985)
w(415,1,10,987)
w(410,2,10,987)
r(410,2,10,987)
r(415,1,10,987)
r(415,1,10,987)
w(410,3,10,987)
r(415,1,11,989)
r(415,1,11,989)
r(415,1,11,989)
r(415,1,11,989)
r(410,3,12,991)
w(415,2,12,991)
w(415,3,12,991)
r(415,3,12,991)
w(416,1,12,991)
r(413,0,12,991)
w(417,1,12,991)
r(418,0,13,993)
w(418,1,13,993)
w(418,2,13,993)
w(418,3,13,993)
w(416,2,13,993)
w(417,2,14,995)
r(418,3,14,995)
w(413,1,14,995)
r(419,0,14,995)
r(417,2,14,995)
r(413,1,15,997)
r(419,0,15,997)
w(413,2,15,997)
r(417,2,15,997)
r(419,0,15,997)
r(417,2,15,997)
w(416,3,15,997)
r(417,2,16,999)
w(419,1,16,999)
w(419,2,16,999)
w(419,3,16,999)
r(417,2,16,999)
r(416,3,16,999)
r(420,0,16,999)
r(416,3,17,1001)
w(420,1,17,1001)
r(417,2,17,1001)
w(417,3,17,1001)
r(417,3,17,1001)
w(420,2,17,1001)
r(413,2,18,1003)
r(420,2,18,1003)
w(420,3,18,1003)
r(422,0,18,1003)
w(422,1,19,1005)
r(422,1,19,1005)
w(413,3,19,1005)
w(422,2,19,1005)
w(423,1,19,1005)
w(421,1,0,1007)
r(421,1,0,1007)
r(423,1,0,1007)
r(421,1,0,1007)
w(422,3,0,1007)
w(421,2,0,1007)
r(424,0,0,1007)
r(424,0,0,1009)
w(424,1,0,1009)
w(424,2,0,1009)
r(409,1,0,1009)
w(424,3,0,1009)
r(424,3,0,1009)
r(423,1,0,1009)
r(421,2,0,1009)
r(426,0,1,1011)
w(426,1,1,1011)
r(421,2,1,1011)
w(426,2,1,1011)
w(426,3,1,1011)
w(421,3,1,1011)
r(427,0,2,1013)
r(409,1,2,1013)
r(421,3,2,1013)
r(425,0,2,1013)
w(427,1,3,1015)
r(428,0,3,1015)
r(427,1,3,1015)
r(409,1,3,1015)
w(427,2,4,1017)
w(427,3,4,1017)
w(423,2,4,1017)
w(428,1,4,1017)
r(428,1,4,1017)
r(423,2,4,1017)
w(428,2,4,1017)
r(423,2,4,1017)
w(429,1,5,1019)
w(423,3,5,1019)
w(425,1,5,1019)
w(429,2,5,1019)
r(429,2,5,1019)
r(409,1,6,1021)
r(428,2,6,1021)
w(429,3,6,1021)
w(430,1,6,1021)
r(428,2,6,1021)
w(430,2,6,1021)
r(430,2,6,1021)
w(428,3,7,1023)
w(430,3,7,1023)
r(425,1,7,1023)
r(428,3,7,1023)
r(432,0,7,1023)
r(431,0,7,1023)
r(432,0,8,1025)
r(431,0,8,1025)
w(425,2,8,1025)
r(432,0,8,1025)
r(431,0,8,1025)
w(431,1,8,1025)
r(432,0,9,1027)
r(432,0,9,1027)
w(431,2,9,1027)
w(425,3,9,1027)
r(432,0,10,1029)
w(431,3,10,1029)
r(434,0,10,1029)
r(434,0,10,1029)
w(433,1,10,1029)
w(432,1,10,1029)
r(425,3,10,1029)
w(409,2,11,1031)
w(432,2,11,1031)
r(425,3,11,1031)
r(434,0,11,1031)
r(409,2,11,1031)
r(434,0,12,1033)
r(434,0,12,1033)
r(434,0,12,1033)
r(432,2,12,1033)
w(432,3,12,1033)
r(434,0,13,1036)
w(433,2,13,1036)
w(434,1,13,1036)
w(433,3,13,1036)
r(434,1,13,1036)
r(435,0,13,1036)
r(436,0,13,1036)
w(434,2,13,1036)
w(434,3,14,1037)
r(434,3,14,1037)
r(436,0,14,1037)
r(434,3,14,1037)
r(434,3,14,1037)
w(438,1,14,1037)
w(436,1,15,1039)
r(438,1,15,1039)
r(436,1,15,1039)
r(438,1,15,1039)
r(438,1,15,1039)
r(438,1,15,1039)
w(438,2,16,1041)
r(438,2,16,1041)
r(436,1,16,1041)
r(435,0,16,1041)
r(438,2,16,1041)
w(438,3,16,1041)
r(437,0,16,1041)
w(436,2,16,1041)
w(437,1,17,1043)
r(435,0,17,1043)
r(409,2,17,1043)
w(439,1,17,1043)
r(436,2,17,1043)
w(436,3,17,1043)
w(439,2,17,1043)
w(435,1,18,1045)
r(439,2,18,1045)
r(436,3,18,1045)
w(439,3,18,1045)
r(440,0,19,1047)
r(435,1,19,1047)
w(440,1,19,1047)
w(435,2,19,1047)
w(440,2,19,1047)
w(435,3,19,1047)
w(441,1,0,1049)
w(441,2,0,1049)
w(441,3,0,1049)
r(440,2,0,1049)
r(441,3,0,1049)
w(437,2,0,1051)
r(409,2,0,1051)
r(440,2,0,1051)
r(435,3,0,1051)
r(442,0,0,1051)
w(442,1,0,1051)
w(442,2,0,1051)
w(440,3,1,1053)
r(440,3,1,1053)
r(442,2,1,1053)
w(442,3,1,1053)
r(442,3,1,1053)
r(442,3,1,1053)
r(440,3,1,1053)
w(443,1,1,1053)
r(443,1,2,1055)
r(435,3,2,1055)
r(443,1,2,1055)
w(443,2,2,1055)
r(444,0,2,1055)
r(444,0,2,1055)
w(443,3,2,1055)
w(444,1,2,1055)
r(443,3,3,1057)
r(443,3,3,1057)
r(435,3,3,1057)
r(445,0,3,1057)
r(444,1,3,1057)
w(444,2,3,1057)
w(445,1,4,1059)
r(445,1,4,1059)
w(444,3,4,1059)
r(444,3,4,1059)
w(445,2,4,1059)
r(445,2,4,1059)
r(445,2,5,1061)
w(409,3,5,1061)
r(435,3,5,1061)
r(445,2,5,1061)
r(409,3,5,1061)
w(437,3,5,1061)
r(445,2,5,1061)
w(445,3,6,1063)
r(444,3,6,1063)
r(445,3,6,1063)
r(444,3,6,1063)
r(445,3,7,1065)
r(444,3,7,1065)
w(448,1,7,1065)
r(448,1,7,1065)
r(448,1,7,1065)
r(448,1,7,1065)
r(446,0,7,1065)
w(448,2,8,1067)
w(448,3,8,1067)
r(448,3,8,1067)
r(448,3,8,1067)
r(449,0,8,1067)
r(444,3,9,1069)
w(446,1,9,1069)
w(449,1,9,1069)
r(446,1,9,1069)
r(444,3,10,1071)
r(449,1,10,1071)
w(449,2,10,1071)
r(449,2,10,1071)
r(437,3,11,1073)
w(450,1,11,1073)
w(450,2,11,1073)
w(446,2,11,1073)
r(449,2,11,1073)
w(449,3,11,1073)
w(450,3,12,1075)
r(449,3,12,1075)
w(446,3,12,1075)
r(452,0,12,1075)
w(452,1,12,1075)
r(453,0,12,1075)
r(453,0,13,1077)
r(452,1,13,1077)
w(452,2,13,1077)
w(453,1,13,1077)
r(452,2,13,1077)
r(452,2,13,1077)
r(454,0,14,1079)
r(452,2,14,1079)
r(453,1,14,1079)
w(453,2,14,1079)
w(452,3,14,1079)
r(453,2,15,1081)
w(455,1,15,1081)
r(455,1,15,1081)
w(453,3,15,1081)
r(454,0,15,1081)
w(454,1,15,1081)
r(456,0,16,1083)
r(447,0,16,1083)
w(455,2,16,1083)
w(456,1,16,1083)
r(456,1,16,1083)
r(447,0,16,1083)
r(455,2,16,1083)
r(455,2,17,1085)
r(456,1,17,1085)
r(451,0,17,1085)
r(456,1,17,1085)
r(455,2,18,1087)
w(455,3,18,1087)
r(451,0,18,1087)
w(456,2,18,1087)
w(457,1,18,1087)
r(457,1,18,1087)
r(451,0,18,1087)
w(457,2,18,1087)
r(454,1,19,1089)
w(457,3,19,1089)
r(457,3,19,1089)
w(458,1,19,1089)
w(456,3,0,1091)
r(458,1,0,1091)
r(458,1,0,1091)
r(454,1,0,1091)
r(447,0,0,1091)
r(458,1,0,1091)
w(458,2,0,1093)
w(458,3,0,1093)
r(458,3,0,1093)
w(459,1,0,1093)
w(459,2,0,1093)
r(460,0,0,1093)
r(459,2,1,1095)
r(451,0,1,1095)
w(459,3,1,1095)
r(460,0,1,1095)
w(451,1,2,1097)
r(451,1,2,1097)
r(460,0,2,1097)
r(459,3,2,1097)
r(454,1,2,1097)
r(459,3,2,1097)
w(454,2,2,1097)
w(451,2,3,1099)
r(460,0,3,1099)
w(461,1,3,1099)
r(447,0,3,1099)
w(461,2,4,1101)
w(451,3,4,1101)
w(460,1,4,1101)
w(461,3,4,1101)
r(454,2,5,1103)
r(460,1,5,1103)
w(463,1,5,1103)
w(463,2,5,1103)
r(447,0,5,1103)
w(460,2,6,1105)
r(460,2,6,1105)
r(463,2,6,1105)
r(463,2,6,1105)
w(463,3,7,1107)
r(460,2,7,1107)
w(454,3,7,1107)
r(463,3,7,1107)
r(460,2,7,1107)
w(460,3,7,1107)
w(464,1,7,1107)
r(465,0,8,1109)
w(465,1,8,1109)
w(465,2,8,1109)
r(465,2,8,1109)
w(465,3,9,1111)
r(447,0,9,1111)
r(465,3,9,1111)
w(464,2,9,1111)
r(464,2,9,1111)
r(465,3,9,1111)
r(454,3,10,1113)
w(464,3,10,1113)
w(466,1,10,1113)
w(466,2,10,1113)
r(465,3,10,1113)
r(465,3,11,1115)
w(467,1,11,1115)
w(467,2,11,1115)
w(462,1,11,1115)
r(466,2,11,1115)
w(466,3,11,1115)
r(466,3,12,1117)
w(467,3,12,1117)
r(467,3,12,1117)
r(466,3,12,1117)
r(467,3,12,1117)
w(469,1,12,1117)
w(469,2,12,1117)
r(466,3,12,1117)
r(469,2,13,1119)
w(469,3,13,1119)
w(468,1,13,1119)
r(468,1,13,1119)
w(470,1,13,1119)
w(470,2,13,1119)
w(471,1,13,1119)
w(468,2,14,1121)
w(471,2,14,1121)
w(468,3,14,1121)
w(471,3,14,1121)
r(462,1,14,1121)
r(472,0,14,1121)
w(470,3,15,1123)
r(472,0,15,1123)
w(472,1,15,1123)
w(472,2,15,1123)
r(472,2,16,1125)
w(472,3,16,1125)
w(473,1,16,1125)
w(473,2,16,1125)
w(475,1,16,1125)
w(475,2,17,1127)
r(475,2,17,1127)
r(474,0,17,1127)
w(473,3,17,1127)
w(475,3,17,1127)
r(474,0,18,1129)
r(462,1,18,1129)
r(473,3,18,1129)
r(473,3,18,1129)
r(475,3,18,1129)
r(473,3,18,1129)
r(473,3,19,1131)
w(474,1,19,1131)
r(473,3,19,1131)
r(474,1,19,1131)
w(474,2,19,1131)
w(476,1,0,1133)
r(476,1,0,1133)
r(476,1,0,1133)
r(476,1,0,1133)
r(476,1,0,1135)
r(473,3,0,1135)
r(473,3,0,1135)
w(476,2,0,1135)
r(476,2,0,1135)
w(476,3,0,1135)
r(476,3,0,1135)
r(462,1,0,1135)
r(477,0,1,1137)
r(474,2,1,1137)
r(476,3,1,1137)
r(477,0,1,1137)
w(478,1,1,1137)
w(478,2,2,1139)
r(474,2,2,1139)
r(477,0,2,1139)
w(477,1,2,1139)
w(478,3,3,1141)
w(474,3,3,1141)
r(478,3,3,1141)
w(477,2,3,1141)
r(474,3,3,1141)
r(479,0,3,1141)
r(479,0,3,1141)
r(479,0,3,1141)
w(477,3,4,1143)
w(462,2,4,1143)
r(477,3,4,1143)
r(462,2,4,1143)
r(480,0,4,1143)
r(462,2,4,1143)
w(481,1,4,1143)
w(480,1,4,1143)
w(479,1,5,1145)
r(479,1,5,1145)
r(480,1,5,1145)
r(481,1,5,1145)
r(479,1,5,1145)
w(480,2,5,1145)
w(479,2,5,1145)
w(481,2,5,1145)
w(481,3,6,1147)
w(479,3,6,1147)
w(482,1,6,1147)
r(482,1,6,1147)
r(483,0,6,1147)
w(482,2,6,1147)
r(447,0,7,1149)
w(483,1,7,1149)
r(482,2,7,1149)
w(482,3,7,1149)
w(462,3,7,1149)
w(480,3,7,1149)
w(484,1,7,1149)
w(484,2,7,1149)
w(484,3,8,1151)
w(485,1,8,1151)
r(485,1,8,1151)
r(485,1,8,1151)
w(486,1,9,1153)
r(483,1,9,1153)
w(485,2,9,1153)
w(483,2,9,1153)
w(483,3,9,1153)
w(486,2,10,1155)
r(487,0,10,1155)
r(447,0,10,1155)
r(487,0,10,1155)
w(486,3,11,1157)
w(485,3,11,1157)
w(488,1,11,1157)
w(488,2,11,1157)
w(447,1,11,1157)
w(488,3,11,1157)
w(487,1,11,1157)
r(488,3,12,1159)
r(489,0,12,1159)
r(462,3,12,1159)
w(487,2,12,1159)
r(487,2,12,1159)
w(490,1,12,1159)
w(490,2,13,1161)
r(490,2,13,1161)
w(490,3,13,1161)
r(489,0,13,1161)
w(491,1,13,1161)
w(491,2,13,1161)
r(487,2,13,1161)
r(491,2,14,1163)
r(487,2,14,1163)
w(491,3,14,1163)
r(489,0,14,1163)
r(487,2,14,1163)
r(489,0,14,1163)
r(491,3,15,1165)
r(493,0,15,1165)
r(493,0,15,1165)
r(493,0,15,1165)
r(489,0,16,1167)
r(489,0,16,1167)
r(487,2,16,1167)
w(493,1,16,1167)
r(487,2,16,1167)
w(493,2,17,1169)
w(492,1,17,1169)
r(493,2,17,1169)
r(493,2,17,1169)
r(487,2,18,1171)
r(487,2,18,1171)
w(493,3,18,1171)
w(487,3,18,1171)
r(493,3,18,1171)
w(494,1,18,1171)
r(493,3,19,1173)
r(493,3,19,1173)
r(447,1,19,1173)
w(492,2,19,1173)
w(494,2,19,1173)
w(495,1,19,1173)
r(494,2,19,1173)
w(495,2,19,1173)
r(495,2,0,1175)
w(495,3,0,1175)
r(494,2,0,1175)
w(489,1,0,1175)
w(494,3,0,1175)
r(495,3,0,1175)
w(497,1,0,1177)
w(497,2,0,1177)
r(497,2,0,1177)
w(496,1,0,1177)
r(496,1,1,1179)
w(496,2,1,1179)
r(497,2,1,1179)
r(496,2,1,1179)
w(497,3,1,1179)
w(496,3,2,1181)
r(497,3,2,1181)
w(489,2,2,1181)
w(447,2,2,1181)
w(499,1,3,1183)
w(499,2,3,1183)
w(499,3,3,1183)
w(498,1,3,1183)
w(500,1,4,1185)
r(500,1,4,1185)
r(500,1,4,1185)
w(492,3,4,1185)
r(500,1,5,1187)
r(500,1,5,1187)
r(500,1,5,1187)
w(489,3,5,1187)
w(500,2,5,1187)
r(500,2,5,1187)
r(498,1,6,1189)
w(498,2,6,1189)
w(498,3,6,1189)
r(500,2,6,1189)
w(500,3,6,1189)
r(500,3,6,1189)
w(502,1,6,1189)
r(502,1,7,1191)
r(503,0,7,1191)
r(501,0,7,1191)
w(503,1,7,1191)
r(501,0,7,1191)
w(502,2,7,1191)
r(502,2,7,1191)
w(503,2,7,1191)
r(502,2,8,1193)
w(502,3,8,1193)
r(505,0,8,1193)
w(503,3,8,1193)
r(447,2,8,1193)
w(505,1,8,1193)
r(505,1,8,1193)
w(505,2,8,1193)
r(505,2,9,1195)
w(505,3,9,1195)
r(506,0,9,1195)
r(505,3,9,1195)
r(506,0,9,1195)
r(505,3,9,1195)
r(501,0,10,1197)
r(501,0,10,1197)
w(507,1,10,1197)
w(501,1,10,1197)
r(507,1,11,1199)
r(506,0,11,1199)
r(507,1,11,1199)
r(507,1,11,1199)
r(507,1,11,1199)
w(501,2,12,1201)
w(447,3,12,1201)
r(506,0,12,1201)
w(506,1,12,1201)
w(506,2,12,1201)
w(501,3,13,1203)
r(507,1,13,1203)
w(506,3,13,1203)
w(507,2,13,1203)
r(501,3,13,1203)
w(507,3,13,1203)
r(509,0,14,1205)
w(509,1,14,1205)
w(509,2,14,1205)
w(509,3,14,1205)
r(509,3,14,1205)
r(508,0,14,1205)
r(509,3,14,1205)
w(508,1,15,1207)
r(510,0,15,1207)
r(508,1,15,1207)
r(508,1,15,1207)
w(510,1,15,1207)
r(510,1,15,1207)
w(510,2,16,1209)
r(511,0,16,1209)
w(508,2,16,1209)
w(508,3,16,1209)
r(508,3,16,1209)
r(510,2,16,1209)
w(510,3,17,1211)
r(511,0,17,1211)
w(512,1,17,1211)
w(513,1,17,1211)
r(512,1,17,1211)
r(513,1,17,1211)
w(504,1,17,1211)
r(512,1,18,1213)
r(513,1,18,1213)
w(513,2,18,1213)
r(513,2,18,1213)
w(513,3,18,1213)
r(512,1,18,1213)
r(513,3,18,1213)
r(512,1,18,1213)
r(512,1,19,1215)
r(513,3,19,1215)
w(512,2,19,1215)
r(513,3,19,1215)
r(513,3,0,1217)
r(514,0,0,1217)
w(512,3,0,1217)
w(511,1,0,1217)
r(514,0,0,1219)
r(447,3,0,1219)
r(514,0,0,1219)
w(511,2,0,1219)
r(512,3,0,1219)
r(514,0,0,1219)
r(515,0,2,1222)
w(504,2,2,1222)
w(511,3,2,1222)
r(511,3,2,1222)
w(516,1,2,1222)
r(515,0,2,1222)
r(516,1,2,1222)
r(516,1,2,1222)
w(514,1,1,1223)
r(514,1,1,1223)
r(447,3,1,1223)
r(514,1,1,1223)
w(514,2,1,1223)
w(514,3,1,1223)
r(515,0,1,1223)
r(515,0,1,1223)
w(516,2,3,1225)
w(504,3,3,1225)
r(516,2,3,1225)
r(516,2,3,1225)
r(516,2,3,1225)
r(516,2,3,1225)
r(516,2,3,1225)
w(516,3,4,1227)
r(511,3,4,1227)
r(516,3,4,1227)
w(519,1,4,1227)
w(519,2,5,1229)
r(515,0,5,1229)
r(520,0,5,1229)
w(515,1,5,1229)
r(519,2,6,1231)
r(515,1,6,1231)
w(519,3,6,1231)
w(515,2,6,1231)
r(519,3,6,1231)
w(515,3,6,1231)
r(519,3,6,1231)
r(520,0,7,1233)
r(515,3,7,1233)
w(522,1,7,1233)
w(521,1,7,1233)
w(522,2,8,1235)
r(522,2,8,1235)
r(522,2,8,1235)
w(522,3,8,1235)
r(522,3,8,1235)
w(521,2,8,1235)
r(521,2,9,1237)
w(521,3,9,1237)
r(521,3,9,1237)
r(521,3,9,1237)
r(521,3,9,1237)
w(517,1,10,1239)
r(523,0,10,1239)
w(523,1,10,1239)
r(524,0,10,1239)
w(523,2,10,1239)
w(524,1,10,1239)
w(523,3,10,1239)
w(517,2,10,1239)
r(524,1,11,1241)
r(524,1,11,1241)
r(524,1,11,1241)
w(524,2,11,1241)
r(523,3,11,1241)
r(525,0,12,1243)
w(525,1,12,1243)
w(525,2,12,1243)
r(525,2,12,1243)
r(525,2,12,1243)
r(525,2,12,1243)
w(520,1,13,1245)
w(524,3,13,1245)
w(525,3,13,1245)
r(526,0,13,1245)
r(526,0,13,1245)
w(526,1,13,1245)
w(518,1,13,1245)
w(527,1,13,1245)
r(526,1,14,1247)
w(526,2,14,1247)
r(526,2,14,1247)
w(527,2,14,1247)
w(526,3,14,1247)
r(527,2,14,1247)
w(527,3,14,1247)
w(528,1,15,1249)
w(520,2,15,1249)
w(529,1,15,1249)
w(528,2,15,1249)
w(520,3,15,1249)
w(528,3,15,1249)
w(530,1,15,1249)
r(530,1,16,1251)
r(530,1,16,1251)
w(530,2,16,1251)
w(530,3,16,1251)
r(529,1,17,1253)
r(517,2,17,1253)
w(529,2,17,1253)
w(532,1,17,1253)
r(532,1,17,1253)
r(532,1,17,1253)
w(529,3,17,1253)
r(532,1,17,1253)
w(532,2,18,1255)
r(532,2,18,1255)
w(533,1,18,1255)
w(532,3,18,1255)
r(532,3,18,1255)
r(534,0,18,1255)
r(534,0,18,1255)
w(534,1,18,1255)
w(533,2,19,1257)
w(534,2,19,1257)
r(531,0,19,1257)
w(533,3,19,1257)
r(534,2,19,1257)
w(534,3,19,1257)
r(531,0,0,1259)
r(534,3,0,1259)
r(534,3,0,1259)
r(533,3,0,1259)
r(518,1,0,1259)
w(536,1,0,1261)
w(536,2,0,1261)
r(535,0,0,1261)
w(535,1,0,1261)
r(535,1,1,1263)
r(517,2,1,1263)
r(535,1,1,1263)
w(536,3,1,1263)
r(536,3,1,1263)
r(535,1,1,1263)
r(531,0,1,1263)
w(535,2,1,1263)
r(536,3,2,1265)
r(536,3,2,1265)
w(535,3,2,1265)
r(537,0,2,1265)
w(537,1,3,1267)
r(531,0,3,1267)
w(537,2,3,1267)
r(537,2,3,1267)
r(531,0,4,1269)
r(537,2,4,1269)
r(537,2,4,1269)
w(538,1,4,1269)
r(538,1,4,1269)
w(537,3,4,1269)
r(538,1,5,1271)
w(539,1,5,1271)
w(538,2,5,1271)
w(539,2,5,1271)
w(531,1,5,1271)
r(539,2,6,1273)
r(539,2,6,1273)
w(517,3,6,1273)
w(539,3,6,1273)
r(539,3,6,1273)
r(540,0,6,1273)
r(531,1,8,1277)
r(540,0,8,1277)
w(541,2,8,1277)
r(531,1,8,1277)
w(540,2,8,1277)
w(541,3,9,1279)
w(540,3,9,1279)
r(540,3,9,1279)
w(531,2,9,1279)
r(540,3,9,1279)
w(543,1,9,1279)
r(543,1,9,1279)
w(542,1,9,1279)
r(543,1,10,1281)
r(542,1,10,1281)
w(531,3,10,1281)
w(543,2,10,1281)
r(518,1,10,1281)
w(543,3,10,1281)
w(518,2,11,1283)
r(543,3,11,1283)
w(545,1,11,1283)
w(545,2,11,1283)
w(545,3,11,1283)
r(545,3,11,1283)
w(518,3,12,1285)
r(542,1,12,1285)
r(546,0,12,1285)
w(546,1,12,1285)
r(542,1,12,1285)
w(542,2,12,1285)
r(546,1,13,1287)
r(544,0,13,1287)
w(542,3,13,1287)
w(546,2,13,1287)
w(546,3,13,1287)
r(547,0,13,1287)
w(544,1,13,1287)
r(547,0,14,1289)
w(544,2,14,1289)
r(546,3,14,1289)
r(546,3,14,1289)
w(547,1,14,1289)
w(547,2,14,1289)
r(546,3,15,1291)
w(547,3,15,1291)
r(544,2,15,1291)
r(546,3,15,1291)
r(549,0,15,1291)
w(548,1,15,1291)
w(549,1,16,1293)
r(547,3,16,1293)
w(549,2,16,1293)
r(549,2,16,1293)
r(544,2,17,1295)
r(549,2,17,1295)
r(548,1,17,1295)
r(547,3,17,1295)
w(549,3,17,1295)
w(544,3,17,1295)
w(551,1,18,1297)
r(551,1,18,1297)
w(551,2,18,1297)
r(550,0,18,1297)
r(551,2,18,1297)
r(551,2,19,1299)
w(550,1,19,1299)
w(550,2,19,1299)
r(551,2,19,1299)
w(550,3,19,1299)
r(550,3,19,1299)
r(551,2,19,1299)
r(517,3,19,1299)
r(551,2,0,1301)
r(552,0,0,1301)
w(551,3,0,1301)
r(552,0,0,1301)
r(517,3,0,1301)
r(551,3,0,1301)
r(551,3,0,1301)
w(554,1,0,1303)
w(553,1,0,1303)
w(552,1,0,1303)
r(554,1,0,1303)
w(552,2,1,1305)
w(553,2,1,1305)
r(552,2,1,1305)
r(517,3,1,1305)
r(554,1,2,1307)
w(554,2,2,1307)
r(552,2,2,1307)
w(554,3,2,1307)
r(554,3,3,1309)
w(552,3,3,1309)
r(555,0,3,1309)
r(555,0,3,1309)
w(553,3,3,1309)
w(555,1,3,1309)
r(556,0,4,1311)
r(555,1,4,1311)
r(555,1,4,1311)
r(548,1,4,1311)
w(556,1,4,1311)
r(555,1,4,1311)
w(556,2,4,1311)
r(555,1,4,1311)
w(557,1,5,1313)
w(557,2,5,1313)
w(557,3,5,1313)
w(555,2,5,1313)
w(555,3,5,1313)
r(558,0,5,1313)
w(558,1,6,1315)
w(556,3,6,1315)
r(558,1,6,1315)
r(556,3,6,1315)
r(559,0,6,1315)
w(558,2,6,1315)
w(559,1,6,1315)
r(558,2,6,1315)
w(558,3,7,1317)
r(558,3,7,1317)
r(560,0,7,1317)
r(560,0,7,1317)
r(558,3,7,1317)
w(559,2,8,1319)
r(561,0,8,1319)
r(560,0,8,1319)
w(561,1,8,1319)
r(560,0,8,1319)
r(561,1,8,1319)
r(559,2,8,1319)
r(560,0,9,1321)
w(561,2,9,1321)
w(561,3,9,1321)
w(560,1,9,1321)
r(560,1,9,1321)
r(560,1,9,1321)
w(548,2,10,1323)
r(563,0,10,1323)
w(559,3,10,1323)
w(562,1,10,1323)
w(562,2,11,1325)
r(562,2,11,1325)
r(562,2,11,1325)
w(562,3,11,1325)
r(560,1,11,1325)
r(564,0,11,1325)
r(560,1,11,1325)
r(560,1,12,1327)
w(564,1,12,1327)
r(563,0,12,1327)
w(565,1,12,1327)
r(560,1,12,1327)
w(565,2,13,1329)
r(560,1,13,1329)
w(565,3,13,1329)
r(560,1,13,1329)
r(565,3,13,1329)
r(560,1,13,1329)
w(566,1,13,1329)
w(564,2,13,1329)
r(566,1,14,1331)
r(564,2,14,1331)
r(566,1,14,1331)
w(566,2,14,1331)
r(566,2,14,1331)
w(560,2,14,1331)
r(560,2,14,1331)
r(564,2,14,1331)
w(566,3,15,1333)
r(566,3,15,1333)
r(566,3,15,1333)
r(567,0,15,1333)
w(560,3,15,1333)
w(567,1,16,1335)
w(563,1,16,1335)
w(568,1,16,1335)
r(567,1,16,1335)
w(548,3,16,1335)
w(567,2,17,1337)
r(564,2,17,1337)
r(567,2,17,1337)
r(567,2,17,1337)
r(567,2,17,1337)
r(567,2,18,1339)
r(564,2,18,1339)
w(568,2,18,1339)
w(564,3,18,1339)
r(567,2,18,1339)
r(568,2,18,1339)
r(567,2,19,1341)
r(564,3,19,1341)
w(567,3,19,1341)
w(569,1,19,1341)
w(563,2,0,1343)
r(569,1,0,1343)
w(563,3,0,1343)
w(570,1,0,1343)
r(569,1,0,1343)
w(568,3,0,1343)
w(570,2,0,1343)
w(569,2,0,1345)
r(569,2,0,1345)
w(569,3,0,1345)
w(572,1,0,1345)
w(570,3,1,1348)
w(572,2,1,1348)
w(572,3,1,1348)
r(572,3,1,1348)
w(573,1,1,1348)
r(570,3,1,1348)
r(572,3,1,1348)
w(573,3,3,1351)
w(575,1,3,1351)
r(574,0,3,1351)
r(574,0,3,1351)
r(574,0,3,1351)
w(574,2,3,1351)
w(574,3,3,1351)
r(574,3,4,1353)
w(576,1,4,1353)
r(574,3,4,1353)
r(574,3,4,1353)
r(574,3,5,1355)
r(574,3,5,1355)
r(571,0,5,1355)
w(571,1,5,1355)
r(574,3,5,1355)
w(576,2,5,1355)
w(576,3,5,1355)
w(575,2,5,1355)
r(574,3,6,1357)
r(575,2,6,1357)
r(574,3,6,1357)
w(575,3,6,1357)
w(577,1,7,1359)
r(574,3,7,1359)
r(577,1,7,1359)
r(574,3,7,1359)
w(578,1,7,1359)
r(578,1,8,1361)
r(578,1,8,1361)
r(571,1,8,1361)
r(578,1,8,1361)
r(578,1,9,1363)
r(577,1,9,1363)
w(571,2,9,1363)
w(578,2,9,1363)
r(577,1,9,1363)
w(578,3,9,1363)
r(578,3,9,1363)
w(571,3,9,1363)
r(577,1,10,1365)
w(579,1,10,1365)
w(577,2,10,1365)
r(577,2,10,1365)
r(578,3,11,1367)
r(548,3,11,1367)
r(577,2,11,1367)
w(577,3,11,1367)
r(571,3,12,1369)
r(571,3,12,1369)
r(577,3,12,1369)
w(580,1,12,1369)
r(579,1,13,1371)
r(579,1,13,1371)
r(581,0,13,1371)
r(580,1,13,1371)
w(580,2,13,1371)
r(581,0,13,1371)
r(579,1,13,1371)
w(581,1,13,1371)
r(580,2,14,1373)
r(580,2,14,1373)
w(581,2,14,1373)
r(580,2,14,1373)
r(581,2,15,1375)
r(580,2,15,1375)
r(571,3,15,1375)
r(580,2,15,1375)
r(580,2,16,1377)
r(579,1,16,1377)
w(580,3,16,1377)
r(579,1,16,1377)
w(582,1,16,1377)
r(571,3,17,1379)
r(582,1,17,1379)
w(581,3,17,1379)
w(582,2,17,1379)
w(582,3,17,1379)
w(579,2,17,1379)
r(583,0,17,1379)
r(584,0,18,1381)
r(583,0,18,1381)
w(579,3,18,1381)
r(584,0,18,1381)
r(583,0,19,1383)
w(585,1,19,1383)
w(585,2,19,1383)
r(583,0,19,1383)
r(584,0,19,1383)
r(586,0,0,1385)
w(585,3,0,1385)
r(583,0,0,1385)
w(583,1,0,1385)
r(586,0,0,1385)
r(588,0,0,1385)
r(583,1,0,1385)
r(583,1,0,1385)
w(588,1,0,1387)
w(586,1,0,1387)
r(583,1,0,1387)
w(583,2,0,1387)
w(588,2,0,1387)
r(588,2,0,1387)
r(588,2,0,1387)
w(588,3,0,1387)
r(583,2,1,1389)
r(583,2,1,1389)
r(583,2,1,1389)
r(588,3,1,1389)
w(583,3,1,1389)
r(589,0,1,1389)
w(589,1,2,1391)
w(586,2,2,1391)
r(589,1,2,1391)
r(586,2,2,1391)
w(589,2,3,1393)
r(583,3,3,1393)
r(583,3,3,1393)
r(589,2,3,1393)
r(589,2,3,1393)
r(589,2,3,1393)
w(589,3,3,1393)
r(590,0,3,1393)
r(586,2,4,1395)
r(590,0,4,1395)
r(586,2,4,1395)
w(584,1,4,1395)
r(591,0,4,1395)
r(590,0,4,1395)
w(591,1,4,1395)
w(591,2,5,1397)
w(590,1,5,1397)
r(591,2,5,1397)
w(591,3,5,1397)
r(591,3,6,1399)
w(590,2,6,1399)
r(591,3,6,1399)
r(592,0,6,1399)
w(592,1,7,1401)
w(586,3,7,1401)
w(592,2,7,1401)
w(590,3,7,1401)
r(592,2,7,1401)
r(592,2,7,1401)
r(592,2,8,1403)
w(592,3,8,1403)
r(593,0,8,1403)
w(595,1,8,1403)
w(595,2,8,1403)
w(595,3,9,1405)
w(596,1,9,1405)
w(596,2,9,1405)
r(584,1,9,1405)
w(593,1,9,1405)
w(594,1,9,1405)
w(596,3,9,1405)
r(593,1,9,1405)
w(593,2,10,1407)
r(597,0,10,1407)
r(597,0,10,1407)
w(594,2,10,1407)
r(597,0,11,1409)
w(597,1,11,1409)
w(593,3,11,1409)
r(597,1,11,1409)
r(597,1,11,1409)
r(597,1,11,1409)
w(584,2,11,1409)
r(594,2,11,1409)
r(593,3,12,1411)
r(597,1,12,1411)
w(597,2,12,1411)
r(594,2,12,1411)
w(587,1,12,1411)
w(597,3,13,1413)
w(598,1,13,1413)
r(598,1,13,1413)
r(598,1,13,1413)
r(598,1,13,1413)
w(598,2,13,1413)
w(598,3,13,1413)
r(598,3,14,1415)
r(598,3,14,1415)
r(593,3,14,1415)
r(593,3,14,1415)
w(594,3,14,1415)
r(587,1,15,1417)
r(599,0,15,1417)
w(599,1,15,1417)
r(594,3,15,1417)
w(599,2,15,1417)
r(593,3,15,1417)
w(599,3,15,1417)
r(599,3,16,1419)
r(594,3,16,1419)
w(600,1,16,1419)
w(600,2,16,1419)
w(600,3,16,1419)
w(601,1,16,1419)
r(600,3,16,1419)
r(600,3,16,1419)
w(602,1,17,1421)
r(601,1,17,1421)
w(587,2,17,1421)
w(602,2,17,1421)
w(587,3,17,1421)
r(603,0,18,1423)
w(602,3,18,1423)
r(602,3,18,1423)
r(603,0,18,1423)
w(603,1,18,1423)
w(603,2,18,1423)
r(603,2,18,1423)
w(603,3,18,1423)
r(606,0,19,1425)
r(606,0,19,1425)
w(606,1,19,1425)
r(606,1,19,1425)
r(606,1,0,1427)
r(606,1,0,1427)
w(606,2,0,1427)
w(605,1,0,1427)
r(605,1,0,1427)
w(605,2,0,1427)
w(606,3,0,1427)
w(584,3,0,1429)
w(607,1,0,1429)
r(584,3,0,1429)
r(601,1,0,1429)
r(601,1,0,1429)
r(584,3,0,1429)
w(607,2,0,1429)
r(607,2,0,1429)
