w(4,1,0,1)
r(4,1,0,1)
w(3,1,0,1)
r(3,1,0,1)
w(2,1,0,1)
r(3,1,0,1)
w(4,2,1,3)
w(0,1,1,3)
w(4,3,1,3)
r(1,0,1,3)
w(5,1,1,3)
r(5,1,1,3)
r(5,1,2,5)
w(5,2,2,5)
w(2,2,2,5)
w(2,3,2,5)
r(5,2,2,5)
r(3,1,3,7)
r(2,3,3,7)
r(0,1,3,7)
r(2,3,3,7)
w(6,1,3,7)
r(5,2,3,7)
r(3,1,4,9)
r(5,2,4,9)
w(3,2,4,9)
r(3,2,4,9)
w(3,3,4,9)
w(1,1,5,11)
r(6,1,5,11)
r(7,0,5,11)
r(0,1,5,11)
r(5,2,5,11)
w(7,1,5,11)
w(7,2,5,11)
r(7,2,6,13)
r(5,2,6,13)
r(7,2,6,13)
w(6,2,6,13)
r(5,2,6,13)
r(5,2,6,13)
w(5,3,7,15)
w(7,3,7,15)
w(8,1,7,15)
r(8,1,7,15)
r(6,2,7,15)
r(7,3,7,15)
r(1,1,8,17)
r(8,1,8,17)
w(1,2,8,17)
w(1,3,8,17)
r(6,2,8,17)
r(8,1,9,19)
r(7,3,9,19)
w(0,2,9,19)
w(8,2,9,19)
w(8,3,9,19)
r(8,3,9,19)
r(0,2,10,21)
r(9,0,10,21)
w(0,3,10,21)
r(8,3,10,21)
w(10,1,10,21)
r(10,1,11,23)
r(10,1,11,23)
w(9,1,11,23)
r(10,1,11,23)
r(9,1,11,23)
w(9,2,11,23)
r(12,0,13,26)
r(12,0,13,26)
r(13,0,13,26)
r(12,0,13,26)
w(10,2,12,27)
r(6,2,12,27)
w(9,3,12,27)
w(10,3,12,27)
r(10,3,12,27)
r(13,0,14,29)
w(12,1,14,29)
r(9,3,14,29)
r(9,3,14,29)
w(12,2,14,29)
w(12,3,14,29)
r(14,0,14,29)
r(12,3,15,31)
r(12,3,15,31)
w(6,3,15,31)
r(15,0,15,31)
r(14,0,16,33)
r(14,0,16,33)
w(15,1,16,33)
w(15,2,16,33)
w(14,1,16,33)
w(15,3,16,33)
r(14,1,16,33)
w(14,2,17,35)
r(16,0,17,35)
r(11,0,17,35)
r(17,0,17,35)
w(16,1,17,35)
r(17,0,17,35)
r(14,2,18,37)
w(17,1,18,37)
w(14,3,18,37)
w(13,1,18,37)
r(17,1,19,39)
w(16,2,19,39)
w(17,2,19,39)
r(17,2,19,39)
r(17,2,19,39)
w(17,3,19,39)
r(17,3,19,39)
r(19,0,19,39)
r(18,0,0,42)
w(19,1,0,42)
w(19,2,0,42)
r(16,2,0,42)
r(13,1,1,45)
w(16,3,1,45)
r(18,0,1,45)
r(19,2,1,45)
r(16,3,1,45)
w(18,1,1,45)
r(19,2,1,45)
r(20,0,1,45)
w(11,1,2,47)
w(20,1,2,47)
w(20,2,2,47)
w(20,3,2,47)
r(20,3,3,49)
r(18,1,3,49)
w(18,2,3,49)
r(16,3,3,49)
r(11,1,3,49)
w(13,2,4,51)
r(18,2,4,51)
r(21,0,4,51)
r(18,2,4,51)
w(21,1,4,51)
w(18,3,5,53)
r(18,3,5,53)
r(21,1,5,53)
r(21,1,5,53)
r(22,0,5,53)
w(21,2,5,53)
w(22,1,6,55)
w(21,3,6,55)
w(13,3,6,55)
r(21,3,6,55)
r(22,1,6,55)
r(22,1,6,55)
r(22,1,6,55)
w(22,2,7,57)
r(24,0,7,57)
r(22,2,7,57)
w(11,2,7,57)
w(24,1,7,57)
r(22,2,7,57)
r(23,0,8,59)
r(24,1,8,59)
w(22,3,8,59)
w(11,3,8,59)
r(23,0,8,59)
w(25,1,8,59)
r(13,3,8,59)
w(24,2,9,61)
w(24,3,9,61)
r(24,3,9,61)
r(24,3,9,61)
r(24,3,9,61)
w(25,2,9,61)
r(23,0,9,61)
r(24,3,10,63)
r(25,2,10,63)
w(25,3,10,63)
r(26,0,10,63)
r(26,0,10,63)
r(26,0,11,65)
w(23,1,11,65)
w(26,1,11,65)
w(23,2,11,65)
w(26,2,12,67)
w(26,3,12,67)
w(23,3,12,67)
r(29,0,12,67)
r(29,0,12,67)
r(29,0,12,67)
w(27,1,13,69)
r(30,0,13,69)
r(29,0,13,69)
w(27,2,13,69)
w(29,1,13,69)
r(27,2,13,69)
r(29,1,14,71)
w(27,3,14,71)
w(28,1,14,71)
r(27,3,14,71)
w(29,2,14,71)
w(29,3,14,71)
r(29,3,14,71)
r(30,0,14,71)
r(29,3,15,73)
w(31,1,15,73)
r(31,1,15,73)
r(30,0,15,73)
r(31,1,15,73)
r(30,0,16,75)
w(31,2,16,75)
r(30,0,16,75)
r(27,3,16,75)
w(31,3,16,75)
r(27,3,16,75)
r(31,3,17,77)
r(31,3,17,77)
w(30,1,17,77)
w(34,1,17,77)
r(33,0,17,77)
r(34,1,18,79)
w(30,2,18,79)
r(34,1,18,79)
r(30,2,18,79)
r(34,1,19,81)
r(34,1,19,81)
r(33,0,19,81)
r(33,0,19,81)
w(33,1,19,81)
r(33,1,0,83)
w(30,3,0,83)
r(30,3,0,83)
w(33,2,0,83)
w(33,3,0,83)
r(30,3,0,85)
r(35,0,0,85)
w(34,2,0,85)
r(35,0,0,85)
w(35,1,0,85)
r(35,1,0,85)
w(35,2,0,85)
r(34,2,0,85)
r(35,2,1,87)
r(36,0,1,87)
w(35,3,1,87)
r(34,2,1,87)
w(37,1,1,87)
w(37,2,1,87)
r(34,2,1,87)
r(32,0,2,89)
w(34,3,2,89)
r(37,2,2,89)
r(36,0,2,89)
r(36,0,3,92)
r(34,3,3,92)
r(37,2,3,92)
w(32,1,3,92)
w(37,3,4,93)
r(36,0,4,93)
w(38,1,4,93)
r(38,1,4,93)
r(39,0,4,93)
w(36,1,4,93)
r(39,0,5,95)
r(28,1,5,95)
w(39,1,5,95)
r(39,1,5,95)
r(39,1,5,95)
w(39,2,6,97)
w(39,3,6,97)
w(38,2,6,97)
w(40,1,6,97)
r(40,1,6,97)
r(40,1,6,97)
r(40,1,6,97)
w(38,3,7,99)
w(40,2,7,99)
r(40,2,7,99)
w(40,3,7,99)
r(41,0,7,99)
w(41,1,7,99)
r(28,1,7,99)
r(41,1,8,101)
r(36,1,8,101)
r(42,0,8,101)
r(41,1,8,101)
r(41,1,8,101)
r(36,1,8,101)
r(41,1,9,103)
w(41,2,9,103)
w(36,2,9,103)
r(42,0,9,103)
r(42,0,9,103)
w(41,3,9,103)
w(43,1,9,103)
w(42,1,10,105)
w(36,3,10,105)
w(43,2,10,105)
w(43,3,10,105)
r(42,1,10,105)
w(28,2,10,105)
w(42,2,11,107)
r(43,3,11,107)
w(42,3,11,107)
r(43,3,11,107)
r(36,3,11,107)
w(44,1,11,107)
w(28,3,11,107)
w(45,1,12,109)
w(45,2,12,109)
r(32,1,12,109)
w(44,2,12,109)
r(44,2,12,109)
w(44,3,12,109)
w(45,3,12,109)
r(44,3,12,109)
r(45,3,13,111)
w(46,1,13,111)
r(48,0,13,111)
w(48,1,13,111)
w(48,2,13,111)
w(47,1,14,113)
w(47,2,14,113)
w(46,2,14,113)
r(47,2,14,113)
r(47,2,14,113)
w(47,3,14,113)
r(47,3,14,113)
r(47,3,15,115)
w(50,1,15,115)
r(50,1,15,115)
w(46,3,15,115)
r(50,1,15,115)
w(48,3,15,115)
r(48,3,16,117)
r(50,1,16,117)
w(50,2,16,117)
w(50,3,16,117)
r(50,3,16,117)
r(48,3,16,117)
r(51,0,17,119)
w(51,1,17,119)
r(48,3,17,119)
w(51,2,17,119)
r(51,2,17,119)
w(49,1,17,119)
r(51,2,17,119)
w(51,3,18,121)
w(53,1,18,121)
r(49,1,18,121)
r(52,0,18,121)
r(54,0,18,121)
r(32,1,19,123)
r(53,1,19,123)
w(54,1,19,123)
r(53,1,19,123)
w(52,1,0,125)
r(52,1,0,125)
w(54,2,0,125)
w(54,3,0,125)
w(53,2,0,125)
r(32,1,0,125)
w(55,1,0,125)
w(53,3,0,125)
r(53,3,0,127)
w(55,2,0,127)
w(55,3,0,127)
r(49,1,0,127)
r(49,1,0,127)
r(52,1,0,127)
r(56,0,0,127)
w(56,1,1,129)
r(52,1,1,129)
w(56,2,1,129)
r(32,1,1,129)
r(55,3,1,129)
r(32,1,2,131)
r(57,0,2,131)
w(56,3,2,131)
w(57,1,2,131)
w(57,2,2,131)
r(57,2,2,131)
r(57,2,3,133)
r(57,2,3,133)
w(58,1,3,133)
r(57,2,3,133)
r(57,2,3,133)
w(57,3,3,133)
w(58,2,3,133)
r(57,3,3,133)
r(59,0,4,135)
w(49,2,4,135)
r(59,0,4,135)
w(59,1,4,135)
r(52,1,4,135)
w(59,2,4,135)
w(59,3,4,135)
w(52,2,4,135)
w(60,1,5,137)
w(60,2,5,137)
w(60,3,5,137)
r(60,3,5,137)
w(58,3,5,137)
r(60,3,6,139)
w(52,3,6,139)
r(61,0,6,139)
w(61,1,6,139)
r(61,1,7,141)
w(49,3,7,141)
r(61,1,7,141)
w(62,1,7,141)
r(61,1,7,141)
w(64,1,7,141)
r(61,1,7,141)
r(61,1,8,143)
w(64,2,8,143)
w(61,2,8,143)
r(64,2,8,143)
r(64,2,8,143)
w(61,3,9,145)
r(64,2,9,145)
w(64,3,9,145)
r(64,3,9,145)
r(62,1,9,145)
w(62,2,9,145)
r(61,3,9,145)
r(65,0,9,145)
r(66,0,10,147)
w(66,1,10,147)
w(66,2,10,147)
w(62,3,10,147)
w(66,3,10,147)
w(65,1,10,147)
r(66,3,10,147)
r(67,0,10,147)
r(67,0,11,149)
w(67,1,11,149)
w(65,2,11,149)
w(67,2,11,149)
w(63,1,11,149)
r(63,1,11,149)
w(67,3,11,149)
w(65,3,11,149)
w(68,1,12,151)
w(63,2,12,151)
r(69,0,12,151)
w(32,2,12,151)
w(68,2,12,151)
r(68,2,13,153)
r(65,3,13,153)
r(32,2,13,153)
w(68,3,13,153)
r(70,0,14,155)
w(70,1,14,155)
w(70,2,14,155)
r(63,2,14,155)
r(65,3,14,155)
w(70,3,14,155)
w(71,1,14,155)
w(71,2,14,155)
w(69,1,15,157)
r(70,3,15,157)
r(32,2,15,157)
r(72,0,15,157)
w(72,1,15,157)
w(72,2,15,157)
r(71,2,15,157)
w(72,3,15,157)
r(72,3,16,159)
r(72,3,16,159)
r(72,3,16,159)
r(69,1,16,159)
w(69,2,16,159)
w(71,3,16,159)
w(73,1,16,159)
w(69,3,17,161)
w(63,3,17,161)
w(73,2,17,161)
w(73,3,17,161)
r(74,0,17,161)
r(73,3,17,161)
r(73,3,17,161)
r(75,0,18,163)
w(77,1,18,163)
r(77,1,18,163)
r(77,1,18,163)
r(77,1,19,165)
w(32,3,19,165)
r(74,0,19,165)
w(74,1,19,165)
w(74,2,19,165)
r(77,1,19,165)
w(74,3,19,165)
r(78,0,19,165)
w(78,1,0,167)
r(76,0,0,167)
r(78,1,0,167)
r(77,1,0,167)
r(78,1,0,167)
w(77,2,0,169)
w(77,3,0,169)
r(78,1,0,169)
w(76,1,0,169)
w(76,2,0,169)
w(79,1,0,169)
r(78,1,1,171)
w(78,2,1,171)
r(78,2,1,171)
r(79,1,1,171)
r(79,1,1,171)
r(75,0,1,171)
r(78,2,1,171)
r(79,1,1,171)
w(79,2,2,173)
w(79,3,2,173)
r(79,3,2,173)
r(76,2,2,173)
r(76,2,3,175)
w(75,1,3,175)
r(78,2,3,175)
r(76,2,3,175)
r(32,3,4,177)
r(79,3,4,177)
r(78,2,4,177)
r(79,3,4,177)
w(80,1,4,177)
r(78,2,4,177)
w(80,2,4,177)
r(80,2,5,179)
r(80,2,5,179)
r(80,2,5,179)
w(80,3,5,179)
r(76,2,6,181)
w(81,1,6,181)
r(76,2,6,181)
r(78,2,6,181)
r(81,1,6,181)
r(81,1,6,181)
w(76,3,7,183)
w(81,2,7,183)
r(78,2,7,183)
r(75,1,7,183)
w(81,3,7,183)
r(81,3,7,183)
r(81,3,7,183)
w(83,1,8,185)
w(78,3,8,185)
w(83,2,8,185)
w(83,3,8,185)
r(78,3,8,185)
r(84,0,8,185)
w(84,1,9,187)
w(84,2,9,187)
r(84,2,9,187)
w(84,3,9,187)
r(85,0,9,187)
w(85,1,9,187)
w(82,1,9,187)
r(82,1,10,189)
w(85,2,10,189)
r(85,2,10,189)
r(85,2,10,189)
r(86,0,11,191)
r(85,2,11,191)
r(86,0,11,191)
r(85,2,11,191)
r(86,0,11,191)
r(85,2,12,193)
w(85,3,12,193)
w(86,1,12,193)
r(85,3,12,193)
r(82,1,13,195)
w(82,2,13,195)
r(86,1,13,195)
r(87,0,13,195)
r(32,3,13,195)
w(87,1,14,197)
r(87,1,14,197)
w(86,2,14,197)
w(87,2,14,197)
w(87,3,14,197)
w(86,3,14,197)
r(32,3,14,197)
w(88,1,14,197)
r(87,3,15,199)
w(88,2,15,199)
r(89,0,15,199)
w(82,3,15,199)
w(89,1,15,199)
w(75,2,15,199)
r(88,2,15,199)
w(89,2,15,199)
w(90,1,16,201)
w(88,3,16,201)
w(89,3,16,201)
w(90,2,16,201)
r(89,3,16,201)
r(91,0,16,201)
r(91,0,16,201)
r(92,0,16,201)
w(92,1,17,203)
r(91,0,17,203)
r(91,0,17,203)
w(91,1,17,203)
r(92,1,17,203)
r(92,1,17,203)
w(92,2,17,203)
r(90,2,17,203)
r(92,2,18,205)
r(91,1,18,205)
w(92,3,18,205)
r(91,1,18,205)
w(91,2,19,207)
r(91,2,19,207)
r(91,2,19,207)
r(91,2,19,207)
w(91,3,0,209)
w(94,1,0,209)
w(93,1,0,209)
w(90,3,0,209)
r(94,1,0,211)
r(93,1,0,211)
w(75,3,0,211)
r(90,3,0,211)
w(94,2,0,211)
r(94,2,0,211)
r(94,2,0,211)
r(90,3,0,211)
w(94,3,1,213)
w(93,2,1,213)
r(90,3,1,213)
r(90,3,1,213)
w(93,3,1,213)
r(95,0,1,213)
r(95,0,2,215)
r(95,0,2,215)
r(90,3,2,215)
r(32,3,2,215)
r(95,0,2,215)
w(95,1,3,217)
r(90,3,3,217)
r(96,0,3,217)
w(96,1,3,217)
w(96,2,4,219)
r(95,1,4,219)
w(95,2,4,219)
r(96,2,4,219)
r(96,2,4,219)
w(95,3,4,219)
r(96,2,4,219)
w(96,3,5,221)
r(90,3,5,221)
r(96,3,5,221)
w(97,1,5,221)
w(97,2,5,221)
r(90,3,5,221)
w(97,3,6,223)
r(97,3,6,223)
r(96,3,6,223)
w(99,1,6,223)
r(96,3,6,223)
r(96,3,6,223)
r(99,1,6,223)
r(99,1,7,225)
w(99,2,7,225)
w(99,3,7,225)
r(100,0,7,225)
w(100,1,7,225)
r(101,0,7,225)
r(101,0,7,225)
w(100,2,7,225)
w(101,1,8,227)
r(100,2,8,227)
r(101,1,8,227)
w(101,2,8,227)
r(98,0,9,229)
w(101,3,9,229)
r(102,0,9,229)
r(100,2,9,229)
w(100,3,9,229)
w(102,1,10,231)
w(102,2,10,231)
r(103,0,10,231)
r(100,3,10,231)
r(102,2,11,233)
r(100,3,11,233)
r(104,0,11,233)
w(102,3,11,233)
r(102,3,12,235)
r(100,3,12,235)
r(98,0,12,235)
r(106,0,12,235)
w(103,1,12,235)
w(106,1,12,235)
w(106,2,12,235)
w(106,3,13,237)
w(107,1,13,237)
w(104,1,13,237)
r(104,1,13,237)
w(104,2,13,237)
w(103,2,13,237)
w(107,2,13,237)
w(105,1,14,239)
r(107,2,14,239)
r(107,2,14,239)
r(104,2,14,239)
r(105,1,14,239)
w(103,3,14,239)
w(107,3,15,241)
w(105,2,15,241)
r(107,3,15,241)
w(104,3,15,241)
r(105,2,16,243)
r(107,3,16,243)
r(107,3,16,243)
r(107,3,16,243)
w(105,3,17,245)
r(108,0,17,245)
r(109,0,17,245)
w(109,1,17,245)
r(109,1,17,245)
w(110,1,18,247)
w(109,2,18,247)
r(109,2,18,247)
w(98,1,18,247)
r(109,2,18,247)
r(109,2,18,247)
r(109,2,18,247)
w(109,3,18,247)
w(110,2,19,249)
w(98,2,19,249)
w(108,1,19,249)
r(108,1,19,249)
r(110,2,19,249)
w(111,1,19,249)
w(111,2,19,249)
r(108,1,0,251)
w(111,3,0,251)
r(111,3,0,251)
r(103,3,0,251)
r(111,3,0,251)
r(113,0,0,251)
w(110,3,0,253)
w(113,1,0,253)
w(108,2,0,253)
r(113,1,0,253)
r(112,0,0,253)
r(110,3,1,255)
w(113,2,1,255)
r(114,0,1,255)
r(114,0,1,255)
w(114,1,1,255)
r(113,2,2,257)
w(113,3,2,257)
r(114,1,2,257)
r(113,3,2,257)
w(114,2,2,257)
r(115,0,2,257)
w(115,1,2,257)
r(115,1,3,259)
w(114,3,3,259)
r(115,1,3,259)
w(115,2,3,259)
w(115,3,4,261)
r(108,2,4,261)
r(117,0,4,261)
w(116,1,4,261)
r(117,0,4,261)
r(117,0,4,261)
w(117,1,5,263)
w(108,3,5,263)
r(116,1,5,263)
r(117,1,5,263)
r(117,1,5,263)
r(117,1,6,265)
w(117,2,6,265)
r(117,2,6,265)
r(108,3,6,265)
w(112,1,6,265)
w(116,2,7,268)
w(117,3,7,268)
r(117,3,7,268)
r(116,2,7,268)
r(118,0,7,268)
r(98,2,9,271)
r(112,1,9,271)
w(119,1,9,271)
r(98,2,9,271)
r(116,2,9,271)
r(120,0,9,271)
w(119,2,9,271)
r(119,2,10,273)
w(119,3,10,273)
r(119,3,10,273)
r(119,3,10,273)
r(121,0,10,273)
r(121,0,10,273)
r(121,0,11,276)
r(120,0,11,276)
r(121,0,11,276)
w(98,3,11,276)
w(121,1,11,276)
w(121,2,11,276)
r(123,0,13,279)
w(120,1,13,279)
r(123,0,13,279)
w(123,1,13,279)
w(120,2,13,279)
w(120,3,13,279)
r(123,1,13,279)
r(120,3,13,279)
w(122,1,14,282)
r(124,0,14,282)
w(123,2,14,282)
r(123,2,14,282)
w(124,1,14,282)
r(123,2,14,282)
w(123,3,14,282)
w(112,2,15,283)
r(123,3,15,283)
w(125,1,15,283)
r(122,1,15,283)
r(125,1,15,283)
w(124,2,15,283)
r(126,0,15,283)
w(124,3,16,285)
r(126,0,16,285)
r(124,3,16,285)
r(112,2,16,285)
w(125,2,16,285)
w(125,3,17,287)
r(124,3,17,287)
w(126,1,17,287)
r(125,3,17,287)
w(126,2,17,287)
r(126,2,17,287)
w(127,1,18,289)
w(126,3,18,289)
r(127,1,18,289)
w(127,2,18,289)
w(128,1,18,289)
w(128,2,18,289)
w(128,3,19,291)
r(128,3,19,291)
r(112,2,19,291)
r(127,2,19,291)
w(129,1,19,291)
r(127,2,19,291)
r(130,0,0,293)
w(127,3,0,293)
r(131,0,0,293)
r(131,0,0,293)
w(130,1,0,293)
w(131,1,0,295)
w(130,2,0,295)
r(131,1,0,295)
r(130,2,0,295)
w(130,3,0,295)
r(130,3,0,295)
r(129,1,1,297)
r(112,2,1,297)
r(129,1,1,297)
w(131,2,1,297)
r(132,0,1,297)
w(132,1,1,297)
r(129,1,2,299)
r(112,2,2,299)
r(112,2,2,299)
w(131,3,2,299)
r(112,2,2,299)
w(112,3,3,301)
w(132,2,3,301)
r(132,2,3,301)
r(132,2,3,301)
r(132,2,3,301)
w(129,2,3,301)
r(134,0,4,303)
w(132,3,4,303)
r(132,3,4,303)
r(133,0,4,303)
r(135,0,4,303)
w(135,1,4,303)
r(134,0,4,303)
w(134,1,5,305)
w(135,2,5,305)
w(135,3,5,305)
r(133,0,5,305)
w(133,1,5,305)
r(133,1,5,305)
w(136,1,5,305)
r(122,1,6,307)
r(133,1,6,307)
r(136,1,6,307)
w(136,2,6,307)
r(136,2,6,307)
w(122,2,6,307)
r(136,2,6,307)
r(129,2,6,307)
r(136,2,7,309)
w(136,3,7,309)
r(133,1,7,309)
r(136,3,7,309)
w(129,3,7,309)
r(137,0,7,309)
r(137,0,8,312)
r(134,1,8,312)
r(137,0,8,312)
r(129,3,8,312)
r(133,1,8,312)
w(137,1,9,313)
r(137,1,9,313)
r(137,1,9,313)
r(133,1,9,313)
r(137,1,9,313)
r(137,1,10,315)
r(129,3,10,315)
w(133,2,10,315)
r(133,2,10,315)
w(133,3,10,315)
r(133,3,10,315)
r(133,3,10,315)
w(137,2,10,315)
r(129,3,11,317)
r(137,2,11,317)
r(137,2,11,317)
w(137,3,11,317)
r(137,3,11,317)
r(134,1,12,319)
r(133,3,12,319)
r(133,3,12,319)
w(138,1,12,319)
r(138,1,12,319)
r(138,1,12,319)
w(138,2,12,319)
w(134,2,12,319)
r(138,2,13,321)
r(138,2,13,321)
r(138,2,13,321)
r(138,2,13,321)
r(138,2,13,321)
w(138,3,13,321)
r(139,0,14,323)
w(122,3,14,323)
w(139,1,14,323)
r(139,1,14,323)
w(139,2,14,323)
r(134,2,15,325)
r(139,2,15,325)
w(141,1,15,325)
w(140,1,15,325)
w(141,2,16,327)
w(139,3,16,327)
w(141,3,16,327)
w(140,2,16,327)
r(134,2,16,327)
r(140,2,16,327)
r(139,3,16,327)
w(140,3,16,327)
r(134,2,17,329)
r(142,0,17,329)
r(142,0,17,329)
w(142,1,17,329)
r(141,3,18,331)
w(142,2,18,331)
w(142,3,18,331)
r(142,3,18,331)
r(144,0,18,331)
r(122,3,19,333)
r(143,0,19,333)
r(144,0,19,333)
r(145,0,19,333)
w(145,1,19,333)
w(143,1,0,335)
r(145,1,0,335)
r(134,2,0,335)
w(144,1,0,335)
r(144,1,0,335)
w(145,2,0,335)
r(144,1,0,335)
w(145,3,0,335)
w(134,3,0,337)
r(145,3,0,337)
w(146,1,0,337)
r(144,1,0,337)
w(146,2,0,337)
r(146,2,1,339)
w(146,3,1,339)
r(144,1,1,339)
w(147,1,1,339)
r(147,1,2,341)
w(143,2,2,341)
w(143,3,2,341)
r(122,3,2,341)
w(147,2,3,343)
w(147,3,3,343)
w(148,1,3,343)
r(122,3,3,343)
r(144,1,3,343)
r(143,3,3,343)
w(144,2,3,343)
r(148,1,3,343)
w(148,2,4,345)
w(148,3,4,345)
r(143,3,4,345)
r(143,3,4,345)
w(144,3,4,345)
r(150,0,4,345)
w(150,1,5,347)
r(150,1,5,347)
r(150,1,5,347)
w(150,2,5,347)
r(151,0,5,347)
r(151,0,5,347)
r(149,0,6,350)
r(152,0,6,350)
r(152,0,6,350)
r(151,0,6,350)
r(150,2,6,350)
r(151,0,7,351)
w(150,3,7,351)
w(152,1,7,351)
r(153,0,7,351)
w(149,1,7,351)
r(153,0,7,351)
r(151,0,7,351)
r(149,1,8,353)
w(153,1,8,353)
r(151,0,8,353)
w(153,2,8,353)
w(153,3,8,353)
r(153,3,8,353)
r(153,3,9,355)
w(154,1,9,355)
r(154,1,9,355)
w(154,2,9,355)
w(154,3,9,355)
w(149,2,9,355)
r(149,2,9,355)
w(155,1,9,355)
r(151,0,10,357)
r(151,0,10,357)
w(149,3,10,357)
r(155,1,10,357)
r(155,1,10,357)
r(151,0,10,357)
r(155,1,10,357)
w(155,2,11,359)
w(151,1,11,359)
w(155,3,11,359)
w(156,1,11,359)
r(152,1,12,361)
w(156,2,12,361)
w(151,2,12,361)
r(149,3,12,361)
w(156,3,12,361)
w(151,3,12,361)
r(149,3,13,363)
r(151,3,13,363)
w(157,1,13,363)
r(151,3,13,363)
r(149,3,14,365)
r(151,3,14,365)
w(157,2,14,365)
w(157,3,14,365)
r(159,0,14,365)
r(159,0,14,365)
w(159,1,14,365)
w(159,2,15,367)
r(160,0,15,367)
r(152,1,15,367)
r(160,0,15,367)
w(152,2,15,367)
w(159,3,15,367)
r(160,0,16,369)
r(159,3,16,369)
r(159,3,16,369)
w(160,1,16,369)
r(161,0,17,371)
w(161,1,17,371)
r(161,1,17,371)
w(160,2,17,371)
w(161,2,17,371)
r(161,2,17,371)
w(160,3,17,371)
r(161,2,17,371)
w(158,1,18,373)
w(161,3,18,373)
r(162,0,18,373)
w(152,3,18,373)
r(158,1,18,373)
r(162,0,19,375)
w(162,1,19,375)
r(164,0,19,375)
w(164,1,19,375)
w(164,2,19,375)
w(164,3,19,375)
r(164,3,19,375)
r(164,3,0,377)
w(162,2,0,377)
w(166,1,0,377)
w(162,3,0,377)
w(166,2,0,377)
w(166,3,0,377)
r(166,3,0,377)
w(165,1,0,379)
r(166,3,0,379)
r(162,3,0,379)
r(167,0,0,379)
r(167,0,0,379)
w(165,2,0,379)
r(162,3,0,379)
w(167,1,0,379)
r(165,2,1,381)
w(168,1,1,381)
w(168,2,1,381)
r(167,1,1,381)
w(168,3,1,381)
r(167,1,1,381)
w(167,2,1,381)
w(167,3,2,383)
w(169,1,2,383)
r(169,1,2,383)
r(169,1,2,383)
w(169,2,3,385)
r(163,0,3,385)
w(169,3,3,385)
r(167,3,3,385)
r(158,1,3,385)
r(167,3,4,387)
r(167,3,4,387)
r(170,0,4,387)
r(170,0,4,387)
w(170,1,5,389)
r(158,1,5,389)
r(165,2,5,389)
r(165,2,5,389)
w(170,2,5,389)
w(163,1,6,391)
r(171,0,6,391)
w(171,1,6,391)
w(170,3,6,391)
r(165,2,6,391)
w(172,1,7,393)
r(172,1,7,393)
w(165,3,7,393)
r(172,1,7,393)
r(172,1,7,393)
w(171,2,8,395)
r(172,1,8,395)
r(171,2,8,395)
w(171,3,8,395)
r(158,1,8,395)
r(171,3,8,395)
r(172,1,8,395)
r(174,0,8,395)
w(172,2,9,397)
r(172,2,9,397)
r(174,0,9,397)
r(174,0,9,397)
w(173,1,9,397)
w(172,3,9,397)
w(174,1,10,399)
r(173,1,10,399)
r(175,0,10,399)
w(175,1,10,399)
r(175,1,10,399)
r(175,1,10,399)
w(175,2,10,399)
w(174,2,10,399)
r(174,2,11,401)
w(163,2,11,401)
r(174,2,11,401)
r(175,2,11,401)
w(175,3,11,401)
r(174,2,11,401)
r(175,3,11,401)
w(173,2,12,403)
w(174,3,12,403)
w(173,3,12,403)
r(176,0,12,403)
r(158,1,12,403)
w(176,1,13,405)
r(177,0,13,405)
w(163,3,13,405)
r(158,1,13,405)
r(176,1,13,405)
w(176,2,13,405)
w(176,3,13,405)
w(177,1,13,405)
r(179,0,14,407)
w(179,1,14,407)
w(179,2,14,407)
r(179,2,14,407)
w(179,3,14,407)
r(178,0,15,409)
r(178,0,15,409)
r(180,0,15,409)
w(180,1,15,409)
w(180,2,15,409)
r(163,3,15,409)
w(180,3,16,411)
w(181,1,16,411)
w(181,2,16,411)
w(181,3,16,411)
w(178,1,17,413)
w(178,2,17,413)
r(181,3,17,413)
r(181,3,17,413)
r(177,1,17,413)
r(163,3,17,413)
w(182,1,18,415)
r(182,1,18,415)
r(182,1,18,415)
r(182,1,18,415)
r(177,1,19,417)
w(177,2,19,417)
r(182,1,19,417)
w(158,2,19,417)
w(182,2,19,417)
r(182,2,0,419)
w(177,3,0,419)
r(182,2,0,419)
r(177,3,0,419)
w(183,1,0,419)
w(183,2,0,419)
w(183,3,0,421)
r(182,2,0,421)
w(182,3,0,421)
r(185,0,0,421)
r(184,0,0,421)
w(186,1,1,423)
r(186,1,1,423)
r(158,2,1,423)
r(186,1,1,423)
r(184,0,1,423)
r(158,2,1,423)
r(186,1,2,425)
r(186,1,2,425)
w(184,1,2,425)
w(184,2,2,425)
w(178,3,2,425)
w(186,2,2,425)
w(186,3,2,425)
r(184,2,3,427)
w(184,3,3,427)
r(184,3,3,427)
w(187,1,3,427)
r(189,0,3,427)
w(188,1,3,427)
r(189,0,4,429)
r(189,0,4,429)
w(185,1,4,429)
r(188,1,4,429)
w(188,2,4,429)
w(188,3,4,429)
r(158,2,4,429)
r(188,3,4,429)
w(158,3,5,431)
r(189,0,5,431)
w(190,1,5,431)
w(189,1,5,431)
r(190,1,5,431)
w(190,2,5,431)
r(190,2,5,431)
w(190,3,5,431)
r(189,1,6,433)
w(185,2,6,433)
r(189,1,6,433)
r(187,1,6,433)
r(191,0,6,433)
w(191,1,7,435)
r(187,1,7,435)
r(189,1,7,435)
w(191,2,7,435)
r(191,2,7,435)
r(189,1,7,435)
w(189,2,7,435)
w(189,3,8,437)
r(191,2,8,437)
r(191,2,8,437)
w(191,3,8,437)
r(191,3,8,437)
r(193,0,8,437)
r(193,0,8,437)
w(193,1,9,439)
r(192,0,9,439)
r(194,0,9,439)
w(194,1,9,439)
r(193,1,9,439)
w(194,2,9,439)
w(194,3,9,439)
r(195,0,11,442)
r(195,0,11,442)
w(187,2,11,442)
r(195,0,11,442)
r(193,1,10,443)
r(193,1,10,443)
r(195,0,10,443)
r(195,0,10,443)
w(192,1,10,443)
w(193,2,10,443)
r(192,1,10,443)
r(193,2,12,445)
w(195,1,12,445)
r(187,2,12,445)
r(192,1,12,445)
w(195,2,13,447)
r(187,2,13,447)
w(192,2,13,447)
r(192,2,13,447)
w(195,3,14,449)
w(187,3,14,449)
r(193,2,14,449)
w(196,1,14,449)
r(187,3,14,449)
w(196,2,14,449)
w(196,3,14,449)
r(196,3,15,451)
r(187,3,15,451)
w(197,1,15,451)
r(197,1,15,451)
r(197,1,16,453)
w(197,2,16,453)
w(197,3,16,453)
w(193,3,16,453)
r(193,3,16,453)
r(192,2,16,453)
r(192,2,17,455)
r(192,2,17,455)
r(199,0,17,455)
r(200,0,17,455)
w(200,1,17,455)
r(199,0,17,455)
w(200,2,18,457)
w(200,3,18,457)
w(198,1,18,457)
r(200,3,18,457)
r(199,0,18,457)
r(200,3,19,459)
w(192,3,19,459)
r(199,0,19,459)
r(201,0,19,459)
w(201,1,19,459)
r(201,1,0,461)
w(199,1,0,461)
w(198,2,0,461)
r(199,1,0,461)
r(192,3,0,461)
w(199,2,0,461)
r(199,2,0,461)
w(201,2,0,463)
w(201,3,0,463)
w(198,3,0,463)
r(199,2,0,463)
r(199,2,1,465)
r(201,3,1,465)
r(199,2,1,465)
r(201,3,1,465)
r(198,3,1,465)
r(201,3,1,465)
r(199,2,2,467)
w(199,3,2,467)
w(202,1,2,467)
w(202,2,2,467)
w(202,3,2,467)
w(205,1,3,469)
w(204,1,3,469)
w(204,2,3,469)
r(205,1,3,469)
r(204,2,3,469)
r(204,2,4,471)
r(205,1,4,471)
r(204,2,4,471)
w(204,3,4,471)
r(185,2,4,471)
r(206,0,4,471)
r(203,0,4,471)
w(206,1,5,473)
w(206,2,5,473)
w(207,1,5,473)
w(206,3,5,473)
w(205,2,6,475)
w(205,3,6,475)
w(208,1,6,475)
r(205,3,6,475)
r(208,1,6,475)
r(208,1,6,475)
w(208,2,7,477)
w(208,3,7,477)
w(185,3,7,477)
w(207,2,7,477)
r(208,3,8,479)
w(209,1,8,479)
r(205,3,8,479)
r(205,3,8,479)
r(209,1,8,479)
r(209,1,8,479)
r(207,2,8,479)
r(209,1,9,481)
w(210,1,9,481)
w(209,2,9,481)
r(207,2,9,481)
w(209,3,10,483)
r(207,2,10,483)
r(207,2,10,483)
r(210,1,10,483)
w(211,1,10,483)
r(210,1,11,485)
r(210,1,11,485)
r(210,1,11,485)
w(211,2,11,485)
r(207,2,12,487)
w(210,2,12,487)
w(207,3,12,487)
w(210,3,12,487)
w(211,3,12,487)
r(211,3,12,487)
r(211,3,12,487)
r(210,3,13,489)
r(210,3,13,489)
w(203,1,13,489)
w(212,1,13,489)
r(212,1,13,489)
w(212,2,13,489)
w(203,2,13,489)
w(212,3,14,491)
r(214,0,14,491)
w(214,1,14,491)
r(214,1,14,491)
w(214,2,14,491)
r(213,0,15,493)
r(203,2,15,493)
r(203,2,15,493)
r(214,2,15,493)
r(203,2,15,493)
w(215,1,15,493)
r(214,2,15,493)
w(214,3,16,495)
r(203,2,16,495)
r(215,1,16,495)
w(217,1,16,495)
w(217,2,16,495)
r(213,0,16,495)
w(213,1,16,495)
w(217,3,17,497)
r(215,1,17,497)
r(215,1,17,497)
r(215,1,17,497)
r(213,1,18,499)
w(213,2,18,499)
w(215,2,18,499)
r(218,0,18,499)
r(218,0,18,499)
r(218,0,19,501)
w(213,3,19,501)
w(218,1,19,501)
w(218,2,19,501)
r(215,2,0,503)
r(218,2,0,503)
w(218,3,0,503)
w(219,1,0,503)
w(203,3,0,503)
w(215,3,0,505)
r(213,3,0,505)
r(219,1,0,505)
w(219,2,0,505)
w(219,3,0,505)
r(219,3,0,505)
r(221,0,0,505)
w(221,1,1,507)
r(213,3,1,507)
r(221,1,1,507)
w(220,1,1,507)
r(221,1,1,507)
w(220,2,1,507)
w(220,3,1,507)
w(216,1,1,507)
r(221,1,2,509)
r(221,1,2,509)
r(222,0,2,509)
w(222,1,2,509)
w(221,2,2,509)
w(222,2,2,509)
r(221,2,3,511)
r(203,3,3,511)
w(221,3,3,511)
r(222,2,3,511)
w(223,1,3,511)
w(222,3,3,511)
r(223,1,4,513)
w(225,1,4,513)
w(224,1,4,513)
w(224,2,4,513)
r(223,1,4,513)
w(225,2,4,513)
r(223,1,4,513)
r(203,3,4,513)
r(223,1,5,515)
w(223,2,5,515)
r(224,2,5,515)
w(223,3,5,515)
r(223,3,5,515)
w(224,3,5,515)
w(225,3,5,515)
r(216,1,5,515)
r(225,3,6,517)
r(226,0,6,517)
r(224,3,6,517)
r(226,0,6,517)
w(226,1,6,517)
w(226,2,6,517)
w(226,3,7,519)
r(226,3,7,519)
r(224,3,7,519)
r(224,3,7,519)
w(228,1,7,519)
r(228,1,7,519)
r(229,0,8,521)
r(228,1,8,521)
w(228,2,8,521)
w(228,3,8,521)
r(228,3,8,521)
r(203,3,9,523)
w(230,1,9,523)
w(229,1,9,523)
w(227,1,9,523)
w(230,2,9,523)
w(230,3,10,525)
w(229,2,10,525)
r(229,2,10,525)
r(227,1,10,525)
w(231,1,11,527)
w(231,2,11,527)
w(231,3,11,527)
r(229,2,11,527)
r(231,3,11,527)
r(231,3,11,527)
w(229,3,11,527)
r(231,3,12,529)
r(232,0,12,529)
r(231,3,12,529)
r(233,0,12,529)
r(233,0,12,529)
r(233,0,12,529)
w(233,1,12,529)
w(232,1,13,531)
w(234,1,13,531)
w(232,2,13,531)
w(233,2,13,531)
w(233,3,14,533)
w(216,2,14,533)
r(227,1,14,533)
r(234,1,14,533)
r(233,3,14,533)
r(233,3,15,535)
r(232,2,15,535)
r(234,1,15,535)
w(234,2,15,535)
w(235,1,15,535)
w(234,3,15,535)
r(234,3,15,535)
r(235,1,16,537)
r(234,3,16,537)
r(235,1,16,537)
r(216,2,16,537)
r(235,1,17,539)
w(235,2,17,539)
r(235,2,17,539)
r(235,2,17,539)
w(235,3,17,539)
w(227,2,17,539)
r(237,0,17,539)
w(236,1,17,539)
r(227,2,18,541)
w(237,1,18,541)
r(237,1,18,541)
r(237,1,18,541)
r(236,1,19,543)
w(237,2,19,543)
w(227,3,19,543)
w(237,3,19,543)
w(238,1,19,543)
w(238,2,19,543)
r(238,2,19,543)
r(236,1,0,545)
r(236,1,0,545)
r(238,2,0,545)
r(238,2,0,545)
w(236,2,0,545)
w(236,3,0,547)
w(238,3,0,547)
r(232,2,0,547)
r(232,2,0,547)
w(240,1,0,547)
w(240,2,0,547)
r(241,0,1,549)
w(240,3,1,549)
r(241,0,1,549)
w(239,1,1,549)
r(240,3,2,551)
r(240,3,2,551)
r(242,0,2,551)
w(216,3,2,551)
w(232,3,2,551)
w(242,1,2,551)
r(241,0,2,551)
r(242,1,3,553)
r(242,1,3,553)
w(242,2,3,553)
w(241,1,3,553)
w(242,3,4,555)
r(216,3,4,555)
r(243,0,4,555)
w(241,2,4,555)
r(241,2,4,555)
r(242,3,5,557)
r(242,3,5,557)
r(241,2,5,557)
r(239,1,5,557)
r(244,0,5,557)
w(244,1,5,557)
r(241,2,5,557)
r(241,2,5,557)
w(244,2,6,559)
w(244,3,6,559)
r(241,2,6,559)
r(245,0,6,559)
r(245,0,6,559)
w(245,1,6,559)
w(245,2,7,561)
r(216,3,7,561)
r(245,2,7,561)
w(243,1,7,561)
w(241,3,8,563)
w(245,3,8,563)
r(245,3,8,563)
r(246,0,8,563)
w(246,1,8,563)
w(246,2,8,563)
r(246,2,8,563)
r(246,2,8,563)
w(246,3,9,565)
r(246,3,9,565)
r(241,3,9,565)
r(246,3,9,565)
r(239,1,9,565)
r(239,1,9,565)
r(239,1,9,565)
r(247,0,10,567)
r(246,3,10,567)
w(239,2,10,567)
w(247,1,10,567)
r(246,3,10,567)
r(247,1,10,567)
r(246,3,11,569)
w(248,1,11,569)
r(248,1,11,569)
r(239,2,11,569)
r(247,1,11,569)
w(247,2,11,569)
w(243,2,12,571)
w(243,3,12,571)
w(248,2,12,571)
r(248,2,12,571)
r(249,0,12,571)
r(248,2,12,571)
w(248,3,12,571)
w(250,1,13,573)
w(247,3,13,573)
r(250,1,13,573)
w(250,2,13,573)
w(251,1,13,573)
r(251,1,13,573)
r(250,2,13,573)
w(249,1,13,573)
r(251,1,14,575)
w(249,2,14,575)
r(250,2,14,575)
r(239,2,14,575)
r(251,1,15,577)
r(251,1,15,577)
r(250,2,15,577)
r(251,1,15,577)
r(252,0,15,577)
w(250,3,15,577)
w(251,2,15,577)
r(251,2,16,579)
r(251,2,16,579)
w(253,1,16,579)
w(251,3,16,579)
r(253,1,17,581)
r(253,1,17,581)
w(253,2,17,581)
w(253,3,17,581)
r(254,0,17,581)
r(255,0,18,583)
r(255,0,18,583)
w(239,3,18,583)
w(255,1,18,583)
w(255,2,19,585)
r(255,2,19,585)
w(254,1,19,585)
w(255,3,19,585)
r(254,1,19,585)
r(239,3,19,585)
r(254,1,0,587)
r(256,0,0,587)
r(256,0,0,587)
w(254,2,0,587)
r(254,2,0,587)
r(256,0,0,587)
r(239,3,0,589)
w(256,1,0,589)
r(256,1,0,589)
w(249,3,0,589)
w(256,2,0,589)
r(256,2,1,591)
r(257,0,1,591)
w(256,3,1,591)
r(252,0,1,591)
r(252,0,1,591)
r(258,0,2,593)
w(254,3,2,593)
w(258,1,2,593)
w(259,1,2,593)
r(249,3,2,593)
w(258,2,2,593)
r(259,1,2,593)
w(259,2,2,593)
w(257,1,3,595)
w(258,3,3,595)
r(258,3,3,595)
r(258,3,3,595)
r(259,2,3,595)
r(260,0,4,597)
r(259,2,4,597)
w(260,1,4,597)
r(260,1,4,597)
w(260,2,4,597)
w(260,3,4,597)
w(259,3,4,597)
r(260,3,5,599)
r(259,3,5,599)
w(261,1,5,599)
r(257,1,5,599)
r(261,1,5,599)
r(262,0,5,599)
w(257,2,5,599)
w(262,1,6,601)
w(262,2,6,601)
w(262,3,6,601)
r(263,0,6,601)
r(263,0,6,601)
w(257,3,6,601)
w(263,1,6,601)
r(249,3,6,601)
r(252,0,7,603)
w(263,2,7,603)
w(263,3,7,603)
r(263,3,7,603)
r(264,0,7,603)
w(264,1,7,603)
w(264,2,8,605)
w(264,3,8,605)
r(264,3,8,605)
w(265,1,8,605)
r(264,3,8,605)
r(264,3,9,607)
w(261,2,9,607)
w(265,2,9,607)
r(261,2,9,607)
w(266,1,9,607)
r(266,1,10,609)
r(261,2,10,609)
r(266,1,10,609)
r(252,0,10,609)
w(261,3,10,609)
r(266,1,10,609)
r(266,1,11,611)
r(266,1,11,611)
r(266,1,11,611)
r(261,3,11,611)
w(252,1,11,611)
r(266,1,12,613)
r(266,1,12,613)
r(261,3,12,613)
r(266,1,12,613)
r(266,1,13,615)
w(266,2,13,615)
r(266,2,13,615)
r(252,1,13,615)
w(266,3,13,615)
r(267,0,14,617)
r(265,2,14,617)
r(267,0,14,617)
r(267,0,14,617)
r(266,3,14,617)
r(267,0,14,617)
r(266,3,15,619)
r(266,3,15,619)
w(268,1,15,619)
w(268,2,15,619)
r(267,0,15,619)
w(268,3,15,619)
r(268,3,15,619)
r(267,0,15,619)
w(267,1,16,621)
w(269,1,16,621)
w(267,2,16,621)
r(267,2,16,621)
r(267,2,17,623)
w(269,2,17,623)
r(269,2,17,623)
r(267,2,17,623)
r(267,2,17,623)
r(269,2,18,625)
r(269,2,18,625)
w(269,3,18,625)
r(267,2,18,625)
r(265,2,19,627)
w(267,3,19,627)
w(270,1,19,627)
r(265,2,19,627)
w(270,2,19,627)
r(267,3,0,629)
r(267,3,0,629)
r(267,3,0,629)
r(267,3,0,629)
r(270,2,0,629)
r(265,2,0,631)
w(252,2,0,631)
w(270,3,0,631)
r(265,2,0,631)
w(271,1,0,631)
r(270,3,0,631)
r(272,0,1,633)
r(265,2,1,633)
w(271,2,1,633)
r(272,0,1,633)
r(252,2,1,633)
w(271,3,2,635)
r(252,2,2,635)
r(272,0,2,635)
w(265,3,2,635)
r(273,0,3,637)
r(273,0,3,637)
w(273,1,3,637)
r(273,1,3,637)
r(273,1,3,637)
w(273,2,3,637)
r(273,2,4,639)
w(273,3,4,639)
r(274,0,4,639)
r(273,3,4,639)
r(274,0,4,639)
r(274,0,4,639)
w(274,1,4,639)
w(276,1,5,642)
r(274,1,5,642)
w(276,2,5,642)
r(276,2,5,642)
w(276,3,5,642)
r(277,0,5,642)
r(277,0,5,642)
w(274,2,5,642)
r(275,0,6,643)
w(252,3,6,643)
r(277,0,6,643)
w(277,1,6,643)
r(272,0,7,645)
r(277,1,7,645)
w(277,2,7,645)
w(274,3,7,645)
r(275,0,7,645)
w(277,3,8,647)
w(275,1,8,647)
r(277,3,8,647)
w(275,2,8,647)
w(278,1,8,647)
r(278,1,8,647)
r(278,1,9,649)
r(278,1,9,649)
r(278,1,9,649)
w(275,3,9,649)
r(278,1,9,649)
w(278,2,10,651)
w(278,3,10,651)
r(278,3,10,651)
r(278,3,10,651)
r(278,3,10,651)
r(274,3,10,651)
r(252,3,10,651)
r(274,3,11,653)
r(275,3,11,653)
r(252,3,11,653)
r(279,0,11,653)
r(280,0,11,653)
r(275,3,11,653)
w(281,1,12,655)
w(281,2,12,655)
r(281,2,12,655)
w(281,3,12,655)
w(279,1,12,655)
r(279,1,12,655)
r(280,0,13,657)
r(252,3,13,657)
w(279,2,13,657)
r(279,2,13,657)
w(280,1,13,657)
r(279,2,13,657)
w(279,3,14,659)
r(279,3,14,659)
r(280,1,14,659)
w(280,2,14,659)
w(283,1,15,661)
r(280,2,15,661)
w(280,3,15,661)
r(283,1,15,661)
r(280,3,15,661)
r(272,0,15,661)
r(280,3,15,661)
r(283,1,15,661)
r(284,0,16,663)
r(283,1,16,663)
w(284,1,16,663)
r(272,0,16,663)
r(284,1,16,663)
r(283,1,16,663)
w(283,2,16,663)
r(283,2,17,665)
w(284,2,17,665)
w(283,3,17,665)
w(284,3,17,665)
w(282,1,17,665)
w(272,1,17,665)
r(286,0,18,667)
r(286,0,18,667)
w(286,1,18,667)
w(285,1,18,667)
r(286,1,18,667)
r(286,1,18,667)
r(286,1,18,667)
w(287,1,18,667)
r(287,1,19,669)
r(287,1,19,669)
r(287,1,19,669)
r(286,1,19,669)
r(285,1,19,669)
r(286,1,19,669)
r(287,1,19,669)
r(287,1,19,669)
r(286,1,0,672)
w(287,2,0,672)
r(286,1,0,672)
w(286,2,0,672)
r(286,2,0,672)
w(286,3,0,672)
r(286,3,0,672)
r(287,2,0,672)
r(288,0,1,675)
w(288,3,1,675)
r(272,1,1,675)
r(288,3,1,675)
r(288,3,1,675)
r(288,3,1,675)
r(290,0,1,675)
w(290,1,2,677)
w(282,2,2,677)
w(289,1,2,677)
w(282,3,2,677)
r(289,1,2,677)
r(285,1,2,677)
r(290,1,2,677)
w(285,2,3,679)
w(290,2,3,679)
r(290,2,3,679)
w(290,3,3,679)
r(272,1,3,679)
w(291,1,3,679)
w(291,2,3,679)
w(291,3,4,681)
r(291,3,4,681)
r(291,3,4,681)
r(292,0,4,681)
w(292,1,4,681)
r(292,1,4,681)
w(292,2,4,681)
w(285,3,4,681)
w(292,3,5,683)
r(292,3,5,683)
w(289,2,5,683)
w(289,3,5,683)
r(289,3,5,683)
r(293,0,5,683)
r(282,3,6,685)
r(293,0,6,685)
w(293,1,6,685)
w(293,2,6,685)
w(293,3,7,687)
r(293,3,7,687)
r(293,3,7,687)
r(282,3,7,687)
r(293,3,7,687)
r(296,0,7,687)
r(296,0,8,690)
r(272,1,8,690)
w(296,1,8,690)
w(295,1,8,690)
r(294,0,8,690)
w(295,2,8,690)
r(295,2,8,690)
r(298,0,10,693)
r(296,1,10,693)
w(297,1,10,693)
r(298,0,10,693)
r(296,1,10,693)
r(298,0,11,695)
w(298,1,11,695)
w(298,2,11,695)
w(298,3,11,695)
r(298,3,11,695)
r(297,1,11,695)
r(294,0,11,695)
r(298,3,11,695)
r(298,3,12,697)
r(294,0,12,697)
w(296,2,12,697)
w(296,3,12,697)
r(298,3,12,697)
r(299,0,12,697)
r(298,3,12,697)
r(299,0,13,699)
w(294,2,13,699)
w(300,1,13,699)
r(300,1,13,699)
r(300,1,14,701)
r(297,1,14,701)
r(300,1,14,701)
w(300,2,14,701)
w(300,3,14,701)
w(294,3,14,701)
r(299,0,15,703)
r(300,3,15,703)
r(299,0,15,703)
r(300,3,15,703)
r(294,3,15,703)
r(272,1,16,705)
w(299,1,16,705)
r(300,3,16,705)
r(300,3,16,705)
r(300,3,16,705)
r(299,1,16,705)
r(301,0,16,705)
r(301,0,17,707)
w(301,1,17,707)
w(301,2,17,707)
r(299,1,17,707)
r(299,1,18,709)
w(299,2,18,709)
r(301,2,18,709)
r(294,3,18,709)
r(299,2,18,709)
r(294,3,18,709)
r(297,1,19,711)
r(301,2,19,711)
r(301,2,19,711)
w(301,3,19,711)
r(303,0,19,711)
r(302,0,19,711)
r(303,0,19,711)
w(303,1,0,713)
r(299,2,0,713)
r(297,1,0,713)
w(303,2,0,713)
r(302,0,0,713)
w(299,3,0,713)
w(303,3,0,713)
w(304,1,0,713)
r(304,1,0,715)
r(304,1,0,715)
r(299,3,0,715)
w(304,2,0,715)
r(302,0,0,715)
r(304,2,0,715)
w(302,1,0,715)
r(304,2,0,715)
w(304,3,1,717)
w(272,3,1,717)
r(299,3,1,717)
r(305,0,1,717)
w(302,2,1,717)
r(305,0,1,717)
r(299,3,2,719)
w(305,1,2,719)
r(306,0,2,719)
w(305,2,2,719)
r(305,2,2,719)
r(302,2,2,719)
w(297,2,2,719)
r(305,2,3,721)
w(306,1,3,721)
w(305,3,3,721)
r(305,3,3,721)
r(307,0,4,723)
w(302,3,4,723)
r(302,3,4,723)
r(307,0,4,723)
w(307,1,4,723)
w(307,2,5,725)
r(307,2,5,725)
w(307,3,5,725)
w(308,1,5,725)
w(306,2,5,725)
w(297,3,5,725)
r(307,3,5,725)
r(307,3,6,727)
r(307,3,6,727)
w(306,3,6,727)
r(308,1,6,727)
r(297,3,6,727)
w(309,1,7,729)
r(310,0,7,729)
r(309,1,7,729)
r(309,1,7,729)
w(309,2,8,731)
r(272,3,8,731)
w(310,1,8,731)
w(309,3,8,731)
r(309,3,9,733)
r(297,3,9,733)
w(311,1,9,733)
w(311,2,9,733)
w(310,2,9,733)
w(311,3,9,733)
w(308,2,9,733)
r(312,0,10,735)
r(312,0,10,735)
w(310,3,10,735)
r(312,0,10,735)
r(314,0,10,735)
r(308,2,10,735)
r(308,2,11,737)
r(312,0,11,737)
r(312,0,11,737)
w(314,1,11,737)
w(312,1,11,737)
r(312,1,11,737)
w(312,2,11,737)
r(312,2,11,737)
r(312,2,12,739)
r(314,1,12,739)
r(312,2,12,739)
w(312,3,12,739)
r(312,3,12,739)
w(314,2,12,739)
w(314,3,12,739)
r(314,3,13,742)
r(313,0,13,742)
w(315,1,13,742)
r(315,1,13,742)
r(308,2,13,742)
r(315,1,13,742)
r(315,1,13,742)
r(318,0,15,745)
r(318,0,15,745)
w(317,3,15,745)
w(308,3,15,745)
w(318,2,15,745)
r(318,2,15,745)
r(317,3,15,745)
w(318,3,16,747)
r(318,3,16,747)
r(318,3,16,747)
r(319,0,16,747)
r(308,3,16,747)
r(308,3,16,747)
r(318,3,17,749)
r(320,0,17,749)
r(319,0,17,749)
w(320,1,17,749)
r(320,1,17,749)
r(320,1,17,749)
r(320,1,18,751)
w(320,2,18,751)
w(320,3,18,751)
r(319,0,18,751)
r(320,3,18,751)
r(321,0,18,751)
r(308,3,18,751)
r(321,0,19,753)
w(319,1,19,753)
w(319,2,19,753)
w(313,1,19,753)
w(321,1,0,755)
r(321,1,0,755)
w(321,2,0,755)
w(321,3,0,755)
w(313,2,0,755)
r(321,3,0,755)
w(319,3,0,755)
r(322,0,0,755)
w(323,1,0,757)
r(322,0,0,757)
w(313,3,0,757)
r(322,0,0,757)
r(323,1,0,757)
r(322,0,0,757)
w(323,2,1,759)
w(322,1,1,759)
w(322,2,1,759)
w(322,3,1,759)
w(323,3,2,761)
r(316,0,2,761)
w(325,1,2,761)
w(325,2,2,761)
w(325,3,3,763)
r(324,0,3,763)
r(323,3,3,763)
r(327,0,3,763)
w(327,1,3,763)
w(327,2,3,763)
r(327,2,3,763)
r(328,0,4,765)
w(327,3,4,765)
r(327,3,4,765)
r(327,3,4,765)
w(326,1,4,765)
w(329,1,4,765)
r(324,0,4,765)
w(329,2,4,765)
w(329,3,5,767)
r(328,0,5,767)
r(328,0,5,767)
w(328,1,5,767)
r(328,1,5,767)
w(328,2,5,767)
r(324,0,5,767)
w(330,1,6,769)
r(330,1,6,769)
r(328,2,6,769)
w(328,3,6,769)
r(328,3,6,769)
r(330,1,6,769)
w(330,2,6,769)
r(326,1,7,771)
r(330,2,7,771)
w(330,3,7,771)
w(316,2,7,771)
r(330,3,7,771)
r(328,3,7,771)
r(331,0,7,771)
w(331,1,8,773)
r(324,0,8,773)
w(331,2,8,773)
r(324,0,8,773)
w(324,1,8,773)
w(331,3,8,773)
w(332,1,8,773)
r(331,3,9,775)
r(332,1,9,775)
w(326,2,9,775)
r(326,2,9,775)
w(333,1,9,775)
w(333,2,9,775)
w(324,2,9,775)
w(332,2,9,775)
r(333,2,10,777)
r(333,2,10,777)
r(333,2,10,777)
r(332,2,10,777)
w(332,3,10,777)
w(333,3,10,777)
r(333,3,10,777)
r(332,3,10,777)
r(333,3,11,779)
r(333,3,11,779)
r(334,0,11,779)
r(334,0,11,779)
w(334,1,11,779)
r(334,1,11,779)
r(334,1,11,779)
r(334,1,12,781)
r(332,3,12,781)
r(332,3,12,781)
r(332,3,12,781)
r(326,2,12,781)
r(334,1,12,781)
w(326,3,12,781)
w(334,2,12,781)
r(334,2,13,783)
w(324,3,13,783)
r(332,3,13,783)
w(335,1,13,783)
r(334,2,13,783)
w(334,3,14,785)
r(334,3,14,785)
r(332,3,14,785)
r(334,3,14,785)
r(334,3,15,787)
r(337,0,15,787)
r(337,0,15,787)
r(335,1,15,787)
r(337,0,15,787)
w(337,1,15,787)
w(336,1,16,789)
r(337,1,16,789)
w(337,2,16,789)
w(337,3,16,789)
w(336,2,16,789)
r(337,3,16,789)
r(336,2,17,791)
w(336,3,17,791)
r(316,2,17,791)
r(337,3,17,791)
w(339,1,17,791)
r(337,3,17,791)
r(335,1,17,791)
r(337,3,18,793)
r(337,3,18,793)
r(339,1,18,793)
w(316,3,18,793)
w(335,2,18,793)
w(339,2,19,795)
r(340,0,19,795)
w(338,1,19,795)
w(335,3,19,795)
r(340,0,19,795)
w(340,1,0,797)
r(340,1,0,797)
r(340,1,0,797)
r(339,2,0,797)
w(339,3,0,797)
w(340,2,0,797)
r(342,0,0,797)
r(340,2,0,799)
w(340,3,0,799)
r(341,0,0,799)
r(343,0,0,799)
w(343,1,0,799)
w(343,2,0,799)
w(343,3,1,801)
w(341,1,1,801)
r(341,1,1,801)
r(342,0,1,801)
w(344,1,1,801)
r(344,1,1,801)
r(341,1,2,803)
w(342,1,2,803)
w(342,2,2,803)
w(344,2,2,803)
r(344,2,3,805)
r(344,2,3,805)
w(338,2,3,805)
w(344,3,3,805)
r(344,3,3,805)
r(344,3,3,805)
r(344,3,3,805)
w(345,1,4,807)
w(345,2,4,807)
w(345,3,4,807)
w(341,2,4,807)
r(338,2,4,807)
w(341,3,4,807)
w(342,3,4,807)
r(342,3,5,809)
w(348,1,5,809)
w(348,2,5,809)
r(342,3,5,809)
r(347,0,6,811)
w(347,1,6,811)
w(338,3,6,811)
w(348,3,6,811)
r(342,3,6,811)
w(347,2,6,811)
r(347,2,6,811)
w(347,3,7,813)
r(348,3,7,813)
r(348,3,7,813)
r(349,0,7,813)
r(342,3,8,815)
w(349,1,8,815)
w(350,1,8,815)
w(349,2,8,815)
r(338,3,8,815)
r(349,2,8,815)
r(350,1,8,815)
w(349,3,9,817)
r(338,3,9,817)
r(349,3,9,817)
w(351,1,9,817)
r(351,1,9,817)
w(351,2,9,817)
r(338,3,10,819)
w(351,3,10,819)
r(351,3,10,819)
r(351,3,10,819)
r(351,3,10,819)
w(353,1,10,819)
r(353,1,11,821)
r(353,1,11,821)
r(350,1,11,821)
w(353,2,11,821)
w(350,2,11,821)
w(353,3,11,821)
r(352,0,12,823)
r(354,0,12,823)
w(354,1,12,823)
w(354,2,12,823)
r(352,0,12,823)
r(354,2,12,823)
r(338,3,12,823)
w(352,1,13,825)
r(354,2,13,825)
r(354,2,13,825)
w(354,3,13,825)
r(350,2,13,825)
w(350,3,13,825)
r(350,3,13,825)
r(355,0,13,825)
w(355,1,14,827)
r(355,1,14,827)
r(355,1,14,827)
r(352,1,14,827)
w(352,2,14,827)
r(355,1,14,827)
w(355,2,14,827)
r(350,3,14,827)
r(350,3,15,829)
w(355,3,15,829)
r(355,3,15,829)
r(355,3,15,829)
r(350,3,15,829)
r(356,0,15,829)
r(355,3,15,829)
r(355,3,16,831)
r(350,3,16,831)
r(355,3,16,831)
w(356,1,16,831)
w(356,2,16,831)
r(350,3,16,831)
w(352,3,16,831)
r(350,3,17,833)
r(357,0,17,833)
r(350,3,17,833)
r(357,0,17,833)
w(357,1,17,833)
r(357,1,18,835)
w(358,1,18,835)
r(356,2,18,835)
w(358,2,18,835)
r(352,3,19,837)
w(357,2,19,837)
w(357,3,19,837)
w(356,3,19,837)
r(346,0,19,837)
r(359,0,19,837)
r(359,0,0,839)
r(358,2,0,839)
w(358,3,0,839)
w(359,1,0,839)
w(359,2,0,839)
r(358,3,0,839)
r(360,0,0,841)
w(359,3,0,841)
r(358,3,0,841)
r(359,3,0,841)
r(358,3,0,841)
r(362,0,1,843)
w(361,1,1,843)
r(362,0,1,843)
r(362,0,1,843)
r(358,3,1,843)
r(362,0,1,843)
r(358,3,1,843)
w(360,1,1,843)
w(360,2,2,845)
r(363,0,2,845)
w(362,1,2,845)
r(362,1,2,845)
r(362,1,2,845)
w(363,1,2,845)
w(362,2,2,845)
w(362,3,3,847)
r(360,2,3,847)
w(364,1,3,847)
r(364,1,3,847)
w(364,2,3,847)
r(364,2,3,847)
r(364,2,3,847)
w(363,2,3,847)
r(360,2,4,849)
r(360,2,4,849)
w(363,3,4,849)
r(364,2,4,849)
r(364,2,4,849)
w(364,3,5,851)
r(364,3,5,851)
w(360,3,5,851)
r(364,3,5,851)
w(361,2,5,851)
r(365,0,6,853)
r(364,3,6,853)
r(365,0,6,853)
w(365,1,6,853)
w(346,1,6,853)
w(367,1,6,853)
r(367,1,6,853)
r(367,1,7,855)
r(367,1,7,855)
w(365,2,7,855)
r(365,2,7,855)
w(367,2,8,857)
r(365,2,8,857)
r(367,2,8,857)
w(367,3,8,857)
w(366,1,8,857)
w(365,3,8,857)
w(366,2,9,859)
w(368,1,9,859)
r(368,1,9,859)
r(368,1,9,859)
r(368,1,10,861)
w(361,3,10,861)
w(368,2,10,861)
w(368,3,10,861)
r(368,3,11,863)
w(366,3,11,863)
w(369,1,11,863)
r(368,3,11,863)
r(368,3,12,865)
r(368,3,12,865)
w(369,2,12,865)
r(368,3,12,865)
r(368,3,12,865)
r(368,3,12,865)
r(366,3,12,865)
r(368,3,13,867)
r(368,3,13,867)
w(369,3,13,867)
w(370,1,13,867)
w(370,2,13,867)
r(372,0,13,867)
r(372,0,13,867)
w(373,1,13,867)
w(373,2,14,869)
w(372,1,14,869)
r(372,1,14,869)
w(372,2,14,869)
w(372,3,15,871)
r(372,3,15,871)
w(374,1,15,871)
r(373,2,15,871)
r(374,1,15,871)
w(374,2,15,871)
r(373,2,15,871)
r(374,2,16,873)
r(374,2,16,873)
w(373,3,16,873)
r(374,2,16,873)
r(374,2,16,873)
w(374,3,16,873)
r(371,0,16,873)
r(370,2,17,875)
r(375,0,17,875)
r(375,0,17,875)
r(376,0,17,875)
w(371,1,18,877)
w(370,3,18,877)
r(371,1,18,877)
r(376,0,18,877)
r(376,0,18,877)
r(376,0,18,877)
r(375,0,19,879)
w(376,1,19,879)
r(371,1,19,879)
w(346,2,19,879)
r(371,1,19,879)
r(376,1,19,879)
r(376,1,0,881)
w(376,2,0,881)
w(375,1,0,881)
w(376,3,0,881)
r(376,3,0,883)
w(346,3,0,883)
r(377,0,0,883)
r(378,0,0,883)
r(375,1,0,883)
w(378,1,0,883)
w(378,2,1,885)
r(346,3,1,885)
w(378,3,1,885)
r(379,0,1,885)
r(379,0,1,885)
r(379,0,1,885)
w(375,2,1,885)
r(375,2,1,885)
w(375,3,2,887)
r(371,1,2,887)
w(380,1,2,887)
r(379,0,2,887)
w(379,1,2,887)
w(379,2,2,887)
w(379,3,3,889)
r(379,3,3,889)
r(381,0,3,889)
w(381,1,3,889)
r(381,1,3,889)
r(371,1,4,891)
w(381,2,4,891)
r(381,2,4,891)
r(377,0,4,891)
w(380,2,4,891)
r(371,1,4,891)
r(380,2,4,891)
r(380,2,5,893)
w(377,1,5,893)
r(381,2,5,893)
r(381,2,5,893)
r(381,2,6,895)
r(380,2,6,895)
r(380,2,6,895)
r(381,2,6,895)
r(380,2,6,895)
w(377,2,6,895)
r(371,1,7,897)
w(380,3,7,897)
r(380,3,7,897)
r(381,2,7,897)
r(381,2,8,899)
r(381,2,8,899)
r(380,3,8,899)
w(381,3,8,899)
w(371,2,8,899)
w(383,1,9,901)
r(383,1,9,901)
w(382,1,9,901)
w(383,2,9,901)
r(383,2,9,901)
r(383,2,10,903)
w(371,3,10,903)
r(377,2,10,903)
w(383,3,10,903)
w(384,1,10,903)
w(382,2,11,905)
w(385,1,11,905)
r(385,1,11,905)
r(382,2,11,905)
r(385,1,11,905)
r(385,1,11,905)
w(385,2,11,905)
w(385,3,12,907)
r(385,3,12,907)
w(387,1,12,907)
r(387,1,12,907)
w(387,2,12,907)
r(386,0,12,907)
r(387,2,13,909)
w(386,1,13,909)
w(387,3,13,909)
r(386,1,13,909)
r(382,2,14,911)
w(382,3,14,911)
r(388,0,14,911)
r(386,1,14,911)
r(382,3,14,911)
r(382,3,14,911)
r(382,3,14,911)
w(377,3,14,911)
r(388,0,15,913)
w(388,1,15,913)
r(386,1,15,913)
w(388,2,15,913)
r(388,2,15,913)
r(388,2,15,913)
r(382,3,15,913)
r(388,2,15,913)
r(388,2,16,915)
r(377,3,16,915)
r(388,2,16,915)
w(386,2,16,915)
r(382,3,16,915)
w(388,3,16,915)
r(388,3,16,915)
w(386,3,17,917)
r(389,0,17,917)
r(389,0,17,917)
r(388,3,17,917)
r(388,3,17,917)
w(390,1,17,917)
w(390,2,17,917)
r(389,0,17,917)
r(391,0,18,919)
w(391,1,18,919)
w(389,1,18,919)
r(384,1,18,919)
w(389,2,18,919)
r(389,2,19,921)
r(391,1,19,921)
w(391,2,19,921)
w(389,3,19,921)
r(389,3,19,921)
r(391,2,19,921)
r(389,3,0,923)
w(391,3,0,923)
r(392,0,0,923)
r(393,0,0,923)
w(393,1,0,923)
r(384,1,0,923)
w(392,1,0,923)
w(390,3,0,925)
r(392,1,0,925)
r(394,0,0,925)
w(393,2,0,925)
r(393,2,0,925)
w(393,3,1,927)
r(392,1,1,927)
r(393,3,1,927)
r(394,0,1,927)
r(392,1,1,927)
w(395,1,2,929)
r(395,1,2,929)
r(392,1,2,929)
r(392,1,2,929)
r(384,1,2,929)
r(395,1,2,929)
w(395,2,2,929)
w(395,3,2,929)
r(392,1,3,931)
w(384,2,3,931)
r(390,3,3,931)
r(395,3,3,931)
w(392,2,3,931)
r(394,0,3,931)
w(396,1,3,931)
w(396,2,4,933)
w(396,3,4,933)
r(396,3,4,933)
w(392,3,4,933)
r(396,3,4,933)
r(390,3,4,933)
w(384,3,4,933)
r(396,3,4,933)
r(394,0,5,935)
w(397,1,5,935)
r(397,1,5,935)
w(397,2,5,935)
r(397,2,5,935)
w(397,3,5,935)
r(384,3,5,935)
r(384,3,6,937)
w(399,1,6,937)
w(398,1,6,937)
r(392,3,6,937)
w(399,2,6,937)
r(398,1,6,937)
w(398,2,7,939)
w(394,1,7,939)
r(399,2,7,939)
w(399,3,7,939)
w(398,3,8,941)
r(399,3,8,941)
r(402,0,8,941)
r(394,1,8,941)
r(394,1,9,943)
r(400,0,9,943)
r(400,0,9,943)
r(402,0,9,943)
w(400,1,9,943)
w(400,2,9,943)
r(400,2,10,945)
r(400,2,10,945)
w(402,1,10,945)
r(402,1,10,945)
w(402,2,11,947)
w(402,3,11,947)
w(400,3,11,947)
r(402,3,11,947)
r(400,3,11,947)
r(400,3,12,949)
r(403,0,12,949)
w(403,1,12,949)
w(394,2,12,949)
r(400,3,12,949)
w(404,1,13,951)
r(403,1,13,951)
r(400,3,13,951)
r(394,2,13,951)
r(403,1,13,951)
r(403,1,13,951)
r(403,1,13,951)
w(401,1,13,951)
w(403,2,14,953)
r(403,2,14,953)
w(404,2,14,953)
w(403,3,14,953)
r(405,0,14,953)
r(403,3,14,953)
r(405,0,14,953)
r(405,0,15,955)
r(394,2,15,955)
w(404,3,15,955)
w(405,1,15,955)
w(394,3,15,955)
r(406,0,16,957)
w(406,1,16,957)
r(406,1,16,957)
w(405,2,16,957)
w(406,2,17,960)
w(406,3,17,960)
w(405,3,17,960)
w(407,1,17,960)
r(407,1,17,960)
r(401,1,17,960)
w(407,2,17,960)
w(409,2,19,963)
r(410,0,19,963)
w(410,1,19,963)
w(410,2,19,963)
r(409,2,19,963)
r(410,2,19,963)
w(409,3,19,963)
r(411,0,19,963)
w(408,2,0,965)
w(410,3,0,965)
r(413,0,0,965)
r(413,0,0,965)
r(413,0,0,965)
w(411,1,0,965)
w(413,1,0,965)
r(413,1,0,967)
r(408,2,0,967)
r(413,1,0,967)
w(411,2,0,967)
r(413,1,0,967)
r(413,1,1,969)
w(411,3,1,969)
w(412,1,1,969)
w(413,2,1,969)
r(411,3,2,971)
w(413,3,2,971)
w(412,2,2,971)
r(411,3,2,971)
w(414,1,2,971)
r(414,1,2,971)
w(414,2,2,971)
w(412,3,3,973)
w(414,3,3,973)
w(415,1,3,973)
r(412,3,3,973)
r(415,1,3,973)
r(415,1,3,973)
r(415,1,3,973)
r(412,3,4,975)
r(415,1,4,975)
w(415,2,4,975)
r(411,3,4,975)
r(415,2,4,975)
w(415,3,4,975)
r(411,3,4,975)
r(412,3,4,975)
r(412,3,5,977)
w(416,1,5,977)
r(416,1,5,977)
w(416,2,5,977)
r(412,3,6,979)
w(416,3,6,979)
w(417,1,6,979)
r(417,1,6,979)
w(417,2,6,979)
r(418,0,6,979)
r(418,0,6,979)
r(417,2,6,979)
r(411,3,7,981)
w(418,1,7,981)
r(418,1,7,981)
w(417,3,7,981)
r(411,3,7,981)
r(418,1,8,983)
r(401,1,8,983)
w(408,3,8,983)
w(418,2,8,983)
r(418,2,8,983)
r(418,2,8,983)
r(417,3,8,983)
r(417,3,9,985)
w(418,3,9,985)
r(417,3,9,985)
r(420,0,9,985)
r(408,3,10,988)
w(420,1,10,988)
r(420,1,10,988)
w(419,1,10,988)
r(419,1,10,988)
w(420,2,10,988)
r(422,0,12,991)
w(422,1,12,991)
r(421,0,12,991)
r(422,1,12,991)
w(419,3,12,991)
w(401,2,12,991)
w(422,2,13,993)
r(422,2,13,993)
w(422,3,13,993)
w(421,2,13,993)
r(423,0,13,993)
w(401,3,14,995)
r(423,0,14,995)
r(423,0,14,995)
r(421,2,14,995)
r(423,0,14,995)
w(421,3,14,995)
r(423,0,14,995)
r(423,0,15,997)
r(424,0,15,997)
r(425,0,15,997)
w(423,1,15,997)
w(426,1,16,999)
w(426,2,16,999)
r(423,1,16,999)
w(426,3,16,999)
w(424,1,16,999)
r(423,1,16,999)
w(423,2,17,1001)
r(423,2,17,1001)
r(423,2,17,1001)
r(424,1,17,1001)
r(424,1,17,1001)
r(423,2,17,1001)
w(423,3,17,1001)
w(427,1,18,1003)
r(427,1,18,1003)
w(427,2,18,1003)
r(425,0,18,1003)
w(427,3,18,1003)
r(425,0,18,1003)
r(427,3,18,1003)
r(427,3,19,1005)
r(427,3,19,1005)
w(428,1,19,1005)
r(427,3,19,1005)
r(427,3,0,1007)
w(428,2,0,1007)
r(429,0,0,1007)
w(425,1,0,1007)
r(424,1,0,1009)
w(429,1,0,1009)
w(425,2,0,1009)
r(429,1,0,1009)
r(429,1,1,1011)
w(429,2,1,1011)
r(429,2,1,1011)
w(429,3,1,1011)
w(424,2,1,1011)
r(429,3,1,1011)
r(428,2,1,1011)
w(428,3,2,1013)
r(424,2,2,1013)
w(430,1,2,1013)
w(430,2,2,1013)
r(428,3,2,1013)
r(428,3,3,1015)
w(424,3,3,1015)
r(428,3,3,1015)
w(430,3,3,1015)
r(428,3,3,1015)
r(431,0,3,1015)
w(431,1,4,1017)
w(431,2,4,1017)
r(431,2,4,1017)
w(425,3,4,1017)
w(432,1,5,1019)
w(431,3,5,1019)
w(433,1,5,1019)
w(434,1,5,1019)
w(432,2,5,1019)
r(434,1,5,1019)
w(434,2,5,1019)
r(432,2,5,1019)
r(433,1,6,1021)
w(434,3,6,1021)
r(434,3,6,1021)
r(401,3,6,1021)
w(433,2,6,1021)
r(435,0,6,1021)
w(435,1,6,1021)
r(432,2,6,1021)
w(432,3,7,1023)
r(432,3,7,1023)
r(433,2,7,1023)
r(435,1,7,1023)
r(432,3,7,1023)
w(433,3,8,1025)
r(433,3,8,1025)
w(435,2,8,1025)
w(435,3,8,1025)
r(435,3,9,1027)
r(432,3,9,1027)
r(432,3,9,1027)
r(432,3,9,1027)
r(432,3,9,1027)
r(432,3,9,1027)
w(436,1,10,1029)
w(436,2,10,1029)
r(437,0,10,1029)
w(436,3,10,1029)
w(438,1,11,1031)
r(438,1,11,1031)
w(438,2,11,1031)
r(437,0,11,1031)
w(437,1,12,1033)
r(438,2,12,1033)
w(438,3,12,1033)
w(439,1,12,1033)
w(440,1,12,1033)
r(440,1,12,1033)
w(441,1,13,1035)
r(440,1,13,1035)
w(437,2,13,1035)
w(441,2,13,1035)
w(441,3,14,1037)
w(437,3,14,1037)
w(442,1,14,1037)
r(442,1,14,1037)
r(437,3,14,1037)
r(440,1,14,1037)
r(437,3,14,1037)
w(442,2,14,1037)
r(442,2,15,1039)
r(440,1,15,1039)
w(440,2,15,1039)
w(442,3,15,1039)
r(442,3,15,1039)
r(442,3,15,1039)
r(442,3,16,1041)
r(442,3,16,1041)
r(442,3,16,1041)
w(444,1,16,1041)
r(443,0,16,1041)
w(443,1,16,1041)
w(444,2,17,1043)
w(440,3,17,1043)
w(443,2,17,1043)
w(444,3,17,1043)
r(444,3,17,1043)
r(439,1,17,1043)
r(440,3,18,1045)
r(443,2,18,1045)
r(443,2,18,1045)
w(445,1,18,1045)
r(445,1,18,1045)
w(443,3,19,1047)
w(445,2,19,1047)
r(446,0,19,1047)
w(445,3,19,1047)
w(446,1,19,1047)
r(443,3,19,1047)
w(439,2,19,1047)
r(447,0,0,1049)
w(447,1,0,1049)
w(447,2,0,1049)
r(447,2,0,1049)
w(447,3,0,1049)
r(447,3,0,1049)
r(448,0,0,1049)
w(448,1,0,1051)
w(448,2,0,1051)
r(448,2,0,1051)
w(448,3,0,1051)
r(447,3,0,1051)
r(448,3,0,1051)
w(449,1,0,1051)
w(449,2,0,1051)
r(448,3,1,1053)
w(446,2,1,1053)
r(449,2,1,1053)
w(449,3,1,1053)
w(446,3,1,1053)
r(439,2,1,1053)
r(450,0,1,1053)
w(439,3,2,1055)
w(450,1,2,1055)
r(449,3,2,1055)
w(450,2,2,1055)
w(450,3,2,1055)
r(451,0,2,1055)
r(451,0,3,1057)
r(450,3,3,1057)
w(451,1,3,1057)
w(451,2,3,1057)
r(451,2,3,1057)
w(453,1,3,1057)
r(452,0,3,1057)
w(452,1,3,1057)
r(451,2,4,1059)
r(453,1,4,1059)
w(451,3,4,1059)
w(454,1,4,1059)
w(454,2,4,1059)
r(454,2,4,1059)
r(454,2,4,1059)
r(452,1,4,1059)
w(454,3,5,1061)
w(455,1,5,1061)
w(456,1,5,1061)
w(456,2,5,1061)
w(456,3,5,1061)
r(455,1,5,1061)
w(455,2,5,1061)
r(455,2,5,1061)
r(453,1,6,1063)
r(455,2,6,1063)
r(457,0,6,1063)
r(457,0,6,1063)
w(457,1,6,1063)
w(457,2,6,1063)
r(457,2,7,1065)
r(455,2,7,1065)
r(457,2,7,1065)
r(457,2,7,1065)
r(457,2,7,1065)
w(455,3,8,1067)
w(453,2,8,1067)
w(453,3,8,1067)
r(457,2,8,1067)
r(457,2,9,1069)
w(452,2,9,1069)
r(457,2,9,1069)
w(457,3,9,1069)
r(458,0,9,1069)
w(452,3,10,1071)
r(458,0,10,1071)
r(401,3,10,1071)
r(460,0,10,1071)
w(459,1,10,1071)
w(460,1,10,1071)
w(460,2,10,1071)
r(460,2,11,1073)
r(460,2,11,1073)
r(460,2,11,1073)
r(460,2,11,1073)
r(460,2,11,1073)
w(460,3,11,1073)
w(459,2,12,1075)
r(458,0,12,1075)
r(452,3,12,1075)
r(462,0,12,1075)
r(452,3,12,1075)
w(462,1,12,1075)
r(459,2,12,1075)
w(459,3,13,1077)
r(459,3,13,1077)
r(462,1,13,1077)
w(464,1,13,1077)
r(458,0,14,1079)
w(464,2,14,1079)
w(462,2,14,1079)
r(462,2,14,1079)
w(458,1,14,1079)
w(464,3,14,1079)
w(463,1,15,1081)
r(462,2,15,1081)
r(458,1,15,1081)
w(463,2,15,1081)
w(462,3,16,1083)
w(458,2,16,1083)
w(466,1,16,1083)
r(466,1,16,1083)
r(463,2,16,1083)
r(465,0,16,1083)
r(465,0,16,1083)
r(466,1,17,1085)
w(463,3,17,1085)
w(466,2,17,1085)
w(466,3,17,1085)
r(465,0,17,1085)
r(465,0,17,1085)
r(465,0,17,1085)
r(463,3,17,1085)
r(465,0,18,1087)
w(465,1,18,1087)
r(465,1,18,1087)
w(465,2,18,1087)
r(466,3,18,1087)
w(465,3,18,1087)
r(465,3,18,1087)
r(465,3,18,1087)
r(465,3,19,1089)
w(467,1,19,1089)
r(463,3,19,1089)
r(468,0,19,1089)
r(463,3,19,1089)
w(467,2,19,1089)
w(468,1,0,1091)
r(468,1,0,1091)
r(467,2,0,1091)
w(467,3,0,1091)
r(467,3,0,1091)
w(469,1,0,1091)
r(467,3,0,1091)
w(468,2,0,1091)
r(458,2,0,1093)
w(468,3,0,1093)
r(467,3,0,1093)
r(461,0,0,1093)
w(470,1,0,1093)
r(458,2,0,1093)
w(470,2,0,1093)
r(470,2,0,1093)
w(471,1,1,1095)
w(470,3,1,1095)
w(471,2,1,1095)
w(471,3,1,1095)
w(469,2,1,1095)
w(472,1,1,1095)
w(472,2,1,1095)
r(472,2,2,1097)
r(473,0,2,1097)
w(473,1,2,1097)
r(473,1,2,1097)
w(461,1,3,1099)
r(472,2,3,1099)
r(472,2,3,1099)
r(472,2,3,1099)
w(473,2,3,1099)
w(469,3,3,1099)
r(472,2,3,1099)
r(472,2,4,1101)
w(472,3,4,1101)
r(473,2,4,1101)
r(472,3,4,1101)
w(473,3,4,1101)
r(472,3,4,1101)
w(458,3,4,1101)
r(472,3,5,1103)
r(475,0,5,1103)
w(475,1,5,1103)
w(476,1,5,1103)
w(461,2,6,1105)
r(461,2,6,1105)
r(476,1,6,1105)
r(476,1,6,1105)
w(476,2,6,1105)
w(475,2,6,1105)
w(475,3,6,1105)
r(476,2,6,1105)
r(478,0,7,1107)
w(476,3,7,1107)
w(477,1,7,1107)
w(477,2,7,1107)
r(474,0,7,1107)
r(474,0,7,1107)
r(476,3,8,1109)
r(476,3,8,1109)
r(474,0,8,1109)
w(478,1,8,1109)
r(478,1,8,1109)
r(478,1,8,1109)
w(461,3,8,1109)
w(474,1,8,1109)
r(476,3,9,1111)
r(476,3,9,1111)
r(479,0,9,1111)
r(477,2,9,1111)
w(479,1,10,1113)
w(479,2,10,1113)
w(479,3,10,1113)
r(479,3,10,1113)
r(479,3,10,1113)
w(474,2,10,1113)
r(479,3,10,1113)
r(478,1,10,1113)
w(478,2,11,1115)
r(479,3,11,1115)
r(480,0,11,1115)
w(480,1,11,1115)
w(480,2,11,1115)
w(480,3,11,1115)
r(480,3,11,1115)
w(478,3,12,1117)
r(481,0,12,1117)
w(474,3,12,1117)
r(461,3,12,1117)
w(481,1,12,1117)
w(481,2,12,1117)
r(481,2,13,1119)
r(481,2,13,1119)
w(481,3,13,1119)
w(482,1,13,1119)
r(482,1,14,1121)
r(483,0,14,1121)
w(483,1,14,1121)
r(484,0,14,1121)
r(484,0,14,1121)
r(482,1,14,1121)
w(484,1,15,1123)
w(483,2,15,1123)
w(484,2,15,1123)
r(477,2,15,1123)
r(483,2,15,1123)
w(484,3,16,1125)
r(483,2,16,1125)
r(484,3,16,1125)
w(482,2,16,1125)
r(483,2,16,1125)
w(485,1,16,1125)
r(482,2,16,1125)
w(482,3,16,1125)
w(483,3,17,1127)
r(485,1,17,1127)
w(477,3,17,1127)
r(485,1,17,1127)
w(486,1,17,1127)
w(486,2,17,1127)
r(486,2,17,1127)
w(486,3,18,1129)
r(486,3,18,1129)
r(486,3,18,1129)
r(482,3,18,1129)
r(482,3,18,1129)
r(485,1,18,1129)
r(485,1,18,1129)
r(487,0,18,1129)
r(482,3,19,1131)
w(487,1,19,1131)
r(487,1,19,1131)
r(487,1,19,1131)
w(485,2,19,1131)
r(482,3,0,1133)
r(482,3,0,1133)
w(487,2,0,1133)
r(487,2,0,1133)
w(487,3,0,1133)
r(487,3,0,1133)
r(487,3,0,1133)
w(485,3,0,1135)
r(487,3,0,1135)
r(487,3,0,1135)
w(490,1,0,1135)
r(485,3,0,1135)
w(490,2,0,1135)
r(491,0,1,1137)
r(477,3,1,1137)
r(491,0,1,1137)
r(490,2,1,1137)
w(491,1,1,1137)
w(491,2,1,1137)
w(488,1,2,1139)
w(490,3,2,1139)
r(488,1,2,1139)
r(491,2,2,1139)
r(477,3,2,1139)
r(491,2,2,1139)
r(491,2,2,1139)
w(492,1,3,1141)
r(488,1,3,1141)
w(492,2,3,1141)
w(492,3,3,1141)
w(493,1,3,1141)
r(493,1,4,1143)
w(491,3,4,1143)
r(493,1,4,1143)
r(491,3,4,1143)
r(491,3,4,1143)
r(493,1,5,1145)
w(494,1,5,1145)
w(493,2,5,1145)
w(488,2,5,1145)
w(488,3,5,1145)
w(493,3,5,1145)
r(491,3,5,1145)
r(495,0,6,1147)
r(493,3,6,1147)
r(496,0,6,1147)
w(496,1,6,1147)
r(495,0,6,1147)
r(493,3,6,1147)
r(496,1,6,1147)
r(496,1,7,1149)
r(497,0,7,1149)
r(497,0,7,1149)
w(496,2,7,1149)
r(496,2,7,1149)
w(497,1,8,1151)
w(496,3,8,1151)
w(497,2,8,1151)
w(497,3,8,1151)
w(495,1,9,1153)
r(496,3,9,1153)
w(498,1,9,1153)
w(498,2,9,1153)
r(499,0,9,1153)
w(499,1,9,1153)
w(489,1,9,1153)
r(499,1,9,1153)
r(499,1,10,1155)
r(498,2,10,1155)
w(499,2,10,1155)
w(495,2,10,1155)
r(499,2,10,1155)
w(499,3,10,1155)
w(489,2,10,1155)
r(499,3,11,1157)
w(498,3,11,1157)
r(498,3,11,1157)
w(500,1,11,1157)
r(495,2,11,1157)
r(498,3,11,1157)
w(500,2,11,1157)
w(489,3,11,1157)
w(494,2,12,1159)
w(500,3,12,1159)
r(500,3,12,1159)
r(501,0,12,1159)
w(495,3,12,1159)
r(498,3,12,1159)
r(498,3,12,1159)
r(494,2,12,1159)
w(502,1,13,1161)
r(498,3,13,1161)
r(501,0,13,1161)
w(501,1,13,1161)
r(495,3,14,1163)
w(501,2,14,1163)
w(501,3,14,1163)
r(503,0,14,1163)
r(501,3,14,1163)
r(504,0,14,1163)
w(494,3,15,1165)
w(504,1,15,1165)
w(504,2,15,1165)
w(503,1,15,1165)
w(504,3,15,1165)
r(495,3,16,1167)
r(505,0,16,1167)
r(503,1,16,1167)
r(505,0,16,1167)
r(505,0,16,1167)
r(505,0,16,1167)
r(505,0,16,1167)
r(505,0,16,1167)
w(505,1,17,1169)
w(505,2,17,1169)
r(505,2,17,1169)
w(505,3,17,1169)
w(503,2,17,1169)
r(503,2,18,1171)
w(503,3,18,1171)
w(502,2,18,1171)
r(507,0,18,1171)
r(508,0,19,1173)
w(507,1,19,1173)
r(508,0,19,1173)
r(508,0,19,1173)
r(506,0,0,1175)
w(508,1,0,1175)
w(508,2,0,1175)
r(508,2,0,1175)
r(509,0,0,1175)
w(507,2,0,1175)
w(508,3,0,1175)
r(507,2,0,1175)
r(507,2,0,1177)
r(508,3,0,1177)
r(506,0,0,1177)
r(507,2,0,1177)
w(510,1,1,1179)
r(506,0,1,1179)
r(510,1,1,1179)
r(510,1,1,1179)
w(510,2,1,1179)
w(510,3,1,1179)
r(510,3,1,1179)
r(506,0,2,1181)
r(510,3,2,1181)
w(507,3,2,1181)
r(512,0,2,1181)
w(512,1,2,1181)
w(511,1,2,1181)
w(512,2,2,1181)
w(506,1,2,1181)
r(511,1,3,1183)
w(502,3,3,1183)
r(511,1,3,1183)
r(511,1,3,1183)
w(512,3,4,1185)
r(511,1,4,1185)
r(502,3,4,1185)
w(513,1,4,1185)
w(506,2,4,1185)
r(513,1,4,1185)
r(511,1,4,1185)
w(511,2,5,1187)
r(513,1,5,1187)
r(513,1,5,1187)
w(513,2,5,1187)
r(513,2,6,1189)
r(513,2,6,1189)
r(513,2,6,1189)
w(513,3,6,1189)
w(511,3,6,1189)
w(509,1,7,1191)
r(513,3,7,1191)
r(511,3,7,1191)
r(514,0,7,1191)
r(514,0,8,1193)
r(514,0,8,1193)
r(514,0,8,1193)
w(514,1,8,1193)
r(511,3,8,1193)
r(514,1,8,1193)
w(506,3,8,1193)
r(515,0,9,1195)
r(514,1,9,1195)
r(514,1,9,1195)
r(516,0,9,1195)
w(514,2,9,1195)
r(516,0,9,1195)
w(515,1,9,1195)
w(514,3,10,1197)
r(514,3,10,1197)
r(518,0,10,1197)
r(518,0,10,1197)
w(518,1,11,1199)
r(516,0,11,1199)
w(509,2,11,1199)
w(516,1,11,1199)
r(518,1,12,1201)
w(518,2,12,1201)
w(515,2,12,1201)
r(518,2,12,1201)
w(518,3,12,1201)
w(516,2,12,1201)
r(515,2,12,1201)
w(515,3,12,1201)
r(517,0,13,1203)
w(519,1,13,1203)
r(516,2,13,1203)
r(515,3,13,1203)
r(519,1,13,1203)
w(519,2,13,1203)
r(519,2,13,1203)
r(516,2,13,1203)
r(520,0,14,1205)
w(519,3,14,1205)
w(509,3,14,1205)
w(520,1,14,1205)
w(521,1,14,1205)
w(521,2,14,1205)
r(521,2,14,1205)
r(520,1,14,1205)
r(520,1,15,1207)
r(521,2,15,1207)
r(521,2,15,1207)
w(521,3,15,1207)
w(523,1,15,1207)
r(516,2,15,1207)
w(516,3,16,1209)
r(520,1,16,1209)
w(523,2,16,1209)
w(520,2,16,1209)
r(523,2,16,1209)
w(523,3,17,1211)
r(523,3,17,1211)
r(524,0,17,1211)
w(520,3,17,1211)
r(523,3,17,1211)
w(525,1,18,1213)
r(525,1,18,1213)
r(525,1,18,1213)
w(525,2,18,1213)
r(526,0,19,1215)
r(526,0,19,1215)
r(526,0,19,1215)
w(525,3,19,1215)
r(526,0,19,1215)
w(526,1,0,1217)
w(524,1,0,1217)
w(527,1,0,1217)
r(527,1,0,1217)
r(526,1,0,1217)
r(524,1,0,1219)
r(527,1,0,1219)
w(526,2,0,1219)
w(527,2,0,1219)
r(526,2,0,1219)
w(527,3,0,1219)
r(527,3,1,1221)
r(522,0,1,1221)
w(526,3,1,1221)
r(527,3,1,1221)
r(527,3,2,1223)
r(527,3,2,1223)
r(522,0,2,1223)
w(522,1,2,1223)
w(524,2,3,1225)
r(527,3,3,1225)
w(522,2,3,1225)
w(517,1,3,1225)
r(528,0,3,1225)
r(528,0,3,1225)
w(528,1,3,1225)
w(528,2,4,1227)
r(528,2,4,1227)
w(528,3,4,1227)
w(529,1,4,1227)
r(522,2,4,1227)
r(517,1,4,1227)
w(524,3,4,1227)
w(529,2,4,1227)
r(524,3,5,1229)
w(522,3,5,1229)
w(530,1,5,1229)
r(530,1,5,1229)
w(529,3,5,1229)
w(530,2,6,1231)
r(522,3,6,1231)
r(531,0,6,1231)
r(531,0,6,1231)
w(517,2,6,1231)
r(530,2,7,1233)
w(531,1,7,1233)
w(532,1,7,1233)
w(531,2,7,1233)
r(530,2,8,1235)
w(531,3,8,1235)
r(530,2,8,1235)
r(530,2,8,1235)
r(530,2,8,1235)
w(530,3,8,1235)
r(533,0,8,1235)
r(533,0,8,1235)
w(533,1,9,1237)
r(530,3,9,1237)
r(530,3,9,1237)
r(530,3,9,1237)
w(534,1,9,1237)
r(533,1,9,1237)
r(534,1,10,1239)
r(534,1,10,1239)
r(532,1,10,1239)
r(534,1,10,1239)
w(534,2,10,1239)
w(534,3,10,1239)
w(532,2,10,1239)
r(534,3,10,1239)
w(532,3,11,1241)
r(534,3,11,1241)
r(534,3,11,1241)
r(534,3,11,1241)
w(533,2,11,1241)
r(537,0,12,1243)
w(535,1,12,1243)
r(535,1,12,1243)
w(533,3,12,1243)
w(517,3,13,1245)
r(538,0,13,1245)
r(535,1,13,1245)
r(537,0,13,1245)
w(538,1,14,1247)
r(538,1,14,1247)
w(537,1,14,1247)
r(538,1,14,1247)
w(537,2,14,1247)
r(538,1,14,1247)
w(537,3,14,1247)
r(537,3,15,1249)
r(538,1,15,1249)
w(540,1,15,1249)
r(538,1,15,1249)
r(538,1,15,1249)
w(536,1,15,1249)
w(540,2,15,1249)
r(540,2,16,1251)
w(538,2,16,1251)
r(535,1,16,1251)
w(540,3,16,1251)
w(538,3,16,1251)
r(538,3,17,1253)
r(538,3,17,1253)
r(540,3,17,1253)
r(535,1,17,1253)
r(538,3,17,1253)
w(536,2,17,1253)
w(541,1,17,1253)
r(538,3,18,1255)
w(541,2,18,1255)
w(541,3,18,1255)
r(538,3,18,1255)
r(535,1,18,1255)
w(535,2,19,1257)
r(541,3,19,1257)
r(535,2,19,1257)
w(542,1,19,1257)
r(541,3,19,1257)
r(543,0,0,1259)
r(543,0,0,1259)
w(539,1,0,1259)
r(543,0,0,1259)
r(536,2,0,1259)
r(543,0,0,1259)
w(542,2,0,1259)
w(543,1,0,1259)
r(542,2,0,1261)
r(543,1,0,1261)
r(543,1,0,1261)
w(543,2,0,1261)
w(542,3,1,1263)
r(543,2,1,1263)
r(543,2,1,1263)
w(544,1,1,1263)
r(539,1,2,1265)
w(543,3,2,1265)
r(543,3,2,1265)
r(543,3,2,1265)
r(543,3,3,1267)
w(544,2,3,1267)
w(535,3,3,1267)
w(545,1,3,1267)
w(545,2,3,1267)
w(545,3,3,1267)
w(546,1,4,1269)
w(539,2,4,1269)
r(546,1,4,1269)
w(539,3,4,1269)
r(546,1,5,1271)
r(546,1,5,1271)
w(544,3,5,1271)
r(547,0,5,1271)
r(547,0,5,1271)
w(546,2,6,1273)
r(547,0,6,1273)
r(546,2,6,1273)
r(546,2,6,1273)
r(546,2,6,1273)
w(546,3,6,1273)
r(549,0,7,1275)
r(548,0,7,1275)
w(549,1,7,1275)
r(549,1,7,1275)
w(549,2,7,1275)
w(549,3,7,1275)
w(547,1,7,1275)
r(536,2,7,1275)
w(547,2,8,1277)
r(549,3,8,1277)
r(549,3,8,1277)
w(548,1,8,1277)
r(547,2,8,1277)
w(548,2,8,1277)
r(549,3,9,1279)
r(549,3,9,1279)
r(536,2,9,1279)
w(551,1,9,1279)
r(551,1,10,1281)
r(548,2,10,1281)
r(551,1,10,1281)
w(551,2,10,1281)
w(547,3,10,1281)
w(551,3,11,1283)
r(548,2,11,1283)
r(551,3,11,1283)
r(547,3,11,1283)
r(551,3,11,1283)
r(547,3,11,1283)
r(552,0,11,1283)
r(547,3,11,1283)
r(547,3,12,1285)
r(548,2,12,1285)
r(552,0,12,1285)
w(552,1,12,1285)
r(552,1,12,1285)
w(548,3,12,1285)
w(552,2,12,1285)
r(552,2,12,1285)
r(552,2,13,1287)
r(547,3,13,1287)
r(547,3,13,1287)
r(552,2,13,1287)
w(552,3,13,1287)
r(547,3,13,1287)
w(554,1,13,1287)
w(553,1,14,1289)
r(553,1,14,1289)
r(548,3,14,1289)
r(550,0,14,1289)
w(554,2,14,1289)
r(553,1,14,1289)
w(553,2,14,1289)
w(536,3,14,1289)
r(554,2,15,1291)
r(553,2,15,1291)
w(554,3,15,1291)
r(553,2,15,1291)
r(554,3,15,1291)
r(554,3,15,1291)
r(553,2,15,1291)
w(553,3,15,1291)
r(536,3,16,1293)
w(555,1,16,1293)
w(555,2,16,1293)
r(554,3,16,1293)
r(536,3,16,1293)
r(554,3,16,1293)
w(555,3,16,1293)
r(554,3,16,1293)
r(555,3,17,1295)
r(554,3,17,1295)
r(554,3,17,1295)
r(555,3,17,1295)
r(555,3,18,1297)
r(555,3,18,1297)
r(556,0,18,1297)
w(556,1,18,1297)
w(556,2,18,1297)
w(557,1,18,1297)
w(558,1,18,1297)
w(558,2,18,1297)
w(558,3,19,1299)
r(557,1,19,1299)
r(558,3,19,1299)
r(558,3,19,1299)
r(558,3,19,1299)
r(550,0,19,1299)
r(559,0,0,1301)
w(559,1,0,1301)
r(557,1,0,1301)
w(556,3,0,1301)
w(559,2,0,1301)
r(559,2,0,1301)
r(556,3,0,1301)
r(559,2,0,1303)
r(559,2,0,1303)
r(559,2,0,1303)
r(557,1,0,1303)
w(559,3,0,1303)
w(557,2,1,1305)
w(557,3,1,1305)
r(559,3,1,1305)
r(559,3,1,1305)
r(561,0,1,1305)
r(557,3,1,1305)
r(557,3,1,1305)
w(560,1,1,1305)
r(560,1,2,1307)
w(560,2,2,1307)
r(560,2,2,1307)
w(561,1,2,1307)
w(560,3,2,1307)
w(550,1,2,1307)
r(562,0,2,1307)
w(562,1,3,1309)
r(562,1,3,1309)
r(560,3,3,1309)
r(560,3,3,1309)
w(562,2,4,1311)
r(562,2,4,1311)
r(561,1,4,1311)
r(563,0,4,1311)
r(550,1,5,1313)
w(563,1,5,1313)
r(562,2,5,1313)
r(563,1,5,1313)
w(563,2,5,1313)
r(563,2,5,1313)
r(562,2,6,1315)
w(563,3,6,1315)
r(563,3,6,1315)
w(562,3,6,1315)
r(563,3,7,1317)
r(563,3,7,1317)
w(564,1,7,1317)
w(564,2,7,1317)
r(550,1,7,1317)
r(564,2,7,1317)
r(536,3,8,1319)
r(564,2,8,1319)
r(564,2,8,1319)
w(565,1,8,1319)
r(564,2,8,1319)
w(564,3,8,1319)
r(561,1,9,1321)
r(564,3,9,1321)
w(550,2,9,1321)
w(565,2,9,1321)
r(536,3,9,1321)
r(564,3,9,1321)
r(564,3,9,1321)
r(564,3,9,1321)
r(564,3,10,1323)
r(564,3,10,1323)
r(565,2,10,1323)
r(565,2,10,1323)
w(561,2,10,1323)
r(564,3,10,1323)
r(564,3,10,1323)
w(561,3,10,1323)
w(565,3,11,1325)
r(561,3,11,1325)
w(566,1,11,1325)
w(566,2,11,1325)
r(565,3,12,1327)
w(566,3,12,1327)
w(567,1,12,1327)
r(567,1,12,1327)
w(568,1,13,1329)
r(568,1,13,1329)
r(550,2,13,1329)
w(568,2,13,1329)
w(568,3,13,1329)
w(567,2,13,1329)
w(567,3,13,1329)
w(569,1,14,1331)
r(550,2,14,1331)
r(569,1,14,1331)
w(571,1,14,1331)
w(571,2,15,1333)
r(571,2,15,1333)
w(571,3,15,1333)
r(571,3,15,1333)
w(570,1,15,1333)
r(571,3,15,1333)
r(571,3,15,1333)
r(571,3,15,1333)
w(570,2,16,1335)
w(572,1,16,1335)
w(572,2,16,1335)
w(570,3,16,1335)
w(572,3,16,1335)
r(573,0,16,1335)
r(573,0,17,1337)
w(573,1,17,1337)
r(569,1,17,1337)
r(574,0,17,1337)
w(574,1,18,1339)
w(573,2,18,1339)
w(573,3,18,1339)
r(573,3,18,1339)
w(569,2,18,1339)
r(574,1,18,1339)
w(576,1,18,1339)
r(576,1,19,1341)
r(569,2,19,1341)
r(569,2,19,1341)
w(569,3,19,1341)
w(576,2,19,1341)
r(575,0,19,1341)
w(576,3,19,1341)
r(576,3,19,1341)
r(574,1,0,1343)
w(578,1,0,1343)
w(578,2,0,1343)
w(574,2,0,1343)
w(575,1,0,1343)
w(574,3,0,1345)
r(578,2,0,1345)
r(574,3,0,1345)
r(574,3,0,1345)
w(578,3,0,1345)
r(575,1,0,1345)
r(575,1,1,1347)
r(579,0,1,1347)
w(579,1,1,1347)
w(577,1,1,1347)
w(580,1,1,1347)
w(580,2,1,1347)
r(577,1,1,1347)
r(577,1,2,1349)
r(579,1,2,1349)
w(580,3,2,1349)
r(579,1,2,1349)
r(579,1,3,1351)
r(579,1,3,1351)
w(577,2,3,1351)
r(579,1,3,1351)
r(581,0,3,1351)
w(581,1,3,1351)
r(581,1,3,1351)
r(579,1,3,1351)
w(579,2,4,1353)
r(577,2,4,1353)
r(581,1,4,1353)
r(579,2,4,1353)
w(579,3,5,1355)
r(579,3,5,1355)
r(579,3,5,1355)
w(575,2,5,1355)
r(579,3,5,1355)
w(581,2,5,1355)
w(575,3,5,1355)
r(582,0,6,1357)
r(581,2,6,1357)
w(582,1,6,1357)
r(577,2,6,1357)
r(582,1,6,1357)
w(581,3,6,1357)
w(550,3,7,1359)
r(577,2,7,1359)
r(577,2,7,1359)
r(577,2,7,1359)
w(582,2,7,1359)
r(581,3,7,1359)
r(581,3,8,1361)
r(582,2,8,1361)
w(577,3,8,1361)
r(582,2,8,1361)
r(575,3,8,1361)
r(582,2,8,1361)
w(584,1,9,1363)
r(582,2,9,1363)
r(584,1,9,1363)
w(582,3,9,1363)
r(585,0,10,1365)
r(583,0,10,1365)
r(585,0,10,1365)
r(584,1,10,1365)
w(583,1,11,1367)
r(585,0,11,1367)
r(585,0,11,1367)
r(583,1,11,1367)
r(585,0,11,1367)
w(585,1,11,1367)
r(585,1,12,1369)
w(585,2,12,1369)
w(585,3,12,1369)
w(584,2,12,1369)
r(586,0,12,1369)
r(587,0,12,1369)
w(583,2,12,1369)
r(584,2,13,1371)
r(587,0,13,1371)
r(584,2,13,1371)
r(550,3,13,1371)
r(587,0,13,1371)
w(584,3,14,1373)
r(584,3,14,1373)
r(587,0,14,1373)
r(584,3,14,1373)
w(587,1,14,1373)
r(583,2,14,1373)
w(588,1,15,1375)
w(586,1,15,1375)
w(588,2,15,1375)
w(588,3,15,1375)
r(588,3,15,1375)
r(589,0,16,1377)
w(587,2,16,1377)
r(589,0,16,1377)
r(590,0,16,1377)
w(583,3,16,1377)
r(587,2,16,1377)
w(587,3,17,1379)
w(586,2,17,1379)
w(589,1,17,1379)
w(589,2,17,1379)
r(592,0,18,1381)
w(592,1,18,1381)
r(589,2,18,1381)
r(589,2,18,1381)
r(592,1,18,1381)
r(592,1,18,1381)
w(589,3,18,1381)
r(592,1,18,1381)
r(591,0,19,1383)
r(593,0,19,1383)
w(592,2,19,1383)
w(586,3,19,1383)
r(590,0,19,1383)
r(592,2,0,1385)
w(593,1,0,1385)
r(592,2,0,1385)
r(593,1,0,1385)
w(591,1,0,1385)
r(593,1,0,1388)
r(592,2,0,1388)
r(592,2,0,1388)
w(593,2,0,1388)
w(590,1,1,1389)
w(593,3,1,1389)
r(593,3,1,1389)
r(591,1,1,1389)
r(594,0,1,1389)
w(592,3,1,1389)
r(592,3,1,1389)
r(595,0,1,1389)
w(594,1,2,1391)
w(595,1,2,1391)
w(594,2,2,1391)
r(594,2,2,1391)
w(595,2,2,1391)
r(595,2,2,1391)
r(594,2,2,1391)
r(591,1,3,1393)
r(595,2,3,1393)
r(595,2,3,1393)
r(590,1,3,1393)
w(595,3,3,1393)
r(586,3,3,1393)
r(596,0,4,1395)
r(596,0,4,1395)
r(596,0,4,1395)
r(596,0,4,1395)
w(596,1,4,1395)
r(586,3,4,1395)
w(596,2,4,1395)
r(594,2,5,1397)
w(596,3,5,1397)
w(594,3,5,1397)
r(594,3,5,1397)
w(590,2,5,1397)
w(597,1,5,1397)
r(597,1,5,1397)
w(597,2,5,1397)
w(591,2,6,1399)
r(597,2,6,1399)
w(597,3,6,1399)
r(600,0,6,1399)
w(598,1,7,1401)
w(600,1,7,1401)
w(598,2,7,1401)
w(598,3,7,1401)
w(591,3,8,1403)
r(591,3,8,1403)
w(600,2,8,1403)
r(598,3,8,1403)
w(600,3,8,1403)
r(599,0,8,1403)
r(600,3,8,1403)
w(601,1,9,1405)
w(603,1,9,1405)
w(602,1,9,1405)
w(601,2,9,1405)
r(601,2,9,1405)
r(603,1,9,1405)
w(601,3,10,1407)
r(603,1,10,1407)
w(590,3,10,1407)
w(603,2,10,1407)
r(603,2,10,1407)
r(604,0,10,1407)
w(603,3,10,1407)
w(599,1,11,1410)
r(603,3,11,1410)
r(590,3,11,1410)
r(603,3,11,1410)
r(603,3,11,1410)
w(604,1,11,1410)
w(604,2,11,1410)
w(604,3,11,1410)
r(603,3,12,1411)
w(605,1,12,1411)
w(605,2,12,1411)
r(603,3,12,1411)
r(599,1,13,1413)
r(603,3,13,1413)
w(605,3,13,1413)
r(605,3,13,1413)
r(605,3,13,1413)
r(606,0,14,1415)
w(602,2,14,1415)
w(602,3,14,1415)
w(607,1,14,1415)
w(607,2,14,1415)
r(609,0,14,1415)
w(608,1,14,1415)
w(607,3,15,1417)
r(609,0,15,1417)
w(608,2,15,1417)
r(606,0,15,1417)
r(610,0,15,1417)
r(609,0,16,1419)
w(610,1,16,1419)
r(610,1,16,1419)
r(609,0,16,1419)
r(610,1,16,1419)
r(610,1,16,1419)
w(610,2,17,1421)
r(610,2,17,1421)
r(599,1,17,1421)
r(599,1,17,1421)
w(610,3,17,1421)
r(606,0,18,1423)
r(611,0,18,1423)
r(611,0,18,1423)
w(599,2,18,1423)
w(611,1,18,1423)
r(609,0,19,1425)
r(606,0,19,1425)
w(611,2,19,1425)
r(611,2,19,1425)
w(611,3,19,1425)
w(609,1,19,1425)
r(611,3,19,1425)
r(611,3,19,1425)
r(606,0,0,1427)
r(611,3,0,1427)
r(599,2,0,1427)
r(611,3,0,1427)
w(606,1,0,1427)
w(609,2,0,1429)
w(606,2,0,1429)
r(606,2,0,1429)
r(606,2,0,1429)
w(606,3,0,1429)
w(612,1,0,1429)
r(609,2,0,1429)
w(609,3,1,1431)
r(609,3,1,1431)
r(599,2,1,1431)
w(599,3,1,1431)
r(612,1,1,1431)
w(612,2,1,1431)
r(599,3,2,1433)
r(612,2,2,1433)
r(612,2,2,1433)
r(613,0,2,1433)
w(612,3,3,1435)
r(614,0,3,1435)
r(609,3,3,1435)
r(609,3,3,1435)
w(613,1,3,1435)
w(614,1,3,1435)
w(614,2,4,1437)
w(613,2,4,1437)
r(614,2,4,1437)
w(613,3,4,1437)
r(614,2,5,1439)
w(614,3,5,1439)
w(615,1,5,1439)
r(609,3,5,1439)
r(613,3,5,1439)
r(613,3,6,1441)
r(609,3,6,1441)
w(615,2,6,1441)
r(615,2,6,1441)
w(617,1,7,1443)
r(599,3,7,1443)
r(615,2,7,1443)
w(616,1,7,1443)
w(615,3,8,1445)
w(619,1,8,1445)
r(616,1,8,1445)
w(616,2,8,1445)
r(619,1,8,1445)
r(619,1,8,1445)
w(616,3,9,1447)
r(617,1,9,1447)
r(616,3,9,1447)
w(617,2,9,1447)
r(619,1,9,1447)
r(620,0,10,1449)
w(619,2,10,1449)
r(619,2,10,1449)
r(619,2,10,1449)
r(619,2,10,1449)
w(619,3,10,1449)
w(620,1,10,1449)
r(621,0,10,1449)
r(621,0,11,1451)
r(621,0,11,1451)
r(608,2,11,1451)
w(620,2,11,1451)
r(621,0,11,1451)
r(620,2,11,1451)
w(621,1,12,1453)
w(621,2,12,1453)
r(617,2,12,1453)
w(621,3,12,1453)
r(620,2,12,1453)
w(620,3,13,1455)
w(617,3,13,1455)
r(623,0,13,1455)
w(623,1,13,1455)
r(623,1,13,1455)
r(617,3,13,1455)
r(623,1,13,1455)
w(623,2,14,1457)
w(623,3,14,1457)
r(623,3,14,1457)
r(624,0,14,1457)
r(622,0,14,1457)
w(624,1,14,1457)
r(624,1,14,1457)
w(622,1,14,1457)
r(624,1,15,1459)
r(624,1,15,1459)
w(622,2,15,1459)
w(622,3,15,1459)
w(624,2,15,1459)
r(624,2,16,1461)
r(625,0,16,1461)
r(624,2,16,1461)
r(622,3,16,1461)
r(626,0,16,1461)
w(626,1,16,1461)
r(624,2,16,1461)
r(626,1,17,1463)
r(608,2,17,1463)
w(626,2,17,1463)
w(624,3,17,1463)
r(624,3,17,1463)
r(626,2,18,1465)
r(624,3,18,1465)
w(625,1,18,1465)
r(624,3,18,1465)
r(624,3,18,1465)
r(624,3,18,1465)
r(624,3,18,1465)
r(626,2,18,1465)
w(625,2,19,1467)
r(626,2,19,1467)
w(626,3,19,1467)
r(626,3,19,1467)
r(625,2,19,1467)
r(628,0,0,1469)
r(628,0,0,1469)
r(625,2,0,1469)
r(628,0,0,1469)
r(618,0,0,1469)
r(627,0,0,1469)
w(608,3,0,1471)
w(628,1,0,1471)
r(625,2,0,1471)
w(625,3,0,1471)
w(627,1,0,1471)
r(628,1,1,1473)
w(628,2,1,1473)
w(627,2,1,1473)
w(628,3,1,1473)
r(627,2,2,1475)
w(618,1,2,1475)
w(627,3,2,1475)
r(629,0,2,1475)
w(629,1,2,1475)
r(629,1,3,1477)
w(618,2,3,1477)
w(629,2,3,1477)
w(629,3,3,1477)
r(608,3,3,1477)
w(618,3,3,1477)
w(631,1,4,1479)
r(630,0,4,1479)
w(631,2,4,1479)
w(630,1,4,1479)
r(630,1,5,1481)
w(630,2,5,1481)
w(631,3,5,1481)
r(630,2,5,1481)
r(630,2,5,1481)
w(633,1,6,1483)
r(633,1,6,1483)
r(632,0,6,1483)
w(632,1,6,1483)
w(633,2,6,1483)
r(633,2,6,1483)
r(608,3,6,1483)
r(630,2,7,1485)
w(633,3,7,1485)
w(630,3,7,1485)
r(634,0,7,1485)
r(632,1,9,1489)
w(634,2,9,1489)
w(635,1,9,1489)
w(632,2,9,1489)
w(634,3,9,1489)
w(637,1,9,1489)
w(635,2,9,1489)
w(632,3,10,1491)
w(637,2,10,1491)
w(635,3,10,1491)
r(632,3,10,1491)
w(637,3,10,1491)
r(637,3,10,1491)
r(632,3,10,1491)
r(640,0,10,1491)
w(640,1,11,1493)
w(640,2,11,1493)
r(638,0,11,1493)
w(640,3,11,1493)
r(639,0,12,1495)
w(641,1,12,1495)
r(639,0,12,1495)
r(641,1,12,1495)
r(640,3,12,1495)
r(640,3,12,1495)
w(642,1,12,1495)
r(642,1,13,1497)
w(642,2,13,1497)
r(638,0,13,1497)
w(638,1,13,1497)
w(642,3,13,1497)
w(638,2,14,1499)
r(643,0,14,1499)
r(639,0,14,1499)
r(643,0,14,1499)
w(639,1,14,1499)
r(638,2,14,1499)
r(643,0,15,1501)
r(643,0,15,1501)
r(643,0,15,1501)
r(643,0,15,1501)
w(638,3,15,1501)
w(639,2,16,1503)
r(638,3,16,1503)
r(638,3,16,1503)
r(643,0,16,1503)
w(643,1,16,1503)
r(638,3,16,1503)
r(643,1,16,1503)
w(643,2,17,1505)
r(639,2,17,1505)
r(644,0,17,1505)
w(643,3,17,1505)
w(644,1,17,1505)
r(644,1,18,1507)
r(641,1,18,1507)
r(645,0,18,1507)
r(645,0,18,1507)
w(645,1,18,1507)
r(645,1,18,1507)
w(645,2,19,1509)
r(644,1,19,1509)
r(639,2,19,1509)
w(645,3,19,1509)
r(644,1,19,1509)
r(645,3,0,1511)
w(644,2,0,1511)
w(644,3,0,1511)
r(645,3,0,1511)
r(644,3,0,1511)
w(641,2,0,1511)
w(646,1,0,1511)
w(641,3,0,1513)
w(639,3,0,1513)
r(646,1,0,1513)
w(646,2,0,1513)
r(644,3,0,1513)
r(644,3,0,1513)
w(646,3,0,1513)
r(646,3,1,1515)
r(647,0,1,1515)
r(644,3,1,1515)
r(644,3,1,1515)
w(648,1,1,1515)
r(648,1,2,1517)
r(648,1,2,1517)
r(648,1,2,1517)
r(648,1,2,1517)
r(649,0,2,1517)
r(641,3,2,1517)
w(648,2,3,1519)
r(648,2,3,1519)
w(648,3,3,1519)
r(649,0,3,1519)
r(648,3,3,1519)
r(648,3,3,1519)
r(647,0,3,1519)
r(647,0,3,1519)
w(650,1,4,1521)
w(649,1,4,1521)
w(650,2,4,1521)
w(650,3,4,1521)
w(649,2,4,1521)
w(649,3,4,1521)
r(650,3,4,1521)
r(652,0,5,1523)
r(652,0,5,1523)
w(652,1,5,1523)
r(652,1,5,1523)
w(652,2,5,1523)
r(647,0,5,1523)
w(652,3,5,1523)
r(636,0,5,1523)
r(653,0,6,1525)
r(654,0,6,1525)
r(653,0,6,1525)
w(654,1,6,1525)
w(654,2,7,1527)
w(653,1,7,1527)
w(653,2,7,1527)
r(647,0,7,1527)
w(647,1,7,1527)
r(654,2,7,1527)
w(654,3,7,1527)
w(647,2,8,1529)
w(653,3,8,1529)
w(655,1,8,1529)
r(654,3,8,1529)
r(647,2,8,1529)
r(655,1,8,1529)
w(655,2,8,1529)
w(655,3,8,1529)
r(655,3,9,1531)
r(647,2,9,1531)
r(654,3,9,1531)
r(656,0,9,1531)
r(656,0,9,1531)
r(654,3,9,1531)
r(654,3,10,1533)
w(656,1,10,1533)
w(656,2,10,1533)
w(657,1,10,1533)
w(656,3,10,1533)
w(658,1,11,1535)
w(651,1,11,1535)
r(658,1,11,1535)
w(658,2,11,1535)
r(657,1,11,1535)
r(657,1,11,1535)
r(657,1,11,1535)
w(657,2,11,1535)
w(658,3,12,1537)
w(659,1,12,1537)
r(659,1,12,1537)
r(657,2,12,1537)
r(657,2,13,1539)
r(657,2,13,1539)
r(657,2,13,1539)
w(659,2,13,1539)
w(657,3,13,1539)
w(647,3,13,1539)
r(659,2,13,1539)
r(659,2,13,1539)
r(659,2,14,1541)
r(651,1,14,1541)
r(659,2,14,1541)
r(660,0,14,1541)
r(659,2,14,1541)
w(659,3,14,1541)
r(660,0,15,1543)
r(659,3,15,1543)
w(660,1,15,1543)
r(647,3,15,1543)
r(659,3,16,1545)
r(659,3,16,1545)
r(659,3,16,1545)
r(660,1,16,1545)
r(660,1,16,1545)
r(659,3,16,1545)
r(660,1,16,1545)
w(660,2,16,1545)
r(660,2,17,1547)
r(660,2,17,1547)
w(661,1,17,1547)
r(661,1,17,1547)
w(651,2,17,1547)
w(661,2,17,1547)
r(660,2,17,1547)
r(661,2,18,1549)
w(661,3,18,1549)
r(661,3,18,1549)
r(647,3,18,1549)
r(662,0,18,1549)
w(662,1,18,1549)
w(662,2,19,1551)
r(660,2,19,1551)
w(662,3,19,1551)
r(663,0,19,1551)
r(647,3,19,1551)
r(663,0,0,1553)
w(660,3,0,1553)
r(660,3,0,1553)
r(660,3,0,1553)
w(663,1,0,1555)
r(660,3,0,1555)
w(636,1,0,1555)
r(663,1,0,1555)
w(651,3,0,1555)
r(663,1,0,1555)
w(663,2,0,1555)
r(663,2,1,1557)
w(663,3,1,1557)
r(636,1,1,1557)
r(664,0,1,1557)
r(665,0,1,1557)
r(666,0,1,1557)
w(665,1,1,1557)
r(665,1,2,1559)
w(665,2,2,1559)
r(665,2,2,1559)
r(666,0,2,1559)
w(665,3,2,1559)
w(668,1,3,1561)
r(668,1,3,1561)
r(666,0,3,1561)
r(668,1,3,1561)
r(668,1,3,1561)
w(668,2,4,1563)
w(668,3,4,1563)
r(667,0,4,1563)
r(669,0,4,1563)
w(666,1,4,1563)
w(666,2,4,1563)
w(667,1,4,1563)
w(669,1,4,1563)
w(666,3,5,1565)
w(669,2,5,1565)
w(664,1,5,1565)
w(669,3,5,1565)
r(669,3,5,1565)
w(636,2,5,1565)
r(669,3,5,1565)
r(669,3,5,1565)
r(670,0,6,1567)
r(670,0,6,1567)
w(664,2,6,1567)
r(666,3,6,1567)
w(664,3,6,1567)
r(670,0,6,1567)
r(670,0,6,1567)
w(670,1,6,1567)
r(672,0,7,1569)
r(672,0,7,1569)
r(672,0,7,1569)
r(670,1,7,1569)
r(671,0,7,1569)
w(670,2,8,1571)
w(672,1,8,1571)
w(672,2,8,1571)
w(670,3,8,1571)
w(672,3,9,1573)
w(636,3,9,1573)
r(672,3,9,1573)
w(673,1,9,1573)
w(673,2,9,1573)
w(673,3,9,1573)
r(671,0,9,1573)
w(674,1,9,1573)
w(674,2,10,1575)
r(671,0,10,1575)
r(672,3,10,1575)
w(674,3,10,1575)
r(674,3,11,1577)
r(674,3,11,1577)
r(674,3,11,1577)
r(671,0,11,1577)
r(672,3,11,1577)
r(672,3,11,1577)
r(674,3,11,1577)
r(674,3,11,1577)
r(667,1,12,1579)
w(667,2,12,1579)
r(675,0,12,1579)
w(675,1,12,1579)
r(674,3,12,1579)
r(674,3,12,1579)
r(674,3,12,1579)
w(675,2,12,1579)
r(676,0,13,1581)
r(676,0,13,1581)
w(676,1,13,1581)
w(676,2,13,1581)
r(675,2,14,1583)
w(675,3,14,1583)
w(676,3,14,1583)
r(677,0,14,1583)
w(671,1,14,1583)
w(677,1,14,1583)
w(667,3,14,1583)
r(677,1,15,1585)
w(677,2,15,1585)
r(677,2,15,1585)
w(677,3,15,1585)
r(677,3,15,1585)
r(680,0,16,1587)
r(680,0,16,1587)
r(667,3,16,1587)
r(679,0,16,1587)
w(679,1,16,1587)
w(680,1,17,1589)
w(680,2,17,1589)
w(679,2,17,1589)
w(671,2,17,1589)
r(680,2,17,1589)
r(680,2,17,1589)
w(680,3,17,1589)
r(680,3,17,1589)
r(682,0,18,1591)
w(679,3,18,1591)
r(679,3,18,1591)
w(682,1,18,1591)
r(682,1,19,1593)
w(682,2,19,1593)
r(678,0,19,1593)
w(682,3,19,1593)
w(683,1,0,1595)
r(678,0,0,1595)
r(682,3,0,1595)
w(678,1,0,1595)
r(681,0,0,1595)
w(684,1,0,1595)
w(683,2,0,1597)
w(684,2,0,1597)
w(671,3,0,1597)
w(683,3,0,1597)
r(671,3,0,1597)
r(684,2,1,1599)
w(685,1,1,1599)
w(684,3,1,1599)
r(685,1,1,1599)
r(684,3,1,1599)
r(684,3,1,1599)
w(685,2,2,1601)
r(687,0,2,1601)
w(681,1,2,1601)
w(678,2,2,1601)
w(681,2,2,1601)
r(687,0,2,1601)
w(687,1,2,1601)
r(687,1,2,1601)
w(685,3,3,1603)
w(687,2,3,1603)
r(687,2,3,1603)
r(681,2,3,1603)
w(686,1,3,1603)
w(687,3,4,1605)
w(689,1,4,1605)
r(688,0,4,1605)
r(688,0,4,1605)
r(688,0,4,1605)
r(689,1,4,1605)
w(689,2,4,1605)
r(686,1,5,1607)
w(678,3,5,1607)
w(686,2,5,1607)
w(689,3,5,1607)
r(688,0,5,1607)
r(690,0,5,1607)
r(690,0,5,1607)
w(690,1,6,1609)
w(688,1,6,1609)
r(681,2,6,1609)
r(688,1,6,1609)
r(688,1,6,1609)
r(688,1,6,1609)
w(688,2,6,1609)
w(686,3,7,1611)
w(688,3,7,1611)
w(690,2,7,1611)
r(688,3,7,1611)
r(691,0,8,1613)
w(690,3,8,1613)
r(692,0,8,1613)
r(690,3,8,1613)
w(692,1,9,1615)
r(692,1,9,1615)
w(692,2,9,1615)
r(692,2,9,1615)
r(692,2,9,1615)
w(693,1,9,1615)
r(686,3,10,1617)
w(692,3,10,1617)
r(693,1,10,1617)
r(693,1,10,1617)
r(694,0,11,1619)
r(693,1,11,1619)
r(694,0,11,1619)
w(694,1,11,1619)
w(694,2,12,1621)
r(686,3,12,1621)
w(694,3,12,1621)
r(693,1,12,1621)
r(686,3,12,1621)
r(693,1,12,1621)
r(681,2,12,1621)
r(693,1,13,1623)
w(696,1,13,1623)
r(695,0,13,1623)
r(681,2,13,1623)
r(696,1,13,1623)
r(696,1,13,1623)
w(696,2,14,1625)
w(693,2,14,1625)
r(691,0,14,1625)
w(693,3,14,1625)
w(696,3,15,1627)
r(697,0,15,1627)
r(697,0,15,1627)
r(697,0,15,1627)
r(695,0,15,1627)
r(693,3,15,1627)
r(697,0,15,1627)
r(697,0,15,1627)
