r(4,0,0,1)
r(4,0,0,1)
w(4,1,0,1)
w(0,1,0,1)
w(4,2,0,1)
w(4,3,1,3)
r(0,1,1,3)
r(4,3,1,3)
w(5,1,1,3)
w(3,1,1,3)
w(5,2,1,3)
w(2,1,1,3)
r(3,1,1,3)
w(5,3,2,5)
r(6,0,2,5)
w(6,1,2,5)
w(6,2,2,5)
w(6,3,2,5)
r(6,3,3,7)
r(6,3,3,7)
r(6,3,3,7)
r(2,1,3,7)
r(6,3,3,7)
r(6,3,4,9)
w(1,1,4,9)
r(2,1,4,9)
r(7,0,4,9)
w(7,1,4,9)
r(7,1,4,9)
r(2,1,4,9)
w(2,2,5,11)
w(3,2,5,11)
w(3,3,5,11)
w(0,2,5,11)
r(7,1,5,11)
w(7,2,5,11)
r(7,2,5,11)
w(7,3,5,11)
w(2,3,6,13)
w(8,1,6,13)
r(9,0,6,13)
w(9,1,6,13)
r(8,1,6,13)
r(2,3,6,13)
r(9,1,6,13)
r(0,2,6,13)
w(9,2,7,15)
r(9,2,7,15)
r(9,2,7,15)
w(1,2,7,15)
w(8,2,7,15)
w(9,3,7,15)
r(8,2,8,17)
w(10,1,8,17)
r(8,2,8,17)
r(2,3,8,17)
r(10,1,8,17)
r(2,3,8,17)
w(10,2,8,17)
w(10,3,8,17)
r(10,3,9,19)
w(8,3,9,19)
r(10,3,9,19)
w(12,1,9,19)
r(12,1,9,19)
r(12,1,10,21)
w(1,3,10,21)
r(8,3,10,21)
r(12,1,10,21)
r(12,1,10,21)
r(13,0,10,21)
r(13,0,10,21)
w(12,2,11,23)
w(12,3,11,23)
r(13,0,11,23)
r(12,3,11,23)
r(13,0,11,23)
w(13,1,11,23)
w(13,2,11,23)
r(13,2,12,25)
w(14,1,12,25)
w(11,1,12,25)
w(15,1,12,25)
r(11,1,12,25)
w(15,2,12,25)
w(11,2,12,25)
r(15,2,12,25)
w(13,3,13,27)
r(15,2,13,27)
w(16,1,13,27)
r(15,2,13,27)
w(11,3,14,29)
w(15,3,14,29)
r(15,3,14,29)
r(11,3,14,29)
r(15,3,14,29)
r(16,1,15,31)
r(16,1,15,31)
w(17,1,15,31)
w(17,2,15,31)
r(11,3,15,31)
w(17,3,15,31)
r(16,1,16,33)
r(18,0,16,33)
w(18,1,16,33)
w(18,2,16,33)
r(16,1,16,33)
w(18,3,16,33)
r(18,3,16,33)
w(0,3,17,35)
w(14,2,17,35)
r(18,3,17,35)
r(18,3,17,35)
r(16,1,17,35)
r(19,0,17,35)
w(20,1,17,35)
r(20,1,17,35)
w(19,1,18,37)
r(19,1,18,37)
w(20,2,18,37)
r(19,1,18,37)
w(20,3,18,37)
r(20,3,19,39)
r(19,1,19,39)
w(14,3,19,39)
r(16,1,19,39)
w(21,1,0,41)
r(21,1,0,41)
r(21,1,0,41)
r(21,1,0,41)
r(19,1,0,41)
r(21,1,0,41)
w(21,2,0,41)
r(21,2,0,43)
w(21,3,0,43)
r(21,3,0,43)
w(22,1,0,43)
r(19,1,0,43)
w(22,2,1,45)
w(16,2,1,45)
r(22,2,1,45)
r(19,1,1,45)
r(16,2,1,45)
w(16,3,2,47)
w(22,3,2,47)
r(24,0,2,47)
w(25,1,2,47)
r(16,3,2,47)
w(19,2,2,47)
r(16,3,2,47)
w(25,2,3,49)
r(19,2,3,49)
r(25,2,3,49)
w(25,3,3,49)
r(25,3,3,49)
r(25,3,3,49)
w(26,1,3,49)
r(24,0,3,49)
w(27,1,4,51)
w(27,2,4,51)
r(27,2,4,51)
r(27,2,4,51)
r(26,1,4,51)
w(26,2,4,51)
r(27,2,5,53)
r(26,2,5,53)
w(27,3,5,53)
r(27,3,5,53)
r(28,0,5,53)
r(28,0,5,53)
w(28,1,5,53)
r(28,1,5,53)
r(28,1,6,55)
r(28,1,6,55)
w(24,1,6,55)
w(28,2,6,55)
r(26,2,6,55)
w(19,3,6,55)
w(28,3,6,55)
r(28,3,6,55)
r(28,3,7,57)
r(19,3,7,57)
r(29,0,7,57)
w(26,3,7,57)
w(29,1,7,57)
w(29,2,7,57)
w(29,3,7,57)
r(26,3,7,57)
r(29,3,8,59)
r(29,3,8,59)
r(29,3,8,59)
r(30,0,8,59)
r(31,0,9,61)
w(31,1,9,61)
w(31,2,9,61)
w(31,3,9,61)
r(33,0,9,61)
w(30,1,10,63)
w(30,2,10,63)
w(32,1,10,63)
r(33,0,10,63)
w(32,2,11,65)
w(30,3,11,65)
w(32,3,11,65)
w(33,1,11,65)
r(23,0,11,65)
w(33,2,11,65)
r(30,3,11,65)
r(33,2,12,67)
w(23,1,12,67)
r(33,2,12,67)
w(33,3,12,67)
r(30,3,13,69)
w(34,1,13,69)
w(36,1,13,69)
w(35,1,13,69)
r(35,1,13,69)
r(36,1,13,69)
w(36,2,13,69)
r(36,2,14,71)
w(36,3,14,71)
w(35,2,14,71)
r(37,0,14,71)
r(37,0,14,71)
r(24,1,14,71)
w(34,2,14,71)
w(37,1,14,71)
w(35,3,15,73)
r(37,1,15,73)
w(37,2,15,73)
r(34,2,15,73)
w(37,3,15,73)
w(34,3,15,73)
r(37,3,16,75)
r(39,0,16,75)
w(39,1,16,75)
w(38,1,16,75)
r(24,1,16,75)
r(40,0,16,75)
w(38,2,16,75)
r(39,1,17,77)
r(38,2,17,77)
r(38,2,17,77)
w(40,1,17,77)
r(40,1,17,77)
r(38,2,17,77)
r(40,1,17,77)
r(40,1,18,79)
r(40,1,18,79)
r(40,1,18,79)
w(38,3,18,79)
r(40,1,18,79)
r(38,3,18,79)
r(40,1,18,79)
w(40,2,19,81)
r(38,3,19,81)
w(40,3,19,81)
r(39,1,19,81)
r(39,1,19,81)
w(41,1,19,81)
w(39,2,19,81)
w(39,3,19,81)
r(38,3,0,83)
r(41,1,0,83)
r(42,0,0,83)
w(41,2,0,83)
r(43,0,0,83)
w(23,2,0,85)
w(41,3,0,85)
w(43,1,0,85)
w(44,1,0,85)
w(44,2,0,85)
w(24,2,1,87)
w(43,2,1,87)
w(43,3,1,87)
w(44,3,1,87)
r(44,3,1,87)
r(45,0,1,87)
r(46,0,2,89)
r(42,0,2,89)
w(46,1,2,89)
r(45,0,2,89)
w(46,2,2,89)
w(45,1,2,89)
r(23,2,2,89)
w(45,2,3,91)
r(45,2,3,91)
w(45,3,3,91)
r(45,3,3,91)
w(42,1,3,91)
r(45,3,3,91)
r(23,2,4,93)
w(47,1,4,93)
r(47,1,4,93)
w(47,2,4,93)
r(46,2,4,93)
w(24,3,5,95)
w(46,3,5,95)
w(47,3,5,95)
w(48,1,5,95)
w(48,2,5,95)
r(46,3,5,95)
r(48,2,5,95)
r(48,2,5,95)
w(48,3,6,97)
r(42,1,6,97)
r(48,3,6,97)
r(48,3,6,97)
r(49,0,7,99)
r(42,1,7,99)
r(50,0,7,99)
w(49,1,7,99)
w(49,2,8,101)
w(50,1,8,101)
r(49,2,8,101)
r(50,1,8,101)
r(50,1,8,101)
r(50,1,8,101)
w(50,2,8,101)
r(50,2,9,103)
w(49,3,9,103)
w(50,3,9,103)
r(51,0,9,103)
w(23,3,10,105)
r(51,0,10,105)
w(52,1,10,105)
w(42,2,10,105)
r(51,0,10,105)
r(49,3,10,105)
w(52,2,10,105)
r(49,3,10,105)
r(52,2,11,107)
r(52,2,11,107)
r(42,2,11,107)
w(52,3,11,107)
r(53,0,11,107)
w(53,1,11,107)
r(52,3,11,107)
r(52,3,12,109)
r(23,3,12,109)
r(23,3,12,109)
r(23,3,12,109)
w(54,1,12,109)
w(54,2,12,109)
r(53,1,12,109)
r(54,2,13,111)
r(42,2,13,111)
w(42,3,13,111)
r(54,2,13,111)
w(51,1,13,111)
r(53,1,14,113)
w(54,3,14,113)
r(53,1,14,113)
w(53,2,14,113)
w(53,3,15,115)
r(23,3,15,115)
r(53,3,15,115)
w(55,1,15,115)
r(55,1,15,115)
r(42,3,15,115)
r(55,1,15,115)
r(55,1,15,115)
r(53,3,16,117)
r(53,3,16,117)
w(55,2,16,117)
r(53,3,16,117)
r(56,0,16,117)
w(56,1,17,119)
r(56,1,17,119)
w(55,3,17,119)
w(56,2,17,119)
r(57,0,17,119)
r(57,0,17,119)
r(56,2,17,119)
w(56,3,17,119)
r(56,3,18,121)
r(57,0,18,121)
w(59,1,18,121)
w(57,1,18,121)
w(59,2,18,121)
w(57,2,18,121)
r(58,0,19,123)
r(57,2,19,123)
r(57,2,19,123)
w(59,3,19,123)
w(57,3,19,123)
r(59,3,19,123)
r(59,3,19,123)
r(59,3,19,123)
r(57,3,0,125)
r(58,0,0,125)
w(58,1,0,125)
r(60,0,0,125)
w(60,1,0,125)
r(58,1,0,127)
w(60,2,0,127)
r(60,2,0,127)
w(61,1,0,127)
w(60,3,0,127)
w(62,1,0,127)
w(61,2,1,129)
r(51,1,1,129)
r(62,1,1,129)
w(61,3,1,129)
r(62,1,1,129)
w(58,2,2,131)
r(62,1,2,131)
r(62,1,2,131)
r(62,1,2,131)
w(62,2,3,133)
w(62,3,3,133)
w(58,3,3,133)
r(62,3,3,133)
r(63,0,4,135)
r(63,0,4,135)
r(63,0,4,135)
r(63,0,4,135)
r(61,3,5,137)
w(63,1,5,137)
w(63,2,5,137)
r(63,2,5,137)
r(61,3,5,137)
r(61,3,5,137)
w(63,3,5,137)
r(66,0,5,137)
r(65,0,6,139)
r(66,0,6,139)
w(66,1,6,139)
w(66,2,6,139)
r(51,1,6,139)
r(65,0,6,139)
r(66,2,7,141)
w(64,1,7,141)
r(66,2,7,141)
r(66,2,7,141)
w(64,2,8,143)
r(64,2,8,143)
w(66,3,8,143)
w(64,3,8,143)
r(51,1,8,143)
r(64,3,8,143)
w(65,1,9,145)
r(67,0,9,145)
r(67,0,9,145)
r(65,1,9,145)
r(67,0,9,145)
w(67,1,9,145)
w(67,2,9,145)
r(67,2,9,145)
w(68,1,10,147)
w(65,2,10,147)
w(67,3,10,147)
r(51,1,10,147)
w(65,3,10,147)
r(67,3,11,149)
r(67,3,11,149)
r(67,3,11,149)
r(70,0,11,149)
w(69,1,11,149)
w(51,2,11,149)
w(68,2,12,151)
r(70,0,12,151)
r(69,1,12,151)
w(68,3,12,151)
r(68,3,12,151)
r(69,1,12,151)
w(71,1,13,153)
w(51,3,13,153)
r(69,1,13,153)
r(69,1,13,153)
w(69,2,13,153)
w(71,2,13,153)
r(69,2,13,153)
w(69,3,14,155)
w(70,1,14,155)
w(71,3,14,155)
r(70,1,14,155)
r(69,3,14,155)
r(73,0,14,155)
r(51,3,14,155)
r(73,0,14,155)
w(70,2,15,157)
r(73,0,15,157)
r(71,3,15,157)
r(70,2,15,157)
r(71,3,15,157)
w(73,1,15,157)
r(51,3,15,157)
w(74,1,15,157)
w(73,2,16,159)
w(73,3,16,159)
w(75,1,16,159)
r(75,1,16,159)
r(75,1,17,161)
w(75,2,17,161)
w(75,3,17,161)
w(76,1,17,161)
r(70,2,17,161)
r(76,1,17,161)
w(74,2,17,161)
r(76,1,17,161)
r(76,1,18,163)
r(76,1,18,163)
w(70,3,18,163)
r(72,0,18,163)
r(74,2,19,165)
w(74,3,19,165)
r(76,1,19,165)
w(76,2,19,165)
w(76,3,0,167)
r(78,0,0,167)
w(78,1,0,167)
w(78,2,0,167)
w(78,3,0,167)
w(77,1,0,169)
w(77,2,0,169)
r(77,2,0,169)
r(77,2,0,169)
r(77,2,0,169)
r(80,0,0,169)
w(77,3,1,171)
r(80,0,1,171)
w(80,1,1,171)
r(80,1,1,171)
w(80,2,1,171)
r(72,0,2,173)
r(80,2,2,173)
w(80,3,2,173)
r(81,0,2,173)
r(82,0,2,173)
r(82,0,2,173)
w(82,1,3,175)
w(81,1,3,175)
r(72,0,3,175)
w(82,2,3,175)
w(81,2,3,175)
r(82,2,4,177)
w(82,3,4,177)
r(81,2,4,177)
w(83,1,4,177)
r(83,1,4,177)
r(83,1,4,177)
r(84,0,5,179)
w(84,1,5,179)
w(84,2,5,179)
r(84,2,5,179)
w(81,3,5,179)
r(84,2,5,179)
r(84,2,6,181)
r(84,2,6,181)
w(83,2,6,181)
r(84,2,6,181)
w(84,3,6,181)
r(72,0,7,183)
r(84,3,7,183)
r(84,3,7,183)
r(83,2,7,183)
w(72,1,7,183)
r(79,0,7,183)
w(72,2,7,183)
r(86,0,8,185)
r(86,0,8,185)
r(86,0,8,185)
r(83,2,8,185)
r(86,0,8,185)
w(86,1,8,185)
w(85,1,9,187)
r(83,2,9,187)
r(72,2,9,187)
r(85,1,9,187)
w(86,2,9,187)
w(85,2,9,187)
r(86,2,10,189)
w(86,3,10,189)
r(87,0,10,189)
r(85,2,10,189)
w(79,1,11,191)
w(85,3,11,191)
w(87,1,11,191)
w(83,3,11,191)
w(88,1,11,191)
r(87,1,11,191)
w(88,2,11,191)
r(87,1,11,191)
w(87,2,12,193)
r(87,2,12,193)
r(79,1,12,193)
r(87,2,12,193)
w(87,3,13,195)
w(79,2,13,195)
w(88,3,13,195)
r(87,3,13,195)
r(87,3,13,195)
r(87,3,14,197)
w(89,1,14,197)
r(90,0,14,197)
w(91,1,14,197)
w(91,2,14,197)
w(91,3,14,197)
w(90,1,14,197)
r(91,3,15,199)
r(90,1,15,199)
w(89,2,15,199)
r(89,2,15,199)
w(92,1,15,199)
w(90,2,15,199)
w(92,2,15,199)
w(90,3,15,199)
r(90,3,16,201)
r(90,3,16,201)
r(93,0,16,201)
w(92,3,16,201)
w(79,3,16,201)
w(94,1,16,201)
w(94,2,16,201)
r(93,0,17,203)
r(93,0,17,203)
w(94,3,17,203)
w(93,1,17,203)
w(95,1,17,203)
w(89,3,18,205)
w(93,2,18,205)
w(93,3,18,205)
r(93,3,18,205)
r(95,1,19,207)
r(96,0,19,207)
r(95,1,19,207)
r(79,3,19,207)
w(95,2,19,207)
r(79,3,19,207)
w(95,3,0,209)
w(97,1,0,209)
r(79,3,0,209)
r(95,3,0,209)
w(97,2,0,211)
r(95,3,0,211)
r(97,2,0,211)
r(95,3,0,211)
w(97,3,0,211)
r(98,0,0,211)
w(98,1,0,211)
r(97,3,0,211)
w(98,2,1,213)
w(98,3,1,213)
w(96,1,1,213)
r(99,0,1,213)
r(99,0,1,213)
w(99,1,2,215)
w(99,2,2,215)
w(99,3,2,215)
w(96,2,2,215)
r(101,0,3,217)
r(97,3,3,217)
r(101,0,3,217)
w(96,3,3,217)
r(101,0,4,219)
r(101,0,4,219)
w(101,1,4,219)
r(101,1,4,219)
w(100,1,5,221)
r(101,1,5,221)
r(96,3,5,221)
w(101,2,5,221)
r(102,0,5,221)
w(101,3,5,221)
r(103,0,5,221)
r(102,0,6,223)
r(103,0,6,223)
r(104,0,6,223)
r(102,0,6,223)
w(103,1,6,223)
r(102,0,6,223)
r(100,1,7,225)
r(103,1,7,225)
r(102,0,7,225)
w(102,1,7,225)
w(103,2,8,227)
w(102,2,8,227)
w(104,1,8,227)
w(102,3,8,227)
r(103,2,8,227)
r(103,2,9,229)
w(103,3,9,229)
w(106,1,9,229)
r(104,1,9,229)
r(106,1,9,229)
r(104,1,9,229)
r(106,1,10,231)
r(105,0,10,231)
r(105,0,10,231)
r(105,0,10,231)
w(106,2,11,233)
r(104,1,11,233)
w(105,1,11,233)
w(106,3,11,233)
w(105,2,11,233)
w(105,3,11,233)
w(107,1,12,235)
r(100,1,12,235)
r(107,1,12,235)
r(107,1,12,235)
r(107,1,12,235)
r(107,1,12,235)
r(107,1,12,235)
w(108,1,12,235)
w(107,2,13,237)
w(107,3,13,237)
r(107,3,13,237)
r(108,1,13,237)
r(108,1,13,237)
r(72,2,14,239)
r(107,3,14,239)
w(72,3,14,239)
r(107,3,14,239)
w(108,2,14,239)
w(100,2,14,239)
r(107,3,14,239)
r(107,3,15,241)
r(104,1,15,241)
w(108,3,15,241)
w(109,1,15,241)
w(109,2,15,241)
r(100,2,15,241)
r(109,2,15,241)
w(109,3,15,241)
r(109,3,16,243)
w(104,2,16,243)
r(110,0,16,243)
w(110,1,16,243)
r(104,2,17,245)
r(110,1,17,245)
r(110,1,17,245)
w(111,1,17,245)
w(111,2,17,245)
w(111,3,17,245)
w(112,1,17,245)
r(112,1,17,245)
r(112,1,18,247)
w(112,2,18,247)
w(112,3,18,247)
w(113,1,18,247)
w(113,2,18,247)
w(113,3,18,247)
w(114,1,18,247)
r(100,2,19,249)
r(114,1,19,249)
r(114,1,19,249)
w(104,3,19,249)
w(114,2,19,249)
r(110,1,19,249)
w(114,3,0,251)
w(115,1,0,251)
r(116,0,0,251)
w(117,1,0,251)
w(116,1,0,251)
w(100,3,0,251)
r(115,1,0,253)
r(116,1,0,253)
r(116,1,0,253)
w(116,2,0,253)
w(116,3,0,253)
w(110,2,0,253)
w(115,2,1,255)
r(116,3,1,255)
w(110,3,1,255)
r(116,3,1,255)
r(115,2,2,257)
r(116,3,2,257)
r(116,3,2,257)
r(100,3,2,257)
r(116,3,3,259)
r(119,0,3,259)
r(100,3,3,259)
w(119,1,3,259)
w(119,2,3,259)
r(119,2,3,259)
w(119,3,3,259)
r(118,0,3,259)
r(120,0,4,261)
r(118,0,4,261)
r(120,0,4,261)
w(120,1,4,261)
r(120,1,4,261)
w(120,2,4,261)
r(120,2,4,261)
r(118,0,4,261)
w(118,1,5,263)
r(120,2,5,263)
r(120,2,5,263)
w(115,3,5,263)
r(115,3,5,263)
w(120,3,5,263)
r(117,1,5,263)
r(118,1,5,263)
r(120,3,6,265)
r(120,3,6,265)
r(122,0,6,265)
r(122,0,6,265)
w(118,2,6,265)
w(122,1,6,265)
r(122,1,7,267)
w(118,3,7,267)
r(117,1,7,267)
w(122,2,7,267)
w(122,3,8,269)
r(123,0,8,269)
r(115,3,8,269)
r(124,0,8,269)
w(124,1,8,269)
r(123,0,8,269)
r(124,1,8,269)
w(124,2,8,269)
r(115,3,9,271)
w(124,3,9,271)
r(121,0,9,271)
r(123,0,9,271)
r(123,0,9,271)
w(123,1,9,271)
r(123,1,9,271)
r(121,0,10,273)
r(123,1,10,273)
r(125,0,10,273)
w(123,2,10,273)
w(126,1,11,275)
r(123,2,11,275)
w(126,2,11,275)
w(125,1,11,275)
w(125,2,11,275)
w(123,3,11,275)
w(121,1,12,277)
r(127,0,12,277)
w(125,3,12,277)
w(127,1,12,277)
r(127,1,12,277)
w(127,2,12,277)
r(127,2,12,277)
r(127,2,13,279)
r(125,3,13,279)
r(127,2,13,279)
r(125,3,13,279)
r(125,3,13,279)
r(126,2,13,279)
w(128,1,14,281)
r(127,2,14,281)
w(128,2,14,281)
r(128,2,14,281)
w(128,3,14,281)
r(127,2,15,283)
r(127,2,15,283)
w(127,3,15,283)
r(129,0,15,283)
w(126,3,16,286)
r(130,0,16,286)
w(130,1,16,286)
r(130,1,16,286)
r(130,1,16,286)
r(130,1,16,286)
r(129,0,16,286)
r(131,0,18,289)
r(129,0,18,289)
w(129,3,18,289)
w(131,3,18,289)
w(132,1,18,289)
w(132,2,18,289)
w(132,3,19,291)
r(133,0,19,291)
w(134,1,19,291)
w(133,1,19,291)
w(121,2,19,291)
r(132,3,19,291)
r(117,1,0,293)
w(133,2,0,293)
w(133,3,0,293)
w(135,1,0,293)
r(136,0,0,293)
r(135,1,0,295)
w(135,2,0,295)
r(121,2,0,295)
w(136,1,0,295)
r(135,2,0,295)
r(135,2,0,295)
r(134,1,1,297)
r(135,2,1,297)
w(135,3,1,297)
r(135,3,1,297)
r(121,2,1,297)
w(137,1,1,297)
r(137,1,2,299)
r(136,1,2,299)
w(136,2,2,299)
w(136,3,2,299)
w(137,2,2,299)
r(137,2,2,299)
w(137,3,3,301)
r(137,3,3,301)
r(139,0,3,301)
w(134,2,3,301)
w(139,1,3,301)
w(139,2,3,301)
w(138,1,3,301)
w(139,3,4,303)
w(121,3,4,303)
r(139,3,4,303)
r(139,3,4,303)
r(139,3,4,303)
r(138,1,4,303)
w(138,2,4,303)
w(138,3,5,305)
r(138,3,5,305)
r(138,3,5,305)
w(140,1,5,305)
r(140,1,6,307)
r(121,3,6,307)
w(134,3,6,307)
r(140,1,6,307)
r(140,1,6,307)
r(140,1,6,307)
r(140,1,7,310)
w(141,1,7,310)
r(140,1,7,310)
w(140,2,7,310)
r(140,2,7,310)
w(140,3,7,310)
r(142,0,9,313)
r(143,0,9,313)
w(141,3,9,313)
r(141,3,9,313)
w(142,2,10,316)
w(142,3,10,316)
r(146,0,10,316)
r(146,0,10,316)
w(144,1,10,316)
r(143,0,10,316)
w(146,1,11,317)
r(143,0,11,317)
r(145,0,11,317)
w(146,2,11,317)
w(146,3,11,317)
r(117,1,12,319)
w(147,1,12,319)
r(147,1,12,319)
r(147,1,12,319)
w(147,2,12,319)
r(144,1,12,319)
r(144,1,12,319)
r(145,0,13,321)
w(143,1,13,321)
w(147,3,13,321)
w(145,1,13,321)
r(148,0,14,323)
r(145,1,14,323)
r(148,0,14,323)
r(145,1,14,323)
r(145,1,14,323)
w(145,2,14,323)
r(144,1,15,325)
w(148,1,15,325)
r(148,1,15,325)
w(148,2,15,325)
r(144,1,15,325)
r(148,2,15,325)
w(145,3,15,325)
w(148,3,16,327)
r(148,3,16,327)
r(148,3,16,327)
r(143,1,16,327)
r(148,3,16,327)
r(148,3,16,327)
r(145,3,16,327)
w(149,1,17,329)
w(149,2,17,329)
w(149,3,17,329)
r(143,1,17,329)
w(151,1,17,329)
w(143,2,17,329)
r(150,0,17,329)
r(151,1,18,331)
w(151,2,18,331)
w(151,3,18,331)
w(150,1,18,331)
r(117,1,18,331)
r(152,0,18,331)
w(150,2,19,333)
r(144,1,19,333)
r(143,2,19,333)
r(152,0,19,333)
r(150,2,19,333)
r(117,1,19,333)
w(144,2,19,333)
r(152,0,19,333)
r(152,0,0,335)
r(144,2,0,335)
r(150,2,0,335)
r(152,0,0,335)
w(152,1,0,335)
w(150,3,0,335)
w(152,2,0,335)
r(150,3,0,337)
r(144,2,0,337)
w(152,3,0,337)
r(152,3,0,337)
w(153,1,0,337)
w(153,2,1,339)
r(154,0,1,339)
r(154,0,1,339)
w(154,1,1,339)
r(154,1,1,339)
r(154,1,1,339)
w(154,2,1,339)
r(153,2,2,341)
r(154,2,2,341)
r(154,2,2,341)
r(153,2,2,341)
w(153,3,2,341)
w(154,3,2,341)
w(144,3,2,341)
r(156,0,3,343)
r(117,1,3,343)
r(156,0,3,343)
w(155,1,3,343)
w(156,1,3,343)
w(157,1,3,343)
r(156,1,3,343)
w(143,3,3,343)
r(156,1,4,345)
w(156,2,4,345)
r(156,2,4,345)
r(155,1,4,345)
r(155,1,4,345)
r(156,2,5,347)
r(155,1,5,347)
r(156,2,5,347)
r(155,1,5,347)
w(155,2,5,347)
r(155,2,6,349)
w(156,3,6,349)
r(156,3,6,349)
w(158,1,6,349)
r(158,1,7,351)
w(157,2,7,351)
r(158,1,7,351)
w(155,3,7,351)
w(158,2,7,351)
w(117,2,7,351)
w(157,3,7,351)
r(157,3,7,351)
w(160,1,8,353)
w(158,3,8,353)
r(158,3,8,353)
r(160,1,8,353)
w(160,2,8,353)
r(161,0,8,353)
w(161,1,9,355)
r(161,1,9,355)
r(161,1,9,355)
w(161,2,9,355)
w(160,3,10,357)
r(161,2,10,357)
r(160,3,10,357)
w(161,3,10,357)
r(159,0,10,357)
r(160,3,10,357)
r(163,0,11,359)
r(160,3,11,359)
r(163,0,11,359)
r(162,0,11,359)
w(163,1,11,359)
w(162,1,11,359)
w(163,2,12,361)
r(163,2,12,361)
r(163,2,12,361)
w(163,3,12,361)
r(163,3,12,361)
r(162,1,12,361)
w(162,2,12,361)
w(159,1,12,361)
w(164,1,13,363)
w(117,3,13,363)
r(165,0,13,363)
r(164,1,13,363)
r(165,0,13,363)
r(165,0,14,365)
w(164,2,14,365)
w(164,3,14,365)
w(162,3,14,365)
r(164,3,14,365)
r(167,0,14,365)
r(165,0,14,365)
w(165,1,14,365)
w(165,2,15,367)
r(165,2,15,367)
r(167,0,15,367)
r(167,0,15,367)
w(167,1,15,367)
r(166,0,15,367)
w(165,3,15,367)
w(166,1,15,367)
r(159,1,16,369)
w(167,2,16,369)
w(168,1,16,369)
r(167,2,16,369)
r(168,1,17,371)
w(168,2,17,371)
w(168,3,17,371)
r(168,3,17,371)
r(167,2,18,373)
r(168,3,18,373)
r(169,0,18,373)
r(167,2,18,373)
r(169,0,18,373)
r(117,3,18,373)
r(169,0,19,375)
r(169,0,19,375)
r(167,2,19,375)
w(169,1,19,375)
r(169,1,19,375)
w(169,2,19,375)
w(169,3,19,375)
r(169,3,0,377)
r(166,1,0,377)
r(169,3,0,377)
r(169,3,0,377)
r(169,3,0,377)
r(170,0,0,377)
w(170,1,0,377)
w(159,2,0,379)
w(170,2,0,379)
r(170,2,0,379)
r(170,2,0,379)
r(166,1,0,379)
w(167,3,0,379)
r(170,2,0,379)
w(159,3,0,379)
w(170,3,1,381)
r(170,3,1,381)
r(170,3,1,381)
r(167,3,1,381)
r(172,0,2,383)
w(172,1,2,383)
r(172,1,2,383)
r(172,1,2,383)
w(172,2,3,385)
w(172,3,3,385)
r(167,3,3,385)
r(173,0,3,385)
w(173,1,3,385)
r(167,3,3,385)
r(173,1,3,385)
r(166,1,4,387)
w(173,2,4,387)
r(173,2,4,387)
w(173,3,4,387)
w(166,2,5,389)
r(167,3,5,389)
r(174,0,5,389)
r(166,2,5,389)
w(174,1,5,389)
r(175,0,6,391)
r(174,1,6,391)
w(174,2,6,391)
r(175,0,6,391)
r(159,3,6,391)
r(174,2,7,393)
r(159,3,7,393)
r(174,2,7,393)
w(174,3,7,393)
r(166,2,7,393)
w(176,1,7,393)
r(175,0,7,393)
w(166,3,7,393)
r(176,1,8,395)
w(175,1,8,395)
r(175,1,8,395)
r(175,1,8,395)
r(176,1,8,395)
r(176,1,8,395)
w(176,2,9,397)
w(176,3,9,397)
r(176,3,9,397)
w(177,1,9,397)
r(175,1,9,397)
r(159,3,9,397)
r(175,1,9,397)
r(166,3,10,399)
w(177,2,10,399)
w(177,3,10,399)
w(178,1,10,399)
w(179,1,10,399)
w(178,2,10,399)
w(175,2,11,401)
w(175,3,11,401)
r(178,2,11,401)
r(178,2,11,401)
w(178,3,11,401)
r(180,0,12,403)
r(178,3,12,403)
r(181,0,12,403)
r(178,3,12,403)
r(181,0,13,405)
w(181,1,13,405)
w(181,2,13,405)
w(181,3,13,405)
r(178,3,13,405)
r(178,3,13,405)
r(171,0,13,405)
r(180,0,14,407)
r(182,0,14,407)
r(178,3,14,407)
r(178,3,14,407)
w(182,1,14,407)
w(182,2,14,407)
r(178,3,14,407)
r(178,3,14,407)
r(178,3,15,409)
r(178,3,15,409)
r(182,2,15,409)
r(179,1,15,409)
r(178,3,15,409)
w(182,3,15,409)
w(183,1,15,409)
w(183,2,15,409)
r(183,2,16,411)
r(182,3,16,411)
w(183,3,16,411)
r(185,0,16,411)
w(180,1,16,411)
r(184,0,16,411)
r(184,0,16,411)
r(185,0,17,413)
w(185,1,17,413)
r(171,0,17,413)
w(179,2,17,413)
r(184,0,17,413)
w(184,1,17,413)
w(185,2,18,415)
w(185,3,18,415)
w(186,1,18,415)
r(186,1,18,415)
w(184,2,18,415)
w(186,2,19,417)
r(184,2,19,417)
w(186,3,19,417)
w(171,1,19,417)
w(184,3,19,417)
r(184,3,19,417)
w(179,3,19,417)
w(187,1,0,419)
w(187,2,0,419)
r(187,2,0,419)
w(187,3,0,419)
w(188,1,0,419)
w(189,1,0,419)
r(188,1,0,419)
w(189,2,0,419)
r(180,1,0,421)
r(179,3,0,421)
w(189,3,0,421)
r(189,3,0,421)
w(188,2,0,421)
r(190,0,1,423)
w(190,1,1,423)
w(190,2,1,423)
r(190,2,1,423)
w(190,3,1,423)
r(192,0,1,423)
w(192,1,1,423)
r(192,1,1,423)
w(188,3,2,425)
w(192,2,2,425)
r(192,2,2,425)
w(192,3,2,425)
w(191,1,3,427)
r(192,3,3,427)
r(193,0,3,427)
r(192,3,3,427)
r(193,0,3,427)
r(191,1,3,427)
r(180,1,3,427)
r(194,0,3,427)
w(193,1,4,429)
r(194,0,4,429)
w(194,1,4,429)
w(193,2,4,429)
r(194,1,4,429)
r(194,1,4,429)
w(194,2,4,429)
r(191,1,4,429)
w(191,2,5,431)
w(194,3,5,431)
r(191,2,5,431)
r(194,3,5,431)
r(193,2,5,431)
w(193,3,5,431)
w(195,1,5,431)
r(180,1,6,433)
r(195,1,6,433)
w(191,3,6,433)
r(195,1,6,433)
r(195,1,6,433)
r(195,1,6,433)
w(171,2,7,435)
w(180,2,7,435)
w(180,3,7,435)
r(195,1,7,435)
w(195,2,8,437)
r(195,2,8,437)
r(195,2,8,437)
w(195,3,8,437)
r(195,3,8,437)
r(196,0,8,437)
r(197,0,8,437)
r(197,0,8,437)
w(198,1,9,439)
w(198,2,9,439)
w(198,3,9,439)
r(198,3,9,439)
r(196,0,9,439)
w(171,3,9,439)
r(180,3,10,441)
w(199,1,10,441)
r(197,0,10,441)
w(199,2,10,441)
w(197,1,10,441)
w(199,3,11,443)
r(199,3,11,443)
r(199,3,11,443)
r(196,0,11,443)
r(199,3,11,443)
w(196,1,11,443)
r(197,1,11,443)
r(197,1,12,445)
r(200,0,12,445)
w(197,2,12,445)
r(197,2,12,445)
w(200,1,13,447)
w(197,3,13,447)
r(200,1,13,447)
w(196,2,13,447)
r(171,3,14,449)
r(200,1,14,449)
r(196,2,14,449)
w(200,2,14,449)
w(200,3,15,451)
r(197,3,15,451)
w(202,1,15,451)
w(203,1,15,451)
w(203,2,15,451)
w(202,2,15,451)
r(196,2,15,451)
r(202,2,16,453)
w(202,3,16,453)
r(204,0,16,453)
r(196,2,16,453)
r(204,0,16,453)
w(204,1,17,455)
w(204,2,17,455)
w(204,3,17,455)
w(201,1,17,455)
w(203,3,17,455)
r(204,3,18,457)
r(196,2,18,457)
w(205,1,18,457)
w(205,2,18,457)
w(205,3,18,457)
r(203,3,19,459)
r(206,0,19,459)
r(206,0,19,459)
r(206,0,19,459)
w(196,3,19,459)
r(206,0,19,459)
w(207,1,19,459)
w(206,1,0,461)
r(207,1,0,461)
w(206,2,0,461)
w(207,2,0,461)
r(207,2,0,461)
r(207,2,0,461)
w(207,3,0,463)
r(207,3,0,463)
w(208,1,0,463)
r(206,2,0,463)
r(206,2,0,463)
r(208,1,0,463)
r(206,2,0,463)
w(206,3,1,465)
r(209,0,1,465)
r(209,0,1,465)
w(209,1,1,465)
r(201,1,1,465)
w(210,1,1,465)
r(210,1,1,465)
w(208,2,1,465)
r(209,1,2,468)
r(201,1,2,468)
w(209,2,2,468)
w(209,3,2,468)
w(208,3,3,469)
w(211,1,3,469)
w(211,2,3,469)
w(211,3,3,469)
r(212,0,3,469)
w(213,1,3,469)
r(210,1,3,469)
r(213,1,4,471)
w(210,2,4,471)
r(213,1,4,471)
w(210,3,4,471)
r(201,1,4,471)
w(212,1,4,471)
r(212,1,5,473)
r(212,1,5,473)
r(213,1,5,473)
w(213,2,5,473)
r(213,2,5,473)
r(212,1,5,473)
w(214,1,5,473)
w(214,2,6,475)
w(214,3,6,475)
w(213,3,6,475)
r(201,1,6,475)
r(212,1,6,475)
w(212,2,7,477)
r(215,0,7,477)
w(215,1,7,477)
w(215,2,7,477)
r(215,2,7,477)
r(214,3,7,477)
w(215,3,7,477)
r(215,3,7,477)
w(216,1,8,479)
w(216,2,8,479)
r(216,2,8,479)
r(214,3,8,479)
w(216,3,8,479)
r(216,3,8,479)
r(212,2,8,479)
w(201,2,9,481)
w(201,3,9,481)
r(216,3,9,481)
r(216,3,9,481)
w(217,1,10,483)
w(217,2,10,483)
r(212,2,10,483)
w(217,3,10,483)
w(212,3,10,483)
r(217,3,11,485)
w(218,1,11,485)
r(218,1,11,485)
r(212,3,11,485)
r(218,1,11,485)
r(218,1,12,487)
w(218,2,12,487)
r(218,2,12,487)
r(218,2,12,487)
w(219,1,12,487)
w(218,3,13,490)
r(201,3,13,490)
r(218,3,13,490)
r(219,1,13,490)
w(219,2,13,490)
r(218,3,13,490)
w(219,3,13,490)
r(218,3,14,491)
r(218,3,14,491)
w(221,1,14,491)
w(220,1,14,491)
w(221,2,14,491)
w(221,3,14,491)
r(171,3,15,493)
r(219,3,15,493)
r(201,3,15,493)
w(220,2,15,493)
w(220,3,16,495)
w(222,1,16,495)
w(222,2,16,495)
r(223,0,16,495)
w(222,3,17,497)
r(171,3,17,497)
r(222,3,17,497)
w(227,1,17,497)
r(224,0,18,499)
r(227,1,18,499)
w(223,1,18,499)
w(227,2,18,499)
r(223,1,18,499)
r(227,2,18,499)
w(223,2,19,501)
r(224,0,19,501)
r(224,0,19,501)
r(223,2,19,501)
r(227,2,19,501)
r(226,0,19,501)
r(227,2,19,501)
w(227,3,19,501)
r(228,0,0,503)
w(223,3,0,503)
w(228,1,0,503)
r(228,1,0,503)
r(228,1,0,503)
w(224,1,0,503)
r(223,3,0,505)
r(228,1,0,505)
r(223,3,0,505)
r(228,1,0,505)
w(228,2,0,505)
r(228,2,0,505)
r(229,0,0,505)
r(228,2,0,505)
w(228,3,1,507)
w(229,1,1,507)
r(228,3,1,507)
w(224,2,1,507)
r(226,0,1,507)
r(228,3,1,507)
w(230,1,1,507)
w(230,2,1,507)
w(230,3,2,509)
w(229,2,2,509)
r(229,2,2,509)
w(231,1,2,509)
r(231,1,2,509)
w(229,3,2,509)
r(231,1,2,509)
r(229,3,2,509)
r(231,1,3,511)
r(224,2,3,511)
w(231,2,3,511)
r(224,2,3,511)
w(224,3,3,511)
w(231,3,4,513)
r(231,3,4,513)
r(232,0,4,513)
r(229,3,4,513)
w(232,1,4,513)
r(232,1,4,513)
r(233,0,4,513)
r(233,0,4,513)
r(232,1,5,515)
r(232,1,5,515)
r(233,0,5,515)
w(232,2,5,515)
r(232,2,5,515)
w(232,3,5,515)
w(226,1,5,515)
r(233,0,5,515)
r(233,0,6,517)
r(232,3,6,517)
r(225,0,6,517)
r(234,0,6,517)
r(235,0,6,517)
w(233,1,6,517)
w(225,1,6,517)
w(233,2,7,519)
w(235,1,7,519)
r(233,2,7,519)
r(233,2,7,519)
r(233,2,7,519)
r(225,1,7,519)
r(235,1,7,519)
r(235,1,7,519)
r(235,1,8,521)
w(235,2,8,521)
w(233,3,8,521)
r(235,2,8,521)
r(235,2,9,523)
w(235,3,9,523)
w(234,1,9,523)
r(235,3,9,523)
r(234,1,9,523)
w(225,2,9,523)
r(236,0,9,523)
r(236,0,10,525)
r(236,0,10,525)
r(226,1,10,525)
w(236,1,10,525)
w(234,2,11,527)
r(234,2,11,527)
r(236,1,11,527)
w(234,3,11,527)
w(236,2,12,529)
w(236,3,12,529)
w(238,1,12,529)
w(226,2,12,529)
w(238,2,12,529)
r(226,2,13,531)
r(237,0,13,531)
r(237,0,13,531)
r(233,3,13,531)
w(238,3,13,531)
r(237,0,13,531)
r(233,3,13,531)
w(240,1,13,531)
w(240,2,14,533)
w(240,3,14,533)
r(240,3,14,533)
r(225,2,14,533)
r(239,0,14,533)
w(239,1,14,533)
r(241,0,14,533)
r(241,0,15,535)
r(241,0,15,535)
r(239,1,15,535)
r(241,0,15,535)
r(239,1,15,535)
r(241,0,16,537)
r(241,0,16,537)
w(237,1,16,537)
w(241,1,16,537)
r(237,1,17,539)
r(237,1,17,539)
r(237,1,17,539)
w(241,2,17,539)
w(237,2,17,539)
r(241,2,17,539)
r(241,2,18,541)
w(237,3,18,541)
r(237,3,18,541)
r(241,2,18,541)
w(241,3,18,541)
w(243,1,18,541)
w(225,3,19,543)
w(243,2,19,543)
w(239,2,19,543)
w(243,3,19,543)
r(243,3,0,545)
w(242,1,0,545)
r(244,0,0,545)
r(244,0,0,545)
r(244,0,0,545)
r(244,0,0,545)
w(242,2,0,547)
w(244,1,0,547)
w(242,3,0,547)
w(226,3,0,547)
w(244,2,1,549)
r(226,3,1,549)
r(242,3,1,549)
w(239,3,1,549)
w(244,3,1,549)
r(244,3,2,551)
r(245,0,2,551)
r(226,3,2,551)
w(247,1,2,551)
w(245,1,2,551)
r(239,3,2,551)
r(226,3,2,551)
r(247,1,3,553)
r(245,1,3,553)
w(247,2,3,553)
w(248,1,3,553)
w(247,3,3,553)
r(245,1,3,553)
r(249,0,4,555)
w(245,2,4,555)
r(249,0,4,555)
w(245,3,4,555)
w(249,1,4,555)
r(248,1,5,557)
r(245,3,5,557)
w(249,2,5,557)
r(248,1,5,557)
w(248,2,5,557)
r(245,3,5,557)
r(249,2,6,559)
w(249,3,6,559)
r(251,0,6,559)
w(251,1,6,559)
w(251,2,6,559)
w(250,1,6,559)
w(248,3,6,559)
r(251,2,6,559)
w(251,3,7,561)
w(252,1,7,561)
r(252,1,7,561)
w(253,1,7,561)
w(253,2,7,561)
r(246,0,7,561)
r(253,2,7,561)
r(252,1,7,561)
r(253,2,8,563)
r(254,0,8,563)
w(254,1,8,563)
w(252,2,8,563)
w(250,2,8,563)
w(253,3,8,563)
w(252,3,8,563)
r(252,3,9,565)
w(255,1,9,565)
w(255,2,9,565)
r(250,2,9,565)
w(255,3,9,565)
r(256,0,9,565)
r(255,3,9,565)
r(255,3,9,565)
r(255,3,10,567)
w(250,3,10,567)
r(255,3,10,567)
w(257,1,10,567)
w(256,1,10,567)
r(256,1,11,569)
r(257,1,11,569)
r(257,1,11,569)
r(257,1,11,569)
r(250,3,12,571)
w(256,2,12,571)
w(256,3,12,571)
w(257,2,12,571)
w(257,3,12,571)
r(246,0,12,571)
w(254,2,12,571)
r(254,2,13,573)
w(258,1,13,573)
r(258,1,13,573)
r(258,1,13,573)
w(260,1,13,573)
w(260,2,13,573)
r(260,2,13,573)
w(258,2,13,573)
r(258,2,14,575)
r(258,2,14,575)
r(258,2,14,575)
w(260,3,14,575)
w(258,3,15,577)
r(258,3,15,577)
w(259,1,15,577)
r(258,3,15,577)
r(258,3,16,579)
r(261,0,16,579)
r(246,0,16,579)
r(254,2,16,579)
r(258,3,16,579)
r(261,0,16,579)
r(261,0,16,579)
r(254,2,17,581)
r(261,0,17,581)
r(258,3,17,581)
r(262,0,17,581)
r(262,0,18,583)
w(262,1,18,583)
r(261,0,18,583)
r(261,0,18,583)
r(259,1,18,583)
r(261,0,19,585)
w(262,2,19,585)
r(261,0,19,585)
w(261,1,19,585)
w(262,3,19,585)
r(262,3,19,585)
w(259,2,19,585)
r(263,0,19,585)
r(263,0,0,587)
w(263,1,0,587)
w(263,2,0,587)
r(263,2,0,587)
r(263,2,0,587)
r(261,1,0,589)
w(263,3,0,589)
r(261,1,0,589)
r(263,3,0,589)
w(259,3,0,589)
w(254,3,0,589)
w(261,2,1,591)
r(263,3,1,591)
r(246,0,1,591)
w(261,3,1,591)
r(261,3,1,591)
r(261,3,1,591)
w(264,1,1,591)
r(261,3,2,593)
w(264,2,2,593)
w(264,3,2,593)
r(264,3,2,593)
r(264,3,2,593)
r(261,3,2,593)
r(254,3,3,595)
w(265,1,3,595)
r(261,3,3,595)
w(265,2,3,595)
r(265,2,3,595)
r(265,2,3,595)
r(265,2,3,595)
r(265,2,4,597)
r(265,2,4,597)
r(246,0,4,597)
r(265,2,4,597)
w(265,3,4,597)
r(254,3,4,597)
w(266,1,5,599)
r(265,3,5,599)
r(254,3,5,599)
r(266,1,5,599)
r(246,0,5,599)
r(267,0,5,599)
w(267,1,5,599)
r(267,1,5,599)
r(267,1,6,601)
r(267,1,6,601)
w(267,2,6,601)
r(267,2,6,601)
r(266,1,6,601)
r(267,2,6,601)
r(267,2,6,601)
r(267,2,7,603)
r(259,3,7,603)
r(266,1,7,603)
w(267,3,7,603)
w(266,2,7,603)
w(269,1,7,603)
w(268,1,7,603)
r(266,2,7,603)
r(269,1,8,605)
w(246,1,8,605)
w(269,2,8,605)
r(269,2,8,605)
w(246,2,9,607)
r(268,1,9,607)
w(269,3,9,607)
r(268,1,9,607)
r(269,3,9,607)
w(271,1,10,609)
r(266,2,10,609)
r(266,2,10,609)
w(266,3,10,609)
w(271,2,10,609)
r(272,0,11,611)
w(268,2,11,611)
w(272,1,11,611)
r(270,0,11,611)
r(272,1,12,613)
r(271,2,12,613)
r(271,2,12,613)
r(271,2,12,613)
r(271,2,13,616)
r(246,2,13,616)
r(272,1,13,616)
w(271,3,13,616)
r(271,3,13,616)
r(271,3,13,616)
r(246,2,14,617)
w(268,3,14,617)
r(272,1,14,617)
w(272,2,14,617)
r(270,0,14,617)
r(273,0,14,617)
r(273,0,15,619)
w(273,1,15,619)
r(273,1,15,619)
r(273,1,15,619)
r(272,2,15,619)
w(273,2,15,619)
r(272,2,15,619)
r(272,2,15,619)
r(273,2,16,621)
w(273,3,16,621)
r(272,2,16,621)
w(270,1,16,621)
r(274,0,16,621)
w(274,1,17,623)
w(275,1,17,623)
r(274,1,17,623)
r(272,2,17,623)
r(274,1,17,623)
w(274,2,17,623)
r(272,2,18,625)
r(274,2,18,625)
r(272,2,18,625)
w(274,3,18,625)
r(276,0,18,625)
w(276,1,18,625)
r(276,1,18,625)
r(272,2,19,627)
r(276,1,19,627)
w(276,2,19,627)
r(270,1,19,627)
r(276,2,19,627)
w(275,2,19,627)
w(276,3,19,627)
w(272,3,19,627)
r(276,3,0,629)
r(272,3,0,629)
r(270,1,0,629)
w(277,1,0,629)
w(277,2,0,629)
r(278,0,0,629)
r(246,2,0,631)
r(277,2,0,631)
w(278,1,0,631)
r(277,2,0,631)
w(278,2,0,631)
w(277,3,0,631)
r(270,1,0,631)
r(279,0,0,631)
w(279,1,1,633)
w(275,3,1,633)
r(278,2,1,633)
w(279,2,1,633)
r(278,2,1,633)
w(279,3,1,633)
w(278,3,1,633)
r(275,3,2,635)
r(275,3,2,635)
r(270,1,2,635)
r(280,0,2,635)
r(270,1,3,637)
r(280,0,3,637)
r(280,0,3,637)
w(280,1,3,637)
r(280,1,3,637)
r(280,1,3,637)
r(280,1,3,637)
r(270,1,4,639)
w(280,2,4,639)
w(280,3,4,639)
r(275,3,4,639)
r(280,3,4,639)
r(280,3,4,639)
r(281,0,4,639)
r(282,0,4,639)
r(275,3,5,641)
r(246,2,5,641)
w(281,1,5,641)
r(283,0,5,641)
w(282,1,5,641)
w(282,2,5,641)
w(283,1,5,641)
r(283,1,6,643)
w(281,2,6,643)
r(282,2,6,643)
r(283,1,6,643)
w(282,3,6,643)
r(283,1,6,643)
r(282,3,7,646)
r(281,2,7,646)
w(284,1,7,646)
w(283,2,7,646)
r(284,1,8,647)
w(284,2,8,647)
w(281,3,8,647)
w(284,3,8,647)
w(285,1,8,647)
r(281,3,8,647)
r(283,2,8,647)
r(285,1,8,647)
w(285,2,9,649)
r(281,3,9,649)
w(285,3,9,649)
r(285,3,9,649)
r(270,1,9,649)
r(281,3,9,649)
w(286,1,9,649)
r(286,1,9,649)
w(286,2,10,651)
w(286,3,10,651)
r(281,3,10,651)
r(286,3,10,651)
r(281,3,11,653)
r(287,0,11,653)
w(288,1,11,653)
w(287,1,11,653)
w(287,2,11,653)
r(270,1,11,653)
r(288,1,12,655)
r(287,2,12,655)
w(288,2,12,655)
r(270,1,12,655)
r(288,2,13,657)
w(283,3,13,657)
w(288,3,13,657)
w(289,1,13,657)
w(287,3,14,659)
w(246,3,14,659)
w(290,1,14,659)
r(290,1,14,659)
w(290,2,14,659)
w(290,3,14,659)
r(291,0,14,659)
w(289,2,14,659)
w(291,1,15,661)
r(292,0,15,661)
w(292,1,15,661)
r(289,2,15,661)
r(291,1,16,663)
r(292,1,16,663)
r(289,2,16,663)
r(292,1,16,663)
r(292,1,16,663)
w(291,2,17,665)
r(291,2,17,665)
r(292,1,17,665)
w(292,2,17,665)
w(292,3,17,665)
r(289,2,18,667)
w(293,1,18,667)
w(293,2,18,667)
w(293,3,18,667)
r(293,3,18,667)
r(294,0,18,667)
r(294,0,18,667)
r(294,0,18,667)
w(291,3,19,669)
r(294,0,19,669)
r(294,0,19,669)
r(294,0,19,669)
w(289,3,0,671)
r(270,1,0,671)
r(270,1,0,671)
r(294,0,0,671)
w(294,1,0,671)
r(291,3,0,671)
r(289,3,0,671)
r(289,3,0,673)
r(294,1,0,673)
r(291,3,0,673)
w(294,2,0,673)
r(295,0,0,673)
w(294,3,0,673)
w(295,1,1,675)
w(295,2,1,675)
w(295,3,1,675)
w(297,1,1,675)
w(270,2,2,677)
r(297,1,2,677)
w(270,3,2,677)
w(298,1,2,677)
r(297,1,2,677)
w(296,1,2,677)
r(299,0,2,677)
r(299,0,4,681)
w(297,3,4,681)
r(299,0,4,681)
r(297,3,4,681)
r(296,1,4,681)
r(299,0,4,681)
w(300,1,4,681)
w(301,1,4,681)
r(301,1,5,683)
w(300,2,5,683)
r(299,0,5,683)
r(299,0,5,683)
w(300,3,5,683)
w(296,2,5,683)
r(300,3,5,683)
r(299,0,6,685)
r(299,0,6,685)
r(300,3,6,685)
r(301,1,6,685)
w(296,3,6,685)
r(296,3,6,685)
w(299,2,6,685)
w(302,1,7,687)
r(296,3,7,687)
w(302,2,7,687)
w(299,3,7,687)
r(301,1,7,687)
r(302,2,8,689)
r(302,2,8,689)
r(303,0,8,689)
r(302,2,8,689)
r(302,2,9,691)
r(301,1,9,691)
r(299,3,9,691)
w(302,3,9,691)
w(304,1,9,691)
r(304,1,9,691)
r(304,1,9,691)
r(304,1,9,691)
r(304,1,10,693)
w(304,2,10,693)
r(304,2,10,693)
w(304,3,10,693)
r(305,0,10,693)
w(305,1,10,693)
r(301,1,11,695)
w(306,1,11,695)
w(305,2,11,695)
w(306,2,11,695)
r(305,2,11,695)
w(306,3,11,695)
r(305,2,12,697)
r(303,0,12,697)
w(303,1,12,697)
w(303,2,12,697)
w(305,3,12,697)
r(307,0,12,697)
r(307,0,13,699)
w(307,1,13,699)
w(307,2,13,699)
r(298,1,13,699)
r(303,2,13,699)
w(298,2,14,701)
r(307,2,14,701)
w(303,3,14,701)
w(307,3,14,701)
r(308,0,15,703)
w(308,1,15,703)
w(309,1,15,703)
r(309,1,15,703)
w(308,2,15,703)
w(309,2,15,703)
r(309,2,16,705)
r(308,2,16,705)
r(308,2,16,705)
w(308,3,16,705)
w(309,3,16,705)
w(311,1,16,705)
w(311,2,17,707)
r(311,2,17,707)
r(311,2,17,707)
r(301,1,17,707)
r(311,2,17,707)
w(312,1,18,709)
r(311,2,18,709)
w(311,3,18,709)
r(310,0,18,709)
w(312,2,18,709)
r(313,0,18,709)
w(313,1,19,711)
r(313,1,19,711)
w(312,3,19,711)
r(313,1,19,711)
w(313,2,0,713)
w(310,1,0,713)
r(312,3,0,713)
r(312,3,0,713)
r(313,2,0,715)
w(313,3,0,715)
r(310,1,0,715)
w(314,1,0,715)
w(310,2,1,717)
r(313,3,1,717)
r(313,3,1,717)
w(310,3,1,717)
r(310,3,1,717)
w(314,2,2,719)
r(315,0,2,719)
r(315,0,2,719)
r(315,0,2,719)
w(314,3,2,719)
r(315,0,2,719)
r(310,3,2,719)
r(314,3,2,719)
w(315,1,3,721)
r(315,1,3,721)
r(315,1,3,721)
w(315,2,3,721)
r(314,3,3,721)
r(314,3,4,723)
w(301,2,4,723)
w(315,3,4,723)
r(315,3,4,723)
r(316,0,4,723)
r(316,0,4,723)
r(317,0,5,725)
r(318,0,5,725)
w(301,3,5,725)
w(318,1,5,725)
r(317,0,5,725)
w(318,2,5,725)
r(318,2,5,725)
r(318,2,5,725)
r(318,2,6,727)
r(317,0,6,727)
r(317,0,6,727)
r(317,0,6,727)
w(318,3,6,727)
r(318,3,6,727)
r(318,3,7,729)
w(317,1,7,729)
r(316,0,7,729)
w(316,1,7,729)
r(316,1,7,729)
r(319,0,7,729)
r(301,3,7,729)
r(319,0,8,731)
w(319,1,8,731)
r(317,1,8,731)
r(319,1,8,731)
w(319,2,8,731)
w(319,3,8,731)
r(319,3,8,731)
w(316,2,8,731)
w(316,3,9,733)
r(320,0,9,733)
r(301,3,9,733)
r(317,1,9,733)
r(301,3,9,733)
r(317,1,9,733)
w(298,3,9,733)
r(320,0,10,735)
w(320,1,10,735)
w(320,2,10,735)
r(320,2,10,735)
r(317,1,10,735)
w(320,3,10,735)
r(317,1,11,737)
r(316,3,11,737)
r(316,3,11,737)
r(321,0,11,737)
r(317,1,11,737)
r(317,1,11,737)
w(317,2,11,737)
w(321,1,12,739)
w(321,2,12,739)
w(321,3,12,739)
r(301,3,12,739)
w(317,3,13,741)
r(317,3,13,741)
r(301,3,13,741)
w(323,1,13,741)
r(323,1,14,743)
r(323,1,14,743)
r(317,3,14,743)
r(323,1,14,743)
r(323,1,14,743)
w(323,2,14,743)
r(322,0,14,743)
r(323,2,14,743)
r(322,0,15,745)
w(323,3,15,745)
w(322,1,15,745)
w(325,1,15,745)
r(325,1,15,745)
w(326,1,16,747)
w(325,2,16,747)
r(322,1,16,747)
w(325,3,16,747)
w(326,2,16,747)
r(326,2,16,747)
w(322,2,16,747)
r(326,2,17,749)
r(326,2,17,749)
r(326,2,17,749)
w(326,3,17,749)
w(324,1,18,751)
r(327,0,18,751)
w(324,2,18,751)
r(328,0,18,751)
r(327,0,19,753)
r(328,0,19,753)
r(328,0,19,753)
r(327,0,19,753)
w(328,1,19,753)
w(327,1,19,753)
r(327,1,0,755)
w(324,3,0,755)
w(327,2,0,755)
w(328,2,0,755)
r(328,2,0,755)
w(328,3,0,755)
r(328,3,0,755)
r(322,2,0,757)
r(322,2,0,757)
r(327,2,0,757)
r(322,2,0,757)
r(329,0,0,757)
w(329,1,0,757)
w(329,2,0,757)
w(327,3,1,759)
w(329,3,1,759)
r(330,0,1,759)
r(330,0,1,759)
w(330,1,1,759)
w(330,2,1,759)
r(327,3,2,761)
w(330,3,2,761)
r(330,3,2,761)
r(327,3,2,761)
r(331,0,3,763)
w(331,1,3,763)
r(324,3,3,763)
w(331,2,3,763)
r(322,2,3,763)
w(331,3,3,763)
w(332,1,3,763)
w(333,1,4,765)
r(332,1,4,765)
r(332,1,4,765)
w(333,2,4,765)
r(333,2,5,767)
r(333,2,5,767)
w(333,3,5,767)
r(333,3,5,767)
w(334,1,5,767)
r(334,1,5,767)
r(334,1,5,767)
r(322,2,5,767)
r(324,3,6,769)
r(334,1,6,769)
w(322,3,6,769)
w(334,2,6,769)
r(334,2,6,769)
r(324,3,6,769)
r(332,1,6,769)
r(335,0,7,771)
r(334,2,7,771)
w(335,1,7,771)
w(332,2,7,771)
r(334,2,7,771)
r(334,2,8,773)
w(334,3,8,773)
r(334,3,8,773)
r(298,3,8,773)
w(332,3,9,775)
r(334,3,9,775)
r(334,3,9,775)
r(332,3,9,775)
r(332,3,10,777)
r(337,0,10,777)
w(338,1,10,777)
r(336,0,10,777)
r(338,1,10,777)
w(337,1,11,779)
w(338,2,11,779)
r(337,1,11,779)
r(337,1,11,779)
r(337,1,11,779)
r(337,1,11,779)
w(337,2,11,779)
r(337,2,11,779)
w(337,3,12,781)
r(338,2,12,781)
r(335,1,12,781)
r(340,0,12,781)
w(335,2,13,783)
w(335,3,13,783)
w(340,1,13,783)
w(340,2,13,783)
r(340,2,13,783)
w(338,3,13,783)
w(336,1,14,785)
r(340,2,14,785)
r(340,2,14,785)
r(340,2,14,785)
w(341,1,14,785)
r(340,2,14,785)
r(336,1,14,785)
r(340,2,14,785)
r(340,2,15,787)
r(341,1,15,787)
w(340,3,15,787)
r(343,0,15,787)
w(341,2,15,787)
r(343,0,15,787)
r(341,2,15,787)
w(342,1,15,787)
w(343,1,16,789)
r(341,2,16,789)
r(343,1,16,789)
w(341,3,16,789)
r(341,3,16,789)
r(336,1,17,791)
w(336,2,17,791)
w(343,2,17,791)
r(344,0,17,791)
w(343,3,17,791)
w(339,1,17,791)
r(343,3,18,793)
w(336,3,18,793)
w(344,1,18,793)
w(342,2,18,793)
r(343,3,18,793)
w(342,3,18,793)
r(342,3,18,793)
w(344,2,18,793)
r(336,3,19,795)
w(344,3,19,795)
w(339,2,19,795)
r(342,3,19,795)
r(342,3,19,795)
r(345,0,0,797)
w(346,1,0,797)
r(336,3,0,797)
r(342,3,0,797)
r(346,1,0,797)
w(346,2,0,799)
w(345,1,0,799)
r(346,2,0,799)
w(346,3,0,799)
r(346,3,0,799)
r(346,3,0,799)
r(347,0,1,801)
r(336,3,1,801)
r(347,0,1,801)
r(347,0,1,801)
r(345,1,1,801)
r(347,0,1,801)
r(347,0,1,801)
w(347,1,2,803)
r(345,1,2,803)
w(345,2,2,803)
w(347,2,2,803)
w(347,3,2,803)
r(347,3,2,803)
r(345,2,3,805)
w(345,3,3,805)
w(349,1,3,805)
w(350,1,3,805)
r(350,1,3,805)
w(350,2,3,805)
r(350,2,4,807)
r(345,3,4,807)
r(350,2,4,807)
w(350,3,4,807)
w(348,1,4,807)
r(350,3,4,807)
r(350,3,4,807)
r(350,3,4,807)
r(351,0,5,809)
r(352,0,5,809)
w(348,2,5,809)
r(349,1,5,809)
r(349,1,5,809)
w(349,2,5,809)
r(351,0,5,809)
r(349,2,6,811)
r(352,0,6,811)
w(352,1,6,811)
w(349,3,6,811)
w(351,1,6,811)
w(352,2,7,813)
w(351,2,7,813)
w(352,3,7,813)
w(351,3,7,813)
r(354,0,7,813)
r(354,0,7,813)
w(348,3,7,813)
r(354,0,8,816)
w(354,1,8,816)
w(354,2,8,816)
r(354,2,8,816)
r(354,2,8,816)
w(354,3,8,816)
w(339,3,8,816)
w(353,1,9,817)
r(348,3,9,817)
r(353,1,9,817)
r(348,3,9,817)
w(353,2,9,817)
r(353,2,10,819)
r(339,3,10,819)
r(353,2,10,819)
r(349,3,10,819)
w(353,3,10,819)
r(353,3,11,821)
r(356,0,11,821)
r(355,0,11,821)
r(339,3,11,821)
w(355,1,11,821)
w(355,2,11,821)
w(355,3,11,821)
w(356,1,11,821)
r(355,3,12,823)
w(356,2,12,823)
r(357,0,12,823)
r(356,2,12,823)
r(355,3,12,823)
w(356,3,12,823)
r(360,0,12,823)
w(357,1,13,825)
w(357,2,13,825)
w(360,1,13,825)
r(358,0,13,825)
r(360,1,13,825)
r(360,1,13,825)
r(359,0,14,827)
r(360,1,14,827)
w(360,2,14,827)
r(359,0,14,827)
r(360,2,14,827)
w(357,3,15,829)
w(360,3,15,829)
r(361,0,15,829)
w(358,1,15,829)
w(361,1,15,829)
r(361,1,15,829)
w(361,2,16,831)
w(361,3,16,831)
w(362,1,16,831)
w(362,2,16,831)
r(358,1,16,831)
r(359,0,16,831)
r(362,2,17,833)
r(362,2,17,833)
r(357,3,17,833)
r(362,2,17,833)
w(359,1,17,833)
w(359,2,18,835)
w(358,2,18,835)
w(359,3,18,835)
w(358,3,18,835)
r(359,3,19,837)
w(362,3,19,837)
r(362,3,19,837)
r(362,3,19,837)
w(363,1,19,837)
r(363,1,19,837)
r(357,3,0,839)
r(358,3,0,839)
r(359,3,0,839)
r(363,1,0,839)
r(363,1,0,839)
r(359,3,0,839)
r(363,1,0,841)
r(363,1,0,841)
r(364,0,0,841)
r(358,3,0,841)
r(358,3,0,841)
w(363,2,1,843)
w(364,1,1,843)
r(363,2,1,843)
r(363,2,1,843)
w(363,3,1,843)
r(364,1,2,845)
r(364,1,2,845)
r(358,3,2,845)
r(358,3,2,845)
r(364,1,2,845)
r(363,3,2,845)
r(339,3,2,845)
r(363,3,2,845)
r(357,3,3,847)
r(358,3,3,847)
r(363,3,3,847)
r(357,3,3,847)
r(358,3,3,847)
w(365,1,3,847)
w(365,2,3,847)
r(365,2,4,849)
w(365,3,4,849)
r(339,3,4,849)
r(357,3,4,849)
r(365,3,4,849)
r(364,1,4,849)
w(367,1,5,851)
w(367,2,5,851)
r(367,2,5,851)
r(366,0,5,851)
r(367,2,6,853)
r(367,2,6,853)
r(339,3,6,853)
r(367,2,6,853)
r(366,0,6,853)
r(367,2,6,853)
r(367,2,6,853)
w(368,1,6,853)
w(367,3,7,855)
r(367,3,7,855)
r(364,1,7,855)
r(367,3,7,855)
w(364,2,7,855)
r(368,1,7,855)
w(369,1,8,857)
w(369,2,8,857)
r(369,2,8,857)
r(369,2,8,857)
r(369,2,8,857)
w(366,1,9,859)
w(366,2,9,859)
r(369,2,9,859)
r(369,2,9,859)
w(366,3,10,861)
r(369,2,10,861)
r(364,2,10,861)
r(369,2,10,861)
r(364,2,11,863)
r(364,2,11,863)
w(369,3,11,863)
r(369,3,11,863)
r(364,2,11,863)
w(368,2,11,863)
r(369,3,12,865)
r(370,0,12,865)
r(364,2,12,865)
r(366,3,12,865)
w(370,1,12,865)
w(370,2,12,865)
r(368,2,12,865)
r(368,2,12,865)
w(364,3,13,867)
w(370,3,13,867)
w(371,1,13,867)
r(364,3,13,867)
r(373,0,14,869)
w(373,1,14,869)
w(373,2,14,869)
w(368,3,14,869)
w(373,3,14,869)
r(371,1,14,869)
w(374,1,15,871)
r(364,3,15,871)
r(368,3,15,871)
w(374,2,15,871)
w(374,3,15,871)
r(374,3,16,874)
r(375,0,16,874)
r(371,1,16,874)
r(371,1,16,874)
r(375,0,16,874)
r(364,3,16,874)
r(364,3,16,874)
r(371,1,17,875)
w(377,1,17,875)
r(375,0,17,875)
r(377,1,17,875)
r(377,1,18,877)
w(375,1,18,877)
w(371,2,18,877)
r(377,1,18,877)
w(375,2,18,877)
w(375,3,18,877)
w(377,2,18,877)
r(378,0,19,879)
r(378,0,19,879)
r(377,2,19,879)
r(378,0,19,879)
r(371,2,19,879)
w(377,3,0,881)
w(376,1,0,881)
r(378,0,0,881)
r(378,0,0,881)
w(372,1,0,881)
w(371,3,0,881)
r(378,0,0,881)
w(379,1,0,883)
w(378,1,0,883)
w(378,2,0,883)
w(378,3,0,883)
r(379,1,0,883)
r(379,1,0,883)
r(380,0,0,883)
w(380,1,0,883)
w(379,2,1,885)
r(379,2,1,885)
r(380,1,1,885)
w(379,3,1,885)
r(379,3,1,885)
r(376,1,2,887)
w(381,1,2,887)
r(381,1,2,887)
w(380,2,2,887)
w(380,3,2,887)
r(383,0,2,887)
w(372,2,3,889)
r(383,0,3,889)
w(383,1,3,889)
r(383,1,3,889)
w(383,2,3,889)
r(383,2,3,889)
w(383,3,3,889)
r(381,1,4,891)
r(382,0,4,891)
r(382,0,4,891)
r(383,3,4,891)
r(383,3,4,891)
w(382,1,4,891)
r(384,0,4,891)
r(384,0,5,893)
w(384,1,5,893)
r(381,1,5,893)
r(384,1,5,893)
r(382,1,5,893)
w(381,2,5,893)
r(382,1,5,893)
r(382,1,5,893)
w(381,3,6,895)
r(384,1,6,895)
r(382,1,6,895)
w(384,2,6,895)
r(382,1,6,895)
r(384,2,6,895)
w(382,2,7,897)
r(384,2,7,897)
r(382,2,7,897)
w(384,3,7,897)
w(385,1,7,897)
r(376,1,7,897)
r(385,1,8,899)
w(385,2,8,899)
r(385,2,8,899)
w(376,2,8,899)
r(382,2,9,901)
w(382,3,9,901)
r(381,3,9,901)
r(376,2,9,901)
w(376,3,9,901)
w(385,3,10,903)
r(386,0,10,903)
r(387,0,10,903)
w(387,1,10,903)
r(376,3,10,903)
w(387,2,10,903)
r(387,2,11,905)
r(387,2,11,905)
r(388,0,11,905)
w(387,3,11,905)
w(372,3,11,905)
r(390,0,11,905)
r(390,0,11,905)
r(388,0,12,907)
r(390,0,12,907)
r(390,0,12,907)
w(386,1,12,907)
w(390,1,12,907)
w(386,2,12,907)
r(386,2,12,907)
r(390,1,12,907)
r(390,1,13,909)
r(388,0,13,909)
r(386,2,13,909)
r(390,1,13,909)
r(372,3,13,909)
w(386,3,14,911)
r(390,1,14,911)
w(390,2,14,911)
r(388,0,14,911)
w(390,3,14,911)
r(388,0,14,911)
r(391,0,15,913)
w(391,1,15,913)
r(389,0,15,913)
r(392,0,15,913)
r(389,0,15,913)
w(392,1,15,913)
r(392,1,16,915)
w(392,2,16,915)
w(392,3,16,915)
r(391,1,16,915)
r(389,0,16,915)
w(391,2,16,915)
w(388,1,16,915)
w(391,3,17,917)
w(389,1,17,917)
w(394,1,17,917)
r(394,1,17,917)
w(394,2,17,917)
r(372,3,17,917)
r(393,0,17,917)
w(394,3,18,919)
w(393,1,18,919)
r(393,1,18,919)
w(395,1,18,919)
r(388,1,18,919)
w(393,2,18,919)
r(393,2,18,919)
w(395,2,19,921)
w(389,2,19,921)
w(388,2,19,921)
r(395,2,19,921)
r(395,2,19,921)
w(395,3,19,921)
r(393,2,19,921)
r(393,2,0,923)
r(395,3,0,923)
r(393,2,0,923)
w(393,3,0,923)
w(397,1,0,923)
w(388,3,0,925)
w(397,2,0,925)
r(393,3,0,925)
w(397,3,0,925)
r(388,3,0,925)
w(398,1,0,925)
r(399,0,0,925)
r(398,1,1,927)
w(398,2,1,927)
r(398,2,1,927)
r(393,3,1,927)
w(396,1,1,927)
r(398,2,1,927)
w(398,3,2,929)
r(400,0,2,929)
r(399,0,2,929)
r(400,0,2,929)
r(400,0,2,929)
r(401,0,2,929)
r(401,0,3,931)
r(401,0,3,931)
w(389,3,3,931)
r(399,0,3,931)
r(401,0,3,931)
r(399,0,3,931)
r(400,0,4,934)
w(401,1,4,934)
r(402,0,4,934)
w(400,1,4,934)
w(401,2,4,934)
r(401,2,4,934)
r(401,2,4,934)
w(400,2,4,934)
r(401,2,6,937)
r(401,2,6,937)
r(396,1,6,937)
r(401,2,6,937)
r(403,0,6,937)
w(399,2,6,937)
r(399,2,6,937)
w(403,1,6,937)
w(403,2,7,939)
w(403,3,7,939)
w(404,1,7,939)
w(404,2,7,939)
r(404,2,7,939)
r(404,2,8,941)
r(404,2,8,941)
w(405,1,8,941)
r(402,0,8,941)
r(405,1,8,941)
r(405,1,8,941)
w(404,3,8,941)
r(404,3,8,941)
r(405,1,9,943)
w(405,2,9,943)
r(405,2,9,943)
w(406,1,9,943)
r(405,2,9,943)
w(405,3,9,943)
r(406,1,9,943)
r(405,3,10,945)
r(405,3,10,945)
r(399,2,10,945)
w(406,2,10,945)
w(399,3,11,947)
w(402,1,11,947)
r(399,3,11,947)
w(407,1,11,947)
w(406,3,11,947)
w(407,2,12,949)
r(407,2,12,949)
r(407,2,12,949)
r(407,2,12,949)
w(407,3,12,949)
r(408,0,12,949)
r(407,3,12,949)
r(408,0,12,949)
w(408,1,13,951)
r(402,1,13,951)
r(409,0,13,951)
r(409,0,13,951)
r(409,0,13,951)
w(408,2,13,951)
r(409,0,13,951)
w(408,3,14,953)
w(409,1,14,953)
r(409,1,14,953)
r(409,1,14,953)
w(402,2,14,953)
w(409,2,14,953)
r(402,2,15,955)
w(409,3,15,955)
r(409,3,15,955)
r(399,3,15,955)
r(402,2,16,957)
r(408,3,16,957)
r(410,0,16,957)
w(410,1,16,957)
w(410,2,16,957)
w(411,1,16,957)
w(411,2,17,959)
w(411,3,17,959)
r(410,2,17,959)
w(410,3,17,959)
r(411,3,17,959)
r(413,0,17,959)
w(413,1,17,959)
w(413,2,18,961)
w(413,3,18,961)
r(411,3,18,961)
r(411,3,18,961)
w(402,3,18,961)
w(412,1,18,961)
w(414,1,19,963)
w(412,2,19,963)
r(414,1,19,963)
r(411,3,19,963)
r(396,1,19,963)
w(412,3,19,963)
r(412,3,19,963)
w(414,2,0,965)
w(414,3,0,965)
r(412,3,0,965)
r(414,3,0,965)
r(396,1,0,965)
r(414,3,0,965)
r(414,3,0,965)
r(414,3,0,965)
r(414,3,0,967)
r(414,3,0,967)
r(402,3,0,967)
r(415,0,0,967)
r(414,3,0,967)
w(416,1,0,967)
w(416,2,0,967)
w(415,2,2,970)
r(418,0,2,970)
r(417,0,2,970)
r(418,0,2,970)
r(415,2,3,973)
r(417,0,3,973)
w(418,2,3,973)
r(419,0,3,973)
r(415,2,3,973)
w(419,1,3,973)
w(417,1,4,976)
w(417,2,4,976)
w(418,3,4,976)
r(417,2,4,976)
w(415,3,4,976)
w(419,2,4,976)
r(418,3,4,976)
w(420,1,6,979)
w(420,2,6,979)
r(420,2,6,979)
r(420,2,6,979)
w(421,1,6,979)
w(417,3,7,981)
w(420,3,7,981)
w(396,2,7,981)
r(417,3,7,981)
w(423,1,7,981)
w(423,2,7,981)
r(423,2,7,981)
r(423,2,8,983)
w(396,3,8,983)
r(422,0,8,983)
w(421,2,8,983)
w(423,3,9,985)
r(422,0,9,985)
r(421,2,9,985)
w(422,1,9,985)
r(421,2,9,985)
r(421,2,9,985)
r(423,3,9,985)
r(421,2,9,985)
w(421,3,10,987)
w(424,1,10,987)
w(424,2,10,987)
r(424,2,10,987)
r(424,2,10,987)
w(424,3,11,989)
r(424,3,11,989)
r(424,3,11,989)
r(417,3,11,989)
r(426,0,11,989)
r(426,0,11,989)
r(422,1,11,989)
w(425,1,11,989)
r(425,1,12,991)
w(426,1,12,991)
r(426,1,12,991)
w(425,2,12,991)
r(426,1,12,991)
r(426,1,13,993)
w(426,2,13,993)
w(425,3,13,993)
r(426,2,13,993)
r(422,1,13,993)
r(426,2,14,995)
r(422,1,14,995)
r(422,1,14,995)
r(426,2,14,995)
r(426,2,14,995)
r(426,2,14,995)
r(427,0,14,995)
r(427,0,14,995)
w(426,3,15,997)
r(426,3,15,997)
r(426,3,15,997)
r(426,3,15,997)
w(430,1,16,1000)
w(430,2,16,1000)
w(430,3,16,1000)
r(428,0,16,1000)
w(429,1,16,1000)
r(430,0,17,1001)
w(427,1,17,1001)
w(431,1,17,1001)
r(427,1,17,1001)
w(427,2,18,1003)
r(431,1,18,1003)
w(431,2,18,1003)
r(428,0,18,1003)
r(427,2,18,1003)
r(431,2,18,1003)
w(427,3,18,1003)
r(431,2,19,1005)
w(431,3,19,1005)
r(431,3,19,1005)
w(429,2,19,1005)
r(428,0,19,1005)
r(431,3,19,1005)
r(431,3,0,1008)
r(431,3,0,1008)
w(422,2,0,1008)
w(432,1,0,1008)
w(434,2,2,1013)
r(434,2,2,1013)
r(433,0,2,1013)
w(429,3,2,1013)
w(434,3,2,1013)
r(434,3,2,1013)
r(433,0,2,1013)
r(434,3,3,1015)
r(433,0,3,1015)
r(433,0,3,1015)
r(434,3,3,1015)
w(436,1,3,1015)
w(436,2,3,1015)
w(436,3,3,1015)
w(428,1,4,1017)
r(434,3,4,1017)
w(437,1,4,1017)
w(438,1,4,1017)
w(438,2,4,1017)
w(437,2,4,1017)
w(437,3,5,1019)
r(435,0,5,1019)
r(438,2,5,1019)
r(437,3,5,1019)
w(438,3,5,1019)
w(435,1,5,1019)
r(422,2,6,1021)
r(437,3,6,1021)
r(439,0,6,1021)
r(428,1,6,1021)
w(439,1,7,1023)
r(439,1,7,1023)
w(435,2,7,1023)
w(440,1,7,1023)
r(439,1,7,1023)
w(440,2,7,1023)
w(435,3,8,1025)
w(440,3,8,1025)
r(440,3,8,1025)
r(422,2,8,1025)
r(439,1,8,1025)
r(441,0,8,1025)
w(439,2,9,1027)
r(439,2,9,1027)
r(441,0,9,1027)
w(439,3,9,1027)
w(442,1,10,1029)
w(441,1,10,1029)
r(441,1,10,1029)
r(441,1,10,1029)
r(443,0,11,1031)
r(443,0,11,1031)
w(443,1,11,1031)
r(442,1,11,1031)
w(442,2,12,1033)
r(443,1,12,1033)
r(441,1,12,1033)
r(442,2,12,1033)
r(443,1,12,1033)
r(441,1,13,1035)
r(443,1,13,1035)
r(443,1,13,1035)
w(443,2,13,1035)
w(441,2,13,1035)
w(443,3,14,1037)
w(441,3,14,1037)
w(444,1,14,1037)
w(444,2,14,1037)
r(444,2,14,1037)
r(444,2,14,1037)
r(442,2,15,1039)
r(441,3,15,1039)
w(445,1,15,1039)
r(444,2,15,1039)
r(442,2,15,1039)
w(422,3,16,1041)
r(444,2,16,1041)
r(444,2,16,1041)
r(422,3,16,1041)
w(445,2,16,1041)
r(442,2,16,1041)
r(444,2,17,1043)
r(444,2,17,1043)
r(444,2,17,1043)
r(444,2,17,1043)
w(445,3,18,1045)
r(428,1,18,1045)
w(444,3,18,1045)
w(442,3,18,1045)
r(446,0,18,1045)
w(446,1,18,1045)
r(442,3,18,1045)
r(445,3,18,1045)
r(422,3,19,1047)
w(446,2,19,1047)
r(442,3,19,1047)
r(446,2,19,1047)
r(442,3,19,1047)
r(446,2,0,1049)
w(446,3,0,1049)
r(446,3,0,1049)
r(448,0,0,1049)
r(445,3,0,1049)
r(448,0,0,1049)
r(447,0,0,1049)
r(449,0,0,1049)
r(449,0,0,1051)
w(448,1,0,1051)
r(449,0,0,1051)
r(448,1,0,1051)
r(448,1,1,1053)
r(428,1,1,1053)
r(448,1,1,1053)
r(448,1,1,1053)
r(448,1,2,1055)
r(449,0,2,1055)
r(448,1,2,1055)
w(449,1,2,1055)
w(448,2,2,1055)
w(449,2,3,1057)
w(448,3,3,1057)
r(448,3,3,1057)
r(447,0,3,1057)
w(449,3,3,1057)
r(449,3,4,1059)
r(449,3,4,1059)
r(451,0,4,1059)
r(451,0,4,1059)
r(450,0,4,1059)
w(450,1,4,1059)
w(451,1,4,1059)
r(451,1,4,1059)
w(451,2,5,1061)
w(451,3,5,1061)
r(449,3,5,1061)
w(450,2,5,1061)
w(452,1,5,1061)
w(452,2,5,1061)
w(450,3,5,1061)
w(452,3,5,1061)
r(452,3,6,1063)
w(455,1,6,1063)
w(454,1,6,1063)
w(453,1,6,1063)
r(447,0,7,1065)
r(454,1,7,1065)
w(454,2,7,1065)
w(455,2,7,1065)
r(454,2,7,1065)
r(455,2,8,1067)
w(454,3,8,1067)
r(454,3,8,1067)
r(455,2,8,1067)
w(455,3,9,1069)
r(454,3,9,1069)
r(454,3,9,1069)
r(453,1,9,1069)
w(456,1,9,1069)
r(456,1,9,1069)
r(456,1,10,1071)
w(453,2,10,1071)
w(447,1,10,1071)
r(453,2,10,1071)
w(457,1,11,1073)
w(456,2,11,1073)
r(447,1,11,1073)
r(456,2,11,1073)
r(457,1,11,1073)
r(428,1,12,1075)
w(453,3,12,1075)
w(456,3,12,1075)
r(457,1,12,1075)
w(458,1,12,1075)
r(458,1,12,1075)
r(458,1,12,1075)
w(428,2,13,1077)
r(458,1,13,1077)
r(457,1,13,1077)
r(457,1,13,1077)
w(457,2,13,1077)
w(457,3,13,1077)
r(459,0,13,1077)
w(458,2,14,1079)
w(459,1,14,1079)
w(447,2,14,1079)
r(459,1,14,1079)
w(458,3,14,1079)
w(459,2,14,1079)
r(460,0,14,1079)
r(461,0,15,1081)
r(461,0,15,1081)
w(461,1,15,1081)
r(460,0,15,1081)
r(459,2,16,1083)
r(461,1,16,1083)
w(461,2,16,1083)
w(447,3,16,1083)
w(459,3,16,1083)
w(461,3,17,1085)
w(460,1,17,1085)
r(459,3,17,1085)
r(428,2,17,1085)
w(460,2,17,1085)
r(462,0,17,1085)
w(462,1,18,1087)
r(462,1,18,1087)
r(463,0,18,1087)
r(462,1,18,1087)
w(462,2,18,1087)
w(462,3,18,1087)
w(464,1,19,1089)
r(460,2,19,1089)
r(459,3,19,1089)
r(464,1,19,1089)
w(464,2,19,1089)
r(460,2,19,1089)
w(464,3,0,1091)
w(460,3,0,1091)
w(465,1,0,1091)
w(465,2,0,1091)
w(465,3,0,1091)
r(465,3,0,1091)
r(465,3,0,1091)
w(466,1,0,1093)
w(466,2,0,1093)
w(463,1,0,1093)
w(467,1,0,1093)
r(467,1,0,1093)
r(466,2,0,1093)
w(468,1,1,1095)
r(467,1,1,1095)
r(467,1,1,1095)
r(466,2,1,1095)
w(467,2,2,1097)
r(466,2,2,1097)
r(466,2,2,1097)
r(467,2,2,1097)
w(466,3,2,1097)
r(467,2,2,1097)
r(467,2,3,1099)
r(463,1,3,1099)
r(466,3,3,1099)
r(468,1,3,1099)
r(468,1,3,1099)
r(466,3,3,1099)
r(467,2,4,1101)
w(467,3,4,1101)
r(467,3,4,1101)
r(469,0,4,1101)
r(469,0,4,1101)
r(469,0,4,1101)
w(468,2,4,1101)
w(469,1,5,1103)
r(428,2,5,1103)
r(463,1,5,1103)
r(469,1,5,1103)
w(468,3,6,1105)
w(469,2,6,1105)
r(469,2,6,1105)
w(469,3,6,1105)
r(470,0,6,1105)
r(468,3,7,1107)
r(470,0,7,1107)
r(469,3,7,1107)
r(469,3,7,1107)
w(470,1,7,1107)
w(470,2,8,1109)
r(469,3,8,1109)
r(469,3,8,1109)
r(471,0,8,1109)
r(471,0,8,1109)
r(468,3,8,1109)
w(470,3,8,1109)
w(471,1,8,1109)
w(471,2,9,1111)
w(471,3,9,1111)
w(472,1,9,1111)
r(472,1,9,1111)
w(428,3,9,1111)
w(472,2,10,1113)
r(472,2,10,1113)
w(472,3,10,1113)
r(473,0,10,1113)
r(473,0,10,1113)
r(474,0,10,1113)
w(474,1,10,1113)
w(473,1,10,1113)
r(428,3,11,1115)
w(473,2,11,1115)
w(474,2,11,1115)
w(474,3,11,1115)
r(473,2,11,1115)
w(473,3,12,1117)
r(475,0,12,1117)
r(477,0,12,1117)
r(477,0,12,1117)
r(477,0,12,1117)
w(477,1,12,1117)
r(477,1,12,1117)
r(475,0,12,1117)
w(475,1,13,1119)
w(475,2,13,1119)
r(477,1,13,1119)
w(463,2,13,1119)
w(477,2,13,1119)
r(477,2,14,1121)
r(477,2,14,1121)
r(477,2,14,1121)
r(475,2,14,1121)
r(476,0,14,1121)
r(475,2,14,1121)
w(476,1,14,1121)
r(477,2,14,1121)
w(463,3,15,1123)
w(476,2,15,1123)
r(475,2,15,1123)
r(477,2,15,1123)
w(477,3,16,1125)
w(478,1,16,1125)
r(476,2,16,1125)
w(478,2,16,1125)
w(475,3,17,1127)
w(478,3,17,1127)
w(476,3,17,1127)
r(478,3,17,1127)
r(478,3,18,1129)
r(475,3,18,1129)
r(478,3,18,1129)
r(480,0,18,1129)
r(480,0,18,1129)
r(480,0,19,1131)
w(479,1,19,1131)
w(480,1,19,1131)
w(481,1,19,1131)
w(480,2,0,1133)
r(480,2,0,1133)
r(481,1,0,1133)
r(481,1,0,1133)
r(480,2,0,1135)
r(481,1,0,1135)
r(481,1,0,1135)
w(480,3,0,1135)
w(479,2,0,1135)
r(480,3,1,1137)
r(480,3,1,1137)
r(480,3,1,1137)
r(480,3,1,1137)
r(479,2,1,1137)
w(482,1,1,1137)
r(482,1,1,1137)
w(482,2,2,1139)
r(481,1,2,1139)
r(479,2,2,1139)
r(479,2,2,1139)
w(481,2,2,1139)
r(482,2,2,1139)
r(482,2,3,1141)
r(479,2,3,1141)
r(463,3,3,1141)
w(482,3,3,1141)
w(483,1,3,1141)
w(483,2,3,1141)
r(483,2,4,1143)
r(483,2,4,1143)
w(481,3,4,1143)
r(481,3,4,1143)
r(483,2,4,1143)
r(428,3,5,1145)
r(481,3,5,1145)
r(483,2,5,1145)
r(483,2,5,1145)
r(481,3,5,1145)
w(483,3,5,1145)
w(484,1,5,1145)
r(481,3,6,1147)
r(484,1,6,1147)
w(485,1,6,1147)
r(463,3,6,1147)
r(484,1,7,1149)
w(485,2,7,1149)
w(485,3,7,1149)
r(486,0,7,1149)
r(484,1,7,1149)
r(479,2,8,1151)
r(486,0,8,1151)
w(486,1,8,1151)
w(484,2,8,1151)
w(486,2,8,1151)
r(484,2,8,1151)
w(486,3,9,1153)
w(484,3,9,1153)
r(479,2,9,1153)
r(463,3,9,1153)
r(487,0,9,1153)
r(489,0,9,1153)
r(489,0,10,1155)
r(488,0,10,1155)
w(479,3,10,1155)
r(489,0,10,1155)
w(489,1,10,1155)
w(488,1,10,1155)
w(489,2,10,1155)
r(489,2,11,1157)
w(489,3,11,1157)
r(489,3,11,1157)
r(489,3,11,1157)
r(463,3,11,1157)
r(488,1,11,1157)
w(488,2,11,1157)
r(490,0,11,1157)
r(491,0,12,1159)
r(491,0,12,1159)
r(488,2,12,1159)
r(491,0,12,1159)
w(490,1,12,1159)
w(487,1,12,1159)
r(491,0,13,1161)
w(491,1,13,1161)
r(491,1,13,1161)
w(488,3,13,1161)
r(463,3,13,1161)
r(491,1,14,1163)
r(491,1,14,1163)
r(488,3,14,1163)
w(491,2,14,1163)
r(463,3,14,1163)
w(491,3,14,1163)
r(488,3,14,1163)
r(492,0,14,1163)
w(492,1,15,1165)
w(493,1,15,1165)
w(493,2,15,1165)
r(490,1,15,1165)
r(493,2,15,1165)
r(493,2,15,1165)
w(493,3,15,1165)
w(492,2,15,1165)
r(492,2,16,1168)
w(494,1,16,1168)
r(492,2,16,1168)
r(494,1,16,1168)
w(492,3,16,1168)
r(495,0,16,1168)
w(490,2,16,1168)
r(494,1,16,1168)
r(495,0,17,1169)
r(495,0,17,1169)
r(494,0,17,1169)
w(495,1,17,1169)
r(494,0,17,1169)
r(490,1,17,1169)
w(490,3,18,1171)
r(494,1,18,1171)
r(495,1,18,1171)
r(490,3,18,1171)
r(494,1,18,1171)
r(495,1,18,1171)
w(494,2,18,1171)
r(463,3,19,1173)
w(495,2,19,1173)
r(494,2,19,1173)
r(494,2,19,1173)
r(495,2,19,1173)
r(495,2,0,1175)
w(494,3,0,1175)
r(495,2,0,1175)
w(497,1,0,1175)
w(496,1,0,1175)
r(496,1,0,1177)
r(497,1,0,1177)
r(496,1,0,1177)
r(497,1,0,1177)
w(496,2,1,1179)
r(487,1,1,1179)
w(495,3,1,1179)
w(497,2,1,1179)
r(495,3,1,1179)
r(498,0,1,1179)
r(497,2,2,1181)
r(498,0,2,1181)
w(497,3,2,1181)
w(496,3,2,1181)
r(499,0,2,1181)
r(498,0,2,1181)
w(499,1,3,1183)
w(498,1,3,1183)
w(498,2,3,1183)
r(499,1,3,1183)
w(499,2,3,1183)
w(498,3,3,1183)
w(499,3,4,1185)
r(499,3,4,1185)
r(463,3,4,1185)
r(500,0,4,1185)
w(500,1,4,1185)
r(499,3,4,1185)
w(502,1,4,1185)
r(500,1,4,1185)
w(502,2,5,1187)
r(503,0,5,1187)
r(502,2,5,1187)
r(502,2,5,1187)
w(502,3,6,1189)
w(500,2,6,1189)
w(501,1,6,1189)
r(503,0,6,1189)
w(503,1,6,1189)
w(504,1,6,1189)
w(504,2,7,1191)
w(504,3,7,1191)
w(503,2,7,1191)
w(500,3,7,1191)
w(501,2,8,1193)
w(503,3,8,1193)
r(501,2,8,1193)
r(501,2,8,1193)
r(504,3,8,1193)
r(504,3,8,1193)
r(504,3,8,1193)
r(500,3,8,1193)
r(506,0,9,1195)
w(506,1,9,1195)
r(505,0,9,1195)
w(505,1,9,1195)
w(506,2,9,1195)
r(506,2,10,1197)
r(505,1,10,1197)
w(506,3,10,1197)
w(487,2,10,1197)
w(505,2,10,1197)
r(506,3,10,1197)
w(505,3,10,1197)
r(506,3,11,1199)
r(508,0,11,1199)
w(508,1,11,1199)
w(507,1,11,1199)
r(508,1,12,1201)
w(508,2,12,1201)
w(508,3,12,1201)
r(509,0,12,1201)
r(509,0,12,1201)
r(507,1,12,1201)
r(510,0,12,1201)
r(509,0,12,1201)
r(510,0,13,1203)
r(510,0,13,1203)
w(507,2,13,1203)
w(510,1,13,1203)
r(507,2,13,1203)
r(487,2,14,1205)
w(510,2,14,1205)
r(510,2,14,1205)
w(510,3,14,1205)
r(510,3,14,1205)
w(511,1,14,1205)
w(511,2,14,1205)
r(511,2,15,1207)
w(511,3,15,1207)
w(512,1,15,1207)
w(509,1,15,1207)
r(512,1,15,1207)
w(507,3,15,1207)
w(512,2,16,1209)
r(512,2,16,1209)
r(512,2,16,1209)
w(501,3,16,1209)
w(512,3,16,1209)
w(513,1,16,1209)
r(513,1,16,1209)
w(487,3,16,1209)
r(513,1,17,1211)
r(509,1,17,1211)
w(513,2,17,1211)
r(513,2,17,1211)
w(509,2,17,1211)
r(501,3,18,1213)
w(513,3,18,1213)
r(507,3,18,1213)
r(507,3,18,1213)
r(509,2,18,1213)
w(509,3,18,1213)
r(509,3,19,1215)
w(514,1,19,1215)
r(514,1,19,1215)
r(507,3,19,1215)
w(514,2,19,1215)
w(514,3,19,1215)
r(516,0,19,1215)
w(516,1,0,1217)
r(515,0,0,1217)
r(515,0,0,1217)
w(517,1,0,1217)
w(517,2,0,1217)
r(517,2,0,1217)
w(516,2,0,1217)
r(516,2,0,1219)
r(518,0,0,1219)
w(518,1,0,1219)
r(517,2,0,1219)
r(501,3,0,1219)
w(517,3,1,1221)
r(517,3,1,1221)
w(518,2,1,1221)
w(516,3,1,1221)
w(518,3,2,1223)
w(520,1,2,1223)
w(519,1,2,1223)
r(521,0,2,1223)
r(521,0,2,1223)
r(521,0,2,1223)
w(519,2,2,1223)
r(522,0,2,1223)
w(521,1,3,1225)
w(521,2,3,1225)
w(522,1,3,1225)
w(522,2,3,1225)
r(521,2,3,1225)
r(521,2,3,1225)
r(520,1,4,1227)
r(521,2,4,1227)
r(521,2,4,1227)
r(521,2,4,1227)
w(521,3,4,1227)
r(515,0,5,1229)
w(523,1,5,1229)
w(523,2,5,1229)
r(522,2,5,1229)
w(523,3,5,1229)
r(522,2,5,1229)
w(522,3,6,1231)
w(524,1,6,1231)
w(524,2,6,1231)
w(520,2,6,1231)
w(524,3,6,1231)
r(526,0,6,1231)
w(526,1,6,1231)
w(526,2,6,1231)
r(526,2,7,1233)
w(525,1,7,1233)
r(526,2,7,1233)
w(525,2,7,1233)
w(525,3,7,1233)
r(526,2,7,1233)
r(519,2,7,1233)
w(526,3,8,1235)
r(525,3,8,1235)
w(527,1,8,1235)
w(527,2,8,1235)
w(528,1,8,1235)
w(527,3,8,1235)
r(519,2,8,1235)
r(527,3,9,1237)
r(520,2,9,1237)
r(528,1,9,1237)
w(528,2,9,1237)
r(529,0,9,1237)
w(520,3,9,1237)
r(520,3,9,1237)
r(529,0,10,1239)
r(515,0,10,1239)
r(529,0,10,1239)
r(529,0,10,1239)
w(528,3,10,1239)
r(529,0,11,1241)
r(529,0,11,1241)
r(529,0,11,1241)
r(528,3,11,1241)
w(529,1,11,1241)
r(529,1,11,1241)
r(529,1,11,1241)
r(529,1,12,1244)
r(528,3,12,1244)
r(529,1,12,1244)
r(529,1,12,1244)
w(529,2,12,1244)
w(531,1,14,1247)
w(530,1,14,1247)
w(531,2,14,1247)
r(531,2,14,1247)
r(528,3,14,1247)
w(530,2,14,1247)
w(532,1,14,1247)
r(530,2,15,1249)
w(531,3,15,1249)
w(519,3,15,1249)
w(515,1,15,1249)
r(532,1,15,1249)
r(532,1,15,1249)
w(533,1,15,1249)
r(533,1,16,1251)
r(533,1,16,1251)
r(533,1,16,1251)
r(533,1,16,1251)
w(533,2,16,1251)
r(532,1,16,1251)
r(533,2,16,1251)
r(533,2,16,1251)
w(533,3,17,1253)
r(519,3,17,1253)
r(534,0,17,1253)
r(530,2,17,1253)
r(534,0,17,1253)
r(534,0,17,1253)
r(534,0,17,1253)
r(534,0,17,1253)
w(530,3,18,1255)
r(534,0,18,1255)
r(534,0,18,1255)
r(532,1,18,1255)
r(532,1,19,1257)
w(534,1,19,1257)
w(532,2,19,1257)
w(534,2,19,1257)
w(534,3,19,1257)
w(536,1,19,1257)
r(536,1,19,1257)
r(532,2,19,1257)
w(532,3,0,1259)
r(532,3,0,1259)
r(536,1,0,1259)
w(536,2,0,1259)
w(536,3,0,1259)
w(537,1,0,1259)
w(538,1,0,1261)
r(538,1,0,1261)
w(537,2,0,1261)
w(538,2,0,1261)
r(538,2,0,1261)
r(532,3,0,1261)
r(532,3,0,1261)
r(532,3,1,1263)
r(532,3,1,1263)
r(532,3,1,1263)
w(537,3,1,1263)
r(538,2,1,1263)
r(539,0,2,1265)
r(538,2,2,1265)
w(538,3,2,1265)
r(538,3,2,1265)
w(541,1,2,1265)
w(541,2,2,1265)
r(540,0,2,1265)
w(541,3,3,1267)
r(541,3,3,1267)
r(535,0,3,1267)
r(539,0,3,1267)
w(542,1,3,1267)
w(542,2,3,1267)
w(542,3,4,1269)
r(540,0,4,1269)
w(540,1,4,1269)
r(539,0,4,1269)
r(542,3,5,1271)
r(542,3,5,1271)
r(539,0,5,1271)
r(539,0,5,1271)
r(542,3,5,1271)
r(540,1,5,1271)
r(539,0,5,1271)
r(539,0,5,1271)
r(542,3,6,1273)
r(542,3,6,1273)
w(539,1,6,1273)
r(539,1,6,1273)
r(542,3,6,1273)
r(540,1,6,1273)
w(539,2,7,1275)
w(515,2,7,1275)
r(539,2,7,1275)
w(540,2,7,1275)
r(535,0,8,1277)
r(539,2,8,1277)
r(539,2,8,1277)
r(539,2,8,1277)
w(543,1,8,1277)
r(543,1,9,1279)
w(539,3,9,1279)
r(543,1,9,1279)
r(543,1,9,1279)
w(540,3,9,1279)
r(543,1,9,1279)
r(544,0,10,1281)
r(543,1,10,1281)
w(543,2,10,1281)
w(543,3,10,1281)
r(544,0,10,1281)
r(543,3,11,1283)
r(535,0,11,1283)
w(535,1,11,1283)
r(544,0,11,1283)
r(545,0,11,1283)
w(545,1,11,1283)
r(544,0,11,1283)
r(545,1,12,1285)
w(545,2,12,1285)
r(540,3,12,1285)
r(540,3,12,1285)
r(545,2,12,1285)
w(545,3,12,1285)
r(545,3,12,1285)
r(545,3,12,1285)
r(545,3,13,1287)
w(546,1,13,1287)
r(546,1,13,1287)
w(546,2,13,1287)
w(546,3,13,1287)
r(546,3,13,1287)
r(535,1,14,1289)
r(546,3,14,1289)
r(548,0,14,1289)
w(547,1,14,1289)
r(544,0,14,1289)
r(548,0,14,1289)
r(548,0,14,1289)
r(544,0,15,1291)
r(547,1,15,1291)
r(544,0,15,1291)
w(547,2,15,1291)
w(547,3,15,1291)
w(544,1,16,1293)
w(548,1,16,1293)
w(544,2,16,1293)
r(547,3,16,1293)
w(544,3,16,1293)
r(548,1,16,1293)
r(550,0,17,1295)
w(548,2,17,1295)
w(550,1,17,1295)
w(550,2,17,1295)
w(550,3,17,1295)
r(549,0,18,1297)
w(548,3,18,1297)
r(515,2,18,1297)
w(535,2,18,1297)
w(535,3,18,1297)
r(551,0,18,1297)
r(552,0,18,1297)
w(552,1,18,1297)
r(549,0,19,1299)
w(552,2,19,1299)
w(552,3,19,1299)
r(553,0,19,1299)
w(551,1,19,1299)
r(552,3,0,1301)
w(551,2,0,1301)
r(551,2,0,1301)
r(551,2,0,1301)
r(554,0,0,1301)
w(549,1,0,1301)
w(551,3,0,1303)
w(515,3,0,1303)
r(554,0,0,1303)
w(554,1,0,1303)
r(515,3,0,1303)
w(554,2,0,1303)
r(549,1,0,1303)
r(551,3,0,1303)
r(554,2,1,1305)
w(554,3,1,1305)
r(554,3,1,1305)
w(553,1,1,1305)
r(549,1,3,1308)
w(555,1,3,1308)
r(556,0,3,1308)
w(556,1,3,1308)
w(549,2,3,1308)
r(549,2,3,1308)
r(554,3,2,1309)
r(554,3,2,1309)
r(554,3,2,1309)
r(555,0,2,1309)
r(553,1,2,1309)
w(553,2,2,1309)
r(555,1,4,1311)
r(556,1,4,1311)
w(556,2,4,1311)
w(556,3,4,1311)
r(555,1,4,1311)
w(553,3,4,1311)
r(549,2,4,1311)
r(549,2,5,1313)
w(555,2,5,1313)
w(549,3,5,1313)
w(555,3,5,1313)
r(555,3,5,1313)
r(553,3,6,1315)
r(557,0,6,1315)
r(555,3,6,1315)
w(557,1,6,1315)
w(557,2,6,1315)
r(549,3,7,1317)
w(557,3,7,1317)
r(557,3,7,1317)
r(555,3,7,1317)
w(558,1,7,1317)
r(549,3,7,1317)
r(549,3,7,1317)
w(558,2,8,1319)
w(558,3,8,1319)
w(559,1,8,1319)
r(560,0,8,1319)
w(560,1,8,1319)
r(560,1,8,1319)
r(560,1,9,1321)
w(560,2,9,1321)
r(560,2,9,1321)
r(515,3,9,1321)
w(559,2,10,1323)
r(559,2,10,1323)
r(562,0,10,1323)
w(559,3,10,1323)
r(560,2,10,1323)
w(560,3,11,1325)
r(559,3,11,1325)
r(560,3,11,1325)
w(562,1,11,1325)
r(560,3,11,1325)
r(563,0,12,1327)
r(563,0,12,1327)
r(563,0,12,1327)
r(563,0,12,1327)
w(563,1,12,1327)
w(563,2,12,1327)
r(563,2,12,1327)
r(515,3,12,1327)
w(563,3,13,1329)
r(564,0,13,1329)
r(565,0,13,1329)
w(564,1,13,1329)
r(564,1,13,1329)
r(564,1,13,1329)
r(564,1,13,1329)
r(564,1,14,1331)
w(565,1,14,1331)
w(564,2,14,1331)
w(564,3,14,1331)
w(565,2,14,1331)
w(562,2,14,1331)
r(566,0,14,1331)
r(515,3,14,1331)
w(566,1,15,1333)
w(566,2,15,1333)
w(561,1,15,1333)
r(565,2,15,1333)
w(566,3,15,1333)
r(567,0,15,1333)
w(561,2,15,1333)
w(565,3,15,1333)
w(562,3,16,1335)
r(567,0,16,1335)
r(562,3,16,1335)
w(567,1,16,1335)
w(567,2,17,1337)
r(561,2,17,1337)
w(568,1,17,1337)
r(562,3,17,1337)
w(567,3,18,1339)
r(567,3,18,1339)
w(568,2,18,1339)
r(567,3,18,1339)
r(561,2,19,1341)
r(568,2,19,1341)
r(570,0,19,1341)
w(568,3,19,1341)
r(570,0,19,1341)
r(569,0,0,1343)
r(568,3,0,1343)
w(561,3,0,1343)
r(568,3,0,1343)
w(570,1,0,1343)
w(570,2,0,1343)
w(570,3,0,1343)
r(568,3,0,1343)
r(569,0,0,1345)
r(561,3,0,1345)
r(571,0,0,1345)
w(571,1,0,1345)
w(571,2,0,1345)
r(571,2,0,1345)
w(571,3,0,1345)
r(571,3,1,1347)
r(569,0,1,1347)
r(571,3,1,1347)
w(569,1,1,1347)
r(572,0,1,1347)
r(571,3,2,1349)
r(572,0,2,1349)
r(572,0,2,1349)
r(572,0,2,1349)
r(569,1,2,1349)
w(569,2,2,1349)
r(572,0,3,1351)
w(572,1,3,1351)
r(573,0,3,1351)
r(572,1,3,1351)
r(572,1,3,1351)
w(573,1,4,1353)
w(574,1,4,1353)
w(569,3,4,1353)
w(574,2,4,1353)
w(572,2,4,1353)
w(572,3,4,1353)
w(574,3,5,1355)
r(573,1,5,1355)
r(575,0,5,1355)
r(572,3,5,1355)
r(515,3,6,1357)
r(576,0,6,1357)
r(573,1,6,1357)
r(575,0,6,1357)
r(576,0,6,1357)
r(575,0,6,1357)
r(573,1,6,1357)
w(577,1,6,1357)
w(576,1,7,1359)
r(576,1,7,1359)
w(577,2,7,1359)
r(575,0,7,1359)
r(577,2,7,1359)
w(575,1,7,1359)
r(576,1,7,1359)
r(575,1,8,1361)
w(576,2,8,1361)
r(575,1,8,1361)
w(577,3,8,1361)
r(576,2,8,1361)
r(576,2,9,1363)
w(578,1,9,1363)
r(577,3,9,1363)
w(576,3,9,1363)
r(573,1,9,1363)
r(576,3,10,1365)
r(576,3,10,1365)
r(573,1,10,1365)
r(579,0,10,1365)
r(575,1,10,1365)
w(579,1,10,1365)
w(579,2,10,1365)
r(573,1,10,1365)
w(579,3,11,1367)
r(579,3,11,1367)
w(580,1,11,1367)
w(573,2,11,1367)
r(580,1,12,1369)
w(581,1,12,1369)
w(575,2,12,1369)
r(580,1,12,1369)
r(573,2,12,1369)
r(580,1,13,1371)
r(581,1,13,1371)
w(581,2,13,1371)
w(581,3,13,1371)
w(573,3,13,1371)
r(582,0,14,1373)
w(575,3,14,1373)
w(582,1,14,1373)
r(582,1,14,1373)
w(580,2,14,1373)
r(580,2,14,1373)
r(582,1,14,1373)
w(580,3,14,1373)
r(580,3,15,1375)
r(580,3,15,1375)
r(582,1,15,1375)
r(583,0,15,1375)
r(582,1,16,1377)
r(583,0,16,1377)
w(582,2,16,1377)
w(582,3,16,1377)
w(584,1,17,1379)
r(584,1,17,1379)
r(584,1,17,1379)
w(584,2,17,1379)
w(584,3,17,1379)
w(585,1,17,1379)
r(584,3,17,1379)
r(578,1,18,1381)
w(585,2,18,1381)
r(583,0,18,1381)
w(583,1,18,1381)
r(585,2,19,1383)
w(587,1,19,1383)
r(583,1,19,1383)
w(583,2,19,1383)
w(585,3,19,1383)
w(583,3,19,1383)
r(585,3,0,1385)
r(587,1,0,1385)
r(588,0,0,1385)
w(586,1,0,1385)
w(587,2,0,1387)
r(588,0,0,1387)
w(587,3,0,1387)
r(578,1,0,1387)
w(589,1,0,1387)
w(590,1,0,1387)
r(589,1,0,1387)
r(589,1,0,1387)
w(589,2,1,1389)
w(589,3,1,1389)
r(590,1,1,1389)
r(589,3,1,1389)
r(588,0,2,1391)
w(588,1,2,1391)
w(588,2,2,1391)
w(590,2,2,1391)
w(588,3,2,1391)
r(588,3,2,1391)
r(588,3,3,1393)
w(592,1,3,1393)
w(591,1,3,1393)
w(578,2,3,1393)
w(592,2,4,1395)
w(592,3,4,1395)
w(593,1,4,1395)
r(593,1,4,1395)
r(590,2,4,1395)
r(591,1,4,1395)
r(586,1,4,1395)
w(586,2,4,1395)
r(593,1,5,1397)
w(593,2,5,1397)
w(593,3,5,1397)
w(590,3,5,1397)
w(594,1,6,1400)
r(590,3,6,1400)
w(594,2,6,1400)
w(594,3,6,1400)
r(586,2,6,1400)
w(591,2,6,1400)
r(590,3,7,1401)
r(591,1,7,1401)
w(586,3,7,1401)
r(595,0,7,1401)
r(595,0,7,1401)
r(591,1,7,1401)
r(590,3,8,1403)
w(595,1,8,1403)
w(595,2,8,1403)
w(591,3,8,1403)
r(591,3,9,1405)
w(595,3,9,1405)
w(597,1,9,1405)
w(598,1,9,1405)
w(596,1,9,1405)
w(596,2,9,1405)
r(598,1,9,1405)
w(598,2,9,1405)
r(598,2,10,1407)
w(597,2,10,1407)
w(596,3,10,1407)
w(597,3,10,1407)
r(598,2,10,1407)
r(598,2,10,1407)
r(597,3,10,1407)
r(596,3,10,1407)
w(578,3,11,1409)
r(600,0,11,1409)
w(600,1,11,1409)
r(600,1,11,1409)
w(600,2,12,1411)
w(598,3,12,1411)
r(600,2,12,1411)
r(600,2,12,1411)
r(600,2,12,1411)
w(601,1,12,1411)
w(600,3,12,1411)
r(598,3,13,1413)
w(601,2,13,1413)
r(598,3,13,1413)
w(602,1,13,1413)
r(602,1,13,1413)
r(599,0,14,1415)
r(598,3,14,1415)
r(601,2,14,1415)
w(601,3,14,1415)
w(603,1,14,1415)
r(602,1,15,1417)
w(603,2,15,1417)
r(578,3,15,1417)
r(602,1,15,1417)
w(599,1,15,1417)
w(602,2,16,1419)
r(602,2,16,1419)
r(601,3,16,1419)
r(601,3,16,1419)
w(603,3,17,1421)
r(601,3,17,1421)
r(602,2,17,1421)
r(601,3,17,1421)
w(602,3,17,1421)
w(604,1,17,1421)
r(604,1,17,1421)
r(601,3,18,1423)
r(602,3,18,1423)
r(602,3,18,1423)
w(604,2,18,1423)
w(605,1,18,1423)
r(605,1,19,1425)
r(605,1,19,1425)
r(606,0,19,1425)
w(605,2,19,1425)
w(604,3,0,1428)
r(605,2,0,1428)
w(606,1,0,1428)
r(606,1,0,1428)
r(599,1,0,1428)
w(608,1,0,1428)
r(606,1,0,1428)
r(608,1,1,1429)
w(605,3,1,1429)
w(609,1,1,1429)
w(609,2,1,1429)
w(609,3,1,1429)
r(606,1,1,1431)
r(608,1,1,1431)
w(599,2,1,1431)
w(610,1,1,1431)
r(610,1,1,1431)
r(606,1,1,1431)
w(610,2,1,1431)
w(606,2,2,1433)
w(606,3,2,1433)
w(610,3,2,1433)
w(607,1,2,1433)
r(606,3,2,1433)
r(608,1,3,1435)
r(611,0,3,1435)
w(611,1,3,1435)
r(608,1,3,1435)
r(611,1,4,1437)
r(608,1,4,1437)
r(611,1,4,1437)
r(608,1,4,1437)
w(611,2,4,1437)
w(611,3,4,1437)
r(606,3,5,1439)
w(608,2,5,1439)
w(612,1,5,1439)
w(608,3,5,1439)
w(612,2,5,1439)
r(612,2,6,1441)
w(612,3,6,1441)
w(613,1,6,1441)
r(612,3,6,1441)
r(613,1,6,1441)
w(613,2,6,1441)
r(613,2,7,1443)
r(614,0,7,1443)
r(614,0,7,1443)
r(613,2,7,1443)
w(613,3,7,1443)
w(614,2,9,1447)
w(615,1,9,1447)
r(614,2,9,1447)
w(614,3,9,1447)
w(616,1,9,1447)
w(616,2,9,1447)
r(616,2,9,1447)
r(616,2,9,1447)
w(615,2,10,1449)
r(606,3,10,1449)
w(617,1,10,1449)
w(615,3,10,1449)
r(615,3,10,1449)
r(616,2,10,1449)
r(617,1,10,1449)
r(617,1,10,1449)
r(606,3,11,1451)
r(616,2,11,1451)
w(616,3,11,1451)
r(616,3,11,1451)
r(615,3,11,1451)
r(616,3,11,1451)
w(618,1,12,1453)
w(618,2,12,1453)
w(619,1,12,1453)
r(619,1,12,1453)
w(619,2,13,1455)
r(618,2,13,1455)
r(619,2,13,1455)
w(619,3,13,1455)
w(620,1,13,1455)
w(618,3,13,1455)
r(606,3,13,1455)
w(620,2,13,1455)
w(620,3,14,1457)
r(621,0,14,1457)
w(617,2,14,1457)
r(622,0,14,1457)
r(621,0,14,1457)
r(622,0,15,1459)
r(621,0,15,1459)
r(622,0,15,1459)
r(622,0,15,1459)
r(621,0,15,1459)
w(621,1,16,1461)
r(622,0,16,1461)
r(621,1,16,1461)
r(623,0,16,1461)
r(622,0,16,1461)
r(623,0,16,1461)
w(623,1,17,1463)
r(623,1,17,1463)
w(621,2,17,1463)
r(622,0,17,1463)
r(621,2,17,1463)
r(622,0,18,1465)
w(623,2,18,1465)
r(623,2,18,1465)
w(622,1,18,1465)
r(617,2,18,1465)
w(623,3,19,1467)
w(622,2,19,1467)
w(622,3,19,1467)
r(623,3,19,1467)
w(607,2,19,1467)
r(607,2,19,1467)
w(621,3,19,1467)
w(625,1,19,1467)
w(624,1,0,1469)
w(625,2,0,1469)
r(625,2,0,1469)
w(625,3,0,1469)
r(624,1,0,1471)
r(617,2,0,1471)
r(624,1,0,1471)
r(624,1,0,1471)
w(624,2,0,1471)
w(624,3,1,1473)
r(624,3,1,1473)
r(617,2,1,1473)
r(627,0,1,1473)
r(627,0,2,1475)
w(627,1,2,1475)
w(626,1,2,1475)
r(626,1,2,1475)
r(626,1,2,1475)
r(626,1,2,1475)
w(626,2,2,1475)
r(623,3,2,1475)
r(627,1,3,1477)
w(627,2,3,1477)
r(627,2,3,1477)
w(627,3,3,1477)
w(626,3,3,1477)
r(628,0,3,1477)
r(628,0,4,1479)
r(623,3,4,1479)
w(628,1,4,1479)
r(628,1,4,1479)
r(629,0,4,1479)
r(628,1,4,1479)
w(628,2,4,1479)
r(623,3,5,1481)
r(628,2,5,1481)
r(607,2,5,1481)
r(629,0,5,1481)
w(630,1,5,1481)
r(628,2,5,1481)
w(628,3,5,1481)
r(607,2,6,1483)
r(628,3,6,1483)
r(628,3,6,1483)
r(630,1,6,1483)
w(630,2,6,1483)
w(629,1,6,1483)
w(631,1,7,1485)
r(629,1,7,1485)
r(607,2,7,1485)
w(631,2,7,1485)
r(631,2,7,1485)
w(631,3,7,1485)
r(631,3,8,1487)
r(629,1,8,1487)
r(630,2,8,1487)
r(629,1,8,1487)
w(629,2,8,1487)
r(632,0,8,1487)
r(632,0,8,1487)
w(632,1,8,1487)
r(607,2,9,1489)
w(632,2,9,1489)
r(632,2,9,1489)
r(629,2,9,1489)
r(632,2,9,1489)
w(632,3,9,1489)
r(629,2,10,1491)
w(617,3,10,1491)
r(629,2,10,1491)
r(629,2,10,1491)
w(630,3,10,1491)
r(632,3,10,1491)
r(629,2,10,1491)
r(629,2,11,1493)
w(633,1,11,1493)
w(633,2,11,1493)
r(633,2,11,1493)
r(633,2,11,1493)
w(607,3,11,1493)
r(629,2,11,1493)
w(629,3,11,1493)
r(633,2,12,1495)
r(633,2,12,1495)
r(633,2,12,1495)
r(633,2,12,1495)
w(635,1,12,1495)
r(633,2,13,1497)
r(635,1,13,1497)
w(635,2,13,1497)
r(607,3,13,1497)
w(634,1,14,1499)
w(635,3,14,1499)
w(633,3,14,1499)
r(633,3,14,1499)
r(633,3,14,1499)
r(637,0,15,1501)
r(633,3,15,1501)
w(637,1,15,1501)
r(638,0,15,1501)
r(639,0,15,1501)
w(638,1,15,1501)
w(638,2,16,1503)
r(639,0,16,1503)
r(637,1,16,1503)
w(636,1,16,1503)
r(637,1,16,1503)
w(638,3,16,1503)
r(639,0,16,1503)
r(636,1,16,1503)
r(638,3,17,1505)
r(638,3,17,1505)
w(639,1,17,1505)
r(640,0,17,1505)
r(634,1,17,1505)
r(640,0,17,1505)
w(639,2,18,1507)
w(637,2,18,1507)
r(634,1,18,1507)
w(640,1,18,1507)
w(640,2,18,1507)
r(640,2,18,1507)
r(640,2,18,1507)
r(640,2,18,1507)
r(640,2,19,1509)
w(639,3,19,1509)
r(640,2,19,1509)
w(640,3,19,1509)
r(639,3,0,1511)
w(637,3,0,1511)
w(642,1,0,1511)
w(641,1,0,1511)
r(642,1,0,1511)
r(642,1,0,1513)
r(642,1,0,1513)
w(634,2,0,1513)
w(642,2,0,1513)
w(642,3,1,1515)
r(641,1,1,1515)
r(643,0,1,1515)
r(637,3,1,1515)
r(643,0,1,1515)
r(643,0,2,1517)
w(634,3,2,1517)
r(643,0,2,1517)
w(643,1,2,1517)
w(643,2,2,1517)
w(643,3,2,1517)
r(643,3,2,1517)
r(641,1,2,1517)
r(641,1,3,1519)
r(643,3,3,1519)
w(641,2,3,1519)
w(641,3,3,1519)
w(645,1,3,1519)
r(645,1,3,1519)
r(645,1,3,1519)
w(645,2,3,1519)
w(645,3,4,1521)
r(644,0,4,1521)
r(641,3,4,1521)
r(645,3,4,1521)
r(645,3,4,1521)
w(646,1,4,1521)
r(637,3,4,1521)
r(641,3,4,1521)
w(646,2,5,1523)
w(636,2,5,1523)
w(646,3,5,1523)
r(641,3,5,1523)
r(646,3,6,1525)
r(646,3,6,1525)
r(637,3,6,1525)
r(637,3,6,1525)
r(646,3,6,1525)
r(648,0,6,1525)
r(647,0,7,1527)
r(648,0,7,1527)
r(644,0,7,1527)
r(648,0,7,1527)
w(647,1,7,1527)
r(647,1,8,1529)
r(647,1,8,1529)
w(647,2,8,1529)
r(647,2,8,1529)
r(648,0,8,1529)
w(647,3,8,1529)
r(647,3,8,1529)
r(648,0,8,1529)
r(648,0,9,1531)
w(648,1,9,1531)
r(637,3,9,1531)
r(648,1,9,1531)
w(644,1,9,1531)
r(649,0,10,1533)
r(649,0,10,1533)
r(648,1,10,1533)
r(649,0,10,1533)
w(649,1,10,1533)
r(650,0,10,1533)
r(649,1,11,1535)
r(648,1,11,1535)
w(649,2,11,1535)
r(649,2,11,1535)
w(648,2,11,1535)
r(649,2,11,1535)
r(644,1,11,1535)
r(649,2,11,1535)
w(649,3,12,1537)
r(651,0,12,1537)
w(650,1,12,1537)
r(651,0,12,1537)
r(648,2,12,1537)
w(651,1,12,1537)
w(651,2,12,1537)
r(651,2,12,1537)
w(636,3,13,1539)
r(651,2,13,1539)
w(648,3,13,1539)
r(644,1,13,1539)
w(651,3,13,1539)
w(650,2,14,1541)
w(644,2,14,1541)
r(650,2,14,1541)
r(644,2,14,1541)
r(648,3,14,1541)
r(651,3,14,1541)
r(652,0,14,1541)
r(650,2,15,1543)
w(650,3,15,1543)
r(652,0,15,1543)
r(653,0,15,1543)
r(653,0,15,1543)
w(652,1,15,1543)
r(636,3,15,1543)
w(653,1,15,1543)
w(653,2,16,1545)
w(653,3,16,1545)
r(652,1,16,1545)
r(654,0,16,1545)
r(652,1,17,1547)
r(652,1,17,1547)
r(654,0,17,1547)
r(654,0,17,1547)
w(654,1,17,1547)
r(644,2,17,1547)
w(652,2,17,1547)
r(652,2,17,1547)
r(636,3,18,1549)
w(654,2,18,1549)
w(654,3,18,1549)
r(655,0,18,1549)
w(644,3,18,1549)
w(652,3,18,1549)
w(658,1,0,1552)
w(655,2,0,1552)
w(658,2,0,1552)
r(656,0,0,1552)
w(655,3,0,1555)
r(655,3,0,1555)
r(657,0,0,1555)
w(659,1,0,1555)
w(658,3,0,1555)
r(658,3,0,1555)
w(657,1,0,1555)
w(657,2,1,1557)
w(657,3,1,1557)
w(660,1,1,1557)
r(659,1,1,1557)
r(659,1,1,1557)
r(661,0,2,1559)
r(636,3,2,1559)
w(659,2,2,1559)
w(659,3,2,1559)
r(659,3,3,1561)
w(661,1,3,1561)
r(660,1,3,1561)
r(656,0,3,1561)
r(662,0,3,1561)
r(662,0,4,1563)
r(636,3,4,1563)
w(662,1,4,1563)
w(662,2,4,1563)
r(660,1,4,1563)
w(661,2,4,1563)
w(660,2,4,1563)
r(662,2,4,1563)
w(660,3,5,1565)
w(661,3,5,1565)
r(662,2,5,1565)
r(662,2,5,1565)
r(662,2,5,1565)
w(662,3,5,1565)
r(664,0,6,1567)
r(662,3,6,1567)
w(664,1,6,1567)
w(663,1,6,1567)
r(663,1,6,1567)
r(656,0,7,1569)
r(665,0,7,1569)
w(663,2,7,1569)
r(665,0,7,1569)
r(664,1,8,1571)
w(665,1,8,1571)
r(665,1,8,1571)
r(656,0,8,1571)
w(664,2,9,1573)
r(665,1,9,1573)
w(664,3,9,1573)
r(664,3,9,1573)
r(664,3,9,1573)
w(665,2,9,1573)
r(663,2,9,1573)
w(663,3,9,1573)
r(665,2,10,1575)
r(663,3,10,1575)
w(665,3,10,1575)
r(668,0,10,1575)
r(668,0,10,1575)
r(663,3,10,1575)
r(668,0,10,1575)
r(656,0,11,1577)
r(667,0,11,1577)
r(667,0,11,1577)
w(668,1,11,1577)
r(668,1,11,1577)
w(669,1,11,1577)
w(669,2,11,1577)
w(668,2,12,1579)
r(668,2,12,1579)
w(656,1,12,1579)
w(668,3,12,1579)
r(668,3,13,1581)
r(667,0,13,1581)
r(668,3,13,1581)
r(668,3,13,1581)
w(667,1,13,1581)
r(668,3,14,1583)
r(669,2,14,1583)
w(669,3,14,1583)
w(667,2,14,1583)
w(667,3,14,1583)
w(670,1,14,1583)
r(667,3,14,1583)
r(667,3,14,1583)
r(670,1,15,1585)
w(670,2,15,1585)
r(670,2,15,1585)
w(671,1,15,1585)
w(670,3,15,1585)
r(673,0,15,1585)
w(673,1,15,1585)
w(672,1,15,1585)
r(671,1,16,1587)
r(671,1,16,1587)
r(672,1,16,1587)
r(673,1,16,1587)
w(672,2,16,1587)
w(656,2,16,1587)
w(673,2,17,1589)
r(656,2,17,1589)
r(673,2,17,1589)
r(656,2,17,1589)
w(672,3,17,1589)
w(673,3,17,1589)
r(673,3,17,1589)
r(672,3,17,1589)
r(673,3,18,1591)
r(673,3,18,1591)
w(671,2,18,1591)
r(675,0,18,1591)
w(674,1,18,1591)
r(674,1,19,1593)
r(674,1,19,1593)
r(671,2,19,1593)
w(656,3,19,1593)
w(671,3,19,1593)
r(674,1,19,1593)
r(675,0,19,1593)
w(674,2,19,1593)
r(675,0,0,1595)
w(675,1,0,1595)
w(675,2,0,1595)
r(671,3,0,1595)
w(674,3,0,1595)
r(676,0,0,1595)
r(676,0,0,1597)
r(671,3,0,1597)
r(675,2,0,1597)
r(675,2,0,1597)
r(675,2,0,1597)
r(656,3,1,1599)
r(675,2,1,1599)
r(666,0,1,1599)
r(677,0,1,1599)
r(675,2,1,1599)
r(676,0,1,1599)
r(656,3,2,1601)
w(675,3,2,1601)
r(678,0,2,1601)
r(678,0,2,1601)
r(676,0,2,1601)
w(678,1,2,1601)
w(678,2,2,1601)
r(678,2,3,1603)
w(678,3,3,1603)
r(678,3,3,1603)
r(678,3,3,1603)
r(676,0,3,1603)
r(679,0,3,1603)
w(679,1,3,1603)
w(679,2,4,1605)
r(679,2,4,1605)
r(676,0,4,1605)
w(679,3,4,1605)
r(676,0,4,1605)
w(676,1,4,1605)
r(677,0,4,1605)
r(680,0,5,1607)
w(680,1,5,1607)
r(677,0,5,1607)
r(677,0,5,1607)
r(676,1,5,1607)
r(676,1,5,1607)
w(676,2,5,1607)
r(676,2,5,1607)
r(676,2,6,1609)
r(680,1,6,1609)
w(677,1,6,1609)
r(676,2,6,1609)
w(681,1,6,1609)
r(681,1,6,1609)
w(676,3,6,1609)
r(676,3,7,1611)
r(680,1,7,1611)
w(680,2,7,1611)
r(680,2,7,1611)
r(680,2,8,1613)
r(680,2,8,1613)
w(677,2,8,1613)
r(680,2,8,1613)
w(680,3,8,1613)
w(677,3,8,1613)
w(684,1,9,1615)
w(681,2,9,1615)
w(666,1,9,1615)
r(684,1,9,1615)
w(684,2,9,1615)
r(684,2,9,1615)
w(684,3,9,1615)
w(685,1,10,1617)
w(681,3,10,1617)
r(685,1,10,1617)
w(685,2,10,1617)
r(682,0,11,1619)
w(685,3,11,1619)
r(685,3,11,1619)
w(666,2,11,1619)
w(683,1,11,1619)
w(686,1,12,1621)
w(686,2,12,1621)
w(686,3,12,1621)
r(686,3,12,1621)
r(682,0,12,1621)
r(687,0,12,1621)
w(687,1,12,1621)
w(687,2,12,1621)
w(687,3,13,1623)
r(687,3,13,1623)
r(687,3,13,1623)
r(682,0,13,1623)
w(688,1,13,1623)
w(682,1,13,1623)
w(688,2,13,1623)
r(682,1,14,1625)
w(682,2,14,1625)
w(682,3,14,1625)
r(688,2,14,1625)
r(682,3,14,1625)
r(688,2,14,1625)
r(683,1,14,1625)
r(688,2,14,1625)
w(688,3,15,1627)
w(689,1,15,1627)
w(690,1,15,1627)
r(681,3,15,1627)
w(690,2,15,1627)
r(690,2,16,1629)
r(689,1,16,1629)
r(689,1,16,1629)
r(683,1,16,1629)
w(683,2,16,1629)
r(690,2,16,1629)
r(689,1,17,1631)
w(690,3,17,1631)
r(683,2,17,1631)
r(690,3,17,1631)
w(683,3,17,1631)
r(689,1,17,1631)
r(681,3,17,1631)
w(689,2,18,1633)
r(683,3,18,1633)
r(689,2,18,1633)
r(689,2,18,1633)
w(689,3,18,1633)
w(691,1,18,1633)
r(689,3,18,1633)
w(691,2,18,1633)
r(691,2,19,1635)
r(691,2,19,1635)
r(691,2,19,1635)
r(692,0,19,1635)
r(681,3,19,1635)
w(693,1,19,1635)
w(693,2,0,1637)
w(691,3,0,1637)
r(694,0,0,1637)
r(694,0,0,1637)
w(693,3,0,1637)
r(694,0,0,1639)
r(693,3,0,1639)
w(692,1,0,1639)
w(694,1,0,1639)
r(692,1,0,1639)
w(694,2,0,1639)
r(692,1,0,1639)
w(666,3,0,1639)
r(695,0,1,1641)
w(695,1,1,1641)
w(694,3,1,1641)
r(695,1,1,1641)
r(694,3,1,1641)
w(695,2,1,1641)
r(697,0,1,1641)
w(695,3,2,1643)
w(692,2,2,1643)
w(697,1,2,1643)
r(695,3,2,1643)
r(695,3,2,1643)
r(695,3,2,1643)
r(692,2,2,1643)
r(697,1,2,1643)
r(697,1,3,1645)
r(698,0,3,1645)
r(697,1,3,1645)
r(697,1,3,1645)
w(698,1,3,1645)
r(697,1,3,1645)
r(698,1,3,1645)
r(692,2,3,1645)
r(697,1,4,1647)
w(698,2,4,1647)
w(697,2,4,1647)
r(696,0,4,1647)
w(698,3,5,1649)
r(698,3,5,1649)
r(698,3,5,1649)
r(697,2,5,1649)
r(692,2,6,1651)
w(697,3,6,1651)
w(696,1,6,1651)
r(692,2,6,1651)
r(696,1,6,1651)
w(699,1,7,1653)
r(700,0,7,1653)
r(700,0,7,1653)
r(699,1,7,1653)
r(700,0,7,1653)
r(700,0,7,1653)
w(692,3,7,1653)
w(699,2,7,1653)
r(700,0,8,1655)
r(699,2,8,1655)
w(700,1,8,1655)
r(700,1,8,1655)
r(700,1,9,1657)
r(696,1,9,1657)
w(699,3,9,1657)
r(699,3,9,1657)
r(700,1,9,1657)
r(700,1,10,1659)
r(701,0,10,1659)
w(700,2,10,1659)
w(700,3,10,1659)
r(696,1,10,1659)
r(701,0,10,1659)
r(702,0,11,1661)
w(701,1,11,1661)
w(703,1,11,1661)
r(696,1,11,1661)
w(702,1,11,1661)
r(703,1,11,1661)
r(702,1,12,1663)
r(703,1,12,1663)
w(702,2,12,1663)
w(703,2,12,1663)
w(702,3,12,1663)
r(702,3,13,1665)
w(704,1,13,1665)
r(704,1,13,1665)
r(703,2,13,1665)
w(703,3,13,1665)
r(704,1,13,1665)
r(704,1,13,1665)
w(701,2,13,1665)
r(704,1,14,1667)
r(703,3,14,1667)
r(696,1,14,1667)
w(704,2,14,1667)
r(704,2,15,1669)
w(705,1,15,1669)
w(705,2,15,1669)
r(704,2,15,1669)
r(696,1,15,1669)
w(701,3,16,1671)
r(705,2,16,1671)
w(704,3,16,1671)
r(666,3,16,1671)
r(706,0,16,1671)
r(666,3,17,1673)
w(706,1,17,1673)
r(701,3,17,1673)
r(706,1,17,1673)
r(705,2,17,1673)
r(708,0,17,1673)
w(705,3,18,1675)
r(706,1,18,1675)
r(706,1,18,1675)
r(708,0,18,1675)
r(708,0,18,1675)
w(706,2,18,1675)
r(705,3,19,1677)
w(706,3,19,1677)
r(706,3,19,1677)
w(710,1,19,1677)
r(710,1,19,1677)
r(709,0,0,1679)
r(710,1,0,1679)
r(709,0,0,1679)
w(710,2,0,1679)
r(707,0,0,1679)
w(708,1,0,1679)
r(709,0,0,1679)
r(710,2,0,1681)
r(710,2,0,1681)
w(709,1,0,1681)
w(710,3,0,1681)
r(709,1,0,1681)
w(711,1,1,1683)
w(696,2,1,1683)
w(709,2,1,1683)
r(709,2,1,1683)
r(709,2,1,1683)
r(711,1,1,1683)
w(708,2,1,1683)
w(711,2,2,1685)
r(696,2,2,1685)
r(708,2,2,1685)
r(708,2,2,1685)
r(708,2,2,1685)
w(708,3,2,1685)
r(711,2,3,1687)
w(709,3,3,1687)
r(711,2,3,1687)
w(711,3,3,1687)
r(709,3,3,1687)
r(709,3,3,1687)
r(712,0,4,1689)
w(712,1,4,1689)
w(712,2,4,1689)
r(708,3,4,1689)
w(712,3,5,1691)
r(708,3,5,1691)
r(712,3,5,1691)
r(708,3,5,1691)
w(714,1,5,1691)
w(714,2,5,1691)
r(714,2,6,1693)
r(714,2,6,1693)
r(714,2,6,1693)
r(708,3,6,1693)
w(714,3,6,1693)
w(715,1,6,1693)
w(715,2,6,1693)
r(715,2,6,1693)
r(708,3,7,1695)
w(715,3,7,1695)
w(716,1,7,1695)
r(713,0,7,1695)
r(713,0,7,1695)
w(713,1,7,1695)
w(716,2,7,1695)
r(716,2,8,1697)
r(708,3,8,1697)
r(716,2,8,1697)
w(716,3,8,1697)
r(716,3,8,1697)
w(717,1,8,1697)
r(717,1,8,1697)
w(713,2,8,1697)
r(716,3,9,1699)
r(696,2,9,1699)
r(716,3,9,1699)
r(713,2,9,1699)
w(718,1,9,1699)
r(718,1,9,1699)
w(696,3,10,1701)
r(718,1,10,1701)
r(718,1,10,1701)
w(717,2,10,1701)
r(718,1,10,1701)
w(718,2,10,1701)
w(717,3,11,1703)
w(713,3,11,1703)
r(696,3,11,1703)
r(718,2,11,1703)
w(719,1,11,1703)
r(713,3,11,1703)
w(720,2,13,1706)
w(720,3,13,1706)
r(720,3,13,1706)
r(720,3,13,1706)
r(721,0,13,1706)
w(722,1,13,1706)
w(723,1,14,1709)
r(722,1,14,1709)
w(722,2,14,1709)
r(721,0,14,1709)
r(721,0,14,1709)
w(721,1,15,1711)
w(722,3,15,1711)
w(719,2,15,1711)
r(723,1,15,1711)
r(723,1,15,1711)
r(721,1,15,1711)
r(723,1,16,1713)
r(723,1,16,1713)
r(721,1,16,1713)
r(722,3,16,1713)
r(722,3,16,1713)
w(723,2,16,1713)
r(721,1,17,1716)
r(723,2,17,1716)
r(722,3,17,1716)
w(723,3,17,1716)
r(723,3,17,1716)
r(724,0,17,1716)
w(719,3,18,1717)
r(721,1,18,1717)
r(723,2,18,1717)
r(723,2,18,1717)
r(724,0,18,1717)
w(725,1,19,1719)
r(725,1,19,1719)
w(724,1,19,1719)
r(724,1,19,1719)
w(725,2,19,1719)
w(725,3,0,1721)
r(707,0,0,1721)
w(721,2,0,1721)
w(727,1,0,1721)
w(727,2,0,1721)
r(726,0,0,1721)
w(727,3,0,1721)
w(724,2,0,1721)
r(721,2,0,1723)
r(728,0,0,1723)
r(724,2,0,1723)
w(728,1,0,1723)
w(707,1,0,1723)
w(724,3,1,1725)
w(707,2,1,1725)
r(724,3,1,1725)
w(728,2,1,1725)
r(724,3,1,1725)
r(724,3,1,1725)
r(721,2,2,1727)
w(728,3,2,1727)
r(721,2,2,1727)
r(721,2,2,1727)
r(728,3,2,1727)
w(726,1,2,1727)
w(730,1,2,1727)
r(721,2,3,1729)
w(726,2,3,1729)
r(730,1,3,1729)
r(729,0,3,1729)
w(730,2,4,1731)
w(729,1,4,1731)
w(730,3,4,1731)
r(721,2,4,1731)
r(731,0,4,1731)
w(731,1,4,1731)
r(731,1,5,1733)
w(729,2,5,1733)
w(726,3,5,1733)
w(731,2,5,1733)
w(707,3,5,1733)
w(731,3,5,1733)
r(726,3,6,1735)
r(731,3,6,1735)
r(731,3,6,1735)
r(721,2,6,1735)
w(721,3,7,1737)
w(729,3,7,1737)
r(731,3,7,1737)
r(731,3,7,1737)
r(729,3,7,1737)
r(733,0,8,1739)
r(731,3,8,1739)
r(729,3,8,1739)
r(734,0,8,1739)
w(734,1,8,1739)
w(734,2,8,1739)
w(734,3,8,1739)
w(735,1,8,1739)
w(735,2,9,1741)
r(735,2,9,1741)
r(733,0,9,1741)
w(733,1,9,1741)
r(733,1,9,1741)
r(735,2,9,1741)
r(735,2,9,1741)
r(729,3,9,1741)
w(735,3,10,1743)
r(736,0,10,1743)
w(737,1,10,1743)
w(737,2,10,1743)
r(737,2,10,1743)
r(726,3,10,1743)
r(736,0,10,1743)
r(737,2,11,1745)
r(737,2,11,1745)
w(737,3,11,1745)
r(733,1,11,1745)
r(733,1,11,1745)
r(737,3,11,1745)
r(737,3,11,1745)
r(736,0,11,1745)
w(736,1,12,1747)
r(736,1,12,1747)
r(738,0,12,1747)
r(738,0,12,1747)
r(738,0,13,1749)
r(738,0,13,1749)
w(738,1,13,1749)
w(738,2,13,1749)
w(738,3,13,1749)
w(732,1,13,1749)
w(733,2,14,1751)
w(736,2,14,1751)
r(726,3,14,1751)
w(736,3,14,1751)
w(740,1,15,1753)
r(739,0,15,1753)
w(740,2,15,1753)
w(739,1,15,1753)
w(733,3,15,1753)
r(740,2,15,1753)
w(741,1,16,1755)
w(741,2,16,1755)
r(740,2,16,1755)
r(739,1,16,1755)
w(740,3,16,1755)
r(739,1,16,1755)
r(739,1,16,1755)
w(742,1,17,1757)
r(739,1,17,1757)
r(739,1,17,1757)
w(739,2,17,1757)
r(742,1,18,1759)
r(743,0,18,1759)
w(739,3,18,1759)
r(739,3,18,1759)
r(743,0,18,1759)
w(743,1,18,1759)
w(743,2,18,1759)
r(743,2,18,1759)
r(744,0,19,1761)
w(741,3,19,1761)
r(743,2,19,1761)
w(744,1,19,1761)
r(745,0,19,1761)
w(743,3,19,1761)
r(744,1,19,1761)
w(745,1,19,1761)
w(745,2,0,1763)
w(744,2,0,1763)
w(744,3,0,1763)
w(746,1,0,1763)
r(747,0,0,1765)
w(747,1,0,1765)
w(745,3,0,1765)
w(747,2,0,1765)
r(745,3,1,1768)
r(746,1,1,1768)
r(747,2,1,1768)
w(746,2,1,1768)
w(747,3,1,1768)
r(748,0,3,1771)
w(748,1,3,1771)
w(748,2,3,1771)
w(748,3,3,1771)
r(750,0,4,1773)
w(749,1,4,1773)
w(749,2,4,1773)
r(750,0,4,1773)
w(750,1,4,1773)
w(749,3,4,1773)
r(750,1,4,1773)
w(742,2,4,1773)
w(750,2,5,1775)
w(750,3,5,1775)
r(752,0,5,1775)
r(752,0,5,1775)
w(752,1,6,1777)
r(752,1,6,1777)
w(752,2,6,1777)
r(752,2,6,1777)
r(752,2,6,1777)
w(752,3,6,1777)
w(751,1,6,1777)
r(754,0,7,1779)
w(754,1,7,1779)
r(754,1,7,1779)
r(754,1,7,1779)
r(754,1,7,1779)
r(754,1,8,1781)
w(753,1,8,1781)
w(753,2,8,1781)
r(754,1,8,1781)
r(754,1,8,1781)
r(754,1,9,1783)
r(754,1,9,1783)
w(754,2,9,1783)
r(751,1,9,1783)
w(754,3,9,1783)
w(755,1,10,1785)
r(755,1,10,1785)
w(751,2,10,1785)
w(753,3,10,1785)
w(742,3,10,1785)
w(751,3,10,1785)
w(755,2,11,1787)
r(755,2,11,1787)
w(732,2,11,1787)
r(756,0,11,1787)
r(742,3,11,1787)
w(756,1,11,1787)
r(742,3,11,1787)
w(756,2,11,1787)
r(756,2,12,1789)
w(755,3,12,1789)
r(755,3,12,1789)
w(732,3,12,1789)
r(756,2,12,1789)
w(757,1,12,1789)
r(757,1,12,1789)
r(756,2,13,1791)
w(757,2,13,1791)
w(757,3,13,1791)
w(756,3,13,1791)
r(756,3,13,1791)
w(759,1,13,1791)
r(753,3,13,1791)
w(759,2,14,1793)
r(758,0,14,1793)
r(759,2,14,1793)
r(759,2,14,1793)
r(759,2,14,1793)
w(759,3,14,1793)
w(760,1,14,1793)
r(761,0,14,1793)
w(761,1,15,1795)
w(761,2,15,1795)
r(732,3,15,1795)
r(761,2,15,1795)
w(758,1,15,1795)
r(761,2,15,1795)
r(761,2,15,1795)
r(761,2,17,1798)
r(760,1,17,1798)
r(760,1,17,1798)
r(761,2,17,1798)
r(761,2,16,1799)
r(761,2,16,1799)
w(761,3,16,1799)
r(760,1,16,1799)
r(761,3,16,1799)
r(761,3,16,1799)
r(758,1,16,1799)
r(763,0,18,1801)
w(760,2,18,1801)
r(760,2,18,1801)
w(760,3,18,1801)
r(760,3,18,1801)
r(760,3,19,1803)
w(763,1,19,1803)
r(763,1,19,1803)
w(763,2,19,1803)
w(763,3,0,1805)
r(763,3,0,1805)
r(763,3,0,1805)
r(760,3,0,1805)
w(764,1,0,1805)
r(764,1,0,1805)
r(762,0,0,1805)
r(762,0,0,1805)
r(758,1,0,1807)
r(760,3,0,1807)
w(762,1,0,1807)
r(760,3,0,1807)
w(764,2,0,1807)
w(764,3,0,1807)
r(760,3,1,1809)
r(765,0,1,1809)
w(765,1,1,1809)
r(765,1,1,1809)
r(762,1,1,1809)
w(765,2,2,1811)
r(765,2,2,1811)
r(765,2,2,1811)
w(762,2,2,1811)
w(765,3,2,1811)
r(765,3,2,1811)
