r(4,0,8,3)
r(4,0,8,3)
r(2,0,8,3)
w(4,1,8,3)
w(4,2,8,3)
w(3,1,8,3)
w(4,3,8,3)
r(3,1,8,3)
r(3,1,9,6)
r(4,3,9,6)
r(4,3,9,6)
w(3,5,9,6)
w(3,6,9,6)
w(4,4,9,6)
r(4,4,9,6)
w(3,7,9,6)
w(4,6,9,9)
r(4,6,9,9)
r(4,6,9,9)
w(4,7,9,9)
r(4,7,9,9)
w(5,1,9,9)
w(5,2,9,9)
r(4,7,0,11)
r(2,0,0,11)
r(4,7,0,11)
r(4,7,0,11)
w(4,8,7,13)
w(5,3,7,13)
w(6,1,7,13)
w(5,4,7,13)
w(5,5,7,13)
w(6,2,7,13)
w(5,6,7,13)
w(6,3,7,13)
r(1,0,0,15)
r(6,3,0,15)
r(5,6,0,15)
w(6,4,0,15)
w(2,3,0,15)
r(6,4,8,17)
r(6,4,8,17)
r(5,6,8,17)
w(5,7,8,17)
w(6,5,8,17)
r(6,5,8,17)
w(5,8,8,17)
w(6,6,6,19)
w(6,7,6,19)
r(6,7,6,19)
r(6,7,6,19)
w(7,1,6,19)
w(7,2,6,19)
w(6,8,6,19)
r(7,2,6,19)
w(7,3,5,21)
w(1,1,5,21)
w(2,4,5,21)
w(8,1,5,21)
r(8,1,5,25)
r(8,1,5,25)
w(7,4,5,25)
w(7,5,5,25)
w(8,2,5,25)
w(8,3,5,25)
r(8,3,5,25)
w(8,6,6,27)
r(7,5,6,27)
w(8,7,6,27)
w(2,5,6,27)
r(8,7,6,27)
r(7,5,0,29)
r(2,5,0,29)
r(2,5,0,29)
r(7,5,0,29)
r(8,7,0,29)
w(7,7,0,29)
w(8,8,3,31)
r(8,8,3,31)
w(0,1,3,31)
r(9,0,3,31)
r(2,5,3,31)
r(9,0,3,31)
r(7,7,3,31)
r(2,5,3,31)
w(2,6,2,33)
w(7,8,2,33)
r(1,1,2,33)
w(0,2,2,33)
r(2,6,2,33)
w(9,1,2,33)
r(1,1,2,33)
w(1,2,2,36)
r(2,6,2,36)
r(7,8,2,36)
r(9,1,2,36)
r(2,6,2,36)
r(9,1,2,36)
w(9,2,2,36)
w(9,3,2,36)
r(9,3,4,40)
r(9,3,4,40)
w(9,5,4,40)
r(10,0,4,40)
r(9,5,4,40)
w(9,6,4,40)
r(1,2,4,40)
w(9,7,4,40)
w(11,2,0,43)
w(10,3,0,43)
w(10,4,0,43)
r(0,2,0,43)
w(11,3,0,43)
r(11,3,0,43)
r(10,4,6,45)
r(11,3,6,45)
w(11,4,6,45)
r(11,4,6,45)
r(11,4,3,47)
w(11,5,3,47)
w(1,3,3,47)
w(11,6,3,47)
w(11,7,3,47)
w(11,8,3,47)
w(2,8,3,47)
r(11,8,3,47)
r(11,8,3,50)
r(10,4,3,50)
w(10,5,3,50)
r(11,8,3,50)
r(12,0,3,50)
w(12,1,3,50)
r(12,1,3,50)
w(12,2,9,55)
w(10,7,9,55)
w(10,8,9,55)
w(12,3,9,55)
w(12,7,1,57)
r(1,3,1,57)
w(12,8,1,57)
w(13,2,1,57)
r(12,8,8,59)
w(14,1,8,59)
w(15,1,8,59)
r(14,1,8,59)
w(15,2,8,59)
r(15,2,8,59)
w(0,3,8,59)
r(14,1,5,61)
w(15,3,5,61)
r(13,2,5,61)
r(0,3,5,61)
r(13,2,8,63)
w(15,4,8,63)
r(14,1,8,63)
w(15,5,8,63)
w(13,3,8,63)
w(15,6,8,63)
r(14,1,6,65)
w(14,2,6,65)
w(14,3,6,65)
r(15,6,6,65)
r(14,3,6,65)
r(14,3,6,65)
w(1,4,1,67)
w(1,5,1,67)
w(15,7,1,67)
w(15,8,1,67)
r(15,8,7,69)
r(15,8,7,69)
r(13,3,7,69)
r(15,8,7,69)
r(15,8,7,69)
r(13,3,7,69)
w(14,4,7,69)
w(14,5,7,69)
r(16,0,2,71)
w(14,6,2,71)
r(14,6,2,71)
w(13,4,2,71)
r(0,3,4,73)
w(16,1,4,73)
w(1,6,4,73)
w(16,2,4,73)
r(14,6,4,73)
w(16,3,4,75)
r(14,6,4,75)
r(16,3,4,75)
r(13,4,4,75)
w(16,4,4,75)
w(14,7,0,79)
r(16,4,0,79)
w(14,8,0,79)
w(16,5,0,79)
r(13,4,0,79)
w(1,7,0,79)
r(17,0,0,83)
w(17,4,0,83)
w(16,8,0,83)
r(16,8,0,83)
r(16,8,0,83)
r(17,4,0,83)
r(17,4,0,83)
w(17,5,7,85)
w(0,4,7,85)
w(18,1,7,85)
r(16,8,7,85)
w(13,7,7,85)
r(16,8,7,85)
w(17,6,7,85)
r(16,8,2,87)
w(17,7,2,87)
w(17,8,2,87)
r(16,8,2,87)
w(13,8,2,87)
r(13,8,2,87)
r(18,1,2,87)
w(0,5,2,87)
r(13,8,6,89)
r(19,0,6,89)
r(13,8,6,89)
w(19,1,6,89)
r(20,0,6,89)
w(19,2,6,89)
w(18,2,6,89)
r(19,2,6,89)
r(20,0,9,91)
r(19,2,9,91)
r(0,5,9,91)
w(20,1,9,91)
r(20,1,9,91)
w(19,3,9,91)
r(20,1,9,91)
w(19,4,5,93)
w(19,5,5,93)
r(20,1,5,93)
r(20,1,5,93)
r(20,1,3,95)
w(20,2,3,95)
w(20,3,3,95)
w(0,6,3,95)
w(20,4,3,95)
w(19,6,9,97)
w(19,7,9,97)
r(19,7,9,97)
w(19,8,9,97)
r(20,4,9,97)
r(19,8,6,99)
w(20,5,6,99)
r(20,5,6,99)
r(20,5,6,99)
r(19,8,6,99)
r(21,0,9,101)
r(0,6,9,101)
r(13,8,9,101)
w(18,3,9,101)
w(21,1,9,101)
r(20,5,9,101)
r(21,1,8,104)
w(21,2,8,104)
w(0,7,8,104)
r(21,2,8,104)
w(22,1,8,104)
w(22,3,6,108)
r(21,2,6,108)
r(21,2,6,108)
w(21,4,6,108)
w(20,8,6,108)
w(21,5,6,108)
r(21,5,6,108)
r(21,5,6,108)
w(21,7,7,112)
r(23,0,7,112)
w(21,8,7,112)
r(23,0,7,112)
r(21,5,3,113)
w(22,4,3,113)
w(22,5,3,113)
r(21,5,3,113)
r(21,8,9,115)
r(21,8,9,115)
r(21,8,9,115)
r(23,0,9,115)
r(22,5,9,115)
w(18,5,8,117)
w(23,1,8,117)
r(24,0,8,117)
w(23,2,8,117)
w(24,1,8,117)
r(23,2,9,119)
r(22,5,9,119)
w(18,6,9,119)
r(23,2,9,119)
w(23,3,4,121)
r(24,1,4,121)
r(24,1,4,121)
w(24,2,4,121)
w(23,4,4,121)
r(24,2,4,121)
r(23,4,4,121)
w(24,3,4,121)
w(22,6,6,125)
r(24,3,6,125)
w(18,7,6,125)
w(23,5,6,125)
w(24,4,6,125)
r(24,4,6,125)
w(23,6,6,125)
w(23,8,8,127)
r(0,7,8,127)
r(24,4,8,127)
w(22,8,8,127)
r(24,4,8,127)
w(24,6,8,127)
w(24,7,8,127)
r(23,8,8,129)
r(22,8,8,129)
w(24,8,8,129)
r(26,0,8,129)
r(22,8,8,129)
r(26,0,8,129)
r(26,0,8,129)
r(26,0,9,131)
r(26,0,9,131)
r(26,0,9,131)
w(26,1,9,131)
w(18,8,9,131)
w(26,2,9,131)
w(26,3,8,133)
w(26,4,8,133)
r(26,4,8,133)
r(25,0,8,133)
r(26,4,7,135)
r(26,4,7,135)
w(25,1,7,135)
r(26,4,7,135)
r(26,4,7,135)
r(26,4,7,135)
r(27,0,7,135)
w(27,1,7,135)
r(27,1,4,137)
r(26,4,4,137)
w(25,2,4,137)
r(25,2,4,137)
r(18,8,4,137)
w(27,2,4,137)
w(26,5,1,139)
r(26,5,1,139)
r(28,0,1,139)
w(25,3,1,139)
r(26,5,1,139)
w(27,3,1,139)
r(26,5,4,142)
r(26,5,4,142)
r(25,3,4,142)
r(18,8,4,142)
r(18,8,4,142)
w(25,4,6,143)
r(26,5,6,143)
r(26,5,6,143)
w(25,5,6,143)
r(26,5,6,143)
w(26,6,7,145)
r(25,5,7,145)
r(26,6,7,145)
r(29,0,7,145)
r(26,6,7,145)
r(26,6,7,145)
w(27,4,2,147)
w(25,6,2,147)
w(26,7,2,147)
r(25,6,2,147)
r(25,6,2,147)
w(27,5,2,147)
r(26,7,2,147)
r(25,6,9,149)
w(27,6,9,149)
r(28,0,9,149)
w(29,1,9,149)
w(26,8,2,151)
w(25,7,2,151)
r(27,6,2,151)
r(26,8,2,151)
r(29,1,2,151)
w(29,2,2,151)
w(30,1,2,151)
w(29,3,4,153)
w(25,8,4,153)
r(27,6,4,153)
w(30,2,4,153)
r(25,8,1,155)
w(30,3,1,155)
r(28,0,1,155)
w(30,4,1,155)
w(27,7,1,155)
r(29,3,1,155)
w(30,5,1,155)
w(31,1,1,155)
r(30,5,1,159)
r(30,5,1,159)
r(30,5,1,159)
w(31,4,1,159)
w(31,5,1,159)
w(30,7,1,159)
r(30,7,1,159)
w(31,6,3,161)
r(30,7,3,161)
r(31,6,3,161)
w(31,7,3,161)
r(30,7,3,161)
r(30,7,9,163)
r(30,7,9,163)
r(30,7,9,163)
w(31,8,9,163)
r(31,8,9,163)
r(27,7,9,163)
r(29,3,2,165)
r(31,8,2,165)
r(30,7,2,165)
r(31,8,2,165)
r(31,8,2,165)
w(30,8,2,165)
r(31,8,2,165)
r(32,0,2,165)
w(32,1,0,167)
r(27,7,0,167)
w(32,2,0,167)
w(33,1,0,167)
r(32,2,0,167)
w(27,8,4,169)
w(33,2,4,169)
w(32,3,4,169)
r(32,3,4,169)
r(32,3,4,169)
r(33,2,4,169)
r(32,3,4,169)
w(32,4,4,169)
w(29,4,5,173)
w(29,5,5,173)
w(32,5,5,173)
w(32,6,5,173)
r(32,6,5,173)
w(32,7,5,173)
w(34,1,5,173)
r(33,2,0,177)
r(35,0,0,177)
w(35,2,0,177)
w(33,3,0,177)
r(35,2,0,177)
w(35,3,0,177)
r(35,3,0,177)
r(29,5,9,179)
w(35,6,9,179)
w(35,7,9,179)
r(35,7,9,179)
r(34,1,9,179)
r(35,7,8,182)
r(35,7,8,182)
w(35,8,8,182)
r(33,3,8,182)
r(35,8,8,182)
r(34,1,6,184)
r(35,8,6,184)
r(36,0,6,184)
r(36,0,6,184)
r(36,0,6,184)
r(36,0,6,184)
r(28,0,6,184)
w(28,1,9,185)
w(33,4,9,185)
r(33,4,9,185)
w(33,5,9,185)
r(28,1,9,185)
r(35,7,9,185)
w(33,6,9,185)
r(35,7,9,185)
r(33,6,5,187)
r(36,0,5,187)
w(36,1,5,187)
r(36,1,5,187)
w(36,2,5,187)
w(34,3,5,187)
w(36,3,5,187)
r(28,1,5,187)
r(36,3,2,189)
w(36,4,2,189)
w(33,7,2,189)
w(36,5,2,189)
w(36,6,2,189)
r(36,6,2,189)
w(34,4,2,189)
w(36,7,1,193)
r(36,7,1,193)
w(33,8,1,193)
r(33,8,1,193)
r(36,7,1,193)
w(28,3,8,196)
w(38,1,8,196)
r(38,1,8,196)
r(28,3,8,196)
w(37,1,9,198)
w(38,2,9,198)
w(38,3,9,198)
w(38,4,9,198)
r(40,0,8,216)
r(42,0,8,216)
w(42,7,8,216)
w(42,8,8,216)
r(40,0,8,216)
r(43,0,8,216)
w(34,7,8,216)
r(40,0,8,216)
r(43,0,9,219)
r(40,0,9,219)
w(43,3,9,219)
r(44,0,9,219)
w(41,2,9,219)
r(43,3,9,221)
r(43,3,9,221)
w(43,4,9,221)
r(43,4,9,221)
r(43,4,9,221)
r(43,4,9,225)
r(45,0,9,225)
w(43,5,9,225)
r(43,5,9,225)
w(43,6,9,225)
w(49,6,0,251)
w(49,7,0,251)
r(49,7,0,251)
w(49,8,0,251)
r(51,0,0,251)
r(51,0,0,251)
w(37,2,7,252)
w(38,5,7,252)
w(29,6,7,252)
r(38,5,7,252)
r(38,5,7,252)
r(51,0,2,262)
w(51,6,2,262)
w(51,7,2,262)
r(52,0,2,262)
w(51,8,2,262)
r(53,0,0,264)
w(52,1,0,264)
w(53,1,0,264)
w(52,2,0,264)
w(53,2,0,264)
r(52,2,0,264)
w(53,3,6,266)
w(44,6,6,266)
w(52,3,6,266)
w(53,4,6,266)
r(52,3,6,266)
w(53,5,6,266)
w(53,6,6,268)
r(52,3,6,268)
r(53,6,6,268)
r(53,6,6,268)
w(52,4,6,268)
r(52,4,2,273)
r(53,6,2,273)
w(52,5,2,273)
w(44,7,2,273)
w(53,7,2,273)
r(53,7,2,273)
w(53,8,2,273)
r(53,8,7,275)
r(55,0,7,275)
w(52,7,7,275)
w(55,1,7,275)
w(52,8,7,275)
w(55,2,7,275)
w(56,1,7,277)
r(55,2,7,277)
w(56,2,7,277)
w(55,3,7,277)
r(55,3,7,277)
r(55,3,7,277)
w(55,4,7,277)
w(41,3,3,283)
r(43,4,3,283)
w(28,4,3,283)
r(43,4,3,283)
r(44,0,3,283)
r(43,4,3,283)
r(55,4,4,284)
w(55,8,4,284)
w(56,6,4,284)
w(56,7,4,284)
r(57,0,4,284)
w(44,8,4,284)
w(57,1,2,286)
r(56,7,2,286)
r(54,0,2,286)
w(57,2,2,286)
r(44,8,6,288)
r(44,8,6,288)
w(56,8,6,288)
r(56,8,6,288)
w(57,3,6,288)
r(57,3,6,288)
r(44,8,6,288)
w(57,4,1,291)
w(57,5,1,291)
r(56,8,1,291)
w(58,1,1,291)
w(59,1,0,292)
r(58,0,0,292)
r(57,3,0,292)
r(57,3,0,292)
r(57,3,0,292)
r(57,5,2,294)
w(57,6,2,294)
r(57,6,2,294)
r(58,1,2,294)
r(54,0,2,294)
w(59,2,2,294)
w(58,2,2,294)
r(54,0,2,294)
r(57,6,7,299)
r(57,6,7,299)
r(57,6,7,299)
w(57,7,7,299)
w(50,1,7,299)
r(57,7,7,299)
r(57,7,7,299)
r(60,0,1,302)
r(60,0,1,302)
w(59,5,1,302)
r(59,5,1,302)
r(60,0,1,302)
r(60,0,1,302)
r(60,0,1,302)
w(60,1,1,302)
r(59,5,5,304)
r(59,5,5,304)
r(60,1,5,304)
w(60,2,5,304)
w(60,3,5,304)
w(60,4,5,304)
w(59,6,5,304)
r(60,4,5,304)
r(58,2,1,306)
r(60,4,1,306)
r(58,2,1,306)
w(50,3,1,306)
w(50,4,6,308)
r(58,2,6,308)
r(60,4,6,308)
r(60,4,6,308)
r(48,0,8,310)
w(48,1,8,310)
r(47,0,8,310)
r(48,1,8,310)
w(47,4,8,310)
w(47,5,8,310)
w(47,6,8,310)
w(47,7,8,310)
r(59,6,9,311)
w(59,7,9,311)
r(60,4,9,311)
w(59,8,9,311)
r(59,8,9,311)
r(59,8,9,311)
r(60,4,9,311)
w(60,5,9,311)
r(54,0,9,313)
w(60,6,9,313)
r(58,2,9,313)
r(50,4,9,313)
r(58,2,9,313)
r(58,2,9,313)
r(61,0,9,313)
r(60,6,9,313)
w(61,1,8,318)
w(60,7,8,318)
w(60,8,8,318)
r(54,0,8,318)
w(61,2,8,318)
r(62,0,8,318)
r(62,0,4,323)
w(54,3,4,323)
r(62,0,4,323)
w(62,3,4,323)
r(61,2,4,323)
w(62,6,9,327)
w(54,4,9,327)
w(62,7,9,327)
r(62,7,9,327)
w(62,8,9,327)
w(58,3,9,327)
r(62,8,0,330)
r(63,0,0,330)
r(61,2,0,330)
r(63,0,0,330)
w(58,4,0,330)
r(63,0,0,330)
w(54,5,0,330)
r(61,2,0,330)
w(64,1,8,333)
w(63,2,8,333)
r(64,1,8,333)
r(63,2,8,333)
w(54,7,8,333)
w(63,3,7,336)
r(64,1,7,336)
w(54,8,7,336)
w(64,2,7,336)
r(64,2,7,336)
w(64,3,7,336)
w(63,4,7,336)
w(63,6,1,339)
r(58,4,1,339)
w(63,7,1,339)
r(64,3,1,339)
w(58,6,1,339)
r(63,7,1,339)
w(64,4,1,339)
r(65,0,1,339)
w(58,7,2,341)
r(63,7,2,341)
r(65,0,2,341)
w(50,5,2,341)
w(63,8,2,341)
r(66,0,2,341)
w(66,1,0,343)
w(66,2,0,343)
w(64,5,0,343)
w(58,8,0,343)
r(66,2,0,343)
w(64,6,0,343)
r(58,8,0,343)
r(66,2,0,343)
w(64,7,1,345)
r(66,2,1,345)
r(66,2,1,345)
r(66,2,1,345)
r(58,8,1,345)
w(64,8,1,345)
r(66,2,1,345)
r(67,0,1,345)
w(66,3,0,348)
r(67,0,0,348)
w(66,4,0,348)
w(66,5,0,348)
r(67,0,0,348)
w(66,6,0,348)
r(68,0,0,354)
r(68,0,0,354)
w(68,3,0,354)
r(68,3,0,354)
w(68,4,0,354)
r(68,4,0,354)
r(67,0,0,354)
w(67,5,0,354)
r(68,4,9,358)
r(69,0,9,358)
w(69,1,9,358)
r(68,4,9,358)
r(69,1,9,358)
w(67,7,9,358)
r(68,4,9,358)
w(68,7,7,359)
w(68,8,7,359)
w(65,2,7,359)
r(67,5,7,359)
w(70,1,7,359)
r(70,1,3,361)
w(70,2,3,361)
r(70,2,3,361)
r(69,1,3,361)
r(70,2,5,365)
r(70,2,5,365)
w(70,3,5,365)
w(70,4,5,365)
w(70,5,5,365)
r(67,7,5,365)
r(70,5,5,365)
w(69,2,8,368)
w(65,3,8,368)
r(67,7,8,368)
w(69,3,8,368)
w(65,5,4,371)
r(71,0,4,371)
r(71,0,4,371)
w(69,4,4,371)
r(71,0,4,371)
w(71,2,4,371)
w(71,3,8,373)
w(72,1,8,373)
w(72,2,8,373)
r(72,2,8,373)
w(71,4,0,375)
r(72,2,0,375)
w(65,6,0,375)
w(71,5,0,375)
w(72,3,0,375)
w(65,7,0,375)
r(71,5,0,375)
r(69,4,0,375)
r(69,4,9,377)
w(72,4,9,377)
w(71,6,9,377)
r(65,7,9,377)
w(71,7,9,377)
r(71,7,9,377)
r(71,7,9,377)
r(69,4,9,377)
w(72,5,3,379)
w(71,8,3,379)
r(71,8,3,379)
r(72,5,3,379)
w(69,5,3,379)
w(72,6,3,379)
r(71,8,3,379)
r(65,7,3,379)
w(69,6,4,381)
w(73,1,4,381)
w(73,2,4,381)
r(50,5,4,381)
w(72,7,4,381)
w(72,8,4,381)
w(73,3,4,381)
r(73,3,1,383)
w(73,4,1,383)
r(69,6,1,383)
w(73,5,1,383)
r(73,5,1,383)
w(73,6,1,383)
r(73,6,1,385)
w(73,7,1,385)
w(73,8,1,385)
r(69,6,1,385)
r(75,0,1,385)
w(74,1,1,385)
w(75,1,4,387)
r(75,1,4,387)
r(75,1,4,387)
r(65,7,4,387)
r(50,5,4,387)
r(69,6,4,387)
r(75,1,4,387)
r(75,1,4,387)
r(74,1,3,389)
w(74,2,3,389)
r(69,6,3,389)
w(75,2,3,389)
r(69,6,3,389)
w(65,8,3,389)
r(75,2,4,404)
w(75,3,4,404)
r(69,6,4,404)
r(65,8,4,404)
w(74,3,4,404)
r(77,0,4,406)
r(77,0,4,406)
r(78,0,4,406)
w(78,2,4,406)
r(77,0,4,408)
r(79,0,4,408)
w(79,3,4,408)
w(77,5,4,408)
w(79,4,4,408)
r(79,4,4,408)
r(77,5,4,408)
r(80,0,4,408)
r(77,5,4,410)
r(79,4,4,410)
r(79,4,4,410)
w(77,6,4,410)
r(78,2,4,410)
r(79,4,4,410)
w(50,8,4,410)
r(76,0,1,412)
r(74,3,1,412)
r(74,3,1,412)
w(76,3,1,412)
w(76,4,1,412)
r(76,4,1,412)
r(69,6,1,412)
r(79,4,4,415)
r(80,0,4,415)
w(79,5,4,415)
r(80,0,4,415)
r(79,5,4,415)
w(79,6,4,415)
w(79,7,7,417)
r(79,7,7,417)
r(78,2,7,417)
r(79,7,7,417)
w(79,8,7,417)
w(78,3,7,417)
r(74,3,9,420)
w(69,7,9,420)
w(76,1,9,420)
w(76,2,9,420)
r(78,3,4,424)
r(78,3,4,424)
w(78,4,4,424)
r(79,8,4,424)
w(78,5,4,424)
r(79,8,4,424)
w(81,1,4,424)
r(78,5,4,424)
w(78,6,9,429)
w(82,3,9,429)
r(77,6,9,429)
w(82,4,9,429)
r(69,6,6,431)
r(74,3,6,431)
w(74,7,6,431)
w(76,6,6,431)
w(76,7,6,431)
w(74,8,6,431)
w(76,8,6,431)
r(77,6,1,434)
w(78,8,1,434)
w(82,6,1,434)
r(78,8,1,434)
r(81,1,1,434)
r(77,6,1,434)
w(82,7,1,434)
w(77,3,3,435)
w(79,1,3,435)
r(78,0,3,435)
r(79,1,3,435)
w(82,8,7,438)
r(82,8,7,438)
r(83,0,7,438)
r(83,0,7,438)
r(83,0,7,438)
r(84,0,7,438)
r(82,7,6,439)
r(82,7,6,439)
r(78,8,6,439)
r(77,3,6,439)
r(82,7,6,439)
r(83,0,6,439)
w(83,1,6,439)
r(83,1,3,441)
w(84,1,3,441)
w(83,2,3,441)
r(83,2,3,441)
r(84,1,3,441)
w(84,2,3,441)
w(77,8,3,441)
w(84,3,1,443)
w(84,4,1,443)
w(84,5,1,443)
w(80,4,1,443)
w(84,6,1,443)
r(84,6,4,445)
r(84,6,4,445)
r(85,0,4,445)
r(84,6,4,445)
r(84,6,3,447)
r(84,6,3,447)
w(84,7,3,447)
w(84,8,3,447)
r(83,2,3,447)
r(84,8,3,447)
w(85,1,3,447)
r(84,8,3,447)
w(83,3,1,449)
r(84,8,1,449)
w(83,4,1,449)
w(83,5,1,449)
w(83,6,1,449)
w(83,7,1,449)
w(83,8,5,451)
r(83,8,5,451)
r(85,1,5,451)
w(86,1,5,451)
w(80,5,6,456)
w(86,2,6,456)
w(85,2,6,456)
r(86,2,6,456)
w(86,3,6,456)
w(86,4,6,456)
w(86,5,6,456)
w(87,2,4,457)
w(85,4,4,457)
w(86,8,4,457)
w(80,6,4,457)
r(87,2,4,457)
r(80,6,4,457)
r(87,2,4,457)
w(87,3,4,457)
w(87,4,0,461)
r(85,4,0,461)
w(85,5,0,461)
w(85,6,0,461)
w(85,7,0,461)
w(88,1,0,461)
r(85,7,0,461)
r(85,7,4,463)
r(85,7,4,463)
w(88,3,4,463)
r(88,3,4,463)
r(88,3,4,463)
r(87,4,4,463)
r(88,3,8,465)
r(88,3,8,465)
w(88,4,8,465)
w(88,5,8,465)
r(87,4,8,465)
r(88,5,8,465)
w(88,6,8,465)
r(85,7,8,465)
r(89,0,3,467)
w(89,1,3,467)
w(88,7,3,467)
w(88,8,3,467)
r(89,1,3,467)
r(89,1,3,467)
r(90,0,3,467)
w(90,1,3,467)
r(85,7,7,469)
w(85,8,7,469)
w(89,2,7,469)
w(89,3,7,469)
w(90,2,7,469)
w(90,3,7,469)
w(90,4,7,469)
r(90,4,7,471)
r(89,3,7,471)
r(89,3,7,471)
r(90,4,7,471)
r(90,4,7,471)
w(90,5,1,473)
r(81,1,1,473)
r(90,5,1,473)
r(90,5,1,473)
w(90,6,1,473)
r(90,6,1,473)
r(90,6,1,473)
r(90,6,1,473)
w(89,4,6,475)
r(89,4,6,475)
r(90,6,6,475)
r(90,6,6,475)
w(90,7,6,475)
w(91,1,6,475)
r(90,7,6,475)
w(90,8,4,477)
w(92,1,4,477)
r(92,1,4,477)
r(92,1,4,477)
r(92,1,4,477)
w(89,5,4,477)
w(92,2,4,477)
r(89,5,4,477)
w(91,2,9,481)
w(92,3,9,481)
r(92,3,9,481)
w(91,3,9,481)
r(92,3,9,481)
w(89,6,9,481)
r(89,6,9,481)
r(92,3,9,481)
r(89,6,3,483)
w(91,4,3,483)
r(89,6,3,483)
w(92,6,3,483)
w(91,5,3,483)
w(89,8,3,483)
w(92,7,3,483)
r(91,5,3,483)
r(91,5,3,485)
w(91,6,3,485)
r(91,6,3,485)
w(92,8,3,485)
r(93,0,3,485)
r(92,8,3,485)
w(93,1,2,487)
r(92,8,2,487)
r(92,8,2,487)
w(80,7,2,487)
r(92,8,2,487)
w(80,8,2,487)
w(94,1,2,487)
r(94,1,6,489)
r(94,1,6,489)
w(93,2,6,489)
w(91,7,6,489)
r(94,1,6,489)
w(93,3,5,491)
r(94,1,5,491)
r(93,3,5,491)
r(93,3,5,491)
r(81,1,5,491)
r(93,3,3,493)
r(93,3,3,493)
r(94,1,3,493)
w(94,2,3,493)
r(94,2,6,495)
r(91,7,6,495)
r(94,2,6,495)
w(93,4,6,495)
r(94,2,6,495)
r(94,2,6,495)
w(91,8,6,495)
w(94,3,6,495)
w(96,1,6,497)
r(96,1,6,497)
w(94,4,6,497)
w(93,5,6,497)
r(94,4,6,497)
r(93,5,6,497)
w(95,1,6,497)
w(96,2,6,497)
w(94,5,2,500)
r(94,5,2,500)
r(81,1,2,500)
w(94,6,2,500)
r(93,5,2,500)
r(81,1,2,500)
r(94,6,1,503)
w(94,8,1,503)
r(94,8,1,503)
r(94,8,1,503)
w(93,7,1,503)
w(93,8,1,503)
r(81,1,1,503)
w(81,3,1,503)
r(81,3,7,505)
w(97,1,7,505)
r(97,1,7,505)
r(98,0,7,505)
r(97,1,7,505)
w(98,1,7,505)
w(98,2,2,507)
w(98,3,2,507)
r(96,2,2,507)
w(98,4,2,507)
w(95,3,2,507)
w(98,5,2,507)
w(95,4,2,507)
r(97,1,2,507)
r(98,5,1,509)
r(98,5,1,509)
w(95,5,1,509)
w(98,6,1,509)
r(97,1,1,509)
w(98,7,1,511)
r(98,7,1,511)
r(98,7,1,511)
w(98,8,1,511)
r(81,3,1,511)
r(99,0,1,511)
r(99,0,1,511)
r(95,5,1,511)
r(99,0,0,513)
w(99,1,0,513)
w(99,2,0,513)
r(97,1,0,513)
w(97,2,8,515)
w(97,3,8,515)
r(99,2,8,515)
w(97,4,8,515)
r(99,2,8,515)
w(97,5,8,515)
w(99,3,8,515)
w(99,4,8,515)
r(99,4,8,517)
w(95,6,8,517)
r(97,5,8,517)
w(99,5,8,517)
w(99,6,8,517)
w(95,7,8,517)
w(97,6,8,517)
r(96,2,9,519)
r(97,6,9,519)
w(95,8,9,519)
r(97,6,9,519)
w(99,7,9,519)
r(99,7,9,519)
r(81,3,9,519)
r(99,7,9,519)
w(97,7,0,521)
w(99,8,0,521)
w(100,1,0,521)
w(100,2,0,521)
r(97,7,0,521)
w(97,8,0,521)
r(100,2,0,521)
w(100,3,8,523)
r(97,8,8,523)
w(101,1,8,523)
w(100,4,8,523)
r(100,4,8,523)
w(101,2,8,523)
w(101,3,8,523)
r(95,8,8,523)
w(96,4,9,525)
w(100,5,9,525)
r(100,5,9,525)
r(101,3,9,525)
w(101,4,9,525)
w(100,6,9,525)
w(81,4,1,527)
r(101,4,1,527)
w(100,7,1,527)
w(100,8,1,527)
r(101,4,1,527)
r(100,8,1,527)
r(100,8,1,527)
r(96,4,3,529)
r(102,0,3,529)
w(102,1,3,529)
w(96,5,3,529)
w(101,5,3,529)
r(102,1,3,529)
r(96,5,7,531)
w(101,6,7,531)
w(102,2,7,531)
r(81,4,7,531)
w(102,3,7,531)
w(101,7,7,531)
w(101,8,7,531)
w(96,6,7,531)
w(102,4,3,533)
w(102,5,3,533)
w(102,6,3,533)
r(102,6,3,533)
r(102,6,3,533)
w(102,7,3,533)
w(102,8,3,533)
w(103,1,3,533)
w(96,8,6,548)
r(103,1,6,548)
w(103,4,6,548)
w(81,5,6,548)
r(107,0,6,552)
r(106,0,6,552)
w(105,4,6,552)
r(105,4,6,552)
w(109,1,6,552)
r(105,4,6,552)
w(108,1,6,552)
r(109,1,6,552)
r(109,1,7,555)
w(109,3,7,555)
w(109,4,7,555)
w(109,5,7,555)
w(108,2,7,555)
r(104,0,5,557)
w(104,5,5,557)
w(104,6,5,557)
w(106,1,5,557)
w(104,7,5,557)
w(104,4,4,560)
r(103,1,4,560)
r(103,1,4,560)
r(103,1,4,560)
r(106,1,6,561)
w(109,6,6,561)
r(81,5,6,561)
w(108,3,6,561)
r(108,3,6,561)
w(109,7,6,561)
r(109,7,5,563)
r(81,5,5,563)
r(108,3,5,563)
r(109,7,5,563)
r(81,5,5,563)
r(109,7,5,563)
w(109,8,5,563)
w(106,3,5,563)
w(106,4,5,567)
r(105,4,5,567)
r(105,4,5,567)
w(108,4,5,567)
w(110,1,5,567)
w(110,2,5,567)
w(107,3,1,568)
w(107,4,1,568)
r(107,4,1,568)
r(106,0,1,568)
r(107,4,1,568)
w(107,5,1,568)
w(103,8,1,568)
r(103,1,3,571)
w(105,2,3,571)
w(105,3,3,571)
r(107,0,3,571)
r(107,0,3,571)
r(105,3,3,571)
w(110,5,9,572)
r(108,4,9,572)
w(108,6,9,572)
r(108,6,9,572)
w(108,7,9,572)
r(110,5,9,572)
w(108,8,9,572)
w(110,6,5,574)
r(81,5,5,574)
r(110,6,5,574)
r(110,6,5,574)
w(110,7,5,574)
w(111,1,5,574)
r(81,5,4,576)
w(110,8,4,576)
r(110,8,4,576)
r(112,0,4,576)
w(111,2,4,576)
w(112,1,4,576)
r(103,8,2,577)
r(106,0,2,577)
w(107,6,2,577)
r(105,0,2,577)
w(107,7,2,577)
w(107,8,2,577)
r(107,8,2,577)
r(112,1,7,579)
r(112,1,7,579)
w(111,3,7,579)
w(112,2,7,579)
r(111,3,7,579)
w(112,3,7,579)
w(112,4,7,579)
w(106,5,7,579)
r(111,3,4,581)
w(112,5,4,581)
r(112,5,4,581)
w(111,4,4,581)
w(112,6,4,581)
w(112,7,4,581)
r(105,3,4,581)
w(111,5,6,583)
r(112,7,6,583)
w(112,8,6,583)
r(112,8,6,583)
w(113,1,6,583)
w(113,2,6,583)
w(111,6,6,583)
r(111,6,7,585)
r(113,2,7,585)
r(113,2,7,585)
r(113,2,7,585)
w(113,3,7,585)
w(106,6,7,585)
w(105,6,7,585)
w(113,5,3,591)
r(113,5,3,591)
r(111,6,3,591)
r(113,5,3,591)
w(106,7,3,591)
w(113,6,3,591)
r(113,6,3,591)
w(113,7,3,591)
r(105,6,3,593)
r(111,6,3,593)
r(114,0,3,593)
r(105,6,3,593)
w(115,1,3,593)
w(114,1,2,595)
r(114,1,2,595)
w(114,2,2,595)
w(106,8,2,595)
r(114,2,2,595)
r(105,6,2,595)
r(115,1,2,595)
r(115,1,2,595)
r(115,1,5,597)
r(114,2,5,597)
w(114,3,5,597)
w(114,4,5,597)
r(114,4,5,597)
r(105,6,5,597)
w(115,3,6,601)
w(114,5,6,601)
w(114,6,6,601)
r(115,3,6,601)
w(116,1,6,601)
w(105,8,6,601)
r(114,6,6,601)
w(115,4,6,601)
w(115,5,8,603)
r(105,8,8,603)
r(116,1,8,603)
r(114,6,8,603)
r(114,6,8,603)
r(114,6,8,603)
w(114,7,8,603)
r(105,8,9,605)
w(115,6,9,605)
w(114,8,9,605)
w(117,1,9,605)
w(116,2,9,605)
r(105,8,9,605)
r(81,5,9,609)
w(117,2,9,609)
w(117,3,9,609)
r(105,8,9,609)
r(117,3,9,609)
w(117,4,9,609)
w(117,5,9,609)
w(115,7,9,609)
r(115,7,6,612)
w(115,8,6,612)
w(117,7,6,612)
r(115,8,6,612)
w(117,8,6,612)
r(115,8,6,612)
r(117,5,8,613)
r(117,5,8,613)
r(115,7,8,613)
r(118,0,8,613)
r(118,0,8,613)
r(105,8,8,613)
r(118,0,8,613)
w(118,1,8,613)
r(81,5,1,615)
w(118,2,1,615)
r(118,2,1,615)
r(118,2,1,615)
r(118,2,1,615)
w(118,3,1,615)
r(118,3,4,617)
w(119,1,4,617)
r(118,3,4,617)
r(105,8,4,617)
r(81,5,4,617)
r(118,3,4,617)
w(118,4,4,617)
r(118,4,6,619)
r(118,4,6,619)
w(119,2,6,619)
w(118,5,6,619)
r(119,2,0,621)
w(118,6,0,621)
w(118,7,0,621)
r(118,7,0,621)
w(120,1,0,621)
r(118,7,0,621)
w(118,8,5,623)
w(120,2,5,623)
w(120,3,5,623)
r(120,3,5,623)
r(121,0,0,625)
r(119,2,0,625)
w(121,1,0,625)
r(121,1,0,625)
w(116,3,0,625)
w(119,3,1,627)
r(121,1,1,627)
r(121,1,1,627)
r(121,1,1,627)
w(121,2,1,627)
w(121,3,1,627)
r(120,3,1,627)
w(121,4,1,627)
w(119,4,8,629)
w(121,5,8,629)
r(121,5,8,629)
r(121,5,8,629)
w(119,5,8,629)
w(121,6,8,629)
w(120,4,9,631)
r(121,6,9,631)
r(81,5,9,631)
r(119,5,9,631)
r(119,5,4,633)
r(121,6,4,633)
w(121,7,4,633)
r(121,7,4,633)
w(81,7,0,635)
r(121,7,0,635)
r(116,3,0,635)
r(121,7,0,635)
w(121,8,0,635)
r(122,0,0,635)
r(122,0,0,635)
r(122,0,0,635)
r(81,7,4,637)
w(122,1,4,637)
w(122,2,4,637)
r(122,2,4,637)
w(81,8,3,640)
w(122,3,3,640)
w(122,4,3,640)
r(122,4,3,640)
r(122,2,4,641)
r(122,2,4,641)
r(122,2,4,641)
w(120,5,4,641)
w(119,6,4,641)
w(122,5,9,643)
r(122,5,9,643)
w(119,7,9,643)
r(119,7,9,643)
w(122,6,9,643)
r(122,6,4,645)
r(119,7,4,645)
w(122,7,4,645)
w(116,4,4,645)
r(119,7,4,645)
w(119,8,4,645)
r(123,0,4,645)
r(122,7,4,645)
r(122,7,7,647)
w(123,1,7,647)
w(116,5,7,647)
r(120,5,7,647)
r(116,5,7,647)
r(120,5,8,649)
r(116,5,8,649)
r(122,7,8,649)
r(122,7,8,649)
r(123,1,8,649)
w(122,8,8,649)
w(123,2,4,651)
w(116,6,4,651)
w(124,1,4,651)
w(123,3,4,651)
w(124,2,3,655)
w(124,3,3,655)
r(120,5,3,655)
w(124,4,3,655)
r(123,3,3,655)
w(124,5,3,655)
r(124,5,3,655)
w(123,4,3,655)
r(124,5,2,657)
w(124,7,2,657)
r(123,4,2,657)
w(124,8,2,657)
w(123,5,2,657)
w(120,7,2,657)
r(123,5,2,657)
r(116,6,6,659)
w(120,8,6,659)
r(123,5,6,659)
w(126,1,6,659)
r(126,1,6,659)
w(123,6,6,659)
r(123,6,2,661)
w(116,7,2,661)
r(126,1,2,661)
r(120,8,2,661)
r(123,6,2,661)
r(116,7,2,661)
r(126,1,2,661)
r(123,6,4,663)
r(126,1,4,663)
r(126,1,4,663)
w(123,7,4,663)
r(116,7,4,663)
r(126,1,1,665)
r(123,7,1,665)
r(116,7,1,665)
r(126,1,1,665)
w(126,2,1,665)
w(126,3,1,665)
w(126,4,8,667)
r(126,4,8,667)
r(120,8,8,667)
w(123,8,8,667)
w(126,5,0,669)
r(123,8,0,669)
r(126,5,0,669)
r(126,5,0,669)
r(126,5,4,671)
w(126,6,4,671)
w(127,1,4,671)
w(126,7,4,671)
r(127,1,4,671)
w(127,2,4,671)
r(126,7,0,673)
w(126,8,0,673)
r(127,2,0,673)
r(126,8,0,673)
w(127,3,0,673)
r(128,0,7,675)
r(116,7,7,675)
w(127,4,7,675)
w(125,1,7,675)
r(129,0,0,677)
r(129,0,0,677)
w(129,1,0,677)
w(129,2,0,677)
r(128,0,8,679)
w(129,3,8,679)
r(129,3,8,679)
r(127,4,8,679)
w(129,4,6,681)
r(127,4,6,681)
r(129,4,6,681)
r(127,4,6,681)
r(129,4,6,681)
r(127,4,6,681)
w(129,5,6,681)
w(128,1,7,683)
w(129,6,7,683)
r(127,4,7,683)
r(127,4,7,683)
r(129,6,7,683)
r(129,6,7,683)
w(129,7,7,683)
r(129,7,7,683)
w(129,8,6,685)
r(129,8,6,685)
r(129,8,6,685)
r(127,4,6,685)
r(116,7,6,685)
r(127,4,6,685)
r(130,0,6,685)
r(116,7,4,687)
r(130,0,4,687)
r(127,4,4,687)
w(127,5,4,687)
r(127,5,9,689)
r(127,5,9,689)
r(127,5,9,689)
w(130,1,9,689)
w(125,2,9,689)
w(127,6,9,689)
w(130,2,9,689)
r(130,2,7,704)
w(131,1,7,704)
r(130,2,7,704)
w(128,3,7,704)
r(130,2,7,704)
r(128,3,7,704)
r(134,0,7,706)
r(131,1,7,706)
r(128,3,7,706)
w(134,7,7,706)
r(134,7,7,706)
w(134,8,7,706)
r(131,1,7,706)
r(128,3,7,708)
w(132,1,7,708)
w(131,5,7,708)
w(135,1,7,708)
w(128,5,7,708)
r(131,5,7,708)
r(127,6,3,710)
r(130,2,3,710)
r(127,6,3,710)
w(130,5,3,710)
w(130,6,3,710)
r(128,1,3,710)
r(130,6,3,710)
w(135,2,7,714)
w(135,3,7,714)
r(135,3,7,714)
w(131,6,7,714)
w(135,4,7,714)
w(135,5,7,714)
r(135,5,7,714)
r(128,5,4,720)
r(137,0,4,720)
r(137,0,4,720)
r(128,5,4,720)
w(136,1,4,720)
w(136,2,4,720)
w(128,8,4,720)
w(136,3,0,723)
r(137,0,0,723)
w(136,4,0,723)
r(136,4,0,723)
w(125,5,0,723)
r(136,4,0,723)
w(125,6,4,726)
w(136,5,4,726)
r(137,0,4,726)
r(136,5,4,726)
r(132,1,1,728)
w(133,2,1,728)
r(133,2,1,728)
w(133,3,1,728)
w(133,4,1,728)
r(133,4,1,728)
w(133,5,1,728)
r(133,5,1,728)
w(138,3,4,731)
r(136,5,4,731)
r(136,5,4,731)
r(136,5,4,731)
r(136,5,4,731)
w(132,4,4,731)
w(137,4,4,731)
w(136,7,9,734)
w(137,5,9,734)
r(136,7,9,734)
r(136,7,9,734)
r(139,0,8,738)
r(139,0,8,738)
w(125,7,8,738)
r(139,0,8,738)
r(139,0,8,738)
r(132,4,8,738)
w(139,2,7,742)
r(139,2,7,742)
w(139,3,7,742)
r(137,5,7,742)
r(137,5,7,742)
r(139,3,7,742)
w(139,4,7,742)
w(138,6,7,742)
r(139,0,6,744)
r(139,0,6,744)
r(137,5,6,744)
r(125,7,6,744)
r(137,5,6,744)
w(137,8,6,744)
r(138,3,6,744)
r(137,5,3,745)
w(139,5,3,745)
r(132,4,3,745)
w(139,6,3,745)
w(139,7,3,747)
r(132,4,3,747)
r(139,7,3,747)
r(139,7,3,747)
r(137,8,3,747)
r(137,8,3,747)
r(137,8,3,747)
w(139,8,3,747)
r(139,8,7,749)
w(138,7,7,749)
w(138,8,7,749)
r(140,0,7,749)
r(140,0,7,749)
r(140,0,7,749)
w(132,5,7,751)
r(140,0,7,751)
r(140,0,7,751)
r(137,8,7,751)
r(141,0,7,751)
w(140,1,7,751)
w(140,2,7,751)
r(140,2,8,753)
w(140,3,8,753)
w(132,6,8,753)
w(140,4,8,753)
r(140,4,8,753)
w(132,7,8,753)
w(140,5,8,753)
r(140,5,0,755)
r(137,8,0,755)
r(137,8,0,755)
r(125,7,0,755)
w(140,6,0,755)
r(141,0,0,755)
w(125,8,0,755)
r(140,6,0,755)
w(140,7,7,757)
w(140,8,7,757)
r(141,0,7,757)
w(142,1,7,757)
w(142,2,7,757)
w(143,1,9,759)
r(141,0,9,759)
w(142,3,9,759)
r(143,1,9,759)
w(142,4,2,761)
r(143,1,2,761)
w(142,5,2,761)
r(143,1,2,761)
w(143,2,2,761)
r(132,7,2,763)
r(143,2,2,763)
r(142,5,2,763)
w(142,6,2,763)
r(143,2,2,763)
r(143,2,2,763)
w(143,3,2,763)
w(143,4,2,763)
r(142,6,4,765)
w(141,1,4,765)
w(141,2,4,765)
r(142,6,4,765)
w(141,3,8,767)
r(143,4,8,767)
w(143,5,8,767)
w(143,6,8,767)
r(143,6,8,769)
r(143,6,8,769)
w(143,7,8,769)
w(143,8,8,769)
r(143,8,8,769)
w(144,1,8,769)
r(144,1,8,769)
w(145,1,7,771)
w(145,2,7,771)
w(132,8,7,771)
w(141,4,7,771)
r(142,6,7,771)
r(132,8,7,771)
w(144,2,5,773)
w(145,3,5,773)
r(142,6,5,773)
w(145,4,5,773)
r(132,8,5,773)
r(142,6,5,773)
r(145,4,1,775)
w(145,5,1,775)
w(145,6,1,775)
r(145,6,1,775)
w(145,7,1,775)
r(145,7,1,775)
r(145,7,1,775)
w(142,7,5,777)
r(132,8,5,777)
r(145,7,5,777)
r(145,7,5,777)
w(141,5,5,777)
r(145,7,4,779)
r(145,7,4,779)
w(145,8,4,779)
r(145,8,4,779)
w(141,6,4,779)
w(141,7,4,779)
r(141,7,2,781)
w(141,8,2,781)
r(145,8,2,781)
r(141,8,2,781)
r(142,7,2,781)
r(142,7,2,781)
w(146,1,2,781)
r(142,7,2,781)
r(146,1,3,783)
w(142,8,3,783)
r(146,1,3,783)
w(146,2,3,783)
r(146,2,3,783)
r(141,8,3,783)
r(146,2,0,785)
w(146,3,0,785)
r(141,8,0,785)
r(146,3,0,785)
r(146,3,0,785)
r(147,0,0,785)
w(146,4,5,789)
w(146,5,5,789)
r(146,5,5,789)
w(147,1,5,789)
w(148,1,5,789)
w(146,6,5,789)
w(146,7,5,789)
w(148,2,5,789)
w(147,3,8,791)
r(144,2,8,791)
w(148,4,8,791)
r(150,0,8,791)
w(150,1,8,791)
w(150,2,8,791)
r(150,2,8,791)
w(150,3,8,791)
w(148,5,5,794)
r(147,3,5,794)
w(150,4,5,794)
r(149,0,5,794)
w(148,6,5,794)
w(148,7,5,794)
r(148,7,2,797)
w(150,5,2,797)
w(150,6,2,797)
r(150,6,2,797)
r(150,6,2,797)
w(150,7,2,797)
r(147,3,2,797)
w(150,8,7,800)
r(150,8,7,800)
r(147,3,7,800)
r(150,8,7,800)
w(147,5,7,800)
w(144,4,7,800)
r(147,3,5,801)
r(147,3,5,801)
w(149,1,5,801)
w(149,2,5,801)
r(147,3,5,801)
w(152,1,5,801)
r(152,1,3,804)
w(152,2,3,804)
w(152,3,3,804)
w(152,4,3,804)
r(152,4,3,804)
w(152,5,3,804)
r(152,5,3,804)
w(152,6,3,804)
w(149,3,6,807)
r(144,4,6,807)
w(147,7,6,807)
r(153,0,6,807)
r(144,4,6,807)
r(147,7,9,811)
w(153,1,9,811)
w(147,8,9,811)
r(153,1,9,811)
w(153,2,9,811)
w(153,3,9,811)
w(153,4,9,811)
r(153,4,4,813)
w(151,1,4,813)
r(153,4,4,813)
r(154,0,4,813)
r(153,4,4,813)
r(153,4,4,813)
r(154,0,8,816)
r(153,4,8,816)
w(153,7,8,816)
w(151,2,8,816)
r(149,3,8,816)
r(153,7,8,816)
w(144,6,8,816)
w(153,8,8,816)
r(154,0,9,823)
w(155,3,9,823)
r(154,0,9,823)
w(155,4,9,823)
w(154,3,9,823)
w(154,4,9,823)
w(154,5,9,823)
w(154,6,9,825)
w(156,4,9,825)
r(149,3,9,825)
r(156,4,9,825)
w(156,5,9,825)
r(144,6,9,825)
r(156,5,9,825)
w(149,4,9,825)
w(156,6,0,827)
r(156,6,0,827)
r(154,6,0,827)
w(156,7,0,827)
r(151,2,5,829)
r(156,7,5,829)
r(154,6,5,829)
w(156,8,5,829)
w(149,5,2,831)
r(151,2,2,831)
w(151,5,2,831)
r(156,8,2,831)
w(151,6,7,833)
r(156,8,7,833)
r(156,8,7,833)
r(144,6,7,833)
w(157,1,7,833)
r(154,6,3,836)
r(154,6,3,836)
r(157,1,3,836)
w(151,7,3,836)
r(151,7,3,836)
r(157,1,5,840)
r(157,1,5,840)
r(157,1,5,840)
w(157,2,5,840)
r(157,2,5,840)
r(154,6,5,840)
w(157,3,5,840)
r(157,3,5,840)
w(157,6,6,843)
r(157,6,6,843)
r(151,7,6,843)
r(157,6,6,843)
w(157,7,6,843)
r(151,7,6,843)
r(149,5,4,846)
r(151,7,4,846)
r(157,7,4,846)
w(154,7,4,846)
r(151,7,0,847)
r(149,5,0,847)
w(157,8,0,847)
r(157,8,0,847)
w(158,1,0,847)
w(149,6,6,849)
r(158,1,6,849)
r(151,7,6,849)
w(154,8,6,849)
w(158,2,5,851)
r(158,2,5,851)
r(154,8,5,851)
r(158,2,5,851)
w(158,3,5,851)
r(159,0,5,851)
r(158,3,5,851)
r(158,3,6,853)
r(159,0,6,853)
r(158,3,6,853)
r(158,3,6,853)
r(160,0,6,853)
r(159,0,6,853)
r(160,0,2,855)
r(158,3,2,855)
r(144,6,2,855)
w(144,7,2,855)
r(158,3,2,855)
w(158,4,2,855)
w(158,5,2,855)
w(158,7,6,870)
w(144,8,6,870)
r(159,0,6,870)
r(160,0,6,870)
w(158,8,6,870)
w(160,1,6,870)
r(160,0,3,873)
r(161,0,3,873)
r(161,0,3,873)
w(161,3,3,873)
w(161,4,3,873)
w(161,5,3,873)
w(159,3,6,874)
r(162,0,6,874)
r(162,0,6,874)
w(149,8,6,874)
r(162,0,6,874)
r(162,0,6,874)
w(162,5,3,877)
r(144,8,3,877)
w(163,1,3,877)
w(159,4,3,877)
r(159,4,6,880)
w(162,6,6,880)
w(162,7,6,880)
r(162,7,6,880)
r(162,7,6,880)
r(162,7,6,880)
w(163,2,6,880)
w(161,6,2,883)
r(161,6,2,883)
r(160,1,2,883)
w(161,7,2,883)
r(161,7,2,883)
w(160,5,2,883)
w(149,7,2,883)
r(161,7,2,883)
w(164,1,3,885)
w(164,2,3,885)
r(164,2,3,885)
w(164,3,3,885)
r(163,2,3,885)
r(165,0,8,887)
w(164,4,8,887)
w(164,5,8,887)
r(159,4,8,887)
r(165,0,8,891)
r(163,2,8,891)
w(163,3,8,891)
w(164,6,8,891)
w(163,4,8,891)
r(164,6,8,891)
r(160,5,9,892)
r(161,7,9,892)
w(160,6,9,892)
r(161,7,9,892)
r(160,6,9,892)
r(161,7,9,892)
r(164,6,5,895)
w(165,1,5,895)
r(164,6,5,895)
w(164,7,5,895)
r(164,7,5,895)
r(159,4,2,898)
r(164,7,2,898)
w(159,6,2,898)
w(166,1,2,898)
r(163,4,2,898)
w(163,5,2,898)
w(163,6,2,898)
w(161,8,7,899)
w(160,7,7,899)
r(162,7,7,899)
r(162,7,7,899)
r(162,7,7,899)
r(162,7,7,899)
r(159,4,7,899)
r(163,6,3,901)
r(167,0,3,901)
r(167,0,3,901)
w(167,1,3,901)
r(167,1,6,903)
r(167,1,6,903)
r(167,1,6,903)
r(163,6,6,903)
r(159,6,6,903)
w(163,7,6,903)
r(167,1,6,903)
r(167,1,6,903)
r(166,1,0,905)
r(163,7,0,905)
w(167,2,0,905)
r(167,2,0,905)
w(167,3,1,907)
w(167,4,1,907)
r(166,1,1,907)
r(163,7,1,907)
r(167,4,1,907)
r(167,4,1,907)
w(167,5,1,907)
r(159,6,3,909)
w(163,8,3,909)
r(159,6,3,909)
r(159,6,3,909)
w(167,6,3,909)
w(159,7,2,911)
r(167,6,2,911)
w(166,2,2,911)
r(159,7,2,911)
r(167,6,2,911)
w(167,7,2,911)
r(168,0,2,911)
r(168,0,1,913)
r(168,0,1,913)
w(159,8,1,913)
r(167,7,1,913)
w(166,3,1,913)
w(167,8,5,915)
r(167,8,5,915)
r(167,8,5,915)
w(166,4,5,915)
r(166,4,5,915)
r(159,8,5,915)
r(166,4,5,915)
w(166,5,5,915)
r(168,0,8,918)
r(170,0,8,918)
r(168,0,8,918)
w(168,1,8,918)
r(170,0,8,918)
r(170,0,8,918)
w(170,1,4,919)
r(169,0,4,919)
r(170,1,4,919)
r(170,1,4,919)
w(169,1,4,919)
r(168,0,4,919)
r(168,1,2,921)
r(169,1,2,921)
w(166,6,2,921)
w(168,2,2,921)
w(168,3,2,921)
r(170,1,2,921)
r(168,3,2,921)
r(168,3,2,921)
w(170,2,1,925)
w(168,4,1,925)
w(170,3,1,925)
w(170,4,1,925)
w(168,5,1,925)
w(170,5,1,925)
w(170,6,1,925)
r(171,0,6,927)
w(169,2,6,927)
r(168,5,6,927)
w(169,3,6,927)
w(171,2,6,927)
w(171,3,6,927)
w(168,7,6,927)
r(169,3,7,931)
r(171,3,7,931)
w(171,4,7,931)
w(169,4,7,931)
w(169,5,7,931)
r(171,4,6,935)
w(169,6,6,935)
w(171,7,6,935)
w(172,1,6,935)
w(173,1,8,939)
w(173,2,8,939)
w(172,5,8,939)
w(173,3,8,939)
r(172,5,8,939)
r(173,3,8,939)
w(173,4,8,939)
r(173,4,1,942)
r(173,4,1,942)
r(172,5,1,942)
w(165,2,1,942)
w(173,8,3,943)
r(173,8,3,943)
w(169,7,3,943)
w(172,7,3,943)
r(174,0,3,943)
w(174,1,3,943)
w(174,2,3,943)
w(174,3,0,946)
r(174,3,0,946)
w(174,4,0,946)
r(174,4,0,946)
w(172,8,0,946)
r(166,6,0,946)
r(174,4,0,946)
r(172,8,0,946)
w(175,1,3,949)
r(172,8,3,949)
r(175,1,3,949)
r(175,1,3,949)
r(175,1,3,949)
r(176,0,3,949)
r(175,1,3,949)
r(169,7,0,951)
w(175,2,0,951)
r(175,2,0,951)
r(176,0,0,951)
w(175,3,0,951)
w(166,7,0,951)
r(176,0,0,951)
r(175,3,3,953)
w(169,8,3,953)
w(176,1,3,953)
w(166,8,3,953)
w(175,4,3,953)
r(175,4,3,953)
w(175,5,3,955)
r(175,5,3,955)
r(169,8,3,955)
w(176,2,3,955)
w(176,3,3,957)
w(176,4,3,957)
r(175,5,3,957)
r(175,5,3,957)
r(176,4,3,957)
w(175,6,3,957)
w(175,7,3,957)
w(175,8,8,959)
r(166,8,8,959)
r(175,8,8,959)
r(177,0,8,959)
w(176,5,8,959)
w(176,6,8,959)
r(179,0,8,963)
w(179,1,8,963)
r(177,0,8,963)
w(176,7,8,963)
r(179,1,8,963)
r(179,1,8,963)
w(176,8,8,963)
w(179,4,6,965)
r(179,4,6,965)
w(179,5,6,965)
w(179,6,6,965)
r(177,0,0,967)
w(179,7,0,967)
r(179,7,0,967)
r(177,0,0,967)
r(177,0,0,967)
w(180,1,0,967)
r(180,1,0,967)
r(179,7,2,969)
r(179,7,2,969)
w(180,2,2,969)
r(179,7,2,969)
w(179,8,2,969)
r(180,2,2,969)
r(165,2,4,971)
w(177,2,4,971)
r(181,0,4,971)
r(181,0,4,971)
r(178,0,4,971)
r(180,2,4,971)
r(181,0,4,971)
w(177,3,4,971)
w(180,3,3,974)
w(181,1,3,974)
r(181,1,3,974)
w(181,2,3,974)
w(181,3,3,974)
r(178,0,0,977)
w(178,1,0,977)
r(181,3,0,977)
w(180,5,0,977)
r(181,3,0,977)
r(181,3,0,977)
r(181,3,6,979)
r(181,3,6,979)
w(181,7,6,979)
w(178,2,6,979)
r(180,5,6,979)
w(180,6,6,979)
w(180,7,6,979)
r(181,7,6,979)
r(181,7,4,981)
r(180,7,4,981)
r(178,2,4,981)
w(177,5,4,981)
w(165,3,4,981)
r(180,7,4,981)
r(178,2,3,983)
w(181,8,3,983)
r(182,0,3,983)
w(182,1,3,983)
r(178,2,3,985)
r(180,7,3,985)
w(182,2,3,985)
r(182,2,3,985)
r(182,2,1,988)
r(180,7,1,988)
r(180,7,1,988)
w(182,3,1,988)
w(182,4,1,988)
r(180,7,1,988)
r(182,4,1,988)
w(182,7,5,991)
w(182,8,5,991)
r(182,8,5,991)
r(182,8,5,991)
w(178,3,5,991)
r(182,8,5,991)
r(183,0,5,991)
r(180,7,5,991)
r(180,7,2,993)
r(177,5,2,993)
r(183,0,2,993)
w(183,1,2,993)
r(177,5,2,993)
r(177,5,2,993)
r(180,7,8,995)
w(178,4,8,995)
r(183,1,8,995)
r(183,1,8,995)
w(183,2,3,997)
w(183,3,3,997)
w(184,1,3,997)
w(184,2,3,997)
r(183,3,3,997)
w(177,7,3,997)
w(165,4,3,997)
w(184,3,3,999)
w(184,4,3,999)
w(183,4,3,999)
w(183,5,3,999)
r(177,7,3,999)
w(177,8,3,999)
r(183,5,3,1001)
w(183,6,3,1001)
r(183,6,3,1001)
r(184,4,3,1001)
w(183,7,3,1001)
r(184,4,3,1001)
w(183,8,5,1003)
w(184,5,5,1003)
r(183,8,5,1003)
r(185,0,5,1003)
r(185,0,9,1005)
r(185,0,9,1005)
r(185,0,9,1005)
w(185,1,9,1005)
r(184,5,9,1005)
r(185,1,9,1005)
w(185,2,9,1005)
r(185,2,9,1005)
r(185,2,9,1007)
r(185,2,9,1007)
r(184,5,9,1007)
w(184,6,9,1007)
w(185,3,9,1007)
r(185,3,9,1007)
r(165,4,7,1011)
w(185,4,7,1011)
r(184,6,7,1011)
r(185,4,7,1011)
r(184,6,7,1011)
w(178,5,7,1011)
r(185,4,7,1011)
r(185,4,7,1011)
r(186,0,9,1013)
r(185,4,9,1013)
w(184,7,9,1013)
w(185,8,9,1013)
w(184,8,9,1013)
r(187,0,9,1013)
w(187,3,3,1043)
w(187,4,3,1043)
w(178,7,3,1043)
r(188,0,3,1043)
w(188,3,3,1043)
w(186,1,3,1043)
r(165,4,3,1043)
w(178,8,3,1043)
w(187,6,9,1046)
r(188,3,9,1046)
w(188,7,9,1046)
r(187,6,9,1046)
r(188,7,9,1046)
w(186,3,9,1046)
r(194,0,3,1049)
r(191,0,3,1049)
w(165,5,3,1049)
w(194,1,3,1049)
r(194,1,2,1052)
r(186,3,2,1052)
w(194,2,2,1052)
w(186,7,2,1052)
r(188,7,6,1053)
r(187,6,6,1053)
r(188,7,6,1053)
w(188,8,6,1053)
w(190,5,9,1055)
r(186,7,9,1055)
w(191,3,9,1055)
r(194,2,9,1055)
w(194,3,2,1057)
w(194,4,2,1057)
r(191,3,2,1057)
r(191,3,2,1057)
w(194,5,2,1057)
r(194,5,7,1059)
r(194,5,7,1059)
r(190,5,7,1059)
w(191,4,7,1059)
w(194,6,7,1059)
w(190,6,7,1059)
w(194,7,7,1059)
w(190,7,7,1059)
r(194,7,3,1061)
w(194,8,3,1061)
w(186,8,3,1061)
r(194,8,3,1061)
r(194,8,9,1064)
r(190,7,9,1064)
r(194,8,9,1064)
w(190,8,9,1064)
r(165,5,9,1064)
w(197,1,9,1064)
r(196,0,9,1064)
w(196,1,9,1064)
r(197,1,2,1067)
w(196,3,2,1067)
r(196,3,2,1067)
w(196,4,2,1067)
w(192,7,4,1069)
r(192,7,4,1069)
r(190,8,4,1069)
w(190,3,4,1069)
r(196,4,9,1071)
r(196,4,9,1071)
w(197,2,9,1071)
w(197,3,9,1071)
w(197,4,9,1071)
w(197,5,3,1073)
w(197,6,3,1073)
r(196,4,3,1073)
w(196,5,3,1073)
w(189,2,5,1074)
w(189,3,5,1074)
r(189,3,5,1074)
r(189,3,5,1074)
r(190,0,0,1078)
r(190,0,0,1078)
w(193,3,0,1078)
w(193,4,0,1078)
w(196,6,2,1079)
w(191,6,2,1079)
w(196,7,2,1079)
w(165,6,2,1079)
r(196,7,2,1079)
r(196,7,2,1079)
w(197,7,2,1079)
w(198,2,4,1081)
r(198,2,4,1081)
r(191,6,4,1081)
r(197,7,4,1081)
r(197,7,4,1081)
r(197,7,2,1083)
r(198,2,2,1083)
w(198,3,2,1083)
r(195,0,2,1083)
r(198,3,2,1083)
r(198,3,2,1083)
w(198,4,2,1083)
r(199,0,2,1083)
w(198,5,1,1085)
w(199,1,1,1085)
r(198,5,1,1085)
r(199,1,1,1085)
r(195,0,1,1085)
r(195,0,3,1087)
r(198,5,3,1087)
w(198,6,3,1087)
r(165,6,3,1087)
r(199,1,3,1087)
w(198,7,3,1087)
w(199,2,1,1089)
w(198,8,1,1089)
r(195,0,1,1089)
r(200,0,1,1089)
r(200,0,1,1089)
w(200,2,9,1093)
w(199,3,9,1093)
r(195,0,9,1093)
w(200,3,9,1093)
w(195,3,9,1093)
r(200,3,4,1096)
r(200,3,4,1096)
r(199,3,4,1096)
w(191,8,4,1096)
r(200,3,7,1097)
w(199,4,7,1097)
r(200,3,7,1097)
w(200,4,7,1097)
r(200,4,7,1097)
w(165,7,7,1097)
r(200,4,7,1097)
r(200,4,7,1100)
r(199,4,7,1100)
w(200,5,7,1100)
r(199,4,7,1100)
w(200,6,7,1100)
w(200,7,7,1100)
r(199,4,7,1100)
w(200,8,8,1101)
r(200,8,8,1101)
w(202,1,8,1101)
r(165,7,8,1101)
w(202,2,8,1101)
r(195,3,8,1101)
r(202,2,8,1101)
r(202,2,8,1101)
r(195,3,7,1103)
r(199,4,7,1103)
w(165,8,7,1103)
w(199,5,7,1103)
w(202,3,7,1103)
r(199,5,7,1103)
w(202,4,2,1107)
w(199,6,2,1107)
w(202,5,2,1107)
r(202,5,2,1107)
r(195,3,2,1107)
w(199,7,2,1107)
w(202,6,2,1107)
r(199,7,2,1107)
r(199,7,4,1111)
r(195,3,4,1111)
w(202,8,4,1111)
r(195,3,4,1111)
w(195,5,4,1111)
r(204,0,4,1111)
w(204,1,4,1111)
r(204,1,4,1111)
w(204,3,9,1114)
w(204,4,9,1114)
w(204,5,9,1114)
r(203,0,9,1114)
r(204,5,2,1117)
r(204,5,2,1117)
r(204,5,2,1117)
r(195,5,2,1117)
w(203,3,2,1117)
r(203,3,2,1117)
r(204,5,7,1119)
w(204,7,7,1119)
w(201,1,7,1119)
r(203,3,7,1119)
w(204,8,7,1119)
w(201,2,4,1122)
r(206,0,4,1122)
r(206,0,4,1122)
w(206,1,4,1122)
r(203,3,7,1123)
w(203,4,7,1123)
r(206,1,7,1123)
r(203,4,7,1123)
r(203,4,7,1123)
r(206,1,7,1123)
w(206,2,9,1125)
w(203,5,9,1125)
r(203,5,9,1125)
w(206,3,9,1125)
w(195,7,9,1125)
w(206,4,0,1129)
r(195,7,0,1129)
w(206,5,0,1129)
r(206,5,0,1129)
r(206,5,0,1129)
w(201,3,0,1129)
r(195,7,0,1129)
w(203,6,0,1129)
r(195,7,4,1131)
w(206,7,4,1131)
w(206,8,4,1131)
r(206,8,4,1131)
r(206,8,4,1131)
r(201,3,6,1133)
w(195,8,6,1133)
r(203,6,6,1133)
r(207,0,6,1133)
w(207,1,4,1135)
w(201,4,4,1135)
r(207,1,4,1135)
r(207,1,4,1135)
r(207,1,6,1137)
r(203,6,6,1137)
r(207,1,6,1137)
r(203,6,6,1137)
w(207,2,6,1137)
w(203,7,6,1137)
r(207,2,6,1137)
r(201,4,6,1137)
w(207,3,2,1139)
w(207,4,2,1139)
w(207,5,2,1139)
r(203,7,2,1139)
w(207,6,2,1139)
w(207,7,2,1139)
r(195,8,1,1141)
w(203,8,1,1141)
r(207,7,1,1141)
w(207,8,1,1141)
r(208,0,1,1141)
r(208,0,1,1141)
r(208,0,9,1144)
w(208,1,9,1144)
r(195,8,9,1144)
r(203,8,9,1144)
r(201,4,9,1144)
r(208,1,9,1144)
w(208,2,9,1144)
r(208,2,0,1147)
w(208,6,0,1147)
r(203,8,0,1147)
r(208,6,0,1147)
w(201,5,0,1147)
w(210,1,0,1147)
r(208,6,0,1147)
w(210,2,0,1147)
w(208,7,0,1149)
w(209,1,0,1149)
r(208,7,0,1149)
w(208,8,0,1149)
r(209,1,0,1149)
w(210,3,0,1149)
w(211,1,0,1149)
w(210,4,8,1151)
w(210,5,8,1151)
r(211,1,8,1151)
w(210,6,8,1151)
r(211,1,8,1151)
r(210,6,8,1151)
w(211,2,8,1151)
r(211,2,6,1153)
w(211,3,6,1153)
r(211,3,6,1153)
r(211,3,6,1153)
w(210,7,6,1153)
w(209,2,3,1156)
w(201,6,3,1156)
w(209,3,3,1156)
r(210,7,3,1156)
r(209,1,1,1157)
w(211,4,1,1157)
r(211,4,1,1157)
r(209,1,1,1157)
w(210,8,1,1157)
r(211,4,1,1157)
r(210,8,4,1159)
r(211,4,4,1159)
w(209,4,4,1159)
r(211,4,4,1159)
r(209,4,4,1159)
r(201,6,4,1159)
r(201,6,4,1159)
r(210,8,4,1161)
r(211,4,4,1161)
r(210,8,4,1161)
w(211,5,4,1161)
w(211,6,4,1161)
r(201,6,4,1161)
r(211,6,4,1161)
r(211,6,4,1161)
r(211,6,8,1163)
w(211,7,8,1163)
r(212,0,8,1163)
r(211,7,8,1163)
r(212,0,8,1163)
w(201,7,8,1163)
r(211,7,8,1163)
r(209,4,1,1165)
r(211,7,1,1165)
r(209,4,1,1165)
w(212,1,1,1165)
w(211,8,6,1167)
r(212,1,6,1167)
w(213,1,6,1167)
w(212,2,6,1167)
w(213,2,6,1167)
w(212,3,6,1167)
r(213,2,6,1167)
r(209,4,6,1167)
w(213,3,0,1169)
w(213,4,0,1169)
r(213,4,0,1169)
r(212,3,0,1169)
w(201,8,2,1171)
r(213,4,2,1171)
w(213,5,2,1171)
w(212,4,2,1171)
r(213,5,2,1171)
w(213,6,2,1171)
w(213,7,2,1171)
r(213,7,7,1174)
r(209,4,7,1174)
w(213,8,7,1174)
r(209,4,7,1174)
w(212,5,7,1174)
r(214,0,7,1174)
r(212,5,7,1174)
w(214,1,7,1174)
w(209,5,8,1177)
r(209,5,8,1177)
r(214,1,8,1177)
r(212,5,8,1177)
w(214,3,4,1180)
r(214,3,4,1180)
r(214,3,4,1180)
w(212,7,4,1180)
r(209,5,2,1198)
r(212,7,2,1198)
r(214,3,2,1198)
w(214,5,2,1198)
r(214,3,3,1200)
r(214,3,3,1200)
w(212,8,3,1200)
r(209,5,3,1200)
w(217,7,2,1201)
r(217,7,2,1201)
r(216,0,2,1201)
w(217,8,2,1201)
w(218,4,2,1201)
w(218,5,2,1201)
r(218,5,2,1201)
r(212,8,5,1202)
w(215,1,5,1202)
w(215,2,5,1202)
r(215,2,5,1202)
r(215,2,5,1202)
w(214,7,0,1204)
r(214,7,0,1204)
r(214,7,0,1204)
r(209,5,0,1204)
r(214,7,0,1204)
r(214,7,0,1204)
w(214,8,0,1204)
w(218,6,3,1205)
r(217,8,3,1205)
r(218,6,3,1205)
r(218,6,3,1205)
r(218,6,3,1205)
w(218,7,3,1205)
w(218,8,3,1205)
r(215,2,9,1207)
r(215,2,9,1207)
w(217,1,9,1207)
w(215,3,9,1207)
r(215,3,9,1207)
r(217,1,9,1207)
w(215,4,9,1207)
w(217,2,9,1207)
w(220,1,0,1208)
w(221,1,0,1208)
w(221,2,0,1208)
r(221,2,0,1208)
r(220,1,0,1208)
w(220,2,7,1211)
w(219,1,7,1211)
r(220,2,7,1211)
w(220,3,7,1211)
w(221,3,7,1211)
r(220,3,7,1211)
r(221,3,7,1211)
w(219,2,7,1211)
w(220,4,0,1213)
w(220,5,0,1213)
r(220,5,0,1213)
r(220,5,0,1213)
r(219,2,0,1213)
r(219,2,0,1213)
r(219,2,0,1213)
r(221,3,0,1213)
r(217,2,4,1215)
r(215,4,4,1215)
r(217,2,4,1215)
r(215,4,4,1215)
w(216,1,4,1215)
r(215,4,4,1215)
r(221,3,7,1217)
r(221,3,7,1217)
r(221,3,7,1217)
r(221,3,7,1217)
w(221,4,7,1217)
w(221,5,7,1217)
r(221,5,7,1217)
r(221,5,7,1217)
w(221,6,5,1218)
w(221,7,5,1218)
w(221,8,5,1218)
r(221,8,5,1218)
r(216,1,5,1218)
r(221,8,5,1218)
r(219,2,5,1218)
r(220,5,3,1221)
r(222,0,3,1221)
r(222,0,3,1221)
w(219,3,3,1221)
r(221,8,7,1222)
r(221,8,7,1222)
w(220,6,7,1222)
w(220,7,7,1222)
w(220,8,7,1222)
w(222,1,7,1222)
w(216,3,7,1222)
w(222,2,3,1224)
r(216,3,3,1224)
w(216,4,3,1224)
r(220,8,3,1224)
w(217,6,1,1226)
r(219,3,1,1226)
r(219,3,1,1226)
r(218,8,1,1226)
w(222,3,7,1229)
r(223,0,7,1229)
r(222,3,7,1229)
w(222,4,7,1229)
w(222,5,7,1229)
r(205,0,6,1232)
r(219,3,6,1232)
w(222,6,6,1232)
r(222,6,6,1232)
r(224,0,6,1235)
r(224,0,6,1235)
r(224,0,6,1235)
w(224,2,6,1235)
r(224,2,1,1237)
w(223,1,1,1237)
r(223,1,1,1237)
r(219,3,1,1237)
w(205,3,1,1237)
r(224,2,1,1237)
r(224,2,1,1237)
r(224,2,6,1239)
r(224,2,6,1239)
w(223,2,6,1239)
w(223,3,6,1239)
r(224,2,6,1239)
w(223,4,2,1241)
w(205,4,2,1241)
r(223,4,2,1241)
r(224,2,2,1241)
w(224,3,2,1241)
w(224,4,2,1241)
w(219,4,6,1243)
r(216,4,6,1243)
w(216,5,6,1243)
r(224,4,6,1243)
r(224,4,6,1243)
r(223,4,6,1243)
r(223,4,6,1243)
w(219,5,6,1243)
r(219,5,8,1245)
w(224,5,8,1245)
r(223,4,8,1245)
w(205,5,8,1245)
w(224,6,8,1245)
w(219,6,8,1245)
r(219,6,8,1245)
r(224,6,2,1248)
r(224,6,2,1248)
r(224,6,2,1248)
r(223,4,2,1248)
r(224,6,2,1248)
w(223,5,5,1249)
w(224,7,5,1249)
r(219,6,5,1249)
w(224,8,5,1249)
r(224,8,5,1249)
w(216,6,5,1249)
r(223,5,6,1251)
r(223,5,6,1251)
r(225,0,6,1251)
w(225,1,6,1251)
r(223,5,6,1251)
r(223,5,6,1251)
w(219,7,1,1253)
w(225,2,1,1253)
r(225,2,1,1253)
r(219,7,1,1253)
r(223,5,1,1253)
r(216,6,1,1253)
w(225,3,1,1253)
r(219,7,1,1253)
w(225,4,7,1255)
w(225,5,7,1255)
r(223,5,7,1255)
w(205,6,7,1255)
w(225,6,7,1255)
w(225,7,4,1257)
r(225,7,4,1257)
w(225,8,4,1257)
w(216,7,4,1257)
w(216,8,4,1257)
r(225,8,9,1259)
r(223,5,9,1259)
r(223,5,9,1259)
r(223,5,9,1259)
r(223,5,9,1259)
r(223,5,2,1262)
r(226,0,2,1262)
w(226,1,2,1262)
w(226,2,2,1262)
r(216,8,6,1265)
r(216,8,6,1265)
r(216,8,6,1265)
r(219,7,6,1265)
w(226,5,6,1265)
w(226,6,6,1265)
w(226,7,6,1265)
w(226,8,5,1267)
w(228,1,5,1267)
w(228,2,5,1267)
r(219,7,5,1267)
r(223,5,5,1267)
w(223,6,5,1267)
r(228,2,5,1267)
r(228,2,5,1267)
r(205,6,9,1269)
r(227,0,9,1269)
w(228,3,9,1269)
r(228,3,9,1269)
r(223,6,9,1269)
r(228,3,9,1269)
r(228,3,9,1269)
w(227,1,9,1269)
r(228,3,8,1271)
w(223,7,8,1271)
w(228,4,8,1271)
r(228,4,8,1271)
r(228,4,9,1273)
w(223,8,9,1273)
r(219,7,9,1273)
w(228,5,9,1273)
w(228,6,9,1273)
r(219,7,5,1276)
r(228,6,5,1276)
r(205,6,5,1276)
w(228,7,5,1276)
r(228,7,3,1277)
w(229,1,3,1277)
r(229,1,3,1277)
w(228,8,3,1277)
r(228,8,3,1277)
w(229,2,3,1277)
r(229,2,3,1277)
r(219,7,3,1279)
r(230,0,3,1279)
w(229,3,3,1279)
w(229,4,3,1279)
w(230,1,3,1279)
r(229,4,3,1279)
r(219,7,5,1281)
w(229,5,5,1281)
w(230,2,5,1281)
r(219,7,5,1281)
r(229,5,5,1281)
r(230,2,5,1283)
w(230,3,5,1283)
w(230,4,5,1283)
w(231,1,5,1283)
w(231,2,7,1285)
r(229,5,7,1285)
w(229,6,7,1285)
w(230,5,7,1285)
w(230,6,7,1285)
w(205,7,3,1287)
w(231,3,3,1287)
r(205,7,3,1287)
w(229,7,3,1287)
r(227,1,3,1287)
w(231,4,7,1289)
w(229,8,7,1289)
r(230,6,7,1289)
r(229,8,7,1289)
r(229,8,7,1289)
r(229,8,7,1289)
w(230,7,0,1291)
r(229,8,0,1291)
r(230,7,0,1291)
w(230,8,0,1291)
r(232,0,0,1291)
w(231,5,0,1291)
r(232,0,0,1291)
r(205,7,0,1291)
w(232,1,9,1293)
w(232,2,9,1293)
r(227,1,9,1293)
w(232,3,9,1293)
w(232,4,1,1295)
r(229,8,1,1295)
w(227,2,1,1295)
w(232,5,1,1295)
w(231,6,9,1297)
w(233,1,9,1297)
r(232,5,9,1297)
r(232,5,9,1297)
r(233,1,1,1299)
w(232,6,1,1299)
r(232,6,1,1299)
r(233,1,1,1299)
w(232,7,1,1299)
r(233,1,1,1299)
r(231,6,1,1299)
r(232,7,1,1299)
r(232,7,8,1301)
r(232,7,8,1301)
r(233,1,8,1301)
r(232,7,8,1301)
r(232,7,0,1303)
w(233,2,0,1303)
r(232,7,0,1303)
w(232,8,0,1303)
r(233,2,0,1303)
r(232,8,0,1303)
r(234,0,0,1303)
r(233,2,0,1303)
r(231,6,8,1305)
r(233,2,8,1305)
r(233,2,8,1305)
r(234,0,8,1305)
w(233,3,8,1305)
w(233,4,7,1307)
w(231,7,7,1307)
r(233,4,7,1307)
r(233,4,7,1307)
w(234,1,7,1307)
w(234,2,7,1307)
r(233,4,7,1307)
r(233,4,3,1309)
r(234,2,3,1309)
w(234,3,3,1309)
r(233,4,3,1309)
w(227,3,7,1311)
r(233,4,7,1311)
r(233,4,7,1311)
w(234,4,7,1311)
w(234,5,7,1311)
r(234,5,7,1314)
r(234,5,7,1314)
r(234,5,7,1314)
w(234,6,7,1314)
r(234,6,7,1314)
w(234,7,7,1314)
w(234,8,7,1314)
r(205,7,8,1315)
r(235,0,8,1315)
r(233,4,8,1315)
r(233,4,8,1315)
w(233,5,8,1315)
w(233,6,8,1315)
r(233,6,8,1315)
w(235,1,3,1317)
r(233,6,3,1317)
w(231,8,3,1317)
r(231,8,3,1317)
w(235,2,3,1317)
r(235,2,3,1317)
w(235,3,1,1319)
r(235,3,1,1319)
r(235,3,1,1319)
r(235,3,1,1319)
r(235,3,1,1319)
r(236,0,1,1319)
r(235,3,1,1319)
r(235,3,1,1319)
r(236,0,3,1321)
w(236,1,3,1321)
r(233,6,3,1321)
r(235,3,3,1321)
w(235,4,0,1323)
w(235,5,0,1323)
r(233,6,0,1323)
r(235,5,0,1323)
w(236,2,0,1323)
r(233,6,0,1323)
r(235,5,0,1323)
w(233,7,1,1327)
r(235,5,1,1327)
r(235,5,1,1327)
r(235,5,1,1327)
w(236,3,1,1327)
w(236,4,1,1329)
w(235,7,1,1329)
r(237,0,1,1329)
w(237,1,1,1329)
r(235,7,8,1331)
r(235,7,8,1331)
w(235,8,8,1331)
r(237,1,8,1331)
r(237,1,8,1331)
w(227,4,7,1333)
w(238,1,7,1333)
r(238,1,7,1333)
w(236,5,7,1333)
w(236,6,7,1335)
w(237,2,7,1335)
w(237,3,7,1335)
r(236,6,7,1335)
r(238,1,5,1338)
r(238,1,5,1338)
r(238,1,5,1338)
w(238,2,5,1338)
r(237,3,5,1338)
w(238,3,5,1338)
r(238,3,3,1341)
w(227,5,3,1341)
r(236,6,3,1341)
r(236,6,3,1341)
w(237,4,3,1341)
w(238,6,3,1341)
w(238,7,3,1341)
w(237,6,8,1356)
r(239,0,8,1356)
r(237,6,8,1356)
r(239,0,8,1356)
r(236,6,8,1356)
w(239,1,8,1356)
w(243,6,8,1358)
w(243,7,8,1358)
r(242,0,8,1358)
r(243,7,8,1358)
r(242,0,8,1360)
r(243,7,8,1360)
w(241,2,8,1360)
w(243,8,8,1360)
r(241,2,8,1360)
w(227,6,8,1360)
w(244,2,7,1365)
r(205,7,7,1365)
r(205,7,7,1365)
r(242,0,7,1365)
r(242,0,7,1365)
r(244,2,7,1365)
w(244,3,7,1365)
r(244,3,7,1365)
r(241,2,7,1367)
w(242,2,7,1367)
w(241,3,7,1367)
r(244,3,7,1367)
r(242,2,7,1367)
w(241,4,7,1367)
w(244,4,7,1367)
r(205,7,6,1372)
w(244,5,6,1372)
r(244,5,6,1372)
w(241,5,6,1372)
r(242,2,6,1372)
r(244,5,6,1372)
w(242,3,6,1372)
r(242,3,6,1372)
w(240,8,0,1375)
r(241,5,0,1375)
r(240,8,0,1375)
w(241,1,0,1375)
r(240,8,0,1375)
r(237,6,5,1376)
r(237,6,5,1376)
r(237,6,5,1376)
w(243,1,5,1376)
r(241,5,5,1376)
r(243,1,5,1376)
w(243,2,5,1376)
r(205,7,5,1376)
w(244,7,6,1377)
w(244,8,6,1377)
w(227,7,6,1377)
w(242,6,6,1377)
r(244,8,6,1377)
w(242,7,6,1377)
w(242,8,6,1377)
r(246,0,7,1380)
r(227,7,7,1380)
r(246,0,7,1380)
w(246,1,7,1380)
r(247,0,8,1389)
w(241,7,8,1389)
r(247,0,8,1389)
r(246,1,8,1389)
r(245,0,8,1389)
w(247,3,8,1389)
r(247,3,8,1389)
r(241,7,3,1394)
w(247,5,3,1394)
w(241,8,3,1394)
w(247,6,3,1394)
r(247,6,3,1394)
r(245,0,7,1398)
r(248,0,7,1398)
w(248,2,7,1398)
r(246,1,7,1398)
w(248,3,7,1398)
r(249,0,7,1398)
w(248,4,7,1398)
w(248,5,8,1401)
w(249,1,8,1401)
r(248,5,8,1401)
r(246,1,8,1401)
w(246,6,8,1401)
r(248,5,8,1401)
w(246,7,8,1401)
w(248,6,8,1403)
r(246,7,8,1403)
w(248,7,8,1403)
w(246,8,8,1403)
w(248,8,8,1403)
r(248,8,8,1405)
r(250,0,8,1405)
w(227,8,8,1405)
r(251,0,8,1405)
r(251,0,8,1405)
w(250,1,8,1405)
r(251,0,8,1405)
w(250,2,8,1405)
r(250,2,2,1407)
w(251,1,2,1407)
r(250,2,2,1407)
w(249,2,2,1407)
w(250,3,2,1407)
w(250,4,0,1409)
r(251,1,0,1409)
r(250,4,0,1409)
w(249,3,0,1409)
r(251,1,0,1409)
w(250,5,0,1409)
w(249,4,0,1409)
r(251,1,0,1409)
r(227,8,7,1411)
w(250,6,7,1411)
w(251,2,7,1411)
w(250,7,7,1411)
r(250,7,7,1411)
w(250,8,7,1411)
w(251,3,7,1411)
r(252,0,7,1411)
w(249,5,9,1413)
w(252,1,9,1413)
w(252,2,9,1413)
r(249,5,9,1413)
r(253,0,9,1413)
w(245,2,5,1417)
w(252,3,5,1417)
w(251,4,5,1417)
w(251,5,5,1417)
r(251,5,5,1417)
r(249,5,5,1417)
w(252,4,5,1417)
w(252,7,1,1419)
r(251,5,1,1419)
w(252,8,1,1419)
w(253,1,1,1419)
w(249,8,1,1419)
w(253,2,7,1421)
r(252,8,7,1421)
r(252,8,7,1421)
r(252,8,7,1421)
r(252,8,7,1421)
r(251,5,7,1421)
w(254,1,7,1421)
w(254,2,7,1421)
r(251,5,4,1423)
r(254,2,4,1423)
r(251,5,4,1423)
r(251,5,4,1423)
r(254,2,4,1423)
r(254,2,4,1423)
w(254,3,9,1425)
w(251,6,9,1425)
w(254,4,9,1425)
r(254,4,9,1425)
w(255,1,9,1425)
r(254,4,9,1425)
r(254,4,4,1427)
w(254,5,4,1427)
w(255,2,4,1427)
w(251,7,4,1427)
r(254,5,4,1427)
r(254,5,4,1427)
w(245,3,4,1427)
r(254,5,4,1427)
w(255,3,3,1429)
r(251,7,3,1429)
w(254,6,3,1429)
w(254,7,3,1429)
w(254,8,3,1429)
r(254,8,0,1431)
w(251,8,0,1431)
r(254,8,0,1431)
w(256,1,0,1431)
w(253,3,0,1431)
w(256,2,8,1435)
w(256,3,8,1435)
r(253,3,8,1435)
w(257,1,8,1435)
w(256,4,8,1435)
r(256,4,8,1435)
w(257,2,8,1435)
r(255,3,0,1437)
r(257,2,0,1437)
r(255,3,0,1437)
w(253,4,0,1437)
w(255,4,0,1437)
w(257,5,2,1439)
r(257,5,2,1439)
w(255,5,2,1439)
w(256,5,2,1439)
r(257,5,2,1439)
w(256,6,2,1439)
w(255,6,2,1439)
r(257,5,5,1442)
r(257,5,5,1442)
w(258,1,5,1442)
r(257,5,5,1442)
w(255,7,5,1442)
w(257,6,8,1443)
w(257,7,8,1443)
r(256,6,8,1443)
w(256,7,8,1443)
w(256,8,8,1443)
w(253,5,8,1443)
w(257,8,8,1443)
r(258,1,8,1445)
w(259,1,8,1445)
r(259,1,8,1445)
r(258,1,8,1445)
r(258,1,8,1445)
r(253,5,7,1448)
r(245,3,7,1448)
r(259,1,7,1448)
r(258,1,7,1448)
w(259,2,7,1448)
w(259,3,7,1448)
w(259,4,7,1448)
r(258,1,4,1451)
w(258,4,4,1451)
r(258,4,4,1451)
w(253,6,4,1451)
w(255,8,9,1455)
w(258,5,9,1455)
w(259,6,9,1455)
w(259,7,9,1455)
w(258,6,9,1455)
w(258,7,9,1455)
w(259,8,9,1455)
w(253,7,8,1457)
r(261,0,8,1457)
r(260,0,8,1457)
r(261,0,8,1457)
w(261,3,8,1457)
r(261,3,8,1457)
r(253,7,8,1457)
w(260,3,8,1457)
r(262,0,8,1459)
w(260,4,8,1459)
r(261,3,8,1459)
r(261,3,8,1459)
r(262,0,1,1462)
w(261,4,1,1462)
w(260,5,1,1462)
r(262,0,1,1462)
w(262,2,1,1462)
r(261,4,1,1462)
r(261,4,1,1462)
w(261,5,1,1462)
r(261,5,9,1465)
r(253,7,9,1465)
w(262,3,9,1465)
r(261,5,9,1465)
r(261,5,4,1467)
w(262,4,4,1467)
r(260,5,4,1467)
w(261,8,4,1467)
r(261,8,6,1469)
r(263,0,6,1469)
r(263,0,6,1469)
r(263,0,6,1469)
r(263,0,6,1469)
w(245,4,1,1471)
w(253,8,1,1471)
r(263,0,1,1471)
w(262,5,1,1471)
r(263,0,1,1471)
r(262,5,1,1471)
r(263,0,1,1471)
w(263,1,3,1473)
w(263,2,3,1473)
w(263,3,3,1473)
w(260,6,3,1473)
r(253,8,3,1475)
r(262,5,3,1475)
r(262,5,3,1475)
r(263,3,3,1475)
r(263,3,3,1475)
w(263,4,3,1475)
w(263,5,3,1475)
r(245,4,4,1477)
w(245,5,4,1477)
w(262,6,4,1477)
w(262,7,4,1477)
w(263,6,4,1477)
r(265,0,5,1481)
r(260,6,5,1481)
r(264,0,5,1481)
r(265,0,5,1481)
w(264,2,5,1481)
r(265,0,5,1481)
r(265,0,5,1481)
w(265,1,5,1481)
r(264,2,4,1484)
w(265,2,4,1484)
r(264,2,4,1484)
w(265,3,4,1484)
r(253,8,9,1487)
r(253,8,9,1487)
r(265,3,9,1487)
w(265,5,9,1487)
r(265,5,1,1489)
r(264,2,1,1489)
r(264,2,1,1489)
r(265,5,1,1489)
w(265,6,1,1489)
r(265,6,8,1491)
r(264,2,8,1491)
r(265,6,8,1491)
w(265,7,8,1491)
w(264,4,8,1491)
w(265,8,8,1491)
w(264,5,0,1493)
w(264,6,0,1493)
r(267,0,0,1493)
r(264,6,0,1493)
r(267,0,0,1493)
r(267,0,0,1493)
w(267,1,0,1493)
w(264,7,0,1493)
r(267,1,2,1495)
w(267,2,2,1495)
w(260,7,2,1495)
r(267,2,2,1495)
w(267,3,2,1495)
w(266,1,2,1495)
r(267,3,2,1495)
w(266,2,2,1495)
w(267,4,7,1497)
w(267,5,7,1497)
w(266,3,7,1497)
w(264,8,7,1497)
w(267,6,7,1497)
w(267,7,7,1497)
r(267,7,1,1499)
w(267,8,1,1499)
r(260,7,1,1499)
r(267,8,1,1499)
r(267,8,1,1499)
r(267,8,9,1501)
r(266,3,9,1501)
w(268,1,9,1501)
r(267,8,9,1501)
w(260,8,9,1501)
w(269,1,9,1501)
w(269,2,9,1501)
r(268,1,9,1501)
w(269,3,7,1503)
r(266,3,7,1503)
r(268,1,7,1503)
r(269,3,7,1503)
r(270,0,7,1503)
w(266,4,7,1503)
w(269,4,5,1518)
w(268,2,5,1518)
r(269,4,5,1518)
w(268,3,5,1518)
r(269,4,5,1518)
w(268,4,5,1518)
w(268,5,5,1518)
r(268,5,5,1518)
r(272,0,5,1520)
r(268,5,5,1520)
r(268,5,5,1520)
r(272,0,5,1520)
r(272,0,5,1520)
r(268,5,5,1522)
r(272,0,5,1522)
w(268,7,5,1522)
r(272,0,5,1522)
w(272,7,5,1522)
r(272,7,5,1522)
r(268,7,5,1524)
w(268,8,5,1524)
r(270,0,5,1524)
r(268,8,5,1524)
w(272,8,5,1524)
w(270,5,5,1528)
r(272,8,5,1528)
r(268,8,5,1528)
w(273,1,5,1528)
w(273,2,5,1528)
r(273,2,5,1528)
w(273,4,5,1534)
w(266,6,5,1534)
r(274,0,5,1534)
w(270,7,5,1534)
r(273,4,5,1534)
w(273,5,5,1534)
r(274,0,5,1534)
w(270,8,5,1534)
w(269,8,4,1538)
r(269,8,4,1538)
r(269,8,4,1538)
r(268,1,4,1538)
r(268,1,4,1538)
r(273,5,0,1539)
r(274,0,0,1539)
w(274,2,0,1539)
w(276,1,0,1539)
r(276,1,0,1539)
w(274,3,0,1539)
r(274,3,0,1539)
w(271,2,9,1540)
w(271,3,9,1540)
w(271,4,9,1540)
w(271,5,9,1540)
w(271,6,9,1540)
w(270,3,9,1540)
r(274,3,3,1545)
r(266,6,3,1545)
w(274,4,3,1545)
w(276,2,3,1545)
w(266,7,4,1546)
r(276,1,4,1546)
w(266,8,4,1546)
r(276,1,4,1546)
r(266,8,4,1546)
r(276,1,4,1546)
w(277,1,5,1549)
w(277,2,5,1549)
w(276,3,5,1549)
r(274,4,5,1549)
w(276,5,4,1553)
w(276,6,4,1553)
w(276,7,4,1553)
r(274,4,4,1553)
w(274,6,4,1553)
r(277,2,4,1557)
w(277,3,4,1557)
r(276,7,4,1557)
w(276,8,4,1557)
w(277,4,4,1557)
r(279,0,5,1559)
w(275,1,5,1559)
r(279,0,5,1559)
w(279,4,5,1559)
w(279,5,1,1561)
w(278,1,1,1561)
r(277,4,1,1561)
w(279,6,1,1561)
w(279,7,0,1563)
w(279,8,0,1563)
w(277,6,0,1563)
w(277,7,0,1563)
r(277,7,0,1563)
r(274,6,0,1563)
r(278,1,0,1563)
w(280,1,0,1563)
r(274,6,7,1565)
w(274,7,7,1565)
w(274,8,7,1565)
w(275,2,7,1565)
w(280,2,7,1565)
w(280,3,7,1565)
w(280,4,6,1569)
r(274,8,6,1569)
r(280,4,6,1569)
w(280,5,6,1569)
r(280,5,6,1569)
r(274,8,6,1569)
w(280,6,6,1569)
w(282,1,9,1571)
r(281,0,9,1571)
w(281,2,9,1571)
w(281,3,9,1571)
r(282,1,9,1571)
r(282,1,9,1571)
r(282,1,9,1571)
w(281,4,4,1573)
r(282,1,4,1573)
r(282,1,4,1573)
r(282,1,4,1573)
r(281,4,4,1573)
w(282,2,4,1573)
w(282,3,4,1573)
r(275,2,4,1573)
w(275,3,0,1575)
r(282,3,0,1575)
r(278,1,0,1575)
r(282,3,0,1575)
w(281,5,5,1577)
r(282,3,5,1577)
w(278,3,5,1577)
w(282,4,5,1577)
w(283,1,5,1577)
w(278,4,5,1577)
r(282,4,5,1577)
r(282,4,4,1579)
r(282,4,4,1579)
w(282,5,4,1579)
w(278,5,4,1579)
w(282,6,6,1581)
w(282,7,6,1581)
w(278,6,6,1581)
w(282,8,6,1581)
r(281,5,6,1581)
r(283,1,6,1581)
r(278,6,5,1585)
w(284,1,5,1585)
r(281,5,5,1585)
r(281,5,5,1585)
w(278,7,5,1585)
w(281,6,5,1585)
w(281,7,5,1585)
r(278,7,5,1585)
r(284,1,6,1587)
w(275,4,6,1587)
w(284,3,6,1587)
r(284,3,6,1587)
r(284,3,6,1587)
w(284,4,0,1590)
r(284,4,0,1590)
r(283,1,0,1590)
r(284,4,0,1590)
r(284,4,0,1590)
w(284,5,0,1590)
w(283,2,0,1590)
w(275,5,9,1593)
w(283,3,9,1593)
w(278,8,9,1593)
r(278,8,9,1593)
r(285,0,9,1593)
r(283,3,9,1593)
r(285,0,9,1593)
w(285,2,9,1593)
r(283,3,2,1597)
r(285,2,2,1597)
w(286,1,2,1597)
r(286,1,2,1597)
r(286,1,2,1597)
r(283,3,2,1597)
r(286,1,2,1597)
r(286,1,1,1599)
r(285,2,1,1599)
w(286,5,1,1599)
w(286,6,1,1599)
r(285,2,1,1599)
w(286,7,1,1601)
r(283,3,1,1601)
w(283,4,1,1601)
w(283,5,1,1601)
r(275,5,1,1601)
r(286,7,1,1601)
w(286,8,1,1601)
w(287,1,1,1601)
r(288,0,2,1603)
r(285,2,2,1603)
w(287,2,2,1603)
r(288,0,2,1603)
r(283,5,2,1603)
w(285,4,9,1606)
r(288,0,9,1606)
w(285,5,9,1606)
r(288,0,9,1606)
r(288,0,9,1606)
w(288,1,9,1606)
r(288,1,7,1610)
r(288,1,7,1610)
r(288,1,7,1610)
r(275,5,7,1610)
r(287,2,7,1610)
r(288,1,7,1610)
r(287,2,1,1611)
w(288,4,1,1611)
r(285,5,1,1611)
w(287,3,1,1611)
w(288,5,1,1611)
w(288,6,1,1611)
r(288,6,7,1613)
r(285,5,7,1613)
r(285,5,7,1613)
r(288,6,7,1613)
r(285,5,7,1613)
w(288,7,7,1613)
w(288,8,7,1613)
r(285,5,5,1615)
r(287,3,5,1615)
w(283,6,5,1615)
r(288,8,5,1615)
r(288,8,5,1615)
r(288,8,0,1617)
r(288,8,0,1617)
r(288,8,0,1617)
w(289,1,0,1617)
r(285,5,1,1621)
w(285,7,1,1621)
r(289,1,1,1621)
r(283,6,1,1621)
r(289,1,1,1621)
w(289,2,1,1621)
r(289,2,1,1621)
w(289,3,1,1621)
w(289,5,9,1626)
r(287,3,9,1626)
r(285,7,9,1626)
w(289,6,9,1626)
r(285,7,9,1626)
w(290,2,0,1627)
r(289,3,0,1627)
r(290,2,0,1627)
r(291,0,0,1627)
w(291,1,0,1627)
w(291,2,0,1627)
r(291,2,0,1627)
w(290,3,7,1629)
w(291,3,7,1629)
w(290,4,7,1629)
r(290,4,7,1629)
r(291,3,7,1629)
w(291,4,7,1629)
w(291,5,7,1629)
r(290,4,7,1631)
r(290,4,7,1631)
r(290,4,7,1631)
r(291,5,7,1631)
w(283,8,7,1631)
r(290,4,7,1631)
r(291,5,7,1631)
r(291,5,7,1631)
w(291,6,6,1633)
r(290,4,6,1633)
r(291,6,6,1633)
w(290,5,6,1633)
w(291,7,6,1633)
r(291,7,6,1633)
w(291,8,6,1633)
r(291,8,6,1633)
w(293,1,5,1635)
w(290,6,5,1635)
w(293,2,5,1635)
w(292,1,5,1635)
r(293,2,5,1635)
w(293,3,5,1635)
r(275,5,5,1635)
r(293,3,5,1635)
r(275,5,5,1637)
r(292,1,5,1637)
w(293,4,5,1637)
r(290,6,5,1637)
r(293,4,5,1637)
w(293,5,5,1637)
r(293,5,5,1637)
r(287,3,5,1639)
r(293,5,5,1639)
r(293,5,5,1639)
r(287,3,5,1639)
r(290,6,9,1641)
w(293,6,9,1641)
w(293,7,9,1641)
w(292,2,9,1641)
r(293,7,9,1641)
w(290,7,9,1641)
w(292,3,6,1643)
w(287,4,6,1643)
r(290,7,6,1643)
w(293,8,6,1643)
r(293,8,6,1643)
w(290,8,6,1643)
r(292,3,6,1643)
r(293,8,6,1643)
r(290,8,7,1645)
r(293,8,7,1645)
r(293,8,7,1645)
r(292,3,7,1645)
r(294,0,7,1645)
r(294,0,4,1647)
w(292,4,4,1647)
r(292,4,4,1647)
w(294,1,4,1647)
r(287,4,3,1649)
r(290,8,3,1649)
w(295,1,3,1649)
w(295,2,3,1649)
r(294,1,3,1649)
w(287,5,3,1649)
r(294,1,3,1649)
r(295,2,3,1649)
w(295,3,4,1651)
w(294,2,4,1651)
r(294,2,4,1651)
r(294,2,4,1651)
w(295,4,4,1651)
r(294,2,4,1651)
r(287,5,4,1651)
r(287,5,4,1651)
w(295,5,6,1653)
w(295,6,6,1653)
w(275,6,6,1653)
w(292,5,6,1653)
r(295,6,5,1655)
w(294,3,5,1655)
r(294,3,5,1655)
r(275,6,5,1655)
r(294,3,5,1655)
w(294,4,5,1655)
w(295,7,5,1655)
r(287,5,7,1657)
w(287,6,7,1657)
r(294,4,7,1657)
r(294,4,7,1657)
w(294,5,7,1657)
w(295,8,7,1657)
r(294,5,7,1657)
r(294,5,1,1659)
r(294,5,1,1659)
w(294,6,1,1659)
w(294,7,1,1659)
w(294,8,1,1659)
r(292,5,1,1659)
r(294,8,1,1659)
r(294,8,8,1661)
r(294,8,8,1661)
r(294,8,8,1661)
r(296,0,8,1661)
r(296,0,8,1661)
w(287,7,8,1661)
r(296,0,8,1661)
r(297,0,8,1661)
w(296,1,0,1663)
w(297,1,0,1663)
r(297,1,0,1663)
r(297,1,0,1663)
w(275,7,0,1663)
w(287,8,0,1663)
