w(4,2,3,8)
w(1,1,3,8)
w(4,3,3,8)
r(3,0,3,8)
r(3,0,4,9)
r(3,0,4,9)
w(0,1,4,9)
r(4,0,4,9)
r(3,0,4,9)
r(4,0,4,9)
r(3,0,9,15)
r(0,1,9,15)
w(2,3,9,15)
r(2,3,9,15)
r(4,3,9,15)
w(2,4,9,15)
r(4,3,7,17)
r(5,0,7,17)
r(4,3,7,17)
r(4,3,7,17)
w(6,1,7,17)
r(0,1,7,17)
r(2,4,2,19)
w(6,2,2,19)
w(6,3,2,19)
r(0,1,2,19)
w(5,1,7,21)
w(6,4,7,21)
w(5,2,7,21)
r(6,4,7,21)
r(6,4,7,21)
r(5,2,7,21)
r(5,2,9,23)
r(5,2,9,23)
w(6,5,9,23)
r(2,4,9,23)
r(6,5,9,23)
r(6,5,9,23)
w(5,3,9,23)
w(6,6,0,25)
w(1,2,0,25)
r(6,6,0,25)
r(6,6,0,25)
w(2,5,0,25)
r(1,2,4,28)
w(6,8,4,28)
r(6,8,4,28)
r(5,3,4,28)
r(5,3,7,31)
w(5,7,7,31)
r(5,7,7,31)
w(7,1,7,31)
w(7,2,7,31)
w(7,3,4,35)
w(7,4,4,35)
r(5,7,4,35)
w(7,5,4,35)
r(7,5,4,35)
w(5,8,4,35)
w(2,6,4,35)
r(9,0,2,38)
w(8,1,2,38)
r(8,1,2,38)
w(9,1,2,38)
r(9,1,2,38)
w(9,2,2,38)
w(8,2,2,38)
w(9,3,2,38)
w(8,3,5,41)
w(8,4,5,41)
w(8,5,5,41)
r(9,3,5,41)
w(9,6,5,41)
r(8,5,5,41)
r(8,5,7,44)
r(9,6,7,44)
r(10,0,7,44)
r(8,5,7,44)
w(8,6,7,44)
r(10,0,3,45)
r(9,6,3,45)
w(9,7,3,45)
w(9,8,3,45)
r(10,0,3,45)
r(11,0,7,47)
w(11,1,7,47)
r(8,6,7,47)
r(8,6,7,47)
r(11,1,7,47)
w(11,2,4,49)
r(8,6,4,49)
r(11,2,4,49)
r(11,2,4,49)
w(8,7,8,52)
r(8,7,8,52)
r(11,2,8,52)
w(11,3,8,52)
r(11,3,1,55)
r(10,0,1,55)
w(11,7,1,55)
r(11,7,1,55)
r(11,7,1,55)
r(8,7,1,55)
r(10,0,1,55)
w(11,8,1,55)
w(12,1,6,57)
r(8,7,6,57)
r(12,1,6,57)
r(12,1,6,57)
r(10,0,6,57)
w(1,5,8,59)
w(12,2,8,59)
r(12,2,8,59)
w(12,3,8,59)
r(8,7,8,59)
w(12,4,8,59)
r(8,7,8,59)
r(12,4,8,59)
r(12,4,0,62)
r(8,7,0,62)
r(12,4,0,62)
w(8,8,0,62)
r(12,4,5,63)
r(8,7,5,63)
r(1,5,5,63)
w(1,6,5,63)
r(12,4,5,63)
r(13,0,5,63)
r(12,4,5,63)
w(13,1,5,63)
r(12,4,2,65)
w(13,2,2,65)
w(12,5,2,65)
r(12,5,2,65)
r(12,5,2,65)
w(12,6,2,65)
w(12,7,8,68)
w(10,2,8,68)
w(13,3,8,68)
r(12,7,8,68)
r(12,7,7,69)
w(13,4,7,69)
r(12,7,7,69)
r(13,4,7,69)
w(13,5,7,69)
r(12,7,4,71)
w(1,7,4,71)
w(12,8,4,71)
r(14,0,4,71)
w(14,1,4,71)
w(13,6,6,73)
w(10,3,6,73)
w(13,7,6,73)
r(1,7,6,73)
r(14,1,3,75)
w(13,8,3,75)
r(13,8,3,75)
r(15,0,3,75)
r(1,7,3,75)
r(15,0,3,75)
w(15,1,7,81)
r(14,1,7,81)
r(10,3,7,81)
w(10,4,7,81)
r(14,1,7,81)
w(14,2,7,81)
w(15,2,7,81)
w(0,2,7,85)
r(15,2,7,85)
w(16,4,7,85)
w(15,5,7,85)
w(16,5,7,85)
r(16,5,7,85)
r(17,0,7,85)
r(16,5,9,87)
w(17,1,9,87)
r(15,5,9,87)
r(16,5,9,87)
w(15,6,9,87)
r(16,5,9,87)
w(16,6,9,87)
w(10,5,9,87)
w(16,7,2,89)
r(17,1,2,89)
r(16,7,2,89)
w(16,8,2,89)
r(10,5,2,89)
r(15,6,2,89)
w(17,2,5,94)
r(16,8,5,94)
r(16,8,5,94)
r(16,8,5,94)
w(15,7,2,95)
r(18,0,2,95)
r(18,0,2,95)
w(18,1,2,95)
r(18,1,2,95)
r(15,7,9,98)
r(18,1,9,98)
r(15,7,9,98)
r(18,1,9,98)
w(10,6,8,103)
r(15,7,8,103)
w(15,8,8,103)
r(18,1,8,103)
w(18,2,8,103)
r(15,8,8,103)
w(18,3,8,103)
r(18,3,8,103)
w(19,4,0,107)
r(18,3,0,107)
r(20,0,0,107)
r(20,0,0,107)
w(19,5,0,107)
r(19,5,0,107)
w(20,2,0,107)
r(19,5,0,107)
r(21,0,7,112)
r(17,2,7,112)
w(19,6,7,112)
w(21,1,7,112)
r(19,6,7,112)
w(21,2,7,112)
w(21,3,7,112)
w(19,7,7,112)
r(22,0,2,117)
r(21,3,2,117)
r(17,2,2,117)
w(22,3,2,117)
r(0,2,2,117)
r(22,3,2,117)
w(21,6,2,117)
r(20,2,2,117)
w(0,3,1,119)
w(22,4,1,119)
r(22,4,1,119)
w(21,7,1,119)
w(22,5,1,119)
w(17,4,4,123)
w(21,8,4,123)
r(22,5,4,123)
w(22,6,4,123)
r(21,7,0,125)
r(23,0,0,125)
w(20,4,0,125)
w(23,1,0,125)
w(20,5,0,125)
w(23,2,0,125)
w(20,6,0,125)
w(23,6,6,128)
w(23,7,6,128)
r(23,7,6,128)
w(23,8,6,128)
w(0,4,8,129)
w(17,5,8,129)
r(23,2,8,129)
w(24,1,8,129)
r(22,6,8,129)
r(22,6,3,133)
r(24,1,3,133)
w(24,2,3,133)
w(20,7,3,133)
r(24,2,3,133)
r(24,2,3,133)
w(24,3,3,133)
r(20,7,3,133)
w(24,7,5,135)
r(20,7,5,135)
r(24,7,5,135)
r(20,7,5,135)
w(24,8,5,135)
r(25,0,5,135)
w(25,1,0,139)
r(20,7,0,139)
w(20,8,0,139)
r(25,1,0,139)
w(17,6,0,139)
w(25,2,0,139)
r(17,6,0,141)
w(22,8,0,141)
r(25,2,0,141)
r(17,6,0,141)
w(25,7,5,144)
r(26,0,5,144)
r(22,8,5,144)
r(0,4,5,144)
w(25,8,5,144)
r(25,8,5,144)
r(0,4,1,145)
r(25,2,1,145)
r(25,2,1,145)
r(22,8,1,145)
r(27,0,1,145)
r(27,0,1,145)
w(27,1,0,147)
w(0,5,0,147)
r(27,1,0,147)
w(27,2,0,147)
r(22,8,0,147)
r(28,0,0,147)
w(27,3,0,147)
r(26,0,1,149)
w(27,4,1,149)
w(28,1,1,149)
r(26,0,1,149)
r(28,1,1,149)
r(27,4,1,149)
w(27,5,1,149)
r(27,5,1,149)
w(27,6,3,151)
r(27,6,3,151)
r(17,6,3,151)
r(26,0,3,151)
w(28,2,3,151)
w(27,7,3,151)
w(28,3,3,153)
r(27,7,3,153)
w(27,8,3,153)
r(27,8,3,153)
r(29,0,3,153)
r(17,6,7,155)
r(29,0,7,155)
w(29,1,7,155)
r(17,6,7,155)
w(29,2,7,155)
r(29,2,4,159)
r(28,3,4,159)
w(28,4,4,159)
w(17,8,4,159)
w(29,4,4,161)
r(29,4,4,161)
w(29,5,4,161)
w(29,6,4,161)
w(29,7,4,161)
w(28,6,4,161)
w(29,8,5,164)
w(28,7,5,164)
w(28,8,5,164)
r(28,8,5,164)
w(31,1,5,164)
r(31,1,5,164)
w(31,2,5,164)
r(31,2,5,164)
w(31,3,8,166)
w(31,4,8,166)
r(26,0,8,166)
r(28,8,8,166)
r(32,0,8,166)
w(31,5,8,166)
r(31,5,8,166)
r(31,5,0,169)
r(31,5,0,169)
r(31,5,0,169)
w(32,1,0,169)
w(31,7,0,169)
w(31,8,0,169)
r(26,0,5,175)
r(31,8,5,175)
w(32,2,5,175)
r(33,0,5,175)
r(32,2,5,175)
w(33,1,5,175)
r(32,2,5,175)
r(33,1,5,175)
r(33,1,8,177)
r(26,0,8,177)
w(33,6,8,177)
r(32,2,8,177)
r(32,2,8,177)
w(33,7,8,177)
r(33,7,9,179)
r(32,2,9,179)
w(30,1,9,179)
w(32,7,9,179)
r(26,0,9,179)
w(33,8,9,179)
w(32,8,9,179)
r(32,8,5,181)
r(34,0,5,181)
w(34,1,5,181)
w(34,2,5,181)
r(34,2,5,181)
w(30,2,5,181)
w(26,3,7,183)
r(35,0,7,183)
r(34,2,7,183)
r(34,2,7,183)
w(26,4,7,183)
r(0,5,7,183)
r(34,2,7,183)
w(34,3,1,185)
w(35,1,1,185)
w(26,5,1,185)
w(35,2,1,185)
w(35,3,1,185)
w(34,4,1,185)
w(34,5,1,185)
w(30,3,1,185)
r(35,3,7,189)
r(34,5,7,189)
r(34,5,7,189)
r(34,5,7,189)
w(34,6,7,189)
w(30,4,7,189)
r(35,3,7,189)
w(35,4,7,189)
r(36,0,6,193)
r(35,4,6,193)
w(35,5,6,193)
r(36,0,6,193)
w(36,2,6,193)
r(36,2,6,193)
r(26,5,6,193)
w(30,5,6,193)
w(36,5,1,197)
w(36,6,1,197)
r(35,5,1,197)
w(36,7,1,197)
r(37,0,1,197)
r(36,2,6,198)
w(39,1,6,198)
r(37,0,6,198)
r(30,5,6,198)
w(39,2,7,201)
r(39,2,7,201)
r(38,0,7,201)
w(39,3,7,201)
r(39,3,6,203)
w(39,4,6,203)
w(30,6,6,203)
r(38,0,6,203)
r(39,4,6,203)
r(39,4,6,203)
r(38,0,6,203)
r(37,0,8,205)
w(39,5,8,205)
r(39,5,8,205)
r(37,0,8,205)
w(39,6,8,205)
w(38,1,8,205)
r(38,1,8,205)
w(38,2,8,205)
r(0,5,7,207)
w(39,7,7,207)
r(39,7,7,207)
r(38,2,7,207)
w(38,3,7,207)
w(38,4,7,209)
r(37,0,7,209)
w(38,5,7,209)
r(39,7,7,209)
w(37,3,7,209)
r(39,7,0,211)
w(39,8,0,211)
r(38,5,0,211)
r(40,0,0,211)
w(40,1,0,211)
w(40,2,0,211)
r(40,2,0,211)
w(38,6,8,213)
w(40,3,8,213)
r(38,6,8,213)
r(40,3,8,213)
w(40,4,3,215)
w(38,7,3,215)
w(40,5,3,215)
r(40,5,3,215)
r(37,3,3,215)
w(38,8,3,215)
r(30,6,3,215)
w(40,6,7,217)
r(40,6,7,217)
r(40,6,7,217)
r(37,3,7,217)
r(38,8,7,217)
w(40,7,7,217)
w(40,8,7,217)
r(37,3,7,217)
r(40,8,5,219)
r(37,3,5,219)
r(41,0,5,219)
r(37,3,5,219)
w(41,1,5,219)
w(42,1,0,221)
w(37,4,0,221)
r(37,4,0,221)
r(30,6,0,221)
r(42,1,0,221)
r(42,1,0,221)
w(37,5,0,221)
r(42,1,0,221)
r(42,1,7,223)
r(42,1,7,223)
r(42,1,7,223)
w(42,2,7,223)
r(37,5,7,223)
r(42,2,7,223)
r(30,6,1,225)
w(42,3,1,225)
w(37,6,1,225)
w(41,2,1,225)
r(37,6,1,225)
r(37,6,1,225)
w(42,4,1,225)
r(42,4,4,228)
r(41,2,4,228)
w(42,5,4,228)
w(42,6,4,228)
r(43,0,3,232)
r(43,0,3,232)
r(43,0,3,232)
r(43,0,3,232)
r(43,0,3,232)
w(37,8,3,232)
w(42,8,0,233)
r(42,8,0,233)
r(37,6,0,233)
r(43,0,0,233)
w(43,1,0,233)
w(41,3,0,233)
r(41,3,5,235)
r(30,6,5,235)
w(43,2,5,235)
r(43,2,5,235)
w(43,3,5,235)
r(30,6,5,235)
w(43,4,5,235)
w(43,5,5,235)
r(41,3,3,237)
r(43,5,3,237)
r(43,5,3,237)
w(43,6,3,237)
w(41,4,5,240)
r(30,6,5,240)
r(43,6,5,240)
r(41,4,5,240)
r(43,6,5,240)
w(43,7,5,240)
w(43,8,5,240)
w(44,1,5,240)
w(41,6,1,245)
w(45,1,1,245)
w(41,7,1,245)
w(45,2,1,245)
w(45,3,1,245)
w(45,5,0,247)
w(45,6,0,247)
w(45,7,0,247)
r(41,7,0,247)
r(30,6,0,247)
r(45,7,0,247)
r(44,1,0,247)
w(45,8,0,247)
r(45,8,1,250)
r(44,1,1,250)
w(41,8,1,250)
r(45,8,1,250)
w(44,3,1,250)
w(46,1,1,250)
r(46,1,4,253)
w(47,3,4,253)
w(44,5,4,253)
r(47,3,4,253)
r(47,3,3,258)
r(47,3,3,258)
r(46,1,3,258)
w(44,8,3,258)
r(30,6,3,258)
r(47,3,7,261)
w(47,8,7,261)
r(44,8,7,261)
w(48,1,7,261)
r(30,6,7,261)
w(48,2,7,261)
r(48,2,7,261)
r(46,1,6,263)
r(46,1,6,263)
w(48,3,6,263)
w(46,3,6,263)
w(48,4,6,263)
r(46,3,6,263)
r(48,4,9,265)
r(48,4,9,265)
r(46,3,9,265)
r(46,3,9,265)
r(46,3,9,265)
r(46,3,9,265)
w(46,4,9,265)
w(46,5,1,267)
r(48,4,1,267)
r(49,0,1,267)
w(48,5,1,267)
r(46,5,1,267)
w(0,7,3,269)
r(48,5,3,269)
w(46,6,3,269)
r(49,0,3,269)
w(48,6,3,269)
w(46,8,5,273)
w(48,8,5,273)
r(49,0,5,273)
r(50,0,5,273)
r(49,0,3,275)
w(51,1,3,275)
r(51,1,3,275)
r(49,0,3,275)
r(51,1,3,275)
r(50,0,6,277)
w(51,2,6,277)
w(51,3,6,277)
r(51,3,6,277)
r(51,3,6,277)
w(49,2,6,277)
r(51,3,2,280)
r(51,3,2,280)
r(51,3,2,280)
r(51,3,2,280)
w(51,4,2,280)
w(50,1,2,280)
r(50,1,5,284)
r(50,1,5,284)
w(49,3,5,284)
r(51,4,5,284)
w(49,4,5,284)
r(51,4,5,284)
r(50,1,5,284)
r(49,4,1,287)
r(51,4,1,287)
r(50,1,1,287)
r(51,4,1,287)
r(50,1,4,289)
r(51,4,4,289)
w(49,6,4,289)
r(51,4,4,289)
r(51,4,4,289)
w(51,7,4,289)
w(51,8,7,293)
w(52,1,7,293)
r(52,1,7,293)
w(52,2,7,293)
w(52,3,7,293)
w(52,4,7,293)
w(54,1,1,295)
w(50,3,1,295)
w(54,2,1,295)
r(54,2,1,295)
r(50,3,1,295)
r(54,2,9,297)
w(54,3,9,297)
w(54,4,9,297)
w(50,4,9,297)
r(50,4,9,297)
r(54,4,9,297)
w(54,5,4,300)
r(50,4,4,300)
r(49,6,4,300)
w(54,6,4,300)
w(50,5,4,300)
w(54,7,7,301)
w(54,8,7,301)
r(54,8,7,301)
r(54,8,7,301)
w(53,1,7,301)
w(55,1,7,301)
w(55,6,7,305)
r(0,7,7,305)
w(55,7,7,305)
w(50,6,7,305)
r(55,7,3,307)
r(55,7,3,307)
w(50,7,3,307)
r(55,7,3,307)
r(55,7,3,307)
w(55,8,3,307)
r(53,1,3,307)
r(56,0,1,311)
w(53,2,1,311)
w(0,8,1,311)
w(49,7,1,311)
w(56,1,1,311)
r(56,1,1,311)
w(56,2,1,311)
w(56,3,1,311)
r(56,3,9,314)
r(56,3,9,314)
r(56,3,9,314)
w(50,8,9,314)
w(57,1,9,314)
w(56,7,9,314)
r(53,2,9,314)
r(56,7,9,314)
r(56,7,5,315)
r(56,7,5,315)
r(50,8,5,315)
r(53,2,5,315)
r(56,7,5,315)
r(58,0,5,315)
w(58,1,8,318)
w(56,8,8,318)
r(58,1,8,318)
w(53,4,8,318)
w(59,1,3,320)
w(59,2,3,320)
r(59,2,3,320)
r(58,1,3,320)
w(59,3,3,320)
r(57,1,3,320)
w(59,4,5,336)
r(58,1,5,336)
w(57,2,5,336)
r(59,4,5,336)
w(59,5,5,336)
r(59,5,5,336)
w(53,7,5,338)
r(62,0,5,338)
r(53,7,5,338)
w(62,7,5,338)
w(62,8,5,338)
r(64,0,5,340)
r(61,0,5,340)
r(64,0,5,340)
r(61,0,5,340)
w(64,1,5,340)
w(60,3,8,341)
r(60,3,8,341)
r(60,3,8,341)
w(60,4,8,341)
r(60,4,8,341)
r(64,1,5,346)
w(64,2,5,346)
w(64,3,5,346)
w(64,4,5,346)
r(64,4,5,346)
r(63,0,5,346)
r(64,4,5,346)
r(0,8,4,349)
r(60,4,4,349)
w(58,5,4,349)
w(58,6,4,349)
w(58,7,4,349)
r(64,4,5,351)
r(64,4,5,351)
w(61,6,5,351)
r(57,2,5,351)
r(53,4,1,361)
w(62,6,1,361)
w(61,3,1,361)
r(53,4,1,361)
r(57,2,1,361)
r(57,2,1,361)
w(66,2,2,362)
r(66,2,2,362)
r(65,0,2,362)
r(66,2,2,362)
r(66,2,5,365)
w(66,3,5,365)
r(66,3,5,365)
r(66,3,5,365)
w(66,4,5,365)
w(57,8,7,367)
w(66,5,7,367)
w(66,6,7,367)
r(66,6,7,367)
w(66,7,6,369)
w(65,1,6,369)
w(66,8,6,369)
r(66,8,6,369)
r(65,1,6,369)
r(66,8,5,371)
r(65,1,5,371)
r(68,0,5,371)
r(68,0,5,371)
w(67,1,5,371)
r(68,0,5,371)
w(68,1,5,371)
w(68,2,9,374)
w(68,3,9,374)
w(68,4,9,374)
w(65,2,9,374)
r(68,4,9,374)
w(63,1,9,374)
r(68,4,9,374)
r(68,4,9,374)
r(67,1,8,375)
r(65,2,8,375)
r(68,4,8,375)
r(68,4,8,375)
w(68,5,8,375)
r(65,2,8,375)
r(68,5,7,377)
r(68,5,7,377)
w(68,6,7,377)
w(68,7,7,377)
r(65,2,7,377)
r(65,2,7,377)
w(65,3,7,377)
r(65,3,0,379)
w(68,8,0,379)
r(68,8,0,379)
r(68,8,0,379)
r(68,8,0,379)
w(65,4,0,379)
r(68,8,0,379)
w(69,1,0,379)
r(70,0,5,381)
r(63,1,5,381)
w(69,2,5,381)
w(65,5,5,381)
w(70,1,1,385)
w(69,5,1,385)
w(63,2,1,385)
w(69,6,1,385)
w(69,7,1,385)
r(69,7,1,385)
r(65,5,1,385)
r(63,2,6,387)
w(70,2,6,387)
w(65,7,6,387)
w(69,8,6,387)
r(69,8,6,387)
r(69,8,6,387)
r(69,8,6,387)
r(65,7,5,389)
r(71,0,5,389)
w(71,1,5,389)
r(71,1,5,389)
r(71,1,5,389)
r(71,1,5,389)
r(67,1,0,391)
r(70,2,0,391)
r(65,7,0,391)
r(65,7,0,391)
w(71,2,7,393)
r(71,2,7,393)
w(67,2,7,393)
r(71,2,7,393)
w(71,3,7,393)
r(65,7,7,393)
w(70,3,7,393)
w(71,4,6,395)
r(71,4,6,395)
w(71,5,6,395)
w(71,6,6,395)
r(70,3,0,397)
r(65,7,0,397)
r(71,6,0,397)
r(71,6,0,397)
w(71,7,0,397)
w(70,4,0,397)
w(65,8,0,397)
w(70,5,0,397)
r(71,7,4,400)
r(71,7,4,400)
r(71,7,4,400)
w(71,8,4,400)
w(72,1,4,400)
r(73,0,0,403)
w(73,3,0,403)
r(73,3,0,403)
r(73,3,0,403)
w(70,6,0,403)
w(73,4,0,403)
w(73,5,0,403)
w(72,4,6,405)
w(73,6,6,405)
r(67,2,6,405)
w(72,5,6,405)
r(73,6,6,405)
r(73,6,6,405)
w(73,7,6,405)
r(73,7,6,405)
w(67,3,1,408)
r(73,7,1,408)
w(73,8,1,408)
r(72,5,1,408)
r(72,5,1,408)
w(74,1,3,410)
r(72,5,3,410)
w(72,6,3,410)
w(74,2,3,410)
r(74,2,3,410)
r(72,6,3,410)
r(74,2,3,410)
w(74,5,5,414)
r(72,6,5,414)
w(72,8,5,414)
r(72,8,5,414)
w(74,6,5,414)
r(70,6,5,414)
r(74,6,5,414)
w(74,8,6,417)
r(74,8,6,417)
r(74,8,6,417)
w(75,2,6,417)
r(75,2,6,417)
r(74,8,6,417)
r(74,8,6,417)
w(75,3,6,417)
w(75,4,6,420)
w(76,1,6,420)
r(76,1,6,420)
r(76,1,6,420)
w(63,3,6,420)
w(76,2,6,420)
w(75,6,1,424)
r(76,2,1,424)
w(76,5,1,424)
w(76,6,1,424)
r(76,2,3,425)
r(70,6,3,425)
w(67,4,3,425)
r(75,4,3,425)
r(76,2,3,425)
r(76,2,3,425)
w(76,7,5,428)
r(75,6,5,428)
w(76,8,5,428)
w(77,1,5,428)
r(76,8,5,428)
r(75,6,5,428)
r(75,6,5,428)
w(75,7,5,428)
r(76,8,9,431)
r(76,8,9,431)
r(75,7,9,431)
w(75,8,9,431)
w(78,1,8,432)
r(78,1,8,432)
r(78,1,8,432)
r(75,7,8,432)
r(75,7,8,432)
r(77,1,4,435)
r(78,1,4,435)
r(78,1,4,435)
r(78,1,4,435)
r(75,8,9,438)
w(77,2,9,438)
r(79,0,9,438)
r(78,1,9,438)
r(78,1,9,438)
w(79,1,9,438)
r(67,4,9,438)
w(78,3,4,439)
r(78,3,4,439)
r(79,1,4,439)
w(78,4,4,439)
r(63,3,4,439)
w(79,2,4,439)
r(78,4,5,441)
w(63,4,5,441)
w(78,5,5,441)
w(78,6,5,441)
r(78,6,5,441)
w(78,7,8,443)
w(79,3,8,443)
w(67,5,8,443)
w(78,8,8,443)
w(67,6,2,446)
w(80,1,2,446)
r(79,3,2,446)
w(80,2,2,446)
w(77,3,2,446)
r(77,3,7,449)
w(80,6,7,449)
r(79,3,7,449)
r(80,6,7,449)
w(79,5,0,453)
r(79,5,0,453)
w(80,7,0,453)
w(80,8,0,453)
r(67,6,0,453)
w(79,8,7,456)
r(67,6,7,456)
r(81,0,7,456)
r(81,0,7,456)
w(67,7,7,456)
r(79,5,6,457)
r(81,0,6,457)
r(82,0,6,457)
w(81,2,6,457)
r(81,2,6,457)
w(81,3,6,457)
w(82,1,2,459)
w(82,2,2,459)
w(63,6,2,459)
w(67,8,2,459)
w(82,3,2,459)
r(81,3,2,459)
r(81,3,3,462)
r(82,3,3,462)
w(82,4,3,462)
w(81,4,3,462)
w(82,5,3,462)
r(82,5,3,462)
r(82,5,8,465)
r(63,6,8,465)
r(81,4,8,465)
r(82,5,8,465)
w(82,6,8,465)
w(82,7,1,469)
r(82,7,1,469)
w(82,8,1,469)
w(81,6,1,469)
w(81,7,1,469)
r(85,0,7,472)
r(84,0,7,472)
w(84,1,7,472)
w(84,2,7,472)
w(84,3,7,472)
w(84,4,7,472)
r(85,0,7,472)
r(84,4,7,472)
w(77,5,6,473)
w(84,5,6,473)
w(84,6,6,473)
w(85,1,6,473)
w(85,2,6,473)
r(84,6,6,473)
w(85,3,7,475)
w(84,7,7,475)
w(84,8,7,475)
r(85,3,7,475)
r(85,3,7,475)
r(85,3,7,475)
w(77,6,7,475)
r(86,0,7,475)
w(86,1,5,481)
w(85,4,5,481)
r(85,4,5,481)
r(86,1,5,481)
w(85,5,5,481)
w(85,6,5,481)
r(85,6,5,481)
w(85,7,5,481)
r(87,0,1,483)
w(87,1,1,483)
w(87,2,1,483)
w(86,4,1,483)
r(86,4,1,486)
r(83,0,1,486)
r(77,6,1,486)
r(87,2,1,486)
w(87,3,1,486)
w(87,4,1,486)
r(77,6,3,487)
r(83,0,3,487)
w(86,5,3,487)
r(77,6,3,487)
r(87,2,3,487)
w(86,6,3,487)
w(77,8,7,489)
r(77,8,7,489)
w(87,5,7,489)
r(87,5,7,489)
w(86,7,7,489)
r(86,7,7,489)
w(63,7,7,489)
r(86,7,1,491)
r(86,7,1,491)
r(87,5,1,491)
w(87,6,1,491)
w(86,8,1,491)
w(88,1,8,493)
r(88,1,8,493)
r(87,6,8,493)
r(87,6,8,493)
r(87,6,8,493)
r(87,6,8,493)
w(87,7,8,493)
r(88,1,5,495)
r(88,1,5,495)
r(89,0,5,495)
w(87,8,5,495)
r(88,1,5,495)
r(87,8,5,495)
r(87,8,5,495)
w(90,1,0,497)
r(83,0,0,497)
r(90,1,0,497)
w(63,8,0,497)
r(88,1,0,497)
r(88,1,6,499)
r(90,1,6,499)
r(88,1,6,499)
r(90,1,6,499)
r(90,1,6,499)
w(90,2,6,499)
r(90,2,6,499)
r(90,2,6,499)
r(88,1,7,501)
w(90,3,7,501)
r(88,1,7,501)
w(90,4,7,501)
w(88,2,7,501)
w(88,3,7,501)
w(88,4,5,503)
r(90,4,5,503)
w(90,5,5,503)
r(90,5,5,503)
r(90,5,5,503)
r(90,5,5,503)
r(88,4,5,503)
w(90,6,5,503)
w(90,7,8,506)
w(83,2,8,506)
r(83,2,8,506)
w(90,8,8,506)
w(88,5,8,506)
r(90,8,8,506)
w(91,1,6,507)
w(89,1,6,507)
r(88,4,6,507)
r(91,1,6,507)
w(91,2,6,507)
r(88,5,5,509)
r(91,2,5,509)
r(89,1,5,509)
w(91,3,5,509)
w(91,4,5,509)
w(91,5,5,509)
w(88,6,7,511)
w(91,6,7,511)
r(91,6,7,511)
w(88,7,7,511)
w(89,2,7,511)
r(91,6,7,511)
r(83,2,7,511)
r(63,8,6,513)
r(91,6,6,513)
r(88,7,6,513)
r(88,7,6,513)
r(91,6,6,513)
w(83,3,6,513)
w(91,7,6,513)
r(91,7,2,515)
w(91,8,2,515)
r(88,7,2,515)
w(88,8,2,515)
r(89,2,9,517)
r(91,8,9,517)
r(91,8,9,517)
r(88,8,9,517)
w(89,3,9,517)
r(91,8,9,517)
r(88,8,9,517)
r(83,3,7,519)
r(89,3,7,519)
w(92,1,7,519)
w(93,1,7,519)
r(93,1,4,521)
w(93,2,4,521)
w(93,3,4,521)
r(93,3,4,521)
w(93,4,4,521)
r(93,4,4,521)
r(93,4,4,521)
w(93,5,4,523)
w(93,6,4,523)
r(92,1,4,523)
w(92,2,4,523)
w(93,7,4,523)
r(89,3,4,523)
r(92,2,4,523)
r(94,0,6,525)
w(92,3,6,525)
w(93,8,6,525)
w(92,4,6,525)
r(94,0,6,525)
r(83,3,6,525)
w(89,4,6,525)
w(92,5,0,527)
w(83,4,0,527)
w(92,6,0,527)
r(92,6,0,527)
r(89,4,0,527)
w(95,1,0,527)
w(92,7,0,530)
w(95,2,0,530)
r(89,4,0,530)
r(95,2,0,530)
w(89,5,6,534)
w(83,6,6,534)
r(95,2,6,534)
w(95,6,6,534)
w(95,7,9,535)
r(95,7,9,535)
w(95,8,9,535)
w(89,6,9,535)
w(96,1,0,538)
r(96,1,0,538)
w(89,7,0,538)
w(96,2,0,538)
r(96,2,0,538)
r(96,2,0,538)
r(89,7,0,538)
r(89,7,0,538)
r(96,0,3,539)
w(83,7,3,539)
w(97,1,3,539)
w(97,2,3,539)
w(97,3,3,539)
w(97,4,8,542)
w(96,3,8,542)
r(97,4,8,542)
w(97,5,8,542)
r(97,5,8,542)
r(89,7,8,542)
r(97,5,8,542)
r(97,5,0,546)
w(96,5,0,546)
r(97,5,0,546)
r(89,7,0,546)
w(96,6,0,546)
w(98,1,8,551)
w(83,8,8,551)
w(98,2,8,551)
w(96,8,8,551)
r(98,2,6,555)
w(99,2,6,555)
r(100,0,6,555)
r(100,0,6,555)
r(98,2,6,555)
w(100,1,0,557)
r(100,1,0,557)
r(101,0,0,557)
r(101,0,0,557)
r(101,0,0,557)
r(102,0,6,572)
w(102,1,6,572)
w(102,2,6,572)
w(102,3,6,572)
r(94,0,6,572)
r(102,3,6,572)
r(103,0,6,574)
r(103,0,6,574)
r(100,1,6,574)
r(104,0,6,574)
r(104,0,6,574)
r(104,0,6,574)
w(100,4,3,575)
r(102,3,3,575)
r(99,2,3,575)
r(99,2,3,575)
w(104,4,6,580)
w(104,5,6,580)
r(104,5,6,580)
w(100,7,6,580)
r(104,5,6,580)
r(104,5,6,580)
w(104,6,6,580)
r(103,0,6,584)
r(100,7,6,584)
r(105,0,6,584)
r(105,0,6,584)
w(105,3,6,584)
w(105,4,6,584)
r(102,3,9,585)
w(102,4,9,585)
w(99,7,9,585)
r(102,4,9,585)
r(99,7,9,585)
w(94,2,4,586)
w(103,1,4,586)
r(103,1,4,586)
r(103,1,4,586)
r(103,1,4,586)
w(104,1,4,586)
r(104,1,4,586)
r(105,4,5,589)
r(105,4,5,589)
r(83,8,5,589)
w(105,5,5,589)
w(103,3,7,591)
w(94,3,7,591)
w(103,4,7,591)
w(105,6,7,591)
w(105,7,7,591)
w(105,8,7,591)
r(105,8,7,595)
r(83,8,7,595)
r(105,8,7,595)
r(100,7,7,595)
w(103,5,7,595)
r(105,8,7,595)
w(100,8,0,598)
r(100,8,0,598)
w(103,6,0,598)
r(106,0,0,598)
w(106,1,12,599)
r(83,8,12,599)
r(106,1,12,599)
w(106,2,12,599)
r(83,8,12,599)
w(106,3,12,599)
r(106,3,12,599)
w(103,7,8,601)
w(106,4,8,601)
r(106,4,8,601)
w(107,1,8,601)
r(107,1,8,601)
r(106,4,8,601)
r(103,7,12,603)
w(106,5,12,603)
r(106,5,12,603)
r(103,7,12,603)
r(106,5,12,603)
r(103,7,12,603)
r(107,1,12,603)
r(106,5,12,603)
w(103,8,5,605)
w(106,6,5,605)
w(106,7,5,605)
r(106,7,5,605)
r(106,7,5,605)
w(107,2,5,605)
r(107,2,12,607)
r(108,0,12,607)
r(108,0,12,607)
w(106,8,12,607)
w(107,3,7,609)
r(94,3,7,609)
w(108,1,7,609)
r(108,1,7,609)
r(106,8,7,609)
r(106,8,7,609)
r(108,1,11,612)
r(110,0,11,612)
w(110,1,11,612)
r(107,3,11,612)
w(94,4,11,612)
r(107,3,11,612)
w(108,2,11,612)
r(110,1,6,615)
r(110,1,6,615)
w(108,3,6,615)
r(109,0,6,615)
w(108,4,9,617)
r(107,3,9,617)
w(110,4,9,617)
w(110,5,9,617)
w(110,6,9,617)
w(107,4,9,617)
w(108,5,7,619)
w(110,7,7,619)
r(108,5,7,619)
w(110,8,7,619)
r(111,0,4,621)
w(111,1,4,621)
r(111,1,4,621)
w(111,2,4,621)
r(111,2,4,621)
r(111,2,5,623)
r(111,2,5,623)
w(108,6,5,623)
r(111,2,5,623)
w(109,1,5,623)
r(107,4,0,627)
r(111,2,0,627)
w(111,3,0,627)
r(108,6,0,627)
w(111,4,0,627)
w(111,5,0,627)
r(111,5,0,627)
w(111,7,12,630)
r(111,7,12,630)
r(108,6,12,630)
r(109,1,12,630)
w(111,8,12,630)
r(113,0,12,630)
r(113,0,9,631)
w(113,1,9,631)
r(112,0,9,631)
r(107,4,9,631)
w(113,2,9,631)
w(107,5,9,631)
r(112,0,9,631)
r(113,2,5,633)
r(107,5,5,633)
w(112,1,5,633)
w(113,3,5,633)
r(113,3,5,633)
r(113,3,9,636)
r(113,3,9,636)
w(112,2,9,636)
r(113,3,9,636)
r(107,5,9,636)
w(113,4,9,636)
w(113,7,0,639)
w(107,7,0,639)
r(112,2,0,639)
w(107,8,0,639)
w(113,8,0,639)
w(109,2,7,642)
r(113,8,7,642)
w(112,3,7,642)
r(94,4,7,642)
r(115,0,11,645)
r(112,3,11,645)
w(114,2,11,645)
r(114,2,11,645)
w(114,3,11,645)
r(114,3,11,645)
r(114,3,4,647)
w(114,4,4,647)
w(114,5,4,647)
w(114,6,4,647)
r(114,6,4,647)
w(112,5,0,649)
w(114,7,0,649)
w(112,6,0,649)
r(112,6,0,649)
r(112,6,0,649)
r(114,7,0,649)
w(114,8,0,649)
r(114,8,12,651)
r(112,6,12,651)
r(112,6,12,651)
r(109,2,12,651)
r(114,8,12,651)
w(115,1,12,651)
r(112,6,12,651)
w(116,1,8,653)
w(109,3,8,653)
r(116,1,8,653)
w(116,2,8,653)
r(115,1,8,653)
w(112,7,8,653)
w(112,8,8,653)
w(116,3,0,656)
r(112,8,0,656)
r(116,3,0,656)
r(115,1,0,656)
r(116,3,0,656)
r(116,3,0,656)
w(117,1,0,656)
w(116,4,0,656)
r(116,4,6,661)
w(116,6,6,661)
r(117,1,6,661)
r(117,1,6,661)
r(116,6,6,661)
r(117,1,6,661)
w(115,5,6,661)
r(117,1,3,664)
w(117,2,3,664)
w(116,8,3,664)
r(115,5,3,664)
r(117,2,3,664)
w(117,3,3,664)
r(116,8,8,667)
r(109,3,8,667)
w(115,7,8,667)
w(118,1,8,667)
r(118,1,8,667)
r(118,1,8,667)
w(118,2,9,669)
r(118,2,9,669)
r(94,4,9,669)
w(118,3,9,669)
r(118,3,9,669)
w(117,5,9,669)
w(118,4,9,669)
r(118,4,9,669)
r(117,5,7,671)
r(117,5,7,671)
r(115,7,7,671)
w(109,5,7,671)
r(117,5,7,671)
r(117,5,7,671)
w(118,5,7,671)
w(117,6,7,671)
w(117,7,9,673)
r(118,5,9,673)
r(117,7,9,673)
r(117,7,9,673)
r(109,5,9,673)
w(117,8,9,673)
w(118,6,9,673)
r(118,6,9,673)
r(109,5,7,676)
w(118,7,7,676)
w(118,8,7,676)
w(119,1,7,676)
r(119,1,7,676)
w(120,1,3,677)
w(120,2,3,677)
r(119,0,3,677)
r(120,2,3,677)
w(115,8,3,677)
r(120,2,3,677)
w(109,6,3,677)
r(119,1,3,680)
w(120,3,3,680)
w(109,7,3,680)
r(120,3,3,680)
r(115,8,9,683)
r(120,3,9,683)
r(119,1,9,683)
r(109,7,9,683)
r(120,3,9,683)
r(119,1,9,683)
r(120,3,9,683)
r(120,3,9,683)
w(120,6,5,685)
r(120,6,5,685)
r(120,6,5,685)
r(121,0,5,685)
w(120,7,5,685)
r(119,1,11,691)
r(122,0,11,691)
r(122,0,11,691)
w(122,1,11,691)
w(119,5,11,691)
w(119,6,11,691)
r(119,6,3,693)
w(121,1,3,693)
w(119,7,3,693)
r(119,7,3,693)
r(119,7,3,693)
r(119,7,3,693)
r(119,7,3,693)
w(122,3,12,695)
w(122,4,12,695)
r(122,4,12,695)
w(122,5,12,695)
w(122,6,12,695)
r(122,6,12,695)
r(122,6,12,695)
r(119,7,7,697)
w(119,8,7,697)
w(122,7,7,697)
w(122,8,7,697)
r(122,8,7,697)
r(121,1,3,699)
r(122,8,3,699)
r(122,8,3,699)
r(124,0,3,699)
r(125,0,3,699)
r(121,1,3,699)
r(124,0,3,699)
r(125,0,8,701)
r(121,1,8,701)
r(121,1,8,701)
r(124,0,8,701)
r(124,0,8,701)
r(124,0,3,705)
w(124,3,3,705)
w(94,6,3,705)
w(124,4,3,705)
w(125,4,3,705)
r(125,4,3,705)
w(124,5,3,705)
w(125,5,11,707)
r(125,5,11,707)
w(124,6,11,707)
r(124,6,11,707)
w(121,2,11,707)
w(125,6,11,707)
r(124,6,11,709)
w(124,7,11,709)
w(125,7,11,709)
w(121,3,11,709)
w(121,4,11,709)
r(125,7,11,709)
w(124,8,7,711)
w(125,8,7,711)
r(125,8,7,711)
r(125,8,7,711)
r(121,4,7,711)
w(127,1,3,713)
r(126,0,3,713)
r(126,0,3,713)
w(127,2,3,713)
w(127,3,3,713)
w(127,4,3,713)
r(127,4,3,713)
w(126,1,3,713)
r(127,4,6,715)
r(126,1,6,715)
w(126,2,6,715)
r(127,4,6,715)
r(127,4,7,717)
r(127,4,7,717)
r(123,0,7,717)
r(121,4,7,717)
r(121,4,7,717)
r(126,2,7,717)
w(127,5,7,717)
w(127,6,7,717)
r(127,6,6,719)
w(126,3,6,719)
w(123,1,6,719)
w(127,7,6,719)
w(127,8,6,719)
r(128,0,7,721)
w(121,5,7,721)
w(128,1,7,721)
w(128,2,7,721)
w(128,3,9,727)
w(128,4,9,727)
r(128,4,9,727)
w(126,4,9,727)
w(128,5,9,727)
r(94,6,9,727)
w(121,6,4,729)
w(94,8,4,729)
w(129,1,4,729)
r(129,1,4,729)
r(129,1,4,729)
r(121,6,11,731)
w(129,2,11,731)
w(123,2,11,731)
r(126,4,11,731)
w(126,8,7,733)
r(121,6,7,733)
r(121,6,7,733)
r(129,2,7,733)
r(126,8,7,733)
r(126,8,9,736)
w(121,7,9,736)
r(129,2,9,736)
r(129,2,9,736)
w(129,3,9,736)
w(129,5,12,739)
r(129,5,12,739)
r(129,5,12,739)
w(129,6,12,739)
r(129,6,12,739)
r(129,6,12,739)
r(130,0,12,739)
w(129,7,12,739)
w(131,2,4,744)
r(130,0,4,744)
w(131,3,4,744)
r(130,0,4,744)
w(131,4,12,748)
r(121,7,12,748)
w(130,2,12,748)
w(131,5,12,748)
w(131,6,12,748)
w(130,3,12,748)
r(130,3,12,748)
r(131,6,12,748)
r(130,3,8,751)
r(121,7,8,751)
w(130,6,8,751)
w(132,1,8,751)
r(130,6,8,751)
w(130,7,8,751)
w(130,8,8,755)
w(134,1,8,755)
w(134,2,8,755)
r(132,1,8,755)
r(132,1,8,755)
r(132,1,11,756)
r(132,1,11,756)
r(132,1,11,756)
r(132,1,11,756)
w(132,2,11,756)
w(132,4,9,759)
w(135,1,9,759)
w(132,5,9,759)
r(132,5,9,759)
w(132,6,9,759)
w(134,4,11,761)
r(134,4,11,761)
w(132,7,11,761)
w(132,8,11,761)
w(135,2,11,761)
w(134,5,4,763)
r(133,0,4,763)
r(132,8,4,763)
w(136,1,4,763)
w(136,2,4,763)
r(136,2,0,766)
r(136,2,0,766)
w(136,3,0,766)
r(136,3,0,766)
r(134,5,0,766)
w(136,4,0,766)
r(136,4,0,766)
r(136,4,0,766)
w(123,4,9,769)
r(135,2,9,769)
w(134,6,9,769)
r(136,4,9,769)
w(136,6,7,771)
r(134,6,7,771)
r(134,6,7,771)
w(136,7,7,771)
w(136,8,7,771)
r(136,8,7,773)
w(135,3,7,773)
r(137,0,7,773)
w(135,4,7,773)
w(137,1,7,773)
w(134,7,7,773)
r(135,4,7,773)
r(137,1,12,775)
w(137,2,12,775)
r(137,2,12,775)
r(137,2,12,775)
w(123,5,12,775)
w(137,3,12,775)
w(137,4,7,777)
r(135,4,7,777)
r(133,0,7,777)
r(137,4,7,777)
r(135,4,7,777)
w(137,5,7,777)
w(137,6,7,777)
r(137,6,7,777)
w(137,8,4,792)
w(138,1,4,792)
r(138,1,4,792)
r(138,1,4,792)
w(139,5,4,794)
r(140,0,4,794)
w(139,6,4,794)
w(139,7,4,794)
w(139,8,4,796)
r(141,0,4,796)
r(141,0,4,796)
w(142,1,4,796)
r(140,0,4,796)
w(133,2,4,796)
w(142,2,4,796)
r(123,5,4,796)
r(142,2,4,799)
w(140,3,4,799)
w(142,3,4,799)
w(141,2,4,799)
r(140,3,4,799)
w(142,4,4,799)
w(142,5,4,799)
w(141,3,4,805)
w(141,4,4,805)
r(123,5,4,805)
w(142,6,4,805)
r(142,6,4,805)
w(141,5,4,805)
r(138,1,0,809)
w(138,5,0,809)
w(123,6,0,809)
r(134,7,0,809)
w(138,6,0,809)
r(142,6,4,810)
w(144,1,4,810)
r(140,3,4,810)
w(143,1,4,810)
r(143,1,4,810)
r(143,1,4,810)
w(143,2,4,810)
r(144,1,0,813)
w(143,3,0,813)
w(143,4,0,813)
r(143,4,0,813)
r(144,1,0,813)
w(143,5,0,813)
r(134,7,12,817)
r(139,0,12,817)
r(135,4,12,817)
r(139,0,12,817)
w(135,8,12,817)
r(139,0,12,817)
w(140,1,12,817)
r(123,6,3,820)
r(145,0,3,820)
w(145,2,3,820)
w(145,3,3,820)
w(144,2,3,820)
w(145,4,3,820)
w(144,3,3,820)
r(140,3,3,820)
r(145,4,0,824)
w(146,1,0,824)
w(145,6,0,824)
r(145,6,0,824)
r(145,6,0,824)
r(144,3,9,826)
r(144,3,9,826)
w(145,7,9,826)
r(140,1,9,826)
w(145,8,9,826)
r(144,3,7,828)
r(144,3,7,828)
r(145,8,7,828)
r(145,8,7,828)
r(144,3,7,828)
w(144,4,7,828)
w(144,5,4,832)
r(145,8,4,832)
r(145,8,4,832)
r(145,8,4,832)
w(147,1,4,832)
w(140,7,4,832)
w(144,6,4,832)
r(141,0,5,833)
r(139,8,5,833)
w(139,4,5,833)
r(139,4,5,833)
r(147,1,6,838)
w(147,5,6,838)
r(148,0,6,838)
w(147,6,6,838)
w(147,7,6,838)
w(140,8,6,838)
r(148,0,0,842)
w(149,1,0,842)
w(149,2,0,842)
w(149,3,0,842)
r(148,0,6,843)
r(150,0,6,843)
r(150,0,6,843)
r(148,0,6,843)
w(146,5,6,843)
r(149,0,6,843)
w(150,1,6,843)
r(149,0,6,843)
w(149,4,5,845)
r(148,0,5,845)
r(146,5,5,845)
w(146,6,5,845)
w(149,5,5,845)
w(149,6,5,845)
w(149,7,5,845)
w(148,1,5,847)
w(149,8,5,847)
r(149,8,5,847)
w(133,5,5,847)
w(150,2,5,847)
r(146,6,11,849)
w(150,3,11,849)
r(148,1,11,849)
r(151,0,11,849)
w(151,1,11,849)
w(146,7,11,849)
r(151,1,0,852)
w(151,2,0,852)
w(151,3,0,852)
r(150,3,0,852)
r(148,1,0,852)
w(151,4,0,852)
w(151,5,8,853)
r(151,5,8,853)
w(146,8,8,853)
r(151,5,8,853)
w(151,6,8,853)
w(151,7,8,853)
r(146,8,7,855)
w(151,8,7,855)
r(151,8,7,855)
r(152,0,7,855)
r(152,0,7,855)
r(152,0,7,855)
r(148,1,7,855)
w(152,1,7,855)
w(148,2,6,857)
w(150,4,6,857)
r(148,2,6,857)
w(148,3,6,857)
r(152,1,6,857)
r(152,1,8,859)
r(152,1,8,859)
w(152,2,8,859)
w(152,3,8,859)
w(152,4,8,859)
r(152,4,8,859)
r(152,4,8,859)
w(152,5,8,859)
r(152,5,9,861)
r(152,5,9,861)
r(152,5,9,861)
w(148,4,9,861)
r(152,5,9,861)
w(150,5,9,861)
r(152,5,12,863)
r(152,5,12,863)
r(152,5,12,863)
r(148,4,12,863)
w(150,6,0,865)
r(150,6,0,865)
r(148,4,0,865)
r(133,5,0,865)
r(148,4,0,865)
r(148,4,0,865)
r(152,5,0,865)
r(148,4,0,867)
w(152,6,0,867)
r(148,4,0,867)
w(153,1,0,867)
r(148,4,0,867)
w(152,7,0,867)
w(150,7,0,867)
r(148,4,0,867)
r(152,7,8,869)
w(152,8,8,869)
w(150,8,8,869)
r(148,4,8,869)
w(148,5,8,869)
w(154,1,8,869)
r(154,1,8,869)
r(148,5,8,869)
w(148,6,11,871)
r(153,1,11,871)
r(148,6,11,871)
r(154,1,11,871)
r(150,8,5,873)
w(148,7,5,873)
w(154,2,5,873)
w(154,3,5,873)
r(154,3,5,873)
w(153,2,5,873)
w(154,4,12,875)
r(155,0,12,875)
r(154,4,12,875)
w(153,3,12,875)
r(153,3,12,875)
w(154,5,12,875)
w(154,6,5,878)
r(155,0,5,878)
w(154,7,5,878)
r(155,0,5,878)
r(154,7,5,878)
r(154,7,5,878)
w(148,8,5,878)
r(148,8,9,882)
r(148,8,9,882)
r(156,0,9,882)
r(156,0,9,882)
r(153,3,9,882)
r(156,0,9,882)
w(157,1,9,882)
r(156,0,9,882)
r(156,0,0,884)
r(157,0,0,884)
r(133,5,0,884)
r(156,0,0,884)
r(157,0,0,884)
w(155,2,0,884)
w(153,5,0,884)
r(157,1,12,885)
w(133,6,12,885)
w(156,1,12,885)
w(156,2,12,885)
r(157,1,12,890)
r(156,2,12,890)
w(157,4,12,890)
w(157,5,12,890)
w(157,6,12,890)
w(133,7,12,890)
r(156,2,12,890)
r(157,1,8,891)
r(156,2,8,891)
w(156,5,8,891)
r(157,1,8,891)
r(157,1,8,891)
w(156,6,8,891)
w(156,7,8,891)
w(156,8,8,891)
r(157,6,9,893)
w(153,7,9,893)
w(157,7,9,893)
r(153,7,9,893)
r(153,7,9,893)
w(153,8,9,893)
r(153,8,9,893)
r(158,0,7,895)
r(158,0,7,895)
r(158,0,7,895)
r(158,0,7,895)
r(158,0,7,895)
w(157,8,12,897)
w(155,3,12,897)
r(157,8,12,897)
r(157,8,12,897)
r(158,0,12,897)
r(155,3,12,897)
w(158,1,12,897)
r(158,1,12,901)
w(158,2,12,901)
w(158,3,12,901)
r(133,7,12,901)
r(158,3,12,901)
r(159,0,12,901)
r(158,3,12,901)
r(158,3,12,901)
w(155,4,0,903)
r(155,4,0,903)
w(158,5,0,903)
r(158,5,0,903)
r(158,5,0,903)
r(158,5,11,906)
w(158,6,11,906)
r(158,6,11,906)
w(159,2,11,906)
r(155,4,0,909)
r(159,2,0,909)
r(155,4,0,909)
w(158,8,0,909)
r(160,0,0,909)
r(155,4,0,909)
r(155,4,6,912)
r(160,0,6,912)
r(160,0,6,912)
w(160,1,6,912)
w(155,5,6,912)
w(160,2,6,912)
w(159,4,6,912)
r(159,4,6,912)
r(160,2,12,915)
r(160,2,12,915)
r(153,8,12,915)
r(153,8,12,915)
r(155,5,12,915)
w(160,6,12,915)
r(160,6,12,915)
r(153,8,12,915)
w(160,7,9,917)
r(159,4,9,917)
r(159,4,9,917)
w(159,5,9,917)
w(159,6,9,917)
w(160,8,9,917)
r(159,6,9,917)
r(159,6,5,919)
r(162,0,5,919)
w(162,1,5,919)
w(162,2,5,919)
r(162,2,5,919)
w(159,7,5,919)
r(155,5,5,919)
r(162,2,11,921)
r(159,7,11,921)
w(162,3,11,921)
w(155,6,11,921)
r(162,3,11,921)
r(162,3,0,923)
r(162,3,0,923)
w(155,7,0,923)
w(162,4,0,923)
w(162,5,0,923)
r(162,5,0,923)
r(162,5,11,925)
r(159,7,11,925)
r(162,5,11,925)
r(163,0,11,925)
w(155,8,11,925)
w(159,8,11,925)
r(159,8,11,925)
r(162,5,11,927)
r(155,8,11,927)
w(161,1,11,927)
r(162,5,11,927)
r(162,5,11,927)
w(164,1,11,927)
w(163,1,11,927)
w(164,2,11,927)
r(162,5,7,929)
w(162,6,7,929)
r(162,6,7,929)
r(165,0,7,929)
w(162,7,7,929)
w(163,2,3,931)
w(164,3,3,931)
r(164,3,3,931)
w(164,4,3,931)
w(164,5,11,933)
w(165,1,11,933)
w(162,8,11,933)
r(162,8,11,933)
r(162,8,11,933)
r(166,0,11,933)
r(165,1,6,935)
r(165,1,6,935)
r(164,5,6,935)
w(164,6,6,935)
r(166,0,11,937)
r(166,0,11,937)
w(165,2,11,937)
w(164,7,11,937)
w(164,8,11,937)
r(166,0,11,937)
w(166,1,11,937)
w(166,2,9,939)
r(166,2,9,939)
r(164,8,9,939)
r(166,2,9,939)
w(166,3,9,939)
w(165,3,9,939)
r(164,8,9,939)
w(163,3,9,939)
r(164,8,3,941)
w(161,2,3,941)
w(161,3,3,941)
r(164,8,3,941)
w(161,4,3,941)
w(166,4,3,941)
r(166,4,3,941)
r(164,8,9,943)
w(166,5,9,943)
r(164,8,9,943)
r(165,3,9,943)
w(166,6,9,943)
r(166,6,9,943)
w(166,7,11,945)
r(166,7,11,945)
r(166,7,11,945)
w(166,8,11,945)
r(164,8,11,945)
w(165,4,6,947)
r(163,3,6,947)
r(166,8,6,947)
r(166,8,6,947)
r(165,4,6,947)
w(167,1,6,947)
r(168,0,12,949)
r(165,4,12,949)
w(168,1,12,949)
r(168,1,12,949)
w(165,5,12,949)
r(168,1,12,949)
w(167,2,12,949)
r(167,2,5,951)
r(168,1,5,951)
r(168,1,5,951)
r(168,1,5,951)
w(168,2,7,953)
w(168,3,7,953)
r(168,3,7,953)
r(168,3,7,953)
r(167,2,7,953)
r(167,2,7,953)
w(163,4,7,953)
w(167,3,7,957)
w(167,4,7,957)
w(167,5,7,957)
r(168,3,7,957)
r(165,5,7,957)
w(168,4,7,957)
w(168,5,7,957)
r(167,5,12,962)
r(169,0,12,962)
r(163,4,12,962)
w(165,6,12,962)
w(169,4,12,962)
w(169,6,9,966)
r(170,0,9,966)
r(167,5,9,966)
w(169,7,9,966)
r(167,5,9,966)
r(170,0,5,970)
r(167,5,5,970)
w(161,6,5,970)
w(167,8,5,970)
r(171,0,5,970)
r(167,8,5,970)
w(171,1,11,971)
r(171,1,11,971)
w(171,2,11,971)
w(171,3,11,971)
r(172,0,11,971)
w(171,4,12,973)
w(161,7,12,973)
w(171,5,12,973)
w(171,6,12,973)
r(170,0,12,973)
w(171,7,12,973)
w(171,8,12,973)
w(172,1,12,973)
r(173,0,4,976)
w(172,2,4,976)
r(170,0,4,976)
r(173,0,4,976)
r(161,7,4,976)
r(172,2,4,976)
w(170,3,4,976)
w(170,4,4,976)
r(173,0,6,979)
w(173,3,6,979)
r(173,3,6,979)
r(172,2,6,979)
w(170,7,6,979)
r(172,2,6,979)
w(173,4,6,979)
r(172,2,6,979)
w(173,5,0,981)
r(170,7,0,981)
r(173,5,0,981)
w(173,6,0,981)
r(172,2,0,981)
r(172,2,0,981)
r(172,2,8,983)
r(172,2,8,983)
w(173,7,8,983)
w(163,5,8,983)
w(173,8,8,983)
r(172,2,8,983)
r(173,8,0,985)
r(173,8,0,985)
r(172,2,0,985)
r(170,7,0,985)
r(173,8,0,985)
r(173,8,0,985)
w(163,6,0,985)
r(172,2,7,988)
r(172,2,7,988)
w(172,3,7,988)
r(173,8,7,988)
w(174,1,7,988)
r(174,1,7,988)
w(174,2,7,988)
r(170,7,4,991)
r(174,2,4,991)
w(174,5,4,991)
w(174,6,4,991)
w(172,4,4,991)
r(174,6,5,993)
r(174,6,5,993)
r(172,4,5,993)
w(161,8,5,993)
r(174,6,5,993)
r(174,6,5,993)
w(174,7,5,993)
r(170,7,5,993)
r(174,7,5,1008)
r(172,4,5,1008)
r(175,0,5,1008)
r(175,0,5,1008)
w(172,7,5,1008)
w(172,8,5,1008)
r(175,0,5,1008)
w(180,2,5,1012)
w(179,4,5,1012)
w(178,1,5,1012)
w(179,5,5,1012)
w(176,5,0,1017)
w(179,8,0,1017)
r(180,2,0,1017)
w(176,6,0,1017)
w(175,2,11,1021)
w(177,2,11,1021)
r(176,6,11,1021)
w(175,3,11,1021)
r(175,3,11,1021)
w(177,3,11,1021)
w(176,7,12,1022)
r(161,8,12,1022)
w(181,1,12,1022)
r(180,2,12,1022)
r(180,2,12,1022)
r(181,1,12,1022)
w(181,2,12,1022)
w(180,3,12,1022)
r(180,3,11,1026)
r(183,0,11,1026)
r(180,3,11,1026)
r(181,2,11,1026)
r(183,0,11,1026)
r(180,3,11,1026)
r(181,2,11,1026)
w(181,3,11,1028)
w(182,1,11,1028)
r(181,3,11,1028)
w(181,4,11,1028)
w(181,5,11,1028)
r(180,3,11,1028)
r(180,3,11,1028)
r(177,3,9,1029)
r(161,8,9,1029)
r(175,0,9,1029)
r(176,7,9,1029)
r(178,1,0,1032)
r(182,1,0,1032)
w(181,6,0,1032)
w(181,7,0,1032)
r(183,0,5,1035)
r(180,3,5,1035)
w(180,6,5,1035)
w(180,7,5,1035)
r(181,7,5,1035)
r(181,7,5,1035)
r(180,7,5,1035)
r(180,7,5,1035)
r(183,0,11,1036)
r(178,1,11,1036)
r(183,0,11,1036)
w(178,2,11,1036)
r(181,7,11,1036)
w(181,8,0,1038)
w(184,1,0,1038)
w(180,8,0,1038)
r(180,8,0,1038)
r(184,1,0,1038)
r(184,1,0,1038)
r(185,0,0,1038)
r(184,1,12,1041)
w(183,2,12,1041)
w(184,2,12,1041)
w(185,1,12,1041)
w(185,2,12,1041)
r(182,1,12,1041)
w(184,3,12,1041)
w(185,4,11,1046)
r(184,3,11,1046)
w(184,6,11,1046)
w(185,5,11,1046)
w(184,7,11,1046)
w(186,2,7,1049)
w(185,6,7,1049)
w(186,3,7,1049)
r(186,3,7,1049)
w(183,5,7,1049)
w(186,4,7,1049)
r(185,6,7,1049)
r(185,6,7,1051)
w(185,7,7,1051)
w(182,2,7,1051)
w(186,5,7,1051)
w(185,8,5,1054)
w(186,6,5,1054)
r(186,6,5,1054)
w(186,7,5,1054)
r(183,5,5,1054)
w(186,8,5,1054)
w(178,4,4,1055)
r(186,5,4,1055)
r(186,5,4,1055)
r(186,5,4,1055)
w(187,1,4,1055)
w(187,2,6,1057)
w(187,3,6,1057)
w(187,4,6,1057)
r(185,8,6,1057)
r(185,8,6,1057)
w(187,5,6,1057)
w(183,6,9,1059)
w(187,6,9,1059)
w(187,7,9,1059)
r(178,4,9,1059)
w(187,8,9,1059)
r(185,8,9,1059)
w(183,7,9,1059)
r(187,8,9,1059)
r(183,7,8,1061)
r(188,0,8,1061)
r(188,0,8,1061)
r(187,8,8,1061)
r(178,4,8,1061)
w(188,1,8,1061)
r(187,8,5,1063)
r(187,8,5,1063)
r(187,8,5,1063)
r(187,8,5,1063)
r(189,0,5,1063)
w(189,1,5,1063)
w(189,2,5,1063)
w(188,2,5,1063)
r(189,2,12,1065)
r(189,2,12,1065)
w(183,8,12,1065)
w(178,5,12,1065)
w(189,3,12,1065)
r(189,3,12,1065)
w(189,4,12,1065)
r(182,2,12,1065)
r(189,4,9,1067)
w(189,5,9,1067)
r(188,2,9,1067)
r(188,2,9,1067)
w(178,6,9,1067)
r(189,5,3,1075)
w(188,4,3,1075)
w(188,5,3,1075)
w(178,7,3,1075)
r(190,0,3,1075)
w(189,6,3,1075)
r(182,2,3,1075)
w(189,7,3,1075)
r(190,0,3,1078)
w(188,7,3,1078)
w(191,1,3,1078)
w(191,2,3,1078)
w(190,1,3,1078)
w(191,3,3,1078)
w(191,4,3,1078)
w(191,5,3,1078)
w(191,6,7,1080)
w(191,7,7,1080)
w(191,8,7,1080)
r(188,7,7,1080)
w(188,8,7,1080)
w(192,1,7,1080)
r(188,8,7,1080)
w(190,2,7,1080)
r(192,1,9,1085)
r(192,1,9,1085)
w(192,4,9,1085)
r(192,4,9,1085)
r(192,4,9,1085)
w(192,5,9,1085)
w(192,6,9,1085)
w(192,8,8,1087)
r(182,2,8,1087)
r(194,0,8,1087)
r(195,0,8,1087)
r(195,0,8,1087)
w(195,1,8,1087)
w(194,2,0,1090)
w(194,3,0,1090)
r(195,1,0,1090)
r(193,0,0,1090)
r(193,0,8,1091)
w(195,2,8,1091)
r(195,2,8,1091)
w(195,3,8,1091)
r(195,3,8,1091)
r(195,3,8,1091)
r(195,3,8,1091)
r(195,3,6,1095)
w(195,4,6,1095)
w(195,5,6,1095)
r(195,5,6,1095)
w(193,1,6,1095)
w(195,6,6,1095)
w(194,4,6,1095)
w(196,2,12,1097)
w(196,3,12,1097)
w(196,4,12,1097)
w(196,5,12,1097)
r(196,5,12,1097)
w(190,4,12,1100)
w(196,6,12,1100)
r(194,4,12,1100)
w(194,7,12,1100)
r(194,7,12,1100)
r(194,7,12,1100)
w(196,7,12,1100)
w(196,8,4,1101)
r(194,7,4,1101)
w(193,2,4,1101)
w(194,8,4,1101)
r(194,8,4,1101)
r(182,2,4,1101)
r(194,8,4,1101)
w(198,1,4,1101)
r(197,0,0,1103)
r(197,0,0,1103)
r(197,0,0,1103)
w(197,1,0,1103)
w(182,4,0,1103)
r(197,1,0,1103)
r(198,1,3,1105)
w(197,2,3,1105)
w(198,2,3,1105)
r(198,2,3,1105)
w(198,3,3,1105)
r(197,2,3,1105)
r(193,2,3,1105)
r(198,3,11,1107)
w(190,5,11,1107)
r(197,2,11,1107)
r(197,2,11,1107)
r(198,3,4,1109)
r(197,2,4,1109)
r(197,2,4,1109)
w(198,4,4,1109)
r(190,5,4,1109)
r(198,4,4,1109)
r(197,2,12,1114)
r(197,2,12,1114)
r(198,4,12,1114)
r(190,5,12,1114)
w(197,3,12,1114)
r(198,4,12,1114)
r(193,2,12,1114)
w(197,4,12,1114)
w(199,2,3,1117)
r(199,2,3,1117)
r(193,2,3,1117)
r(199,2,3,1117)
w(198,7,3,1117)
w(198,8,3,1117)
w(199,3,3,1117)
w(199,4,3,1117)
r(190,5,5,1121)
w(200,1,5,1121)
r(200,1,5,1121)
r(199,4,5,1121)
w(199,5,5,1121)
w(190,7,5,1121)
w(199,6,5,1121)
w(200,3,9,1123)
r(199,6,9,1123)
w(199,7,9,1123)
r(199,7,9,1123)
r(190,7,9,1123)
r(199,7,11,1125)
r(199,7,11,1125)
w(200,4,11,1125)
w(200,5,11,1125)
w(200,6,11,1125)
r(200,6,11,1125)
r(193,2,11,1125)
r(199,7,11,1125)
w(182,5,4,1127)
w(190,8,4,1127)
r(190,8,4,1127)
w(182,6,4,1127)
r(199,7,4,1127)
w(199,8,4,1127)
r(200,6,12,1129)
r(199,8,12,1129)
w(193,3,12,1129)
w(200,7,12,1129)
r(200,7,7,1131)
r(199,8,7,1131)
r(199,8,7,1131)
r(199,8,7,1131)
r(199,8,11,1133)
r(199,8,11,1133)
r(202,0,11,1133)
w(202,1,11,1133)
w(200,8,11,1133)
r(201,0,11,1133)
r(202,1,11,1133)
w(201,1,11,1133)
r(202,1,0,1135)
r(200,8,0,1135)
w(182,7,0,1135)
r(202,1,0,1135)
r(193,3,0,1135)
r(203,0,0,1135)
r(203,0,0,1135)
w(201,2,0,1135)
r(202,1,12,1137)
r(201,2,12,1137)
w(202,2,12,1137)
w(201,3,12,1137)
w(201,4,9,1139)
w(203,1,9,1139)
w(202,3,9,1139)
w(202,4,9,1139)
r(201,4,9,1139)
w(203,2,9,1139)
r(203,2,9,1139)
r(202,4,4,1142)
w(202,5,4,1142)
w(202,6,4,1142)
w(203,3,4,1142)
w(203,4,4,1142)
r(201,4,4,1142)
r(202,6,4,1142)
r(203,4,0,1143)
r(201,4,0,1143)
w(202,7,0,1143)
r(203,4,0,1143)
r(202,7,0,1143)
w(201,5,0,1143)
w(202,8,0,1143)
w(204,1,4,1145)
w(204,2,4,1145)
r(204,2,4,1145)
r(201,5,4,1145)
r(203,4,4,1145)
w(204,3,11,1149)
r(204,3,11,1149)
r(204,3,11,1149)
w(204,4,11,1149)
w(204,5,11,1149)
r(201,5,11,1149)
r(204,5,11,1149)
w(203,5,11,1149)
w(203,7,7,1152)
r(204,5,7,1152)
r(201,5,7,1152)
w(204,8,7,1152)
w(203,8,7,1152)
r(201,5,7,1152)
w(193,4,12,1153)
r(203,5,12,1153)
r(205,0,12,1153)
r(203,5,12,1153)
w(193,5,9,1156)
r(205,0,9,1156)
r(205,0,9,1156)
w(193,6,9,1156)
r(201,5,7,1157)
r(201,5,7,1157)
w(205,1,7,1157)
r(203,8,7,1157)
w(206,1,7,1157)
r(205,1,7,1157)
r(206,1,7,1157)
r(206,1,12,1159)
w(205,2,12,1159)
w(206,2,12,1159)
w(205,3,12,1159)
r(205,3,12,1159)
r(201,5,12,1159)
w(205,4,3,1161)
r(201,5,3,1161)
r(205,4,3,1161)
r(201,5,3,1161)
r(205,4,3,1161)
w(206,3,3,1161)
r(193,6,3,1161)
r(205,4,0,1163)
w(201,6,0,1163)
r(182,7,0,1163)
r(206,3,0,1163)
r(206,3,0,1163)
r(182,7,0,1163)
r(205,4,0,1163)
r(206,3,9,1167)
w(205,5,9,1167)
r(205,5,9,1167)
w(205,6,9,1167)
r(205,6,9,1167)
w(182,8,9,1167)
w(205,7,9,1167)
r(201,6,8,1168)
r(205,4,8,1168)
w(201,7,8,1168)
r(206,3,8,1168)
w(193,7,8,1168)
r(193,6,0,1169)
w(205,8,0,1169)
r(207,0,0,1169)
r(207,0,0,1169)
r(207,0,0,1169)
w(201,8,0,1171)
r(207,0,0,1171)
w(207,1,0,1171)
r(201,8,0,1171)
r(207,1,0,1171)
r(207,1,0,1171)
r(201,8,0,1171)
w(207,2,0,1171)
w(207,3,11,1175)
w(207,4,11,1175)
r(207,4,11,1175)
w(207,5,11,1175)
r(207,5,11,1175)
w(208,1,11,1175)
r(206,3,11,1175)
r(207,5,11,1175)
r(208,1,5,1178)
r(206,3,5,1178)
w(206,5,5,1178)
w(193,8,5,1178)
r(207,5,5,1178)
w(206,6,5,1178)
r(207,5,5,1178)
w(207,8,5,1178)
r(207,5,11,1179)
w(209,1,11,1179)
r(209,1,11,1179)
r(206,3,11,1179)
r(206,3,11,1179)
r(209,1,5,1187)
r(209,1,5,1187)
w(209,4,5,1187)
w(209,5,5,1187)
w(206,7,5,1187)
w(208,5,12,1191)
r(211,0,12,1191)
r(211,0,12,1191)
r(212,0,12,1191)
w(211,5,12,1191)
w(211,6,12,1195)
w(212,1,12,1195)
r(211,6,12,1195)
w(210,1,12,1195)
w(211,7,12,1195)
w(211,8,12,1195)
w(212,2,12,1195)
r(213,0,12,1195)
w(213,3,9,1197)
r(213,3,9,1197)
w(213,4,9,1197)
r(213,4,9,1197)
w(213,5,9,1197)
w(208,7,9,1197)
r(213,5,9,1197)
w(212,4,6,1199)
r(213,5,6,1199)
w(208,8,6,1199)
r(212,4,6,1199)
w(212,5,6,1199)
w(213,6,8,1202)
w(214,1,8,1202)
w(213,7,8,1202)
w(213,8,8,1202)
r(210,1,8,1202)
r(212,5,8,1202)
w(212,6,8,1202)
r(210,1,8,1202)
r(215,0,7,1204)
w(215,1,7,1204)
r(212,5,7,1204)
w(215,2,7,1204)
w(215,3,7,1204)
r(215,3,7,1204)
w(215,5,11,1208)
r(215,5,11,1208)
r(214,1,11,1208)
r(214,1,11,1208)
r(215,5,11,1208)
w(215,6,8,1209)
w(214,2,8,1209)
w(215,7,8,1209)
r(212,6,8,1209)
w(215,8,8,1209)
r(182,8,8,1209)
w(210,2,9,1211)
w(214,3,9,1211)
w(214,4,9,1211)
w(217,1,9,1211)
r(217,1,8,1214)
w(216,1,8,1214)
r(210,2,8,1214)
w(217,2,8,1214)
r(216,1,8,1214)
w(214,5,8,1214)
r(216,1,8,1214)
r(216,1,5,1217)
r(214,5,5,1217)
r(216,1,5,1217)
r(216,1,5,1217)
r(210,2,11,1234)
r(221,0,11,1234)
w(222,2,11,1234)
w(221,6,11,1234)
w(216,6,6,1235)
r(214,5,6,1235)
w(214,6,6,1235)
r(217,2,6,1235)
w(214,7,6,1235)
r(216,6,6,1235)
r(214,7,6,1235)
r(216,6,8,1237)
w(216,3,8,1237)
r(210,2,8,1237)
r(216,3,8,1237)
w(216,4,8,1237)
r(216,4,8,1237)
w(216,5,8,1237)
w(222,3,6,1238)
r(221,6,6,1238)
w(220,2,6,1238)
w(222,4,6,1238)
w(210,5,6,1238)
w(221,7,6,1238)
r(221,7,6,1238)
r(221,7,6,1238)
r(218,0,11,1240)
r(221,7,11,1240)
w(221,8,11,1240)
r(221,8,11,1240)
r(221,8,11,1240)
r(221,8,11,1240)
w(223,1,11,1240)
w(223,2,11,1244)
w(222,5,11,1244)
w(222,6,11,1244)
w(222,7,11,1244)
r(223,2,11,1244)
w(223,3,11,1244)
w(217,7,9,1245)
w(219,6,9,1245)
r(210,2,9,1245)
r(219,6,9,1245)
r(217,7,9,1245)
r(223,3,0,1247)
w(223,4,0,1247)
w(220,3,0,1247)
w(223,5,0,1247)
r(223,5,0,1247)
r(223,5,0,1247)
r(222,7,8,1250)
r(223,5,8,1250)
r(210,5,8,1250)
w(223,6,8,1250)
w(223,7,8,1250)
r(220,3,12,1252)
w(218,3,12,1252)
r(222,7,12,1252)
w(223,8,12,1252)
r(223,8,12,1252)
r(223,8,12,1252)
r(222,7,8,1256)
r(223,8,8,1256)
w(220,4,8,1256)
w(210,6,8,1256)
r(224,0,8,1256)
r(222,7,8,1256)
w(224,1,9,1257)
w(224,2,9,1257)
r(224,2,9,1257)
r(222,7,9,1257)
w(224,3,0,1259)
r(210,6,0,1259)
r(222,7,0,1259)
r(210,6,0,1259)
r(224,3,0,1259)
w(219,7,5,1260)
r(219,7,5,1260)
r(219,7,5,1260)
w(219,8,5,1260)
w(217,8,5,1260)
r(220,0,5,1260)
w(218,2,5,1260)
w(221,1,5,1260)
r(220,4,5,1264)
w(224,5,5,1264)
r(224,5,5,1264)
r(220,4,5,1264)
r(224,5,5,1264)
r(220,4,5,1264)
r(210,6,5,1264)
w(224,6,7,1267)
r(224,6,7,1267)
r(222,7,7,1267)
r(220,4,7,1267)
r(224,6,11,1269)
w(220,5,11,1269)
r(224,6,11,1269)
r(222,7,11,1269)
r(222,7,11,1269)
w(220,6,11,1269)
r(210,6,11,1269)
w(224,7,6,1271)
w(224,8,6,1271)
r(224,8,6,1271)
r(224,8,6,1271)
r(224,8,7,1273)
r(222,7,7,1273)
r(222,7,7,1273)
w(225,1,7,1273)
r(222,7,7,1273)
r(222,7,8,1275)
w(225,2,8,1275)
w(225,3,8,1275)
r(210,6,8,1275)
r(225,3,8,1275)
r(225,3,0,1277)
r(222,7,0,1277)
r(220,6,0,1277)
w(210,7,0,1277)
w(225,4,0,1277)
r(225,4,0,1277)
w(220,7,0,1277)
r(225,4,0,1279)
w(225,5,0,1279)
r(220,7,0,1279)
w(225,6,0,1279)
w(220,8,0,1279)
r(220,8,0,1279)
w(226,1,0,1279)
r(225,6,6,1281)
r(210,7,6,1281)
r(210,7,6,1281)
r(225,6,6,1281)
r(225,6,6,1281)
w(225,7,6,1281)
w(225,8,6,1281)
w(227,1,6,1281)
w(226,2,3,1283)
r(226,2,3,1283)
w(226,3,3,1283)
w(228,1,3,1283)
w(228,2,3,1283)
w(210,8,3,1283)
r(226,3,3,1283)
w(228,3,4,1285)
r(218,2,4,1285)
w(226,4,4,1285)
w(228,4,4,1285)
w(228,5,4,1285)
r(227,1,4,1285)
w(226,5,5,1288)
r(228,5,5,1288)
r(226,5,5,1288)
w(228,6,5,1288)
w(228,7,5,1288)
r(228,7,5,1288)
w(228,8,5,1288)
w(226,6,5,1288)
r(230,0,5,1291)
r(226,6,5,1291)
w(229,1,5,1291)
r(226,6,5,1291)
w(230,2,0,1293)
w(230,3,0,1293)
r(230,3,0,1293)
r(227,1,0,1293)
w(230,4,0,1293)
r(230,4,0,1293)
r(230,4,0,1293)
w(226,8,0,1293)
w(230,5,12,1295)
w(230,6,12,1295)
r(227,1,12,1295)
w(218,7,12,1295)
r(226,8,12,1295)
r(230,6,4,1297)
r(226,8,4,1297)
r(230,6,4,1297)
w(227,3,4,1297)
w(229,2,4,1297)
r(231,0,4,1297)
w(230,7,8,1299)
w(227,4,8,1299)
r(230,7,8,1299)
w(231,1,8,1299)
r(231,1,8,1299)
w(227,5,8,1299)
r(231,1,4,1301)
r(230,7,4,1301)
w(218,8,4,1301)
w(231,2,4,1301)
r(231,2,6,1303)
r(230,7,6,1303)
r(231,2,6,1303)
r(229,2,6,1303)
r(231,2,6,1303)
r(227,5,6,1303)
r(230,7,0,1306)
w(231,3,0,1306)
r(230,7,0,1306)
r(230,7,0,1306)
r(231,3,0,1306)
r(230,7,0,1306)
r(230,7,12,1307)
r(230,7,12,1307)
r(231,2,12,1307)
r(229,2,12,1307)
r(227,5,12,1307)
r(231,3,8,1309)
r(230,7,8,1309)
w(227,6,8,1309)
w(230,8,8,1309)
r(230,8,4,1311)
r(230,8,4,1311)
r(233,0,4,1311)
r(233,0,4,1311)
r(231,3,4,1311)
r(231,3,4,1311)
w(233,1,4,1311)
w(227,7,8,1313)
w(233,2,8,1313)
w(227,8,8,1313)
w(229,3,8,1313)
r(231,3,8,1313)
r(233,2,8,1313)
r(231,3,8,1313)
w(233,3,0,1316)
w(233,4,0,1316)
w(229,4,0,1316)
r(233,4,0,1316)
w(233,5,0,1316)
w(234,1,0,1316)
r(234,1,12,1319)
r(233,5,12,1319)
w(233,8,12,1319)
w(231,5,12,1319)
r(232,0,12,1319)
w(231,6,12,1319)
w(235,1,12,1319)
w(231,7,12,1319)
w(234,2,6,1321)
r(229,4,6,1321)
r(234,2,6,1321)
w(235,2,6,1321)
r(235,2,6,1321)
r(235,2,6,1321)
r(235,2,6,1321)
r(235,2,4,1324)
r(235,2,4,1324)
w(234,3,4,1324)
r(229,4,4,1324)
w(235,3,4,1324)
r(235,3,4,1324)
r(231,7,7,1325)
r(235,2,7,1325)
r(229,4,7,1325)
w(232,1,7,1325)
r(235,2,7,1325)
w(231,8,7,1325)
r(235,2,7,1325)
w(234,4,5,1327)
w(235,4,5,1327)
r(232,1,5,1327)
r(235,4,5,1327)
w(235,5,12,1329)
r(235,5,12,1329)
r(235,5,12,1329)
w(235,6,12,1329)
w(235,7,12,1332)
w(235,8,12,1332)
w(236,1,12,1332)
r(236,1,12,1332)
r(236,1,12,1332)
w(236,2,12,1332)
r(235,8,12,1332)
w(229,5,8,1333)
w(232,2,8,1333)
w(237,1,8,1333)
w(229,6,8,1333)
w(234,5,8,1333)
w(236,3,11,1335)
r(237,1,11,1335)
r(234,5,11,1335)
r(237,1,11,1335)
r(237,1,11,1335)
w(234,6,11,1335)
r(237,1,11,1335)
w(237,2,9,1337)
r(237,2,9,1337)
w(236,4,9,1337)
r(236,4,9,1337)
w(237,3,9,1337)
w(237,4,9,1337)
w(229,7,9,1337)
w(232,3,9,1337)
w(236,5,3,1339)
w(232,4,3,1339)
w(237,5,3,1339)
r(237,5,3,1339)
r(237,5,6,1342)
w(236,6,6,1342)
w(232,5,6,1342)
r(234,6,6,1342)
w(237,6,6,1342)
w(237,7,6,1342)
w(237,8,6,1342)
r(232,5,3,1345)
w(236,8,3,1345)
w(238,1,3,1345)
r(236,8,3,1345)
w(238,2,3,1345)
r(234,6,3,1345)
w(239,1,3,1347)
r(238,2,3,1347)
r(238,2,3,1347)
r(234,6,3,1347)
r(238,2,3,1347)
r(238,2,7,1349)
w(238,3,7,1349)
w(229,8,7,1349)
r(238,3,7,1349)
r(238,3,7,1349)
r(234,6,5,1352)
w(238,4,5,1352)
r(238,4,5,1352)
w(238,5,5,1352)
r(238,5,5,1352)
w(234,7,5,1352)
r(238,5,5,1352)
r(239,1,7,1355)
w(238,8,7,1355)
r(234,7,7,1355)
r(238,8,7,1355)
r(229,8,7,1355)
w(240,1,7,1355)
r(240,1,12,1357)
w(239,2,12,1357)
r(241,0,12,1357)
r(240,1,12,1357)
w(239,3,12,1357)
r(240,1,12,1357)
w(240,2,12,1357)
r(240,2,12,1357)
r(241,0,11,1359)
r(239,3,11,1359)
r(239,3,11,1359)
r(239,3,11,1359)
r(240,2,11,1359)
r(240,2,11,1359)
r(240,2,11,1359)
w(240,3,11,1359)
w(240,4,7,1361)
r(234,7,7,1361)
w(240,5,7,1361)
w(240,6,7,1361)
w(240,7,7,1361)
w(240,8,12,1363)
r(239,3,12,1363)
r(240,8,12,1363)
r(240,8,12,1363)
r(232,5,12,1363)
w(241,1,12,1363)
r(240,8,12,1363)
w(241,2,4,1365)
r(242,0,4,1365)
r(234,7,4,1365)
w(234,8,4,1365)
r(241,2,4,1365)
w(241,3,12,1367)
r(241,3,12,1367)
r(239,3,12,1367)
r(242,0,12,1367)
r(239,3,12,1367)
r(242,0,12,1367)
r(242,0,12,1367)
r(243,0,8,1371)
w(243,1,8,1371)
w(239,4,8,1371)
r(243,1,8,1371)
r(242,0,8,1371)
r(239,4,8,1371)
r(239,3,6,1372)
r(242,0,6,1372)
r(239,3,6,1372)
w(242,1,6,1372)
w(242,2,6,1372)
w(242,5,9,1375)
w(242,6,9,1375)
r(239,4,9,1375)
r(242,6,9,1375)
r(242,6,6,1377)
w(242,7,6,1377)
r(242,7,6,1377)
w(242,8,6,1377)
r(239,4,6,1377)
w(244,1,6,1377)
r(241,3,3,1379)
w(244,2,3,1379)
w(241,5,3,1379)
w(239,7,3,1379)
r(244,2,3,1379)
w(244,3,3,1379)
r(244,3,3,1379)
r(239,7,7,1381)
w(244,4,7,1381)
w(243,2,7,1381)
r(244,4,7,1381)
r(243,2,6,1383)
w(244,5,6,1383)
r(239,7,6,1383)
w(244,6,6,1383)
w(239,8,6,1383)
r(244,6,6,1383)
w(244,7,6,1383)
r(239,8,6,1383)
w(243,3,8,1385)
w(244,8,8,1385)
w(243,4,8,1385)
r(239,8,8,1385)
r(239,8,4,1387)
r(241,5,4,1387)
w(243,5,4,1387)
r(241,5,4,1387)
r(241,5,4,1387)
w(246,1,8,1389)
r(245,0,8,1389)
w(245,1,8,1389)
w(246,2,8,1389)
w(245,2,8,1389)
r(243,5,3,1391)
w(245,3,3,1391)
r(245,3,3,1391)
w(245,4,3,1391)
r(245,4,9,1395)
r(245,4,9,1395)
r(245,4,9,1395)
r(246,2,9,1395)
r(245,4,7,1399)
r(245,4,7,1399)
r(245,4,7,1399)
r(245,4,7,1399)
w(243,6,3,1401)
r(245,4,3,1401)
r(245,4,3,1401)
r(241,5,3,1401)
r(246,2,3,1401)
r(241,5,3,1401)
r(245,4,3,1401)
r(241,5,3,1401)
w(246,3,8,1403)
r(243,6,8,1403)
r(243,6,8,1403)
w(246,4,8,1403)
w(243,7,8,1409)
r(248,0,8,1409)
r(243,7,8,1409)
r(248,0,8,1409)
w(248,4,7,1411)
w(248,5,7,1411)
r(248,5,7,1411)
w(247,1,7,1411)
r(248,5,7,1411)
r(246,4,7,1411)
w(248,6,7,1411)
r(248,6,0,1413)
w(243,8,0,1413)
r(248,6,0,1413)
w(248,7,0,1413)
w(248,8,0,1413)
r(248,8,0,1413)
r(248,8,9,1417)
r(249,0,9,1417)
r(249,0,9,1417)
r(249,0,9,1417)
r(246,4,9,1417)
r(243,8,9,1417)
r(249,0,12,1418)
w(247,2,12,1418)
r(249,0,12,1418)
r(249,0,12,1418)
r(246,4,12,1418)
r(249,0,12,1418)
r(246,4,12,1418)
w(249,2,0,1421)
w(250,1,0,1421)
r(251,0,0,1421)
w(249,3,0,1421)
w(249,4,0,1421)
r(250,1,0,1421)
r(249,4,0,1421)
w(251,1,11,1423)
r(249,4,11,1423)
r(251,1,11,1423)
w(251,2,11,1423)
r(249,4,11,1423)
w(251,5,4,1438)
w(249,6,4,1438)
w(250,2,4,1438)
w(249,7,4,1438)
r(249,7,4,1438)
r(249,7,4,1438)
w(251,6,4,1438)
w(254,5,4,1440)
w(247,4,4,1440)
w(247,5,4,1440)
r(254,5,4,1440)
w(250,6,4,1440)
r(253,0,4,1440)
r(250,6,4,1440)
r(250,6,4,1440)
r(254,5,4,1445)
r(254,5,4,1445)
w(253,3,4,1445)
r(254,5,4,1445)
r(247,5,4,1445)
w(254,6,4,1445)
w(247,6,4,1445)
w(250,3,6,1446)
w(252,2,6,1446)
r(251,6,6,1446)
r(252,2,6,1446)
w(251,8,6,1446)
w(252,3,6,1446)
r(253,0,6,1446)
r(253,3,4,1451)
r(254,6,4,1451)
r(254,6,4,1451)
w(254,8,4,1451)
r(253,3,4,1451)
w(255,1,4,1451)
r(255,1,4,1451)
w(232,7,3,1453)
r(253,3,3,1453)
w(253,4,3,1453)
w(255,2,3,1453)
r(255,2,3,1453)
r(255,2,3,1453)
w(255,3,3,1453)
w(252,4,5,1456)
r(252,4,5,1456)
r(252,4,5,1456)
w(252,5,5,1456)
r(252,5,5,1456)
w(255,4,11,1457)
w(255,5,11,1457)
r(247,6,11,1457)
r(250,3,11,1457)
r(255,5,11,1457)
w(253,5,4,1460)
r(255,5,4,1460)
r(253,5,4,1460)
w(255,6,4,1460)
w(250,7,4,1460)
r(247,6,4,1460)
w(253,6,4,1460)
r(255,6,4,1460)
w(255,7,5,1463)
w(253,7,5,1463)
r(250,7,5,1463)
w(250,8,5,1463)
r(255,7,5,1463)
r(255,7,5,1463)
r(255,7,5,1463)
w(253,8,5,1463)
w(255,8,5,1466)
w(232,8,5,1466)
w(256,1,5,1466)
r(255,8,5,1466)
w(258,2,5,1471)
r(257,0,5,1471)
w(257,1,5,1471)
w(258,3,5,1471)
w(258,4,5,1471)
r(232,8,5,1471)
w(247,8,5,1471)
r(258,4,7,1473)
w(258,6,7,1473)
r(258,6,7,1473)
w(258,7,7,1473)
r(257,1,7,1473)
w(258,8,4,1475)
w(256,7,4,1475)
r(258,8,4,1475)
w(256,8,4,1475)
r(258,8,4,1475)
r(258,8,4,1475)
r(256,8,6,1478)
r(258,8,6,1478)
w(259,1,6,1478)
r(259,1,6,1478)
w(260,1,6,1478)
w(259,2,6,1478)
w(259,3,6,1478)
w(259,4,6,1478)
r(257,1,3,1481)
w(259,7,3,1481)
w(259,8,3,1481)
r(259,8,3,1481)
r(259,8,3,1481)
r(257,1,12,1483)
w(262,1,12,1483)
w(257,3,12,1483)
r(232,8,12,1483)
w(262,2,12,1483)
w(262,3,5,1489)
w(262,4,5,1489)
r(262,4,5,1489)
w(262,5,5,1489)
w(260,8,8,1495)
w(263,8,8,1495)
w(257,5,8,1495)
r(263,8,8,1495)
w(264,1,8,1495)
r(265,0,0,1497)
r(257,5,0,1497)
r(265,0,0,1497)
r(264,1,0,1497)
r(265,0,0,1497)
w(265,1,0,1497)
w(265,2,0,1497)
w(265,4,3,1501)
r(264,1,3,1501)
w(265,5,3,1501)
w(264,2,3,1501)
w(265,6,3,1501)
w(265,7,0,1503)
r(264,2,0,1503)
r(265,7,0,1503)
w(265,8,0,1503)
r(266,0,0,1503)
w(266,1,0,1503)
w(261,2,0,1503)
r(266,1,0,1503)
w(264,3,6,1505)
r(264,3,6,1505)
r(266,1,6,1505)
w(257,6,6,1505)
r(266,1,6,1505)
r(266,1,6,1505)
w(266,2,5,1507)
r(266,2,5,1507)
r(261,2,5,1507)
r(266,2,5,1507)
w(266,3,5,1507)
r(266,3,5,1507)
r(266,3,9,1509)
r(266,3,9,1509)
w(257,7,9,1509)
r(257,7,9,1509)
r(266,3,9,1511)
r(257,7,9,1511)
r(264,3,9,1511)
w(264,4,9,1511)
w(267,1,7,1513)
w(264,5,7,1513)
r(266,3,7,1513)
w(266,4,7,1513)
r(264,5,7,1513)
w(261,3,7,1513)
w(266,5,7,1513)
w(266,6,0,1515)
r(266,6,0,1515)
r(264,5,0,1515)
w(267,2,0,1515)
r(264,5,0,1515)
w(264,6,0,1515)
w(266,7,0,1515)
w(268,2,0,1519)
w(269,2,0,1519)
r(269,2,0,1519)
w(268,3,0,1519)
w(268,4,9,1522)
w(268,5,9,1522)
w(269,3,9,1522)
r(269,3,9,1522)
w(268,6,9,1522)
r(269,3,0,1523)
r(269,3,0,1523)
r(269,3,0,1523)
w(268,7,0,1523)
r(269,3,0,1523)
w(269,4,9,1525)
w(269,5,9,1525)
r(269,5,9,1525)
w(261,4,9,1525)
w(269,6,9,1525)
r(269,6,6,1527)
w(269,7,6,1527)
r(269,7,6,1527)
r(269,7,6,1527)
r(257,7,6,1527)
w(257,8,6,1527)
w(269,8,6,1529)
r(257,8,6,1529)
r(267,2,6,1529)
r(269,8,6,1529)
r(269,8,6,1529)
r(267,2,0,1531)
r(257,8,0,1531)
r(261,4,0,1531)
r(270,0,0,1531)
w(270,1,0,1531)
w(270,2,0,1531)
w(261,5,0,1533)
r(268,7,0,1533)
w(268,8,0,1533)
r(270,2,0,1533)
r(270,2,0,1533)
r(270,2,0,1533)
w(271,1,0,1533)
w(271,2,0,1533)
w(270,3,9,1535)
r(270,3,9,1535)
w(270,4,9,1535)
r(270,4,9,1535)
w(261,6,9,1535)
r(270,4,9,1535)
r(261,6,9,1535)
r(271,2,4,1539)
w(270,5,4,1539)
r(261,6,4,1539)
w(270,6,4,1539)
r(273,0,8,1541)
r(261,6,8,1541)
w(272,1,8,1541)
r(272,1,8,1541)
w(261,7,4,1544)
w(273,1,4,1544)
r(272,1,4,1544)
r(272,1,4,1544)
r(272,1,4,1544)
r(271,2,5,1547)
w(271,4,5,1547)
r(271,4,5,1547)
w(271,5,5,1547)
w(273,4,11,1549)
r(272,1,11,1549)
r(273,4,11,1549)
w(261,8,11,1549)
r(273,4,11,1549)
w(273,5,11,1549)
r(271,5,7,1551)
w(273,6,7,1551)
r(271,5,7,1551)
w(273,7,7,1551)
w(272,3,7,1551)
r(273,7,7,1551)
r(272,3,4,1553)
r(273,7,4,1553)
w(273,8,4,1553)
r(271,5,4,1553)
w(271,6,4,1553)
r(272,3,6,1557)
w(274,1,6,1557)
r(271,6,6,1557)
r(272,3,6,1557)
r(274,1,6,1557)
r(274,1,6,1557)
r(261,8,6,1557)
r(274,1,6,1557)
w(271,7,6,1560)
w(271,8,6,1560)
r(267,2,6,1560)
r(274,1,6,1560)
r(274,1,6,1560)
r(271,8,6,1560)
r(274,1,6,1560)
r(274,1,4,1562)
w(274,5,4,1562)
r(271,8,4,1562)
r(272,3,4,1562)
r(274,5,4,1562)
w(274,6,4,1562)
r(274,6,4,1562)
r(271,8,6,1565)
w(276,1,6,1565)
r(276,1,6,1565)
r(276,1,6,1565)
w(276,2,6,1565)
w(272,5,6,1565)
r(276,2,6,1565)
r(277,0,4,1567)
w(277,1,4,1567)
r(276,2,4,1567)
r(276,2,4,1567)
r(276,2,4,1567)
r(277,1,8,1569)
r(275,0,8,1569)
r(267,2,8,1569)
w(276,3,8,1569)
r(276,3,8,1569)
w(277,2,5,1571)
r(277,2,5,1571)
r(277,2,5,1571)
r(276,3,5,1571)
w(276,4,4,1574)
w(276,5,4,1574)
r(276,5,4,1574)
r(276,5,4,1574)
r(276,3,0,1575)
r(272,5,0,1575)
w(272,6,0,1575)
r(276,3,0,1575)
r(267,2,0,1575)
r(267,2,9,1578)
r(278,0,9,1578)
w(277,6,9,1578)
w(278,1,9,1578)
r(278,1,9,1578)
r(277,6,9,1578)
r(277,6,8,1581)
w(277,7,8,1581)
w(272,7,8,1581)
w(278,2,8,1581)
w(275,1,8,1581)
r(277,7,12,1583)
r(277,7,12,1583)
w(277,8,12,1583)
w(278,3,12,1583)
w(272,8,6,1586)
w(278,4,6,1586)
r(278,4,6,1586)
r(277,8,6,1586)
r(275,1,0,1589)
w(279,1,0,1589)
w(279,2,0,1589)
w(278,8,0,1589)
r(278,8,7,1591)
w(279,3,7,1591)
r(279,3,7,1591)
r(279,3,7,1591)
r(275,1,7,1591)
r(280,0,7,1591)
r(280,0,7,1591)
w(279,4,3,1593)
r(280,0,3,1593)
r(267,2,3,1593)
w(280,1,3,1593)
r(275,1,3,1593)
w(279,5,3,1593)
w(275,3,7,1595)
r(279,5,7,1595)
w(280,2,7,1595)
r(275,3,7,1595)
w(279,6,7,1595)
r(281,0,7,1595)
r(280,2,4,1598)
r(280,2,4,1598)
r(280,2,4,1598)
r(280,2,4,1598)
r(280,2,11,1599)
w(280,3,11,1599)
w(281,1,11,1599)
r(267,2,11,1599)
w(267,3,11,1599)
r(280,3,11,1599)
r(280,3,3,1601)
r(279,6,3,1601)
r(280,3,3,1601)
r(280,3,3,1601)
r(281,1,4,1603)
w(280,4,4,1603)
w(279,7,4,1603)
r(280,4,4,1603)
r(280,4,7,1606)
w(275,4,7,1606)
w(281,2,7,1606)
r(281,2,7,1606)
r(280,4,7,1606)
r(280,4,7,1606)
w(280,5,11,1609)
r(280,5,11,1609)
w(280,6,11,1609)
w(280,7,11,1609)
w(282,2,8,1613)
w(281,3,8,1613)
r(283,0,8,1613)
w(282,3,8,1613)
w(283,1,0,1615)
r(282,3,0,1615)
w(283,2,0,1615)
w(281,6,0,1615)
r(281,6,11,1617)
r(282,3,11,1617)
w(275,6,11,1617)
r(282,3,11,1617)
w(282,7,11,1617)
r(282,7,4,1619)
w(283,3,4,1619)
r(282,7,4,1619)
r(282,7,4,1619)
w(283,4,4,1619)
w(283,5,4,1619)
r(283,5,4,1619)
w(282,8,0,1621)
w(283,6,0,1621)
r(282,8,0,1621)
r(282,8,0,1621)
r(267,3,6,1623)
w(283,7,6,1623)
w(283,8,6,1623)
r(283,8,6,1623)
r(284,0,4,1627)
w(284,1,4,1627)
r(281,6,4,1627)
r(284,1,4,1627)
w(281,7,4,1627)
w(284,6,6,1630)
r(285,0,6,1630)
w(284,7,6,1630)
w(284,8,6,1630)
r(285,0,6,1630)
r(285,0,6,1630)
r(285,0,5,1631)
w(281,8,5,1631)
r(287,0,5,1631)
w(275,7,5,1631)
w(286,1,5,1631)
r(286,1,8,1635)
w(286,2,8,1635)
w(285,1,8,1635)
w(286,3,8,1635)
w(286,4,8,1635)
w(286,5,8,1635)
r(286,5,8,1635)
w(285,2,7,1637)
w(288,1,7,1637)
r(285,2,7,1637)
r(288,1,7,1637)
w(285,3,4,1639)
w(288,2,4,1639)
r(285,3,4,1639)
w(288,3,4,1639)
r(285,3,4,1639)
w(287,1,4,1639)
w(285,4,6,1641)
r(275,7,6,1641)
r(287,1,6,1641)
r(288,3,6,1641)
r(288,3,6,1641)
w(287,6,8,1658)
r(292,0,8,1658)
w(292,1,8,1658)
w(292,2,8,1658)
w(292,3,8,1658)
w(290,6,8,1658)
w(292,4,8,1658)
r(287,6,8,1658)
w(292,5,8,1660)
r(291,0,8,1660)
r(290,6,8,1660)
r(292,5,8,1660)
r(292,5,8,1660)
r(290,6,8,1660)
r(292,5,8,1660)
w(292,6,8,1662)
w(292,7,8,1662)
w(292,8,8,1662)
r(293,0,8,1662)
r(290,6,8,1662)
r(293,0,8,1664)
r(290,6,8,1664)
w(293,1,8,1664)
w(287,7,8,1664)
r(293,1,8,1664)
r(267,3,8,1664)
r(293,1,8,1664)
r(293,1,8,1664)
w(290,7,9,1668)
w(293,2,9,1668)
w(293,3,9,1668)
w(290,8,9,1668)
r(293,3,9,1668)
r(289,0,7,1673)
r(285,4,7,1673)
r(289,0,7,1673)
w(285,8,7,1673)
r(267,3,7,1673)
r(287,7,7,1673)
w(289,3,7,1673)
r(285,8,7,1673)
r(295,0,9,1675)
r(294,0,9,1675)
w(293,5,9,1675)
r(293,5,9,1675)
w(293,6,9,1675)
r(293,6,9,1675)
w(294,1,9,1675)
w(294,2,8,1676)
r(295,0,8,1676)
r(293,6,8,1676)
r(293,6,8,1676)
w(293,8,8,1676)
r(294,2,8,1676)
w(295,1,8,1676)
r(296,0,8,1676)
w(295,2,9,1681)
w(294,3,9,1681)
w(295,3,9,1681)
r(296,0,9,1681)
r(296,0,9,1681)
w(296,1,9,1681)
r(287,1,3,1683)
w(275,8,3,1683)
r(290,8,3,1683)
r(289,3,3,1683)
r(287,1,3,1683)
r(290,8,3,1683)
r(290,8,3,1683)
w(290,5,3,1683)
r(294,3,11,1685)
r(296,1,11,1685)
w(296,2,11,1685)
r(295,3,11,1685)
r(290,5,0,1689)
r(289,3,0,1689)
r(290,5,0,1689)
w(290,1,0,1689)
w(289,5,0,1689)
r(290,1,0,1689)
r(296,2,9,1692)
w(296,4,9,1692)
r(296,4,9,1692)
r(294,3,9,1692)
r(296,4,9,1692)
w(291,1,9,1692)
w(294,5,9,1692)
w(296,5,9,1692)
r(289,5,4,1694)
r(289,5,4,1694)
w(289,6,4,1694)
r(289,6,4,1694)
w(290,2,4,1694)
w(289,7,4,1694)
w(290,3,4,1694)
r(289,7,4,1694)
w(294,6,3,1695)
w(295,4,3,1695)
r(296,5,3,1695)
r(296,5,3,1695)
w(291,2,3,1695)
r(295,4,3,1695)
r(296,5,9,1697)
r(296,5,9,1697)
r(295,4,9,1697)
r(295,4,9,1697)
w(296,8,9,1697)
r(296,8,9,1697)
r(291,2,9,1697)
r(296,8,9,1697)
w(294,7,9,1699)
r(294,7,9,1699)
r(297,0,9,1699)
w(295,5,9,1699)
w(295,6,9,1699)
r(291,2,9,1699)
w(294,8,9,1699)
r(267,3,9,1703)
r(294,8,9,1703)
w(297,1,9,1703)
w(295,7,9,1703)
w(295,8,9,1703)
w(297,2,9,1703)
r(297,2,9,1703)
w(298,3,5,1707)
w(297,4,5,1707)
r(291,2,5,1707)
r(297,4,5,1707)
w(298,4,5,1707)
r(267,3,5,1707)
r(291,2,5,1707)
w(299,2,5,1709)
w(297,5,5,1709)
w(291,3,5,1709)
r(297,5,5,1709)
r(298,4,5,1709)
w(297,6,5,1709)
w(297,7,7,1711)
w(298,6,7,1711)
w(291,4,7,1711)
r(297,7,7,1711)
r(297,7,7,1711)
w(297,8,7,1711)
r(297,8,7,1711)
r(291,4,4,1714)
w(291,5,4,1714)
r(299,2,4,1714)
w(300,1,4,1714)
r(300,1,3,1719)
r(300,1,3,1719)
w(267,5,3,1719)
w(300,3,3,1719)
r(291,5,3,1719)
r(298,6,3,1719)
w(300,4,3,1719)
r(301,0,6,1724)
w(301,1,6,1724)
r(302,0,6,1724)
w(299,4,6,1724)
w(301,5,6,1727)
r(301,5,6,1727)
w(299,5,6,1727)
r(301,5,6,1727)
r(302,0,6,1727)
r(299,5,6,1727)
w(302,1,6,1727)
w(302,2,8,1729)
r(301,5,8,1729)
w(301,6,8,1729)
w(302,3,8,1729)
r(302,3,8,1729)
w(303,1,4,1732)
w(301,7,4,1732)
r(301,7,4,1732)
w(303,2,4,1732)
w(302,4,4,1732)
w(299,6,4,1732)
w(304,1,7,1735)
w(304,2,7,1735)
w(304,3,7,1735)
w(302,5,7,1735)
r(304,3,7,1735)
r(304,3,7,1735)
w(304,4,0,1738)
w(302,6,0,1738)
w(304,5,0,1738)
r(304,5,0,1738)
r(304,5,0,1738)
r(302,6,0,1738)
w(302,7,0,1738)
r(305,0,6,1741)
r(304,5,6,1741)
w(304,8,6,1741)
r(304,8,6,1741)
r(304,8,6,1741)
r(306,0,5,1743)
w(299,8,5,1743)
w(306,1,5,1743)
w(306,2,5,1743)
r(306,2,5,1743)
w(306,3,11,1745)
w(306,4,11,1745)
r(267,5,11,1745)
w(306,5,11,1745)
w(303,3,11,1745)
w(306,6,11,1745)
w(306,7,11,1745)
r(299,8,4,1747)
r(305,0,4,1747)
w(306,8,4,1747)
w(307,1,4,1747)
r(306,8,4,1747)
r(305,0,4,1747)
w(308,1,6,1749)
w(308,2,6,1749)
r(308,2,6,1749)
r(305,0,6,1749)
w(308,3,6,1749)
w(308,4,6,1749)
w(303,4,8,1751)
r(305,0,8,1751)
r(308,4,8,1751)
r(307,1,8,1751)
r(305,0,6,1755)
w(308,5,6,1755)
w(307,2,6,1755)
w(308,6,6,1755)
r(308,6,6,1755)
r(308,6,6,1755)
r(308,6,6,1755)
w(305,2,6,1755)
r(305,0,9,1756)
r(308,4,9,1756)
r(308,4,9,1756)
r(307,1,9,1756)
w(305,3,4,1759)
r(308,6,4,1759)
r(308,6,4,1759)
r(305,3,4,1759)
r(267,5,12,1761)
w(267,7,12,1761)
w(307,4,12,1761)
w(305,4,12,1761)
r(305,4,12,1761)
w(303,6,12,1761)
r(309,0,4,1764)
w(307,5,4,1764)
w(267,8,4,1764)
w(309,1,4,1764)
w(309,2,4,1764)
r(309,2,8,1767)
r(305,4,8,1767)
r(309,2,8,1767)
r(309,2,8,1767)
w(309,6,8,1767)
w(307,6,9,1769)
w(305,7,9,1769)
w(307,7,9,1769)
w(309,7,9,1769)
r(305,7,9,1769)
r(309,7,8,1771)
w(309,8,8,1771)
r(307,7,8,1771)
w(310,1,8,1771)
w(303,7,8,1771)
r(310,1,8,1771)
r(305,7,8,1771)
w(310,2,8,1771)
w(303,8,0,1773)
r(303,8,0,1773)
w(310,3,0,1773)
r(307,7,0,1773)
r(307,7,0,1773)
w(310,4,0,1773)
r(307,7,0,1773)
r(305,7,0,1773)
w(310,5,5,1775)
w(310,6,5,1775)
w(310,7,5,1775)
w(310,8,5,1775)
r(307,7,5,1775)
w(305,8,5,1775)
w(313,1,5,1775)
w(313,2,5,1775)
r(313,2,7,1778)
r(313,2,7,1778)
w(312,1,7,1778)
r(313,2,7,1778)
r(307,7,8,1779)
r(312,0,8,1779)
w(313,3,8,1779)
r(313,3,8,1779)
w(313,4,8,1779)
r(313,4,8,1779)
r(312,0,8,1779)
w(313,5,8,1779)
w(313,6,3,1781)
w(311,1,3,1781)
r(313,6,3,1781)
w(313,7,3,1781)
r(313,7,3,1781)
w(311,2,7,1783)
r(312,1,7,1783)
r(313,7,7,1783)
w(312,2,7,1783)
r(313,7,7,1783)
w(313,8,3,1786)
w(311,3,3,1786)
r(303,8,3,1786)
r(314,0,3,1786)
r(312,2,3,1786)
w(314,1,3,1786)
w(314,4,7,1789)
w(312,3,7,1789)
r(312,3,7,1789)
r(312,3,7,1789)
w(312,4,7,1789)
r(307,7,7,1789)
w(314,5,7,1789)
r(315,0,3,1794)
r(314,5,3,1794)
w(315,1,3,1794)
r(303,8,3,1794)
w(312,5,11,1795)
w(312,6,11,1795)
w(312,7,11,1795)
w(314,6,11,1795)
r(312,7,11,1795)
r(314,6,11,1795)
w(314,7,11,1795)
r(303,8,11,1795)
w(311,4,4,1797)
r(303,8,4,1797)
r(316,0,4,1797)
w(316,1,4,1797)
w(316,2,4,1797)
w(316,3,4,1797)
w(316,4,4,1797)
r(317,0,4,1797)
r(316,4,8,1802)
w(317,2,8,1802)
r(317,2,8,1802)
w(317,3,8,1802)
r(317,3,8,1802)
w(317,4,8,1802)
r(315,1,8,1802)
w(319,2,6,1807)
r(319,2,6,1807)
w(318,2,6,1807)
r(319,2,6,1807)
r(311,4,6,1807)
r(319,2,6,1807)
r(319,2,3,1811)
w(317,7,3,1811)
w(317,8,3,1811)
w(319,6,3,1811)
r(317,8,3,1811)
r(319,6,12,1813)
r(320,0,12,1813)
r(320,0,12,1813)
w(319,7,12,1813)
w(319,8,12,1813)
r(315,1,12,1813)
r(318,2,12,1813)
r(315,1,11,1816)
r(320,0,11,1816)
r(320,0,11,1816)
w(315,6,11,1816)
r(321,0,11,1816)
r(321,0,3,1819)
r(320,0,3,1819)
w(321,3,3,1819)
w(321,4,3,1819)
w(320,1,0,1821)
r(321,4,0,1821)
r(321,4,0,1821)
r(318,2,0,1821)
w(320,2,0,1823)
r(321,4,0,1823)
w(320,3,0,1823)
w(321,5,0,1823)
r(321,5,0,1823)
w(315,8,0,1823)
r(321,5,8,1825)
r(320,3,8,1825)
r(320,3,8,1825)
r(321,5,8,1825)
r(321,5,8,1825)
w(318,4,8,1825)
w(320,4,8,1825)
w(318,5,8,1825)
r(320,4,9,1829)
w(321,6,9,1829)
w(320,5,9,1829)
w(321,7,9,1829)
r(321,7,9,1829)
w(320,6,9,1829)
w(321,8,11,1831)
r(321,8,11,1831)
r(321,8,11,1831)
w(311,5,11,1831)
w(324,2,4,1835)
w(324,3,4,1835)
w(322,1,4,1835)
r(324,3,4,1835)
r(322,1,5,1837)
r(323,0,5,1837)
r(323,0,5,1837)
r(323,0,5,1837)
w(318,6,5,1837)
w(324,4,5,1837)
w(324,5,9,1839)
r(322,1,9,1839)
w(322,2,9,1839)
r(324,5,9,1839)
r(323,0,5,1841)
r(324,5,5,1841)
r(324,5,5,1841)
r(324,5,5,1841)
r(324,5,5,1841)
w(324,6,5,1841)
w(323,3,7,1844)
w(324,7,7,1844)
r(324,7,7,1844)
w(311,6,7,1844)
w(323,4,7,1844)
r(323,4,7,1844)
r(325,0,0,1848)
r(318,6,0,1848)
r(322,2,0,1848)
r(323,4,0,1848)
r(325,0,0,1848)
r(322,2,0,1848)
r(325,0,0,1848)
w(323,5,8,1849)
r(322,2,8,1849)
r(324,7,8,1849)
r(322,2,8,1849)
w(322,5,8,1849)
r(323,5,8,1849)
w(323,6,6,1851)
w(325,1,6,1851)
r(325,1,6,1851)
r(325,1,6,1851)
w(325,2,7,1853)
w(322,6,7,1853)
w(322,7,7,1853)
w(311,7,7,1853)
r(322,7,7,1853)
r(325,2,7,1853)
r(325,2,4,1857)
w(325,3,4,1857)
w(325,4,4,1857)
r(323,6,4,1857)
r(322,7,4,1857)
w(325,5,4,1857)
w(323,7,4,1857)
r(325,5,11,1861)
w(325,8,11,1861)
w(328,1,11,1861)
w(328,2,11,1861)
w(327,1,11,1861)
w(328,5,12,1865)
w(328,6,12,1865)
r(328,6,12,1865)
r(328,6,12,1865)
w(327,2,12,1865)
r(328,6,12,1865)
w(327,3,12,1865)
r(328,6,11,1867)
r(326,0,11,1867)
r(326,0,11,1867)
r(328,6,11,1867)
w(326,7,11,1867)
r(328,6,11,1867)
w(327,4,0,1869)
w(326,8,0,1869)
w(328,8,0,1869)
w(318,8,0,1869)
r(327,4,11,1871)
w(330,1,11,1871)
r(330,1,11,1871)
w(330,2,11,1871)
r(330,2,11,1871)
r(330,2,11,1871)
r(327,4,11,1871)
w(329,1,11,1871)
w(330,3,11,1873)
r(330,3,11,1873)
r(330,3,11,1873)
r(330,3,11,1873)
r(329,1,11,1873)
r(330,3,11,1873)
w(330,4,5,1875)
r(330,4,5,1875)
w(329,2,5,1875)
w(330,5,5,1875)
w(330,6,5,1875)
w(327,5,4,1877)
w(311,8,4,1877)
r(330,6,4,1877)
w(330,7,4,1877)
r(327,5,4,1877)
r(330,7,4,1877)
r(330,7,4,1877)
r(330,7,4,1877)
r(327,5,3,1879)
w(330,8,3,1879)
r(330,8,3,1879)
r(330,8,3,1879)
r(330,8,9,1882)
r(330,8,9,1882)
w(327,6,9,1882)
w(327,7,9,1882)
r(330,8,9,1882)
r(332,0,9,1882)
r(333,0,5,1885)
w(333,3,5,1885)
r(333,3,5,1885)
w(333,4,5,1885)
r(333,4,4,1887)
r(333,4,4,1887)
r(334,0,4,1887)
w(333,5,4,1887)
r(333,5,4,1887)
w(333,6,4,1887)
r(329,2,4,1887)
r(333,6,5,1889)
r(333,6,5,1889)
r(334,0,5,1889)
r(333,6,5,1889)
r(334,0,5,1889)
w(333,7,5,1889)
r(333,7,5,1889)
w(331,1,5,1891)
w(333,8,5,1891)
r(329,2,5,1891)
r(331,1,5,1891)
w(329,4,3,1908)
r(335,0,3,1908)
w(334,1,3,1908)
w(329,5,3,1908)
w(335,1,3,1908)
r(335,1,3,1908)
r(331,1,3,1908)
r(334,1,3,1908)
r(336,0,3,1910)
w(332,2,3,1910)
w(334,7,3,1910)
w(337,1,3,1910)
w(337,2,3,1910)
w(337,3,3,1912)
r(337,3,3,1912)
w(337,4,3,1912)
r(337,4,3,1912)
w(334,8,3,1912)
r(337,4,3,1912)
r(334,8,3,1912)
r(337,4,3,1912)
r(334,8,0,1914)
w(334,3,0,1914)
r(335,1,0,1914)
r(329,2,0,1914)
r(331,1,0,1914)
r(335,1,0,1914)
w(337,5,3,1916)
r(337,5,3,1916)
w(337,6,3,1916)
w(337,7,3,1916)
w(337,8,3,1916)
r(338,0,3,1916)
r(339,0,3,1916)
r(339,0,0,1918)
w(329,7,0,1918)
w(339,1,0,1918)
w(338,1,0,1918)
w(331,4,0,1918)
w(329,8,9,1923)
r(339,1,9,1923)
w(339,6,9,1923)
r(339,6,9,1923)
w(339,7,9,1923)
r(339,7,9,1923)
w(335,8,7,1924)
r(336,0,7,1924)
r(332,0,7,1924)
w(336,1,7,1924)
w(338,2,0,1929)
r(331,4,0,1929)
r(339,7,0,1929)
r(339,7,0,1929)
r(339,7,0,1929)
w(339,8,0,1929)
w(332,3,0,1929)
r(341,0,11,1934)
r(341,0,11,1934)
r(341,0,11,1934)
r(340,0,11,1934)
w(341,2,3,1935)
w(341,3,3,1935)
r(338,2,3,1935)
r(331,4,3,1935)
w(341,4,3,1935)
w(338,4,3,1935)
r(331,4,3,1935)
r(341,4,3,1935)
r(338,4,6,1937)
r(341,4,6,1937)
w(341,5,6,1937)
r(341,5,6,1937)
w(340,1,6,1937)
r(341,5,6,1937)
r(338,4,6,1937)
r(336,1,5,1939)
w(336,2,5,1939)
r(336,2,5,1939)
r(334,3,5,1939)
w(336,3,5,1939)
r(331,1,5,1939)
w(341,6,11,1940)
r(341,6,11,1940)
r(341,6,11,1940)
r(331,4,11,1940)
w(341,7,11,1940)
r(338,4,11,1940)
w(340,2,11,1940)
w(341,8,5,1944)
w(331,5,5,1944)
r(342,0,5,1944)
w(340,3,5,1944)
w(331,6,5,1944)
w(338,5,5,1944)
w(342,1,5,1944)
w(338,6,5,1944)
w(338,7,12,1947)
r(342,1,12,1947)
w(342,4,12,1947)
r(340,3,12,1947)
w(342,5,4,1949)
r(342,5,4,1949)
r(340,3,4,1949)
w(342,6,4,1949)
w(342,7,4,1949)
r(338,7,4,1949)
w(342,8,4,1949)
r(340,3,4,1949)
r(340,3,12,1951)
r(342,8,12,1951)
r(342,8,12,1951)
r(343,0,12,1951)
r(340,3,12,1951)
w(343,1,12,1951)
r(343,1,11,1953)
w(343,2,11,1953)
w(331,7,11,1953)
w(338,8,11,1953)
w(332,4,11,1953)
r(340,3,11,1953)
r(343,2,5,1956)
r(343,2,5,1956)
r(344,0,5,1956)
w(343,3,5,1956)
w(343,4,5,1956)
w(340,4,5,1956)
w(344,1,6,1959)
r(343,4,6,1959)
r(344,1,6,1959)
w(344,2,6,1959)
r(343,4,12,1961)
w(343,7,12,1961)
w(343,8,12,1961)
r(344,2,12,1961)
r(331,7,12,1961)
r(331,7,12,1961)
r(331,7,12,1961)
w(332,5,12,1961)
w(331,8,9,1963)
r(345,0,9,1963)
r(340,4,9,1963)
r(345,0,9,1963)
r(340,4,7,1966)
w(344,3,7,1966)
r(344,3,7,1966)
r(345,0,7,1966)
w(332,6,11,1969)
w(340,6,11,1969)
w(344,6,11,1969)
r(345,0,11,1969)
r(345,0,11,1969)
w(345,2,11,1971)
w(345,3,11,1971)
r(345,3,11,1971)
r(340,6,11,1971)
r(345,3,11,1971)
w(340,7,11,1971)
r(345,3,12,1974)
w(344,7,12,1974)
w(344,8,12,1974)
r(345,3,12,1974)
r(345,3,12,1974)
w(345,4,12,1974)
w(340,8,12,1974)
r(346,0,12,1974)
r(345,4,3,1985)
w(347,5,3,1985)
w(347,6,3,1985)
w(349,1,3,1985)
w(349,2,3,1985)
w(349,3,3,1985)
w(349,4,3,1985)
w(347,7,3,1985)
r(332,6,5,1987)
r(332,6,5,1987)
w(348,2,5,1987)
r(332,6,5,1987)
w(348,3,5,1987)
w(332,8,5,1987)
w(350,1,4,1989)
w(350,2,4,1989)
w(350,3,4,1989)
r(350,3,4,1989)
r(348,3,9,1991)
w(350,4,9,1991)
w(350,5,9,1991)
r(350,5,9,1991)
w(348,4,9,1991)
r(350,5,9,1991)
w(350,6,12,1993)
w(350,7,12,1993)
r(350,7,12,1993)
r(350,7,12,1993)
r(350,7,6,1995)
w(350,8,6,1995)
r(352,0,6,1995)
r(347,7,6,1995)
w(348,5,6,1995)
r(352,0,6,1995)
r(347,7,11,1998)
r(352,0,11,1998)
w(352,1,11,1998)
w(352,2,11,1998)
w(348,6,11,1998)
r(352,2,11,1998)
r(352,2,11,1998)
w(352,4,7,2001)
w(352,5,7,2001)
w(348,8,7,2001)
r(352,5,7,2001)
w(352,6,7,2001)
r(352,6,7,2001)
w(352,7,7,2001)
r(352,7,7,2001)
w(352,8,0,2003)
r(352,8,0,2003)
r(348,8,0,2003)
r(353,0,0,2003)
w(353,1,0,2003)
r(353,1,0,2003)
r(348,8,0,2003)
w(353,4,8,2007)
w(353,5,8,2007)
w(353,6,8,2007)
r(353,6,8,2007)
w(353,7,8,2007)
w(353,8,8,2007)
r(355,0,8,2007)
w(356,2,9,2012)
w(356,3,9,2012)
r(356,3,9,2012)
r(356,3,9,2012)
w(354,2,9,2012)
r(356,3,9,2012)
w(346,3,9,2012)
w(355,3,9,2012)
w(355,5,6,2016)
r(356,3,6,2016)
r(356,3,6,2016)
w(356,5,6,2016)
w(354,4,6,2016)
w(356,6,6,2016)
w(346,4,6,2016)
w(355,6,6,2016)
r(356,6,3,2019)
r(356,6,3,2019)
r(356,6,3,2019)
r(356,6,3,2019)
w(356,8,3,2022)
r(356,8,3,2022)
w(357,1,3,2022)
w(355,7,3,2022)
r(357,1,3,2022)
w(355,8,3,2022)
r(357,1,3,2022)
r(357,1,7,2025)
r(357,1,7,2025)
r(357,1,7,2025)
w(357,4,7,2025)
r(357,4,5,2027)
w(357,5,5,2027)
r(358,0,5,2027)
r(357,5,5,2027)
r(346,4,9,2030)
r(359,0,9,2030)
w(359,1,9,2030)
w(354,8,9,2030)
w(359,2,9,2030)
r(359,2,9,2030)
w(359,3,6,2033)
w(359,4,6,2033)
r(354,8,6,2033)
w(359,5,6,2033)
w(359,6,6,2033)
w(359,7,12,2035)
r(358,0,12,2035)
r(358,0,12,2035)
w(358,2,12,2035)
r(354,8,12,2035)
w(358,3,12,2035)
w(359,8,12,2035)
r(359,8,12,2035)
w(360,1,8,2037)
w(360,2,8,2037)
r(360,2,8,2037)
r(358,3,8,2037)
r(360,2,8,2037)
r(354,8,8,2037)
r(358,3,3,2039)
r(360,2,3,2039)
r(360,2,3,2039)
w(360,3,3,2039)
w(360,4,3,2039)
w(360,5,5,2041)
w(360,6,5,2041)
w(358,4,5,2041)
r(360,6,5,2041)
r(358,4,5,2041)
r(354,8,5,2041)
r(358,4,7,2043)
w(346,5,7,2043)
r(358,4,7,2043)
r(360,6,7,2043)
w(351,1,7,2043)
r(360,6,7,2043)
w(360,7,5,2045)
w(361,1,5,2045)
w(358,5,5,2045)
w(360,8,5,2045)
r(360,8,5,2045)
w(361,2,4,2047)
r(361,2,4,2047)
r(360,8,4,2047)
r(362,0,4,2047)
w(362,1,4,2047)
w(362,2,4,2047)
r(358,5,4,2047)
w(362,3,4,2047)
w(362,4,5,2049)
w(362,5,5,2049)
w(358,6,5,2049)
r(361,2,5,2049)
w(358,7,4,2051)
r(346,5,4,2051)
r(358,7,4,2051)
w(362,6,4,2051)
w(362,7,8,2053)
w(362,8,8,2053)
r(362,8,8,2053)
w(363,1,8,2053)
w(358,8,8,2053)
r(351,1,0,2056)
r(363,1,0,2056)
r(364,0,0,2056)
w(361,3,0,2056)
w(364,1,0,2056)
w(363,2,8,2057)
w(363,3,8,2057)
r(358,8,8,2057)
w(346,6,8,2057)
r(361,2,8,2057)
w(363,4,8,2057)
r(363,4,8,2057)
r(363,4,8,2059)
w(363,5,8,2059)
r(361,3,8,2059)
w(346,7,8,2059)
r(361,3,8,2059)
w(364,2,8,2059)
r(363,5,8,2059)
r(363,5,4,2061)
r(363,5,4,2061)
r(363,5,4,2061)
w(363,6,4,2061)
w(351,2,4,2061)
w(364,3,4,2061)
r(361,3,4,2061)
w(363,7,9,2064)
r(363,7,9,2064)
r(363,7,9,2064)
w(364,4,9,2064)
r(363,7,9,2064)
r(364,4,9,2064)
w(361,4,9,2064)
r(346,7,9,2064)
w(363,8,6,2067)
w(364,5,6,2067)
r(346,7,6,2067)
r(363,8,6,2067)
w(361,6,6,2067)
r(363,8,6,2067)
w(364,6,7,2069)
w(364,7,7,2069)
r(363,8,7,2069)
r(351,2,7,2069)
r(364,7,8,2071)
r(363,8,8,2071)
r(346,7,8,2071)
r(363,8,8,2071)
w(364,8,8,2071)
w(361,7,12,2075)
w(365,1,12,2075)
r(361,7,12,2075)
w(365,2,12,2075)
r(364,8,12,2075)
r(365,2,12,2075)
r(365,2,5,2077)
w(365,5,5,2077)
w(366,1,5,2077)
r(365,5,5,2077)
r(365,5,5,2077)
r(346,7,11,2079)
w(361,8,11,2079)
r(365,5,11,2079)
w(365,6,11,2079)
w(366,2,12,2081)
r(351,2,12,2081)
r(366,2,12,2081)
r(365,6,12,2081)
r(366,2,12,2081)
w(365,7,5,2083)
r(366,2,5,2083)
r(367,0,5,2083)
w(366,3,5,2083)
w(346,8,0,2086)
w(366,4,0,2086)
w(366,5,0,2086)
r(365,7,0,2086)
w(367,1,0,2086)
r(366,5,0,2086)
r(365,7,0,2086)
r(365,7,0,2086)
w(365,8,8,2089)
w(367,3,8,2089)
r(365,8,8,2089)
w(366,7,8,2089)
r(365,8,8,2089)
r(366,7,8,2089)
w(366,8,8,2089)
w(367,4,8,2089)
r(365,8,8,2091)
r(351,2,8,2091)
r(365,8,8,2091)
r(365,8,8,2091)
r(351,2,8,2091)
r(365,8,8,2091)
r(365,8,8,2091)
r(369,0,8,2091)
w(369,1,11,2093)
w(369,2,11,2093)
w(369,3,11,2093)
r(369,3,11,2093)
w(368,1,11,2093)
w(368,2,11,2093)
r(368,2,11,2093)
r(367,4,11,2093)
w(369,4,8,2095)
w(367,5,8,2095)
w(369,5,8,2095)
r(369,5,8,2095)
w(369,6,8,2095)
w(351,3,8,2095)
r(369,6,12,2097)
r(369,6,12,2097)
w(368,3,12,2097)
w(351,4,12,2097)
r(367,5,12,2097)
w(369,7,12,2097)
w(367,6,12,2097)
r(369,7,12,2097)
r(368,3,4,2099)
r(370,0,4,2099)
r(369,7,4,2099)
w(368,4,4,2099)
w(369,8,4,2099)
w(368,5,4,2099)
w(371,1,4,2099)
r(371,1,4,2099)
w(371,2,6,2101)
w(367,7,6,2101)
r(371,2,6,2101)
r(371,2,6,2101)
w(371,3,6,2101)
w(368,6,6,2105)
r(367,7,6,2105)
w(371,4,6,2105)
r(367,7,6,2105)
w(368,7,6,2105)
w(368,8,6,2105)
w(371,8,3,2109)
w(372,2,3,2109)
r(374,0,3,2109)
r(370,0,3,2109)
r(374,0,3,2109)
w(374,1,0,2112)
w(372,3,0,2112)
r(373,0,0,2112)
w(374,2,0,2112)
r(351,4,5,2113)
w(374,3,5,2113)
r(372,3,5,2113)
r(374,3,5,2113)
w(374,4,5,2113)
r(374,4,5,2113)
w(370,1,12,2128)
r(374,4,12,2128)
w(374,5,12,2128)
w(374,6,12,2128)
w(374,7,12,2128)
r(374,7,12,2128)
w(372,4,12,2128)
w(376,4,12,2134)
w(377,4,12,2134)
w(377,5,12,2134)
r(377,5,12,2134)
r(377,5,12,2134)
w(373,2,11,2135)
r(351,4,11,2135)
w(372,5,11,2135)
r(351,4,11,2135)
r(372,5,11,2135)
r(372,5,11,2135)
r(373,2,11,2135)
w(372,6,11,2135)
w(370,3,11,2139)
w(373,8,11,2139)
r(378,0,11,2139)
r(378,0,11,2139)
w(378,1,11,2139)
r(378,1,11,2139)
r(370,3,11,2139)
w(378,2,11,2139)
r(378,2,12,2143)
w(370,5,12,2143)
r(376,4,12,2143)
r(370,5,12,2143)
w(378,5,12,2143)
r(378,5,12,2143)
r(378,5,12,2143)
w(378,6,12,2143)
w(376,8,6,2144)
r(370,3,6,2144)
r(379,0,6,2144)
r(380,0,6,2144)
r(380,0,6,2144)
w(380,1,6,2144)
r(379,0,6,2144)
r(375,0,5,2145)
r(376,4,5,2145)
w(375,6,5,2145)
r(376,4,5,2145)
r(375,6,5,2145)
r(375,6,5,2145)
w(380,2,6,2149)
w(378,7,6,2149)
r(380,2,6,2149)
r(351,4,6,2149)
w(379,1,6,2149)
w(378,8,6,2149)
r(381,0,6,2157)
w(381,2,6,2157)
w(379,4,6,2157)
r(379,4,6,2157)
w(351,5,6,2157)
r(381,2,6,2157)
w(379,5,6,2157)
w(381,3,6,2157)
r(381,3,4,2162)
r(381,3,4,2162)
w(381,5,4,2162)
r(381,5,4,2162)
w(381,6,11,2165)
r(380,2,11,2165)
w(379,6,11,2165)
w(370,6,11,2165)
w(379,7,11,2165)
w(380,6,11,2165)
r(381,6,11,2165)
r(382,0,11,2169)
w(379,8,11,2169)
w(382,2,11,2169)
w(382,3,11,2169)
r(382,3,11,2169)
r(379,8,8,2171)
w(380,8,8,2171)
r(382,3,8,2171)
r(382,3,8,2171)
r(382,3,8,2171)
w(382,4,8,2171)
r(384,0,9,2173)
w(382,5,9,2173)
r(384,0,9,2173)
r(382,5,9,2173)
w(384,1,9,2173)
w(351,6,11,2175)
r(383,0,11,2175)
w(384,2,11,2175)
r(351,6,11,2175)
w(351,7,11,2175)
w(382,6,11,2175)
r(384,2,11,2177)
w(382,7,11,2177)
w(383,1,11,2177)
r(384,2,11,2177)
r(382,7,7,2179)
r(382,7,7,2179)
r(382,7,7,2179)
w(382,8,7,2179)
r(383,1,7,2179)
r(384,2,7,2179)
r(351,7,8,2181)
r(383,1,8,2181)
r(382,8,8,2181)
r(382,8,8,2181)
w(384,3,0,2185)
r(385,0,0,2185)
r(385,0,0,2185)
w(385,1,0,2185)
w(385,2,0,2185)
w(385,3,0,2185)
r(383,1,0,2185)
w(385,5,6,2187)
r(385,5,6,2187)
r(385,5,6,2187)
r(383,1,6,2187)
r(384,3,6,2187)
r(385,5,6,2187)
w(370,7,11,2190)
w(385,6,11,2190)
w(385,7,11,2190)
r(384,3,11,2190)
r(384,3,5,2193)
r(383,1,5,2193)
r(386,0,5,2193)
w(386,1,5,2193)
w(386,2,5,2193)
w(370,8,12,2197)
r(386,2,12,2197)
w(386,3,12,2197)
w(386,4,12,2197)
r(384,3,12,2197)
w(386,5,12,2197)
w(386,6,12,2197)
w(384,4,12,2199)
r(388,0,12,2199)
r(388,0,12,2199)
w(351,8,12,2199)
r(388,0,12,2199)
w(383,4,12,2199)
w(383,5,12,2199)
r(383,5,12,2199)
r(388,0,7,2201)
r(388,0,7,2201)
w(388,2,7,2201)
r(387,0,7,2201)
w(383,6,7,2201)
r(384,4,7,2201)
r(384,4,7,2201)
w(388,3,7,2201)
w(388,4,12,2205)
w(388,5,12,2205)
r(388,5,12,2205)
r(384,4,12,2205)
r(388,5,12,2205)
w(384,5,12,2205)
r(388,5,12,2205)
r(389,0,9,2208)
r(390,0,9,2208)
w(387,2,9,2208)
w(390,3,9,2208)
r(390,3,9,2208)
r(384,5,8,2211)
r(390,3,8,2211)
w(387,3,8,2211)
r(384,5,8,2211)
r(390,3,8,2211)
r(389,0,3,2213)
w(384,7,3,2213)
r(384,7,3,2213)
r(390,3,3,2213)
w(390,4,3,2213)
r(390,4,3,2213)
w(390,5,3,2213)
w(383,7,3,2213)
r(384,7,7,2216)
w(387,4,7,2216)
r(390,5,7,2216)
r(390,5,7,2216)
r(384,7,7,2216)
w(383,8,7,2216)
w(390,6,4,2218)
w(390,7,4,2218)
r(390,7,4,2218)
w(390,8,4,2218)
r(387,3,4,2218)
r(390,8,4,2218)
r(390,5,12,2219)
w(391,1,12,2219)
r(390,5,12,2219)
w(392,1,12,2219)
w(392,2,12,2219)
w(392,3,12,2219)
w(392,4,12,2219)
r(392,4,12,2219)
r(384,7,11,2221)
w(384,8,11,2221)
w(392,5,11,2221)
w(391,2,11,2221)
r(392,5,11,2221)
w(389,2,11,2221)
r(387,4,11,2221)
r(392,5,11,2221)
r(392,5,3,2223)
w(392,6,3,2223)
r(393,0,3,2223)
r(392,6,3,2223)
r(392,6,3,2223)
r(392,6,3,2223)
w(391,3,3,2223)
w(392,7,3,2223)
w(392,8,8,2225)
r(392,8,8,2225)
r(392,8,8,2225)
w(391,4,8,2225)
w(394,1,11,2227)
w(394,2,11,2227)
w(394,3,11,2227)
r(394,3,11,2227)
r(389,2,11,2227)
w(394,4,11,2227)
w(394,5,7,2229)
r(394,5,7,2229)
r(387,4,7,2229)
r(394,5,7,2229)
w(394,6,7,2229)
r(393,0,5,2231)
w(394,7,5,2231)
w(394,8,5,2231)
r(393,0,5,2231)
r(393,0,5,2231)
w(387,5,5,2231)
r(391,4,5,2231)
w(391,5,5,2231)
w(393,1,6,2233)
r(393,1,6,2233)
r(393,1,6,2233)
r(393,1,6,2233)
w(395,1,6,2233)
w(395,2,4,2235)
r(393,1,4,2235)
w(395,3,4,2235)
r(395,3,4,2235)
w(391,6,4,2235)
r(395,3,4,2237)
w(391,7,4,2237)
w(393,2,4,2237)
w(395,4,4,2237)
w(395,5,4,2237)
r(393,2,4,2237)
w(395,6,12,2239)
r(393,2,12,2239)
r(389,2,12,2239)
w(395,7,12,2239)
r(393,2,12,2239)
r(393,2,12,2239)
r(395,7,4,2241)
r(395,7,4,2241)
r(393,2,4,2241)
r(395,7,4,2241)
r(393,2,5,2244)
r(395,7,5,2244)
w(395,8,5,2244)
w(396,1,5,2244)
r(396,1,5,2244)
w(396,2,5,2244)
r(396,2,5,2244)
w(396,3,5,2244)
w(387,6,11,2247)
r(396,3,11,2247)
r(391,7,11,2247)
w(393,3,11,2247)
r(396,3,11,2247)
w(391,8,7,2251)
w(396,6,7,2251)
w(396,7,7,2251)
r(396,7,7,2251)
r(396,7,7,2251)
r(396,7,7,2251)
r(396,7,7,2251)
w(397,1,11,2253)
w(393,4,11,2253)
w(398,1,11,2253)
w(393,5,11,2253)
w(387,7,11,2253)
w(398,2,11,2253)
r(398,2,11,2253)
r(398,2,0,2255)
r(398,2,0,2255)
r(398,2,0,2255)
w(389,3,0,2255)
w(397,2,0,2255)
w(397,3,0,2255)
w(398,3,5,2257)
r(398,3,5,2257)
w(393,6,5,2257)
r(387,7,5,2257)
r(398,3,7,2259)
w(393,7,7,2259)
w(398,4,7,2259)
w(398,5,7,2259)
w(398,6,7,2259)
r(398,6,5,2261)
r(398,6,5,2261)
w(398,7,5,2261)
w(389,4,5,2261)
w(397,4,5,2261)
r(398,7,5,2261)
r(397,4,5,2261)
r(398,7,11,2263)
w(398,8,11,2263)
r(398,8,11,2263)
w(387,8,11,2263)
w(393,8,12,2265)
w(399,1,12,2265)
r(389,4,12,2265)
r(399,1,12,2265)
w(399,2,12,2265)
r(387,8,12,2265)
r(399,2,12,2265)
r(399,2,12,2265)
w(399,3,0,2267)
w(399,4,0,2267)
r(399,4,0,2267)
r(399,4,0,2267)
r(397,4,0,2267)
w(399,5,0,2267)
r(401,0,0,2267)
r(399,5,12,2269)
w(401,1,12,2269)
r(399,5,12,2269)
r(401,1,12,2269)
w(389,5,12,2269)
r(399,5,12,2269)
r(399,5,12,2269)
r(401,1,12,2269)
r(400,0,12,2271)
r(397,4,12,2271)
w(399,6,12,2271)
r(401,1,12,2271)
r(399,6,12,2271)
r(397,4,12,2271)
w(401,2,9,2273)
w(400,1,9,2273)
r(399,6,9,2273)
w(400,2,9,2273)
r(399,6,9,2273)
w(401,3,9,2273)
r(399,6,3,2276)
r(401,3,3,2276)
r(399,6,3,2276)
w(399,7,3,2276)
w(397,5,3,2276)
w(399,8,3,2276)
w(397,6,3,2276)
r(399,6,4,2277)
r(399,6,4,2277)
w(389,6,4,2277)
w(401,4,4,2277)
r(401,4,4,2277)
r(401,4,11,2279)
r(402,0,11,2279)
w(402,1,11,2279)
r(402,1,11,2279)
w(397,7,11,2279)
w(401,5,11,2279)
w(397,8,11,2279)
r(401,5,5,2281)
r(401,5,5,2281)
r(401,5,5,2281)
w(402,2,5,2281)
r(402,2,8,2283)
w(402,3,8,2283)
w(401,6,8,2283)
r(402,3,8,2283)
r(402,3,8,2283)
r(402,3,8,2283)
w(403,1,8,2283)
r(402,3,0,2285)
r(402,3,0,2285)
w(402,4,0,2285)
r(401,6,0,2285)
w(402,5,0,2285)
r(403,1,0,2285)
r(402,5,0,2285)
w(401,7,7,2287)
w(403,2,7,2287)
w(403,3,7,2287)
r(403,3,7,2287)
w(402,6,5,2289)
w(400,3,5,2289)
r(402,6,5,2289)
r(400,3,5,2289)
w(402,7,5,2289)
w(402,8,5,2289)
r(403,3,5,2289)
w(404,1,9,2291)
r(404,1,9,2291)
r(403,3,9,2291)
r(404,1,9,2291)
r(403,3,9,2291)
w(401,8,0,2293)
r(404,1,0,2293)
r(404,1,0,2293)
w(403,4,0,2293)
r(404,1,0,2293)
w(404,2,5,2295)
r(404,2,5,2295)
r(403,4,5,2295)
w(404,3,5,2295)
r(404,3,5,2295)
r(405,0,5,2295)
r(405,0,5,2295)
r(404,3,5,2295)
r(404,3,9,2298)
r(403,4,9,2298)
r(405,0,9,2298)
w(404,4,9,2298)
r(405,0,9,2298)
r(400,3,9,2298)
w(405,1,9,2298)
r(403,4,8,2301)
r(406,0,8,2301)
r(405,1,8,2301)
r(405,1,8,2301)
w(400,5,8,2301)
r(406,0,9,2305)
w(406,1,9,2305)
r(406,1,9,2305)
r(405,1,9,2305)
w(406,2,9,2305)
w(405,2,9,2305)
r(405,2,11,2307)
w(406,4,11,2307)
r(406,4,11,2307)
r(405,2,11,2307)
r(406,4,11,2307)
w(406,5,11,2307)
r(406,5,5,2309)
r(405,2,5,2309)
w(405,3,5,2309)
r(406,5,5,2309)
w(405,4,7,2311)
w(406,6,7,2311)
r(403,4,7,2311)
w(400,6,7,2311)
w(406,7,7,2311)
r(405,4,0,2314)
w(406,8,0,2314)
w(405,5,0,2314)
r(400,6,0,2314)
w(405,6,0,2314)
r(405,6,0,2314)
r(406,8,0,2314)
