w(3,1,5,1)
r(1,0,5,1)
w(2,1,5,1)
w(4,1,5,1)
r(4,1,5,1)
r(4,1,5,1)
r(4,1,8,3)
r(4,1,8,3)
w(4,2,8,3)
w(4,3,8,3)
r(3,1,8,3)
w(2,2,8,3)
r(4,3,8,3)
w(2,3,5,5)
r(4,3,5,5)
r(4,3,5,5)
w(4,4,5,5)
r(4,4,5,7)
r(4,4,5,7)
r(4,4,5,7)
r(4,4,5,7)
r(4,4,0,9)
r(4,4,0,9)
w(4,5,0,9)
w(3,2,0,9)
r(1,0,6,11)
r(4,5,6,11)
r(1,0,6,11)
r(2,3,6,11)
w(3,3,6,11)
w(2,4,6,11)
r(4,5,6,11)
r(4,5,6,11)
w(2,5,6,13)
w(2,6,6,13)
r(1,0,6,13)
w(4,6,6,13)
r(4,6,6,13)
w(3,4,6,13)
r(3,4,5,15)
w(4,7,5,15)
r(4,7,5,15)
w(1,1,5,15)
r(4,7,5,15)
r(3,4,5,15)
r(3,4,5,15)
w(2,7,7,17)
r(3,4,7,17)
r(1,1,7,17)
w(2,8,7,17)
w(1,2,4,20)
r(3,4,4,20)
r(1,2,4,20)
w(4,8,4,20)
r(4,8,4,20)
r(3,4,2,21)
w(3,5,2,21)
w(3,6,2,21)
r(4,7,2,21)
r(1,1,2,21)
r(5,0,2,21)
w(5,1,2,21)
r(3,6,2,21)
r(5,1,8,23)
w(5,2,8,23)
r(5,2,8,23)
r(5,2,8,23)
r(2,8,9,25)
r(3,6,9,25)
r(5,2,9,25)
r(1,2,9,25)
w(5,3,9,25)
r(3,6,9,25)
w(5,4,9,25)
r(3,6,6,27)
w(3,7,6,27)
r(5,4,6,27)
r(5,4,6,27)
r(3,7,6,27)
w(3,8,6,27)
r(5,4,6,27)
r(3,8,0,29)
w(6,1,0,29)
w(5,5,0,29)
w(5,6,0,29)
w(1,3,0,29)
w(5,7,8,31)
r(7,0,8,31)
w(5,8,8,31)
w(7,1,8,31)
r(7,1,8,31)
w(0,1,8,31)
w(8,1,7,33)
r(8,1,7,33)
w(8,2,7,33)
r(1,3,7,33)
r(8,2,7,33)
w(6,2,7,33)
r(7,1,7,33)
w(7,2,1,35)
r(7,2,1,35)
r(6,2,1,35)
w(7,3,1,35)
w(8,3,1,35)
r(8,3,1,35)
r(8,3,0,37)
r(7,3,0,37)
r(7,3,0,37)
w(0,2,0,37)
w(7,4,0,37)
w(8,4,0,37)
w(8,5,0,37)
w(0,3,1,39)
r(8,5,1,39)
w(1,4,1,39)
r(0,3,1,39)
r(7,4,2,41)
r(1,4,2,41)
w(7,5,2,41)
r(7,5,2,41)
w(1,5,2,41)
w(8,6,2,41)
r(7,5,2,41)
w(8,7,9,43)
w(8,8,9,43)
w(6,3,9,43)
r(7,5,9,43)
r(1,5,9,43)
w(1,6,4,45)
w(0,4,4,45)
r(6,3,4,45)
w(1,7,4,45)
r(7,5,4,45)
w(6,4,1,47)
r(9,0,1,47)
r(7,5,1,47)
w(9,1,1,47)
r(7,5,1,47)
r(7,5,1,47)
w(1,8,1,47)
r(9,1,1,47)
w(6,5,2,49)
w(7,6,2,49)
w(9,2,2,49)
r(9,2,2,49)
w(0,5,2,49)
w(6,6,4,51)
r(6,6,4,51)
w(9,3,4,51)
w(9,4,4,51)
r(7,6,4,51)
w(9,5,4,51)
r(7,6,4,51)
w(0,6,4,51)
r(9,5,6,53)
w(9,6,6,53)
w(9,7,6,53)
r(0,6,6,53)
w(9,8,6,53)
r(7,6,6,53)
w(7,7,6,53)
w(11,1,6,53)
w(7,8,3,55)
r(11,1,3,55)
r(11,1,3,55)
w(12,1,3,55)
r(12,1,8,57)
w(12,2,8,57)
w(11,2,8,57)
w(11,3,8,57)
w(6,7,8,57)
w(11,4,6,59)
r(12,2,6,59)
w(11,5,6,59)
w(11,6,6,59)
w(11,7,6,59)
r(12,2,6,59)
w(6,8,9,61)
w(12,3,9,61)
r(11,7,9,61)
w(12,4,9,61)
w(12,5,9,61)
r(10,0,3,63)
w(11,8,3,63)
w(13,1,3,63)
w(13,2,3,63)
w(12,6,3,63)
w(13,3,3,63)
w(13,4,4,65)
r(6,8,4,65)
r(13,4,4,65)
r(13,4,4,65)
w(13,5,4,65)
r(12,6,6,67)
w(13,6,6,67)
w(13,7,6,67)
r(13,7,6,67)
w(12,7,6,67)
r(10,0,6,67)
r(12,7,2,69)
r(13,7,2,69)
w(13,8,2,69)
r(6,8,2,69)
w(12,8,2,69)
r(13,8,2,69)
r(14,0,2,69)
r(14,0,6,71)
r(0,6,6,71)
r(15,0,6,71)
r(14,0,6,71)
r(14,0,6,71)
r(14,0,6,71)
r(15,0,6,71)
r(15,0,8,73)
r(14,0,8,73)
w(14,1,8,73)
w(14,2,8,73)
r(15,0,2,75)
r(15,0,2,75)
w(14,3,2,75)
r(15,0,2,75)
r(10,0,2,75)
r(15,0,8,77)
r(14,3,8,77)
r(14,3,8,77)
r(14,3,8,77)
r(14,3,8,79)
w(14,4,8,79)
w(15,1,8,79)
w(15,2,8,79)
r(14,4,1,81)
w(14,5,1,81)
r(15,2,1,81)
w(14,6,1,81)
r(14,6,1,81)
r(16,0,1,81)
r(14,6,8,83)
r(14,6,8,83)
r(15,2,8,83)
w(10,1,8,83)
w(14,7,8,83)
r(14,7,8,83)
w(15,3,5,85)
w(14,8,5,85)
r(14,8,5,85)
w(15,4,5,85)
r(14,8,0,87)
r(14,8,0,87)
r(14,8,0,87)
r(14,8,0,87)
r(15,4,6,89)
r(14,8,6,89)
w(16,1,6,89)
w(17,1,6,89)
r(17,1,6,89)
w(16,2,6,89)
w(15,5,6,89)
r(17,1,6,89)
r(17,1,7,91)
r(15,5,7,91)
w(17,2,7,91)
r(15,5,7,91)
r(17,2,7,91)
r(16,2,7,91)
w(15,6,7,91)
r(10,1,7,91)
w(0,7,5,93)
w(15,7,5,93)
r(17,2,5,93)
w(15,8,5,93)
r(17,2,5,93)
r(17,2,4,95)
r(15,8,4,95)
r(15,8,4,95)
r(17,2,4,95)
w(17,3,2,99)
w(16,3,2,99)
r(17,3,2,99)
w(18,1,2,99)
w(16,4,2,99)
w(17,4,2,99)
r(17,4,2,99)
r(17,4,2,99)
w(0,8,8,103)
r(10,1,8,103)
w(18,3,8,103)
r(16,4,8,103)
r(18,3,4,109)
r(18,3,4,109)
r(17,4,4,109)
w(20,1,4,109)
w(19,1,4,111)
r(10,1,4,111)
r(20,1,4,111)
r(16,4,4,111)
r(18,3,1,113)
r(20,1,1,113)
w(20,2,1,113)
w(20,3,1,113)
r(21,0,1,113)
w(16,5,1,113)
r(20,3,1,113)
r(20,3,0,115)
w(20,4,0,115)
r(21,0,0,115)
w(21,1,0,115)
r(21,1,0,115)
w(20,5,0,115)
r(20,5,6,117)
w(20,6,6,117)
w(20,7,6,117)
w(20,8,6,117)
w(10,3,6,117)
r(20,8,1,119)
r(10,3,1,119)
r(21,1,1,119)
w(16,6,1,119)
w(22,1,1,119)
w(22,2,1,119)
w(21,2,1,121)
r(22,2,1,121)
r(22,2,1,121)
r(22,2,1,121)
r(22,2,1,121)
w(22,3,1,121)
w(22,4,1,121)
w(19,2,1,121)
w(22,5,6,123)
w(16,7,6,123)
r(22,5,6,123)
r(22,5,6,123)
r(21,2,6,123)
r(22,5,6,123)
r(22,5,6,123)
w(22,6,5,125)
r(16,7,5,125)
r(16,7,5,125)
w(21,3,5,125)
r(16,7,5,125)
w(22,7,5,125)
r(22,7,5,125)
w(19,3,5,125)
r(22,7,3,127)
r(22,7,3,127)
r(21,3,3,127)
w(19,4,3,127)
w(21,4,3,127)
r(21,4,3,127)
r(21,4,3,127)
r(16,7,0,129)
w(22,8,0,129)
r(22,8,0,129)
r(22,8,0,129)
r(21,4,0,129)
r(21,4,0,129)
r(21,4,4,131)
r(19,4,4,131)
r(16,7,4,131)
r(22,8,4,131)
r(22,8,4,131)
w(21,5,4,131)
r(21,5,4,131)
w(21,6,4,131)
r(21,6,5,133)
w(16,8,5,133)
r(22,8,5,133)
r(22,8,5,133)
w(10,4,6,135)
r(21,6,6,135)
r(24,0,6,135)
w(23,1,6,135)
w(21,7,6,135)
r(23,1,6,135)
w(10,5,1,137)
w(23,2,1,137)
w(21,8,1,137)
w(23,3,1,137)
w(23,4,1,137)
w(23,5,1,137)
r(21,8,1,137)
r(23,5,1,137)
r(10,5,8,139)
r(19,4,8,139)
r(23,5,8,139)
r(25,0,8,139)
w(24,1,8,139)
r(23,5,8,139)
w(23,6,8,139)
w(24,2,8,139)
r(25,0,9,141)
r(23,6,9,141)
w(23,7,9,141)
r(23,7,9,141)
r(24,2,9,141)
w(25,1,9,141)
w(24,3,9,141)
w(24,4,9,143)
w(25,2,9,143)
r(23,7,9,143)
r(24,4,9,143)
r(23,7,9,143)
w(25,3,9,143)
r(25,3,9,143)
r(25,3,9,143)
w(25,4,1,145)
w(23,8,1,145)
r(25,4,1,145)
w(26,1,1,145)
w(26,2,1,145)
w(26,3,2,148)
w(26,4,2,148)
w(25,5,2,148)
w(10,6,2,148)
r(26,4,6,152)
r(24,4,6,152)
r(26,4,6,152)
r(26,4,6,152)
w(26,7,6,152)
w(27,1,1,155)
w(25,8,1,155)
r(10,6,1,155)
r(27,1,1,155)
r(27,1,1,157)
w(27,2,1,157)
w(27,3,1,157)
w(27,4,1,157)
r(27,4,1,157)
w(27,5,1,157)
w(27,6,1,157)
w(28,1,9,159)
w(27,7,9,159)
r(24,4,9,159)
w(27,8,9,159)
w(28,2,9,159)
r(28,2,9,159)
r(27,8,2,161)
w(28,3,2,161)
w(10,7,2,161)
r(28,3,2,161)
w(28,4,2,161)
w(10,8,2,161)
r(29,0,2,161)
w(29,1,5,163)
w(24,5,5,163)
r(29,1,5,163)
r(28,4,5,163)
w(29,2,5,163)
w(28,5,5,163)
w(19,5,5,163)
w(29,3,6,166)
r(28,5,6,166)
w(28,6,6,166)
r(28,6,6,166)
r(28,6,6,166)
r(10,8,6,166)
r(29,3,6,166)
w(29,4,6,166)
r(28,6,7,169)
r(28,6,7,169)
r(29,4,7,169)
r(10,8,7,169)
w(29,6,9,172)
w(29,7,9,172)
r(28,6,9,172)
r(19,5,9,172)
w(29,8,9,172)
r(29,8,9,172)
w(30,1,8,173)
w(30,2,8,173)
r(19,5,8,173)
w(30,3,8,173)
w(28,7,8,173)
r(28,7,8,173)
w(28,8,0,175)
r(30,3,0,175)
r(30,3,0,175)
r(30,3,0,175)
w(32,1,0,175)
w(30,4,0,175)
w(32,2,0,175)
w(30,5,5,177)
r(30,5,5,177)
w(24,7,5,177)
w(30,6,5,177)
r(30,6,4,179)
w(30,7,4,179)
r(32,2,4,179)
w(32,3,4,179)
r(30,7,4,179)
r(30,7,7,181)
w(30,8,7,181)
r(30,8,7,181)
r(32,3,7,181)
r(33,0,7,181)
r(33,0,7,181)
r(32,3,7,181)
r(33,0,7,181)
r(33,0,4,183)
r(32,3,4,183)
r(33,0,4,183)
r(24,7,4,183)
w(33,1,4,183)
r(32,3,4,183)
r(24,7,2,185)
w(33,2,2,185)
r(32,3,2,185)
w(31,1,2,185)
w(32,4,2,185)
r(33,2,2,185)
r(33,2,2,185)
r(33,2,1,187)
r(32,4,1,187)
w(32,5,1,187)
w(32,6,1,187)
w(33,3,1,187)
w(32,7,1,187)
w(33,4,8,189)
r(33,4,8,189)
w(24,8,8,189)
r(32,7,8,189)
r(33,4,8,189)
r(32,7,8,189)
r(33,4,8,189)
r(33,4,2,191)
w(33,5,2,191)
w(31,2,2,191)
w(32,8,2,191)
w(34,1,2,191)
r(33,5,2,191)
r(34,1,2,191)
r(35,0,2,191)
w(34,2,2,193)
r(19,5,2,193)
w(33,6,2,193)
w(33,7,2,193)
r(35,0,2,193)
w(35,1,2,193)
w(35,2,2,193)
w(31,3,2,193)
w(34,3,8,195)
r(31,3,8,195)
w(35,3,8,195)
w(35,4,8,195)
w(35,5,8,195)
w(33,8,8,195)
r(33,8,8,195)
w(34,4,8,195)
r(33,8,2,197)
r(35,5,2,197)
w(35,6,2,197)
r(35,6,2,197)
r(33,8,2,197)
r(33,8,2,197)
r(35,6,2,197)
w(19,6,2,197)
w(36,1,9,199)
w(36,2,9,199)
r(35,6,9,199)
w(34,5,9,199)
w(34,6,9,199)
w(36,3,9,199)
w(35,7,9,199)
w(36,4,9,199)
r(36,4,2,201)
w(31,4,2,201)
w(35,8,2,201)
r(34,6,2,201)
w(36,5,2,201)
r(36,5,1,204)
r(34,6,1,204)
w(37,1,1,204)
r(36,5,1,204)
r(37,1,1,204)
r(36,5,0,205)
w(36,6,0,205)
r(35,8,0,205)
w(36,7,0,205)
w(36,8,0,205)
r(36,8,0,205)
w(31,5,2,208)
w(38,1,2,208)
r(38,1,2,208)
w(38,2,2,208)
w(38,3,2,208)
r(38,3,0,211)
w(38,5,0,211)
r(38,5,0,211)
r(38,5,0,211)
w(38,6,2,213)
r(38,6,2,213)
w(38,7,2,213)
r(19,6,2,213)
w(38,8,2,213)
w(37,2,2,213)
r(39,0,2,213)
r(31,5,2,213)
w(37,3,1,215)
r(39,0,1,215)
w(39,1,1,215)
w(34,8,1,215)
w(37,4,1,215)
r(37,4,1,215)
w(39,2,1,215)
w(19,7,1,215)
r(40,0,8,217)
r(39,2,8,217)
w(31,6,8,217)
r(40,0,8,217)
w(39,3,8,217)
r(39,3,4,219)
r(39,3,4,219)
r(31,6,4,219)
r(39,3,4,219)
r(39,3,4,219)
r(39,3,4,219)
w(37,5,4,219)
w(39,4,4,219)
w(37,6,4,221)
w(39,5,4,221)
r(37,6,4,221)
w(40,1,4,221)
w(39,6,4,221)
r(40,1,4,221)
w(39,7,4,221)
w(40,2,4,221)
w(39,8,4,224)
r(40,2,4,224)
r(31,6,4,224)
r(40,2,4,224)
r(40,2,4,224)
w(41,1,4,224)
r(37,6,1,225)
r(41,0,1,225)
r(41,0,1,225)
r(41,0,1,225)
w(37,7,1,225)
w(37,8,1,225)
r(41,1,1,227)
w(41,2,1,227)
r(41,2,1,227)
r(41,2,1,227)
w(41,3,1,227)
w(41,4,1,227)
w(31,7,9,229)
r(41,4,9,229)
r(42,0,9,229)
r(42,0,9,229)
w(41,5,9,229)
r(41,5,9,229)
w(41,6,9,229)
w(41,7,6,231)
r(42,0,6,231)
w(41,8,6,231)
r(42,0,6,231)
w(19,8,6,231)
w(31,8,6,231)
w(43,1,6,231)
w(43,2,6,231)
r(43,2,6,233)
r(31,8,6,233)
w(43,3,6,233)
r(43,3,6,233)
w(43,4,8,235)
r(31,8,8,235)
r(42,0,8,235)
r(42,0,8,235)
r(42,0,8,235)
w(42,1,8,235)
w(42,2,8,235)
r(42,2,0,237)
r(43,4,0,237)
r(43,4,0,237)
r(40,2,0,237)
w(42,3,0,237)
w(43,5,2,239)
w(42,4,2,239)
r(42,4,2,239)
w(43,6,2,239)
w(43,7,2,239)
r(43,7,2,239)
w(40,3,2,239)
r(31,8,3,241)
r(43,7,3,241)
r(43,7,3,241)
w(40,4,3,241)
w(42,5,3,241)
r(43,7,3,241)
r(42,5,3,241)
r(43,7,3,241)
r(42,5,8,244)
w(43,8,8,244)
r(43,8,8,244)
w(40,5,8,244)
w(42,6,2,247)
r(42,6,2,247)
r(42,6,2,247)
w(45,4,2,247)
r(45,4,2,247)
w(45,5,4,249)
r(42,6,4,249)
w(45,6,4,249)
r(42,6,4,249)
r(45,6,2,251)
r(45,6,2,251)
r(45,6,2,251)
w(42,7,2,251)
w(40,8,2,251)
r(31,8,2,251)
r(46,0,3,253)
w(42,8,3,253)
r(45,6,3,253)
w(45,7,3,253)
w(47,1,3,253)
r(31,8,3,253)
r(46,0,3,253)
w(45,8,3,255)
r(45,8,3,255)
r(45,8,3,255)
w(44,1,3,255)
r(45,8,3,255)
r(47,1,3,255)
r(48,0,3,255)
w(49,1,3,255)
w(44,2,1,257)
r(47,1,1,257)
r(49,1,1,257)
r(49,1,1,257)
r(49,1,1,257)
w(49,2,1,257)
w(44,3,1,257)
r(47,1,9,259)
r(47,1,9,259)
w(44,4,9,259)
w(47,2,9,259)
r(49,2,0,262)
r(47,2,0,262)
r(47,2,0,262)
r(49,2,0,262)
r(49,2,0,262)
w(47,3,0,262)
w(49,4,4,265)
r(49,4,4,265)
r(46,0,4,265)
w(47,5,4,265)
r(49,4,6,267)
r(49,4,6,267)
r(49,4,6,267)
r(47,5,6,267)
w(46,1,6,267)
w(49,5,5,269)
r(47,5,5,269)
r(49,5,5,269)
w(49,6,5,269)
r(49,6,5,269)
w(49,7,5,269)
w(49,8,5,269)
w(46,2,5,269)
r(47,5,0,271)
w(46,3,0,271)
w(46,4,0,271)
w(50,1,0,271)
w(50,2,0,271)
r(50,2,0,271)
r(46,4,0,271)
r(50,2,0,271)
w(50,3,7,273)
r(47,5,7,273)
w(50,4,7,273)
w(50,5,7,273)
r(50,5,7,273)
r(46,4,7,273)
w(47,6,7,273)
w(50,6,8,275)
w(50,7,8,275)
r(50,7,8,275)
r(50,7,8,275)
r(50,7,8,275)
r(48,0,8,275)
r(50,7,8,275)
w(44,6,8,277)
w(50,8,8,277)
w(47,7,8,277)
w(47,8,8,277)
w(51,1,8,277)
r(51,1,6,279)
r(51,1,6,279)
r(51,1,6,279)
w(51,2,6,279)
r(51,2,6,279)
w(51,3,4,281)
w(46,5,4,281)
r(46,5,4,281)
r(51,3,4,281)
r(51,3,4,281)
r(51,3,4,281)
w(51,4,9,283)
r(48,0,9,283)
r(51,4,9,283)
r(51,4,9,283)
w(51,5,1,285)
r(47,8,1,285)
w(51,6,1,285)
r(47,8,1,285)
r(51,6,1,285)
r(48,0,1,285)
r(47,8,1,285)
r(47,8,1,285)
w(51,7,1,287)
w(46,6,1,287)
r(51,7,1,287)
w(46,7,1,287)
r(51,7,1,287)
r(51,7,1,287)
r(51,7,6,289)
r(51,7,6,289)
w(51,8,6,289)
r(46,7,6,289)
r(44,6,3,291)
w(46,8,3,291)
r(52,0,3,291)
w(53,1,3,291)
r(48,0,1,293)
w(53,2,1,293)
w(53,3,1,293)
w(53,4,1,293)
w(53,5,1,293)
r(54,0,1,293)
r(53,5,1,293)
r(52,0,1,293)
r(53,5,1,296)
w(53,6,1,296)
r(44,6,1,296)
r(53,6,1,296)
w(53,7,1,296)
w(52,1,9,297)
w(52,2,9,297)
r(53,5,9,297)
w(52,3,9,297)
r(53,5,9,297)
r(52,3,9,297)
w(54,1,6,299)
r(53,7,6,299)
r(52,3,6,299)
w(54,2,6,299)
r(48,0,6,299)
r(54,2,6,299)
r(48,0,6,299)
w(52,4,6,299)
r(53,7,7,301)
r(53,7,7,301)
r(54,2,7,301)
r(53,7,7,301)
r(53,7,7,301)
w(52,5,7,301)
w(53,8,7,301)
w(52,6,7,301)
r(54,2,9,305)
w(55,1,9,305)
w(54,3,9,305)
r(52,6,9,305)
w(55,2,9,305)
r(55,2,9,305)
w(55,6,9,307)
w(55,7,9,307)
r(52,6,9,307)
w(55,8,9,307)
r(55,8,1,309)
w(52,8,1,309)
r(56,0,1,309)
w(56,1,1,309)
r(57,0,1,309)
r(54,3,1,309)
w(54,4,7,311)
r(57,0,7,311)
r(56,1,7,311)
r(56,1,7,311)
r(57,0,7,311)
w(56,2,7,311)
w(56,3,7,313)
r(56,3,7,313)
r(56,3,7,313)
r(56,3,7,313)
w(56,4,7,313)
r(56,4,7,313)
w(56,5,7,313)
w(57,1,7,313)
w(57,2,1,315)
r(57,2,1,315)
w(56,6,1,315)
r(56,6,1,315)
r(56,6,1,315)
r(54,4,1,315)
w(56,7,0,318)
r(56,7,0,318)
r(57,2,0,318)
w(56,8,0,318)
r(48,0,4,319)
w(54,5,4,319)
r(54,5,4,319)
w(58,1,4,319)
r(48,0,4,319)
w(57,3,4,319)
w(58,2,1,321)
r(58,2,1,321)
r(58,2,1,321)
r(58,2,1,321)
r(58,2,0,323)
r(58,2,0,323)
r(57,3,0,323)
r(54,5,0,323)
r(58,2,0,323)
w(57,4,0,323)
r(54,5,0,323)
r(57,4,0,323)
w(44,7,9,325)
w(58,3,9,325)
w(57,5,9,325)
r(58,3,9,325)
r(58,3,9,325)
w(57,6,9,325)
r(54,5,0,327)
w(58,4,0,327)
w(58,5,0,327)
r(54,5,0,327)
r(57,6,0,327)
w(57,7,0,327)
w(54,6,0,327)
w(58,6,4,331)
w(58,7,4,331)
r(58,7,4,331)
w(57,8,4,331)
w(44,8,4,331)
r(57,8,4,331)
r(58,7,4,331)
w(54,7,4,331)
w(59,2,3,333)
w(59,3,3,333)
w(48,1,3,333)
r(57,8,3,333)
w(59,4,1,335)
w(60,1,1,335)
w(60,2,1,335)
w(48,2,1,335)
r(44,8,8,337)
r(59,4,8,337)
w(60,3,8,337)
w(59,5,8,337)
r(59,5,8,337)
r(54,7,8,337)
r(60,3,8,337)
w(59,6,8,337)
r(59,6,6,339)
w(60,4,6,339)
r(59,6,6,339)
r(60,4,6,339)
r(59,6,6,339)
w(59,7,2,341)
r(59,7,2,341)
r(59,7,2,341)
w(59,8,2,341)
w(60,5,7,343)
w(61,1,7,343)
w(61,2,7,343)
r(60,5,7,343)
r(60,5,7,343)
w(61,3,7,343)
r(54,7,8,345)
r(60,5,8,345)
r(61,3,8,345)
w(60,6,8,345)
r(60,6,6,347)
w(61,4,6,347)
r(61,4,6,347)
w(61,5,6,347)
r(61,5,6,347)
w(48,3,6,347)
r(48,3,6,347)
r(61,5,2,349)
r(61,5,2,349)
r(61,5,2,349)
r(60,6,2,349)
r(61,5,8,351)
r(61,5,8,351)
w(61,6,8,351)
r(61,6,8,351)
r(61,6,8,351)
w(61,7,8,351)
w(48,4,8,351)
w(61,8,8,353)
w(62,1,8,353)
r(60,6,8,353)
w(63,1,8,353)
r(63,1,8,353)
r(44,8,8,353)
r(60,6,8,353)
r(48,4,8,353)
w(60,7,9,355)
w(60,8,9,355)
w(63,2,9,355)
w(63,3,9,355)
r(62,1,9,355)
w(62,2,9,355)
r(63,3,9,355)
w(62,3,1,357)
r(62,3,1,357)
w(63,4,1,357)
r(64,0,1,357)
r(62,3,1,357)
r(48,4,1,357)
r(63,4,5,359)
w(63,5,5,359)
r(64,0,5,359)
w(63,6,5,359)
r(64,0,5,359)
r(62,3,5,359)
r(62,3,5,359)
r(64,0,5,359)
r(63,6,5,361)
r(63,6,5,361)
r(63,6,5,361)
r(64,0,5,361)
w(63,7,8,363)
r(64,0,8,363)
w(63,8,8,363)
r(63,8,8,363)
w(64,1,8,363)
w(64,2,8,363)
w(64,3,2,365)
r(63,8,2,365)
w(64,4,2,365)
r(62,3,2,365)
w(65,1,2,365)
r(62,3,4,367)
w(64,5,4,367)
w(65,2,4,367)
w(65,3,4,367)
w(65,4,4,367)
w(62,4,4,367)
r(64,5,4,367)
r(65,4,8,369)
r(65,4,8,369)
r(64,5,8,369)
r(48,4,8,369)
w(64,6,8,369)
r(65,4,8,369)
w(65,5,8,369)
r(64,6,6,372)
r(66,0,6,372)
w(62,5,6,372)
r(65,5,6,372)
r(64,6,6,372)
r(64,6,3,373)
r(64,6,3,373)
r(65,5,3,373)
w(65,6,3,373)
r(48,4,3,373)
r(65,6,6,375)
r(62,5,6,375)
w(65,7,6,375)
r(64,6,6,375)
w(65,8,2,377)
r(65,8,2,377)
w(67,1,2,377)
w(48,5,2,377)
w(67,2,2,377)
r(62,5,2,377)
w(67,3,7,379)
r(67,3,7,379)
r(67,3,7,379)
r(67,3,7,379)
r(67,3,7,379)
r(64,6,8,381)
w(62,6,8,381)
r(62,6,8,381)
w(67,4,8,381)
r(67,4,8,381)
w(64,7,8,381)
w(64,8,8,381)
w(62,7,8,381)
w(67,5,4,383)
r(67,5,4,383)
w(68,1,4,383)
w(48,6,4,383)
r(67,5,4,383)
w(67,6,4,383)
w(67,7,4,383)
w(62,8,0,385)
w(67,8,0,385)
w(66,1,0,385)
r(67,8,0,385)
w(66,2,1,387)
r(69,0,1,387)
w(48,7,1,387)
r(62,8,1,387)
w(69,1,1,387)
w(68,2,4,390)
r(69,1,4,390)
r(62,8,4,390)
r(68,2,4,390)
r(68,2,4,390)
r(69,1,8,393)
w(48,8,8,393)
r(69,1,8,393)
w(68,4,8,393)
w(66,3,8,393)
r(69,1,8,393)
w(69,3,8,393)
w(69,4,8,393)
r(69,4,9,395)
w(69,5,9,395)
w(68,5,9,395)
w(68,6,9,395)
r(71,0,9,397)
w(69,6,9,397)
w(68,7,9,397)
r(69,6,9,397)
w(68,8,9,397)
w(69,7,9,397)
w(69,8,9,397)
r(72,0,9,397)
r(72,0,6,400)
w(72,1,6,400)
r(72,1,6,400)
w(72,2,6,400)
w(72,3,6,400)
w(71,1,6,400)
r(72,3,4,403)
r(71,1,4,403)
r(73,0,4,403)
r(71,1,4,403)
w(73,3,4,403)
w(72,6,4,403)
r(71,1,4,403)
r(72,6,4,405)
w(73,4,4,405)
w(73,5,4,405)
r(71,1,4,405)
r(72,6,4,405)
w(72,7,3,407)
r(72,7,3,407)
w(71,2,3,407)
w(66,4,3,407)
r(72,7,3,407)
r(72,7,3,407)
w(72,8,6,409)
r(73,5,6,409)
w(74,1,6,409)
w(74,2,6,409)
w(73,6,6,409)
w(70,1,6,409)
w(74,3,6,409)
r(74,3,6,409)
w(73,7,6,412)
w(74,4,6,412)
w(73,8,6,412)
w(74,5,6,412)
r(71,2,6,412)
w(74,6,6,412)
w(71,3,5,415)
r(74,6,5,415)
r(70,1,5,415)
w(71,4,5,415)
r(70,1,5,415)
w(74,8,5,415)
r(75,0,5,415)
r(76,0,1,417)
w(75,1,1,417)
w(75,2,1,417)
r(76,0,1,417)
r(76,0,1,417)
w(76,1,1,417)
r(71,4,1,417)
r(76,1,1,417)
w(76,2,3,419)
w(70,3,3,419)
w(76,3,3,419)
r(71,4,3,419)
r(76,3,3,419)
w(75,3,3,419)
r(75,3,3,419)
r(76,3,3,419)
r(76,3,1,421)
w(76,4,1,421)
r(71,4,1,421)
w(75,4,1,421)
r(75,4,1,421)
r(76,4,1,421)
r(76,4,1,421)
w(75,5,3,423)
w(76,5,3,423)
w(75,6,3,423)
r(75,6,3,423)
r(76,5,3,423)
r(71,4,3,423)
w(76,6,4,425)
r(75,6,4,425)
r(71,4,4,425)
w(76,7,4,425)
w(76,8,4,425)
r(76,8,9,427)
r(75,6,9,427)
w(75,7,9,427)
w(75,8,9,427)
r(77,0,9,427)
w(77,1,5,431)
w(71,5,5,431)
r(77,1,5,431)
w(78,1,5,431)
w(71,6,5,431)
w(70,4,5,431)
w(77,2,5,431)
w(78,2,5,431)
w(70,5,0,433)
r(78,2,0,433)
w(78,4,0,433)
r(77,2,0,433)
w(70,6,0,433)
r(77,2,0,433)
w(71,7,0,435)
r(77,2,0,435)
w(77,6,0,435)
r(71,7,0,435)
w(77,7,0,435)
w(78,5,0,435)
r(77,7,0,435)
r(77,7,5,437)
w(77,8,5,437)
r(77,8,5,437)
w(78,6,5,437)
r(78,6,5,437)
w(71,8,9,439)
r(79,0,9,439)
r(79,0,9,439)
w(78,7,9,439)
r(79,0,9,439)
r(79,0,9,439)
r(79,0,9,439)
w(79,1,9,439)
w(79,2,5,441)
w(66,5,5,441)
r(66,5,5,441)
w(79,3,5,441)
r(70,6,5,441)
r(79,3,5,441)
r(78,7,5,441)
w(79,4,5,441)
r(78,7,1,443)
r(78,7,1,443)
r(80,0,1,443)
r(79,4,1,443)
r(70,6,1,443)
w(79,5,1,443)
r(78,7,1,443)
r(79,5,1,443)
r(79,5,8,445)
w(78,8,8,445)
w(79,6,8,445)
w(79,7,8,445)
r(78,8,8,447)
r(79,7,8,447)
r(79,7,8,447)
r(81,0,8,447)
w(79,8,8,447)
r(79,8,8,447)
r(80,0,8,447)
w(66,6,8,447)
r(82,0,3,449)
w(81,1,3,449)
r(80,0,3,449)
r(81,1,3,449)
r(82,0,3,449)
r(81,1,3,449)
r(81,1,8,451)
w(82,1,8,451)
w(82,2,8,451)
r(82,2,8,451)
r(82,2,8,451)
r(66,6,8,451)
r(81,1,8,451)
w(82,3,7,453)
w(80,1,7,453)
w(82,4,7,453)
r(82,4,7,453)
w(66,7,7,453)
w(81,2,7,453)
w(82,5,3,456)
r(66,7,3,456)
w(70,7,3,456)
r(81,2,3,456)
w(82,7,1,459)
r(82,7,1,459)
r(82,7,1,459)
w(82,8,1,459)
w(81,3,1,459)
w(81,4,1,459)
r(82,8,1,459)
r(81,4,5,461)
r(82,8,5,461)
r(83,0,5,461)
r(70,7,5,461)
r(83,0,5,461)
w(83,1,5,461)
w(83,2,3,463)
r(83,2,3,463)
r(83,2,3,463)
r(70,7,3,463)
w(83,3,3,463)
w(81,5,3,463)
r(83,3,3,463)
w(80,3,1,466)
r(83,3,1,466)
r(81,5,1,466)
r(83,3,1,466)
r(83,3,1,466)
w(81,6,0,469)
w(83,5,0,469)
r(83,5,0,469)
w(83,6,0,469)
w(80,5,0,469)
r(83,6,0,469)
r(83,6,0,469)
r(83,6,5,471)
w(81,7,5,471)
r(66,7,5,471)
r(83,6,5,471)
w(80,6,5,471)
r(66,7,5,471)
w(81,8,2,473)
r(83,6,2,473)
w(70,8,2,473)
r(80,6,2,473)
r(81,8,2,475)
r(80,6,2,475)
r(81,8,2,475)
w(83,7,2,475)
w(83,8,2,475)
r(83,8,2,475)
r(80,6,2,475)
r(84,0,2,477)
r(80,6,2,477)
w(80,7,2,477)
w(80,8,2,477)
w(85,1,2,477)
w(84,1,2,477)
w(84,4,4,481)
r(84,4,4,481)
r(85,1,4,481)
r(86,0,4,481)
r(85,1,4,481)
r(85,1,4,481)
w(85,3,4,481)
r(87,0,2,483)
r(85,3,2,483)
w(86,1,2,483)
r(85,3,2,483)
w(85,4,1,485)
r(85,4,1,485)
w(84,5,1,485)
r(84,5,1,485)
w(85,5,1,485)
w(85,6,1,485)
w(85,7,1,485)
r(84,5,1,485)
w(85,8,6,487)
w(84,6,6,487)
r(85,8,6,487)
r(85,8,6,487)
w(84,7,6,487)
r(84,7,6,487)
r(86,1,6,487)
r(88,0,9,489)
r(88,0,9,489)
r(88,0,9,489)
w(84,8,9,489)
r(84,8,9,489)
w(88,1,9,489)
r(70,8,9,489)
w(89,1,3,491)
w(89,2,3,491)
w(88,2,3,491)
r(88,2,3,491)
r(89,2,3,491)
r(88,2,3,491)
r(88,2,9,493)
r(88,2,9,493)
r(88,2,9,493)
r(89,2,9,493)
r(89,2,9,493)
w(90,1,9,493)
w(88,3,9,495)
w(88,4,9,495)
r(88,4,9,495)
w(88,5,9,495)
r(88,5,9,495)
w(88,6,9,495)
r(88,6,9,495)
r(89,2,9,495)
r(89,2,0,497)
w(88,7,0,497)
r(88,7,0,497)
r(88,7,0,497)
r(88,7,0,497)
r(88,7,0,499)
r(88,7,0,499)
w(88,8,0,499)
w(89,3,0,499)
w(91,1,0,499)
w(89,4,0,499)
w(89,5,2,502)
r(86,1,2,502)
r(91,1,2,502)
w(86,2,2,502)
r(91,1,2,502)
w(91,2,2,502)
r(91,2,2,502)
r(89,5,4,505)
w(86,3,4,505)
w(91,3,4,505)
r(91,3,4,505)
w(87,2,4,505)
w(91,4,5,507)
w(86,4,5,507)
w(91,5,5,507)
r(91,5,5,507)
w(91,6,5,509)
r(89,5,5,509)
w(90,2,5,509)
r(91,6,5,509)
w(91,7,5,509)
w(91,8,2,511)
r(89,5,2,511)
r(86,4,2,511)
w(89,7,2,511)
r(89,7,2,511)
w(86,5,2,511)
r(87,2,2,511)
w(92,1,2,511)
r(92,1,5,513)
r(92,1,5,513)
w(92,2,5,513)
r(89,7,5,513)
r(92,2,5,513)
w(92,3,5,515)
w(92,4,5,515)
w(86,6,5,515)
r(90,2,5,515)
r(86,6,5,515)
r(92,4,5,515)
w(86,7,2,517)
r(89,7,2,517)
r(86,7,2,517)
w(86,8,2,517)
w(92,5,2,517)
w(89,8,2,517)
r(92,5,2,517)
w(92,6,6,519)
r(89,8,6,519)
w(92,7,6,519)
r(92,7,6,519)
w(90,3,6,519)
r(92,7,6,519)
r(92,7,6,519)
r(93,0,4,521)
r(92,7,4,521)
w(92,8,4,521)
w(95,1,4,521)
r(94,0,4,521)
r(94,0,4,521)
r(90,3,4,521)
r(94,0,9,523)
w(94,1,9,523)
r(94,1,9,523)
r(94,1,9,523)
w(94,2,9,523)
r(94,2,1,525)
w(95,2,1,525)
r(95,2,1,525)
r(94,2,1,525)
w(95,3,1,525)
w(94,3,1,525)
r(94,3,1,525)
r(94,3,1,525)
r(95,3,6,527)
r(94,3,6,527)
r(94,3,6,527)
w(94,4,6,527)
w(95,4,5,529)
r(94,4,5,529)
r(90,3,5,529)
w(94,5,5,529)
r(94,5,5,529)
w(90,4,3,531)
r(94,5,3,531)
w(94,6,3,531)
r(94,6,3,531)
w(94,7,2,533)
w(94,8,2,533)
w(93,1,2,533)
r(93,1,2,533)
r(93,1,2,533)
w(93,2,2,533)
r(94,8,2,533)
r(96,0,1,535)
w(95,5,1,535)
r(96,0,1,535)
w(95,6,1,535)
r(93,2,1,535)
r(96,0,1,535)
w(93,3,1,535)
r(96,0,3,537)
w(96,1,3,537)
w(93,4,3,537)
r(87,2,3,537)
w(96,2,0,539)
r(93,4,0,539)
w(96,3,0,539)
r(96,3,0,539)
r(96,3,0,539)
w(87,3,3,541)
w(96,4,3,541)
w(96,5,3,541)
r(96,5,3,541)
w(93,5,3,541)
r(96,5,3,541)
w(96,6,0,543)
w(95,7,0,543)
r(96,6,0,543)
w(96,7,0,543)
w(96,8,0,543)
r(93,5,7,545)
r(97,0,7,545)
r(97,0,7,545)
w(93,6,7,545)
w(93,7,7,545)
w(93,8,7,545)
w(87,4,7,545)
r(97,0,7,545)
w(95,8,3,547)
w(97,1,3,547)
w(97,2,3,547)
w(97,3,3,547)
w(97,4,3,547)
r(97,4,3,547)
r(97,4,3,547)
w(97,5,1,549)
w(98,1,1,549)
r(95,8,1,549)
w(97,6,1,549)
r(97,6,1,549)
w(98,2,1,549)
r(90,4,1,549)
r(99,0,1,549)
r(97,6,5,551)
w(98,3,5,551)
w(97,7,5,551)
r(98,3,5,551)
r(98,3,5,551)
r(97,7,4,554)
w(99,1,4,554)
w(98,4,4,554)
r(97,7,4,554)
w(98,5,4,554)
r(97,7,4,554)
w(98,6,4,554)
r(98,6,4,554)
w(99,2,0,557)
w(98,8,0,557)
w(97,8,0,557)
w(90,7,0,557)
w(101,2,2,561)
r(101,2,2,561)
w(99,3,2,561)
w(99,4,2,561)
w(101,3,2,561)
w(101,4,4,565)
r(101,4,4,565)
w(100,2,4,565)
r(99,4,4,565)
w(101,5,4,565)
r(100,2,5,567)
r(101,5,5,567)
r(101,5,5,567)
r(99,4,5,567)
r(101,5,5,567)
r(101,5,5,567)
r(101,5,1,569)
r(99,4,1,569)
r(99,4,1,569)
r(101,5,1,569)
r(90,7,0,572)
r(101,5,0,572)
w(101,8,0,572)
r(102,0,0,572)
w(100,4,0,572)
w(100,5,0,572)
w(100,6,0,572)
r(99,4,5,573)
w(102,1,5,573)
r(100,2,5,573)
r(100,2,5,573)
w(102,2,5,573)
w(102,3,5,573)
w(102,4,5,573)
r(102,4,5,573)
w(102,5,9,576)
w(99,5,9,576)
r(102,5,9,576)
w(102,6,9,576)
w(99,6,9,576)
r(102,6,9,576)
r(100,6,9,576)
r(99,6,7,579)
w(102,7,7,579)
w(100,8,7,579)
r(102,7,7,579)
w(104,1,7,579)
w(104,2,7,579)
r(102,7,7,579)
w(102,8,5,581)
w(103,1,5,581)
r(102,8,5,581)
r(104,2,5,581)
r(105,0,5,581)
r(105,0,5,581)
r(104,2,5,581)
w(105,1,5,581)
r(104,2,7,583)
w(104,3,7,583)
r(105,1,7,583)
r(99,6,7,583)
r(105,1,7,583)
r(99,6,7,583)
r(105,1,7,583)
w(87,6,7,583)
w(105,2,9,587)
r(99,6,9,587)
w(104,4,9,587)
w(105,3,9,587)
r(105,3,9,587)
r(104,4,9,587)
r(106,0,9,587)
w(108,1,5,593)
w(108,2,5,593)
r(108,2,5,593)
r(108,2,5,593)
w(107,2,5,593)
r(108,2,5,593)
r(108,2,5,593)
r(108,2,5,593)
r(108,2,6,595)
w(107,3,6,595)
w(107,4,6,595)
r(108,2,6,595)
w(108,3,4,597)
r(108,3,4,597)
w(108,4,4,597)
r(106,0,4,597)
w(108,5,4,597)
w(106,4,6,601)
r(107,4,6,601)
w(106,5,6,601)
r(108,5,6,601)
w(108,6,6,601)
r(108,6,6,601)
w(107,5,6,601)
w(87,8,8,604)
r(109,0,8,604)
r(109,0,8,604)
r(109,0,8,604)
r(106,5,8,604)
w(107,7,2,607)
r(107,7,2,607)
w(107,8,2,607)
w(109,1,2,607)
r(109,1,2,607)
w(109,2,2,607)
w(110,1,2,607)
w(109,3,2,607)
r(109,3,5,609)
w(109,7,5,609)
w(109,8,5,609)
w(110,2,5,609)
w(110,3,5,609)
r(110,3,5,609)
r(112,0,9,611)
r(112,0,9,611)
w(112,1,9,611)
w(112,2,9,611)
w(106,6,9,611)
w(112,3,9,611)
r(112,3,9,611)
r(112,3,6,613)
r(110,3,6,613)
w(106,7,6,613)
r(106,7,6,613)
w(112,4,6,613)
r(112,4,6,613)
r(110,3,5,619)
w(112,8,5,619)
r(110,3,5,619)
w(113,1,5,619)
w(110,6,5,619)
r(110,6,5,619)
w(113,2,5,619)
w(113,3,5,619)
r(110,6,5,621)
w(110,7,5,621)
w(113,4,5,621)
w(113,5,5,621)
r(103,1,4,624)
r(113,5,4,624)
w(111,1,4,624)
r(110,7,4,624)
r(113,5,4,624)
w(113,6,4,624)
w(113,8,7,627)
r(103,1,7,627)
r(113,8,7,627)
w(115,1,7,627)
w(114,1,4,629)
r(115,1,4,629)
r(115,1,4,629)
r(116,0,4,629)
w(116,1,4,631)
r(116,1,4,631)
r(115,1,4,631)
r(115,1,4,631)
r(116,1,4,631)
r(116,1,4,631)
w(116,2,5,635)
r(115,1,5,635)
r(116,2,5,635)
w(115,2,5,635)
w(116,3,5,635)
w(116,4,5,635)
r(114,1,5,635)
w(116,6,8,637)
w(103,3,8,637)
w(114,2,8,637)
w(114,3,8,637)
r(116,6,8,637)
r(116,6,8,637)
r(116,6,8,637)
r(114,3,9,639)
r(115,2,9,639)
w(114,4,9,639)
r(103,3,9,639)
w(116,7,9,639)
r(114,4,5,642)
r(115,2,5,642)
r(116,7,5,642)
w(116,8,5,642)
r(115,2,5,642)
w(117,1,5,642)
w(117,2,5,642)
w(117,4,5,647)
w(117,5,5,647)
r(103,3,5,647)
w(117,6,5,647)
r(118,0,1,651)
w(115,8,1,651)
r(118,0,1,651)
w(118,1,1,651)
w(118,2,1,651)
r(118,2,1,651)
w(118,3,1,651)
w(118,4,1,651)
r(118,4,5,653)
w(114,7,5,653)
r(119,0,5,653)
r(111,1,5,653)
r(114,7,5,653)
r(103,3,6,655)
r(118,4,6,655)
w(119,1,6,655)
w(118,5,6,655)
w(118,6,6,655)
w(118,7,6,655)
w(119,2,6,655)
r(114,7,6,655)
w(118,8,2,657)
r(120,0,2,657)
r(120,0,2,657)
w(114,8,2,657)
r(120,0,2,657)
r(120,0,2,657)
r(120,0,2,657)
r(120,0,3,660)
w(119,3,3,660)
r(114,8,3,660)
r(119,3,3,660)
r(119,3,3,660)
r(119,3,3,660)
r(120,0,5,663)
w(103,4,5,663)
r(119,3,5,663)
w(120,2,5,663)
r(120,2,7,665)
r(120,2,7,665)
r(119,3,7,665)
w(119,5,7,665)
r(119,5,7,665)
r(119,5,7,665)
r(120,2,7,665)
r(120,2,0,667)
w(119,6,0,667)
r(120,2,0,667)
r(120,2,0,667)
w(119,7,0,667)
r(119,7,0,667)
r(120,2,0,667)
w(119,8,5,669)
w(120,3,5,669)
w(120,4,5,669)
r(120,4,5,669)
r(121,0,5,669)
w(121,2,5,669)
r(119,8,5,669)
r(119,8,5,669)
r(120,4,5,671)
w(120,5,5,671)
w(121,3,5,671)
w(120,6,5,671)
w(120,7,5,671)
r(120,7,2,675)
r(121,3,2,675)
w(120,8,2,675)
r(121,3,2,675)
w(122,1,2,675)
r(123,0,2,675)
w(122,2,2,675)
w(121,4,2,675)
w(123,2,9,677)
r(123,2,9,677)
w(123,3,9,677)
r(123,3,9,677)
w(123,4,9,677)
w(123,5,9,677)
r(123,5,9,677)
w(121,5,1,679)
r(123,5,1,679)
w(103,5,1,679)
r(123,5,1,679)
r(103,5,1,679)
r(121,5,9,681)
w(123,6,9,681)
w(122,4,9,681)
r(123,6,9,681)
r(123,6,4,683)
r(103,5,4,683)
w(123,7,4,683)
w(122,5,4,683)
r(121,5,4,683)
r(103,5,4,683)
r(111,1,4,685)
r(123,7,4,685)
r(121,5,4,685)
w(123,8,4,685)
w(103,6,7,687)
r(124,0,7,687)
w(122,6,7,687)
w(122,7,7,687)
r(103,6,3,689)
r(124,0,3,689)
w(124,1,3,689)
w(122,8,3,689)
r(124,1,3,689)
r(124,1,3,689)
w(124,2,3,689)
w(124,3,3,689)
r(111,1,5,691)
r(124,3,5,691)
w(124,4,5,691)
w(124,5,5,691)
r(124,5,9,693)
r(103,6,9,693)
r(124,5,9,693)
r(111,1,9,693)
r(103,6,1,695)
r(121,5,1,695)
w(124,6,1,695)
r(122,8,1,695)
r(124,6,1,695)
r(124,6,1,695)
w(124,7,1,695)
r(124,7,9,697)
w(124,8,9,697)
r(124,8,9,697)
r(103,6,9,697)
w(121,6,9,697)
w(126,1,9,697)
w(125,1,9,697)
r(126,1,9,697)
w(126,2,1,699)
w(126,3,1,699)
w(126,4,1,699)
r(125,1,1,699)
r(111,1,1,699)
w(103,7,1,699)
w(121,7,1,699)
w(111,2,1,699)
r(126,4,6,701)
w(126,5,6,701)
r(126,5,6,701)
r(126,5,6,701)
r(125,1,6,701)
r(126,5,6,701)
w(126,6,6,701)
w(126,7,0,703)
r(126,7,0,703)
r(126,7,0,703)
r(125,1,0,703)
r(125,1,3,705)
w(126,8,3,705)
w(125,2,3,705)
w(121,8,3,705)
r(125,2,3,705)
w(127,1,3,705)
w(127,2,9,707)
r(125,2,9,707)
r(127,2,9,707)
r(127,2,9,707)
r(125,2,0,709)
r(127,2,0,709)
r(125,2,0,709)
r(125,2,0,709)
r(127,2,0,709)
w(127,3,0,709)
w(127,4,5,711)
w(125,3,5,711)
r(127,4,5,711)
w(127,5,5,711)
w(128,1,9,713)
r(127,5,9,713)
w(125,4,9,713)
r(125,4,9,713)
w(128,2,9,713)
w(128,3,9,713)
r(125,4,0,717)
w(125,5,0,717)
w(127,6,0,717)
w(127,7,0,717)
w(127,8,0,717)
r(103,7,0,717)
r(129,0,0,717)
w(103,8,1,719)
w(128,4,1,719)
w(125,7,1,719)
r(128,4,1,719)
r(129,0,1,719)
w(128,5,1,719)
r(129,0,1,721)
w(128,6,1,721)
r(129,0,1,721)
r(129,0,1,721)
r(130,0,6,723)
w(129,2,6,723)
r(125,7,6,723)
r(111,2,6,723)
r(125,7,9,725)
w(130,1,9,725)
r(129,2,9,725)
r(125,7,9,725)
w(111,4,9,725)
w(128,7,9,725)
r(111,4,9,725)
r(125,7,7,727)
w(129,3,7,727)
r(129,3,7,727)
r(129,3,7,727)
w(129,4,7,727)
r(125,7,7,727)
w(129,5,7,727)
r(129,5,7,729)
r(128,7,7,729)
r(129,5,7,729)
r(125,7,7,729)
w(129,6,7,729)
r(129,6,7,729)
r(111,4,7,729)
r(125,7,4,733)
w(129,7,4,733)
w(125,8,4,733)
r(125,8,4,733)
w(128,8,4,733)
r(131,0,4,733)
r(129,7,4,733)
w(132,1,7,735)
r(131,0,7,735)
r(128,8,7,735)
w(130,2,7,735)
w(132,2,7,735)
r(128,8,7,735)
r(132,2,7,735)
w(132,3,6,739)
w(132,4,6,739)
w(131,2,6,739)
r(131,2,6,739)
r(132,4,6,739)
w(132,5,6,739)
r(132,5,3,741)
r(131,2,3,741)
r(132,5,3,741)
r(132,5,3,741)
w(132,7,0,743)
w(132,8,0,743)
w(133,1,0,743)
w(134,1,0,743)
r(134,1,0,743)
w(134,2,2,745)
w(134,3,2,745)
r(134,3,2,745)
w(134,4,2,745)
w(134,5,8,747)
w(134,6,8,747)
r(131,2,8,747)
r(131,2,8,747)
w(134,7,8,747)
r(131,2,8,751)
w(131,3,8,751)
w(131,4,8,751)
w(131,5,8,751)
w(131,6,8,751)
w(130,3,8,751)
r(131,6,8,751)
r(134,7,4,753)
r(134,7,4,753)
r(133,1,4,753)
r(131,6,4,753)
r(133,1,4,753)
w(134,8,4,753)
w(133,3,5,755)
w(136,1,5,755)
w(135,1,5,755)
r(136,1,5,755)
w(136,2,5,755)
r(136,2,8,757)
r(130,3,8,757)
w(133,4,8,757)
r(136,2,8,757)
r(136,2,8,757)
r(130,3,8,757)
w(136,3,8,757)
r(136,3,8,757)
w(136,4,8,759)
w(135,2,8,759)
w(136,5,8,759)
r(135,2,8,759)
w(136,6,5,761)
w(111,6,5,761)
r(136,6,5,761)
w(136,7,5,761)
w(136,8,5,761)
r(135,2,5,761)
r(135,2,3,763)
w(135,3,3,763)
r(136,8,3,763)
r(135,3,3,763)
r(130,3,3,763)
r(135,3,3,763)
r(111,6,0,765)
w(111,7,0,765)
w(137,1,0,765)
w(135,4,0,765)
r(133,4,0,765)
r(135,4,0,765)
w(137,2,0,765)
r(135,4,7,767)
w(133,5,7,767)
r(137,2,7,767)
r(137,2,7,767)
w(137,3,7,767)
r(137,3,2,769)
w(137,4,2,769)
r(137,4,2,769)
r(135,4,2,769)
w(135,5,2,769)
r(133,5,2,769)
r(137,4,2,769)
w(137,5,9,772)
w(137,6,9,772)
w(130,4,9,772)
r(137,6,9,772)
w(130,5,9,772)
w(133,7,5,775)
r(137,6,5,775)
r(135,5,5,775)
r(135,5,5,775)
w(130,6,5,775)
w(137,8,5,775)
w(133,8,8,777)
r(133,8,8,777)
r(137,8,8,777)
r(135,5,8,777)
r(130,6,8,777)
r(137,8,2,779)
r(138,0,2,779)
w(135,6,2,779)
w(135,7,2,779)
w(130,7,2,779)
w(139,1,2,779)
w(138,1,6,781)
w(139,2,6,781)
r(111,7,6,781)
w(139,3,6,781)
r(139,3,6,781)
r(139,3,6,781)
w(138,2,6,784)
r(135,7,6,784)
w(139,4,6,784)
r(139,4,6,784)
r(130,7,6,784)
w(135,8,0,785)
r(138,2,0,785)
r(139,4,0,785)
r(139,4,0,785)
w(139,5,2,787)
w(139,6,2,787)
r(139,6,2,787)
w(139,7,2,787)
w(138,3,2,787)
r(130,7,8,789)
w(139,8,8,789)
r(138,3,8,789)
r(140,0,8,789)
r(140,0,8,789)
r(140,0,8,789)
r(130,7,8,789)
r(141,0,7,791)
r(140,0,7,791)
r(140,0,7,791)
r(138,3,7,791)
r(138,3,7,791)
r(140,0,5,793)
r(140,0,5,793)
w(140,1,5,793)
w(141,1,5,793)
w(140,2,5,793)
w(140,3,5,793)
w(141,2,5,793)
w(140,4,5,793)
w(140,5,4,795)
r(111,7,4,795)
r(138,3,4,795)
r(140,5,4,795)
r(140,5,4,795)
w(111,8,4,795)
r(140,5,4,795)
w(141,3,7,798)
w(140,6,7,798)
r(140,6,7,798)
r(140,6,7,798)
w(140,7,7,798)
r(140,7,7,798)
r(141,3,1,801)
w(142,1,1,801)
r(138,3,1,801)
r(138,3,1,801)
w(138,5,1,801)
w(141,5,2,803)
w(141,6,2,803)
r(142,1,2,803)
w(142,2,2,803)
w(142,3,2,803)
w(141,7,0,805)
r(141,7,0,805)
r(142,3,0,805)
w(141,8,0,805)
r(141,8,0,805)
w(138,6,0,805)
w(142,4,0,805)
r(142,4,0,805)
r(142,4,4,807)
w(144,1,4,807)
r(142,4,4,807)
w(142,5,4,807)
w(142,6,4,807)
r(142,6,4,807)
w(142,7,4,807)
w(138,7,4,807)
r(142,7,9,809)
r(141,8,9,809)
w(138,8,9,809)
w(142,8,9,809)
r(142,8,9,809)
r(143,0,2,811)
r(144,1,2,811)
r(138,8,2,811)
w(145,1,2,811)
r(138,8,2,811)
r(146,0,2,811)
r(146,0,6,813)
w(146,1,6,813)
r(146,1,6,813)
r(145,1,6,813)
r(146,1,6,813)
r(146,1,3,815)
r(146,1,3,815)
r(146,1,3,815)
r(147,0,3,815)
w(146,2,3,815)
r(144,1,7,818)
w(145,2,7,818)
w(145,3,7,818)
w(145,4,7,818)
r(146,2,7,818)
r(145,4,7,818)
r(147,0,9,819)
r(147,0,9,819)
w(146,3,9,819)
r(145,1,9,819)
r(147,0,9,819)
w(146,4,9,819)
r(144,1,5,821)
w(147,1,5,821)
w(145,5,5,821)
r(146,4,5,821)
r(145,5,9,823)
r(146,4,9,823)
r(145,5,9,823)
w(146,5,9,823)
w(146,6,9,823)
r(146,6,9,823)
r(146,6,9,825)
r(146,6,9,825)
w(145,6,9,825)
w(146,7,9,825)
r(145,6,3,827)
w(147,2,3,827)
r(146,7,3,827)
r(145,6,3,827)
w(145,7,3,827)
r(145,7,3,827)
w(146,8,3,827)
r(146,8,3,827)
w(145,8,1,830)
w(148,1,1,830)
w(148,2,1,830)
r(148,2,1,830)
r(145,8,1,830)
r(147,2,1,830)
r(148,0,0,831)
w(147,3,0,831)
w(143,1,0,831)
r(149,0,0,831)
r(148,2,3,833)
r(149,0,3,833)
w(149,1,3,833)
r(148,2,3,833)
w(148,3,0,835)
r(149,1,0,835)
r(149,1,0,835)
w(149,2,0,835)
r(148,3,0,835)
r(148,3,0,835)
w(148,4,0,835)
r(147,3,5,837)
w(148,5,5,837)
w(148,6,5,837)
r(147,3,5,837)
w(148,7,5,837)
r(148,7,5,837)
w(149,3,5,837)
r(143,1,5,837)
r(148,7,0,839)
w(148,8,0,839)
r(147,3,0,839)
w(149,4,0,839)
w(150,1,5,841)
r(147,3,5,841)
r(149,4,5,841)
w(150,2,5,841)
w(147,4,5,841)
w(150,3,5,841)
w(150,4,5,841)
r(150,4,6,843)
r(150,4,6,843)
r(149,4,6,843)
w(150,5,6,843)
r(149,4,2,847)
w(150,6,2,847)
w(147,5,2,847)
r(150,6,2,847)
r(150,6,2,847)
r(150,6,2,847)
w(150,7,2,847)
w(151,1,0,849)
w(149,5,0,849)
w(149,6,0,849)
w(151,2,0,849)
w(151,3,1,852)
r(151,3,1,852)
r(147,5,1,852)
r(147,5,1,852)
r(147,5,3,853)
r(151,2,3,853)
w(143,2,3,853)
w(149,7,3,853)
w(147,7,3,853)
w(149,8,7,855)
w(147,8,7,855)
r(151,3,7,855)
r(144,1,7,855)
r(149,8,7,855)
w(151,4,7,855)
w(151,5,7,855)
r(151,5,7,855)
w(143,3,6,857)
r(152,0,6,857)
r(152,0,6,857)
r(151,5,6,857)
r(144,1,6,857)
w(152,1,6,857)
r(153,0,6,857)
r(153,0,6,857)
w(151,6,5,859)
w(151,7,5,859)
w(144,2,5,859)
r(153,0,5,859)
w(151,8,5,859)
r(152,1,5,859)
w(153,1,3,862)
r(154,0,3,862)
r(154,0,3,862)
w(153,2,3,862)
r(154,0,3,862)
r(153,0,8,863)
w(154,1,8,863)
r(154,1,8,863)
w(154,2,8,863)
r(154,2,8,863)
r(154,2,1,865)
w(153,3,1,865)
w(154,3,1,865)
r(144,2,1,865)
w(153,4,1,865)
r(154,3,1,865)
w(153,5,1,865)
w(144,3,4,867)
r(152,1,4,867)
r(152,1,4,867)
w(154,4,4,867)
r(154,4,5,869)
w(153,6,5,869)
r(154,4,5,869)
w(152,2,5,869)
r(153,6,8,871)
w(154,5,8,871)
r(154,5,8,871)
w(154,6,8,871)
w(153,7,8,871)
w(154,7,8,871)
r(154,7,8,871)
r(154,7,8,871)
r(153,7,9,873)
w(154,8,9,873)
r(154,8,9,873)
w(143,4,9,873)
r(154,8,9,873)
w(153,8,0,875)
r(155,0,0,875)
w(155,1,0,875)
r(155,1,0,875)
r(155,1,0,875)
r(155,1,3,877)
w(155,2,3,877)
r(155,2,3,877)
r(156,0,3,877)
r(156,0,3,877)
w(156,1,3,877)
r(156,1,3,877)
w(155,3,5,879)
r(143,4,5,879)
w(152,3,5,879)
w(143,5,5,879)
w(156,2,5,879)
w(156,3,1,881)
w(156,4,1,881)
r(155,3,1,881)
r(144,3,1,881)
w(156,5,1,881)
r(155,3,1,883)
w(155,4,1,883)
r(155,4,1,883)
r(155,4,1,883)
r(155,4,1,883)
r(155,4,1,883)
r(143,5,2,885)
r(155,4,2,885)
r(155,4,2,885)
r(156,5,2,885)
w(156,6,7,887)
r(143,5,7,887)
w(155,5,7,887)
w(156,7,7,887)
w(143,6,7,887)
w(156,8,7,887)
r(155,5,7,887)
r(143,6,4,889)
r(156,8,4,889)
w(144,4,4,889)
w(155,6,4,889)
w(152,4,4,889)
w(155,7,4,889)
w(155,8,1,891)
r(155,8,1,891)
r(152,4,1,891)
w(157,1,1,891)
r(155,8,1,891)
r(143,6,1,891)
r(152,4,3,893)
r(157,1,3,893)
r(143,6,3,893)
w(157,2,3,893)
w(157,3,3,893)
r(157,3,8,896)
r(157,3,8,896)
w(143,7,8,896)
r(158,0,8,896)
r(157,3,7,897)
r(158,0,7,897)
r(158,0,7,897)
r(152,4,7,897)
r(157,3,7,897)
r(158,0,7,897)
w(158,1,7,897)
w(158,2,7,897)
r(158,2,2,899)
r(158,2,2,899)
r(158,2,2,899)
w(157,4,2,899)
w(152,5,2,899)
w(158,3,2,899)
w(158,4,2,899)
w(157,5,2,899)
r(158,4,6,902)
r(152,5,6,902)
r(157,5,6,902)
w(157,6,6,902)
r(157,6,6,902)
w(158,5,5,903)
r(158,5,5,903)
w(143,8,5,903)
w(158,6,5,903)
r(152,5,5,903)
r(152,5,5,903)
r(158,6,5,903)
r(152,5,5,905)
w(158,7,5,905)
r(158,7,5,905)
r(157,6,5,905)
r(158,7,5,905)
r(143,8,5,905)
r(158,7,3,907)
w(158,8,3,907)
r(159,0,3,907)
r(159,0,3,907)
r(157,6,3,907)
w(159,1,4,909)
w(152,6,4,909)
r(157,6,4,909)
w(157,7,4,909)
r(159,1,5,911)
w(159,2,5,911)
r(159,2,5,911)
r(157,7,5,911)
r(144,4,3,913)
w(152,7,3,913)
r(157,7,3,913)
r(157,7,3,913)
w(159,3,3,913)
w(152,8,3,913)
w(157,8,5,915)
w(159,4,5,915)
w(159,5,5,915)
r(159,5,5,915)
w(159,6,0,917)
r(157,8,0,917)
r(161,0,0,917)
r(161,0,0,917)
r(159,6,0,917)
r(159,6,0,917)
r(159,6,0,917)
r(160,0,3,919)
w(159,7,3,919)
r(159,7,3,919)
r(162,0,3,919)
r(162,0,3,919)
w(159,8,3,919)
r(160,0,3,921)
w(160,1,3,921)
r(159,8,3,921)
r(162,0,3,921)
r(161,0,3,921)
w(163,1,3,921)
w(163,2,3,921)
w(163,3,4,923)
w(162,1,4,923)
w(161,1,4,923)
w(163,4,4,923)
r(163,4,4,923)
r(162,1,7,925)
w(163,5,7,925)
w(163,6,7,925)
r(163,6,7,925)
w(163,7,7,925)
r(163,7,7,925)
w(162,2,7,925)
w(163,8,2,927)
r(162,2,2,927)
r(162,2,2,927)
w(162,3,2,927)
r(164,0,2,927)
r(164,0,5,929)
r(164,0,5,929)
w(164,1,5,929)
r(164,1,5,929)
w(164,2,5,929)
w(161,2,5,929)
w(161,3,5,929)
w(162,4,5,929)
w(162,5,2,933)
r(161,3,2,933)
r(164,2,2,933)
w(164,3,2,933)
r(162,5,2,933)
w(164,4,2,933)
w(164,5,2,933)
w(160,3,9,935)
r(161,3,9,935)
w(162,7,9,935)
r(162,7,9,935)
w(162,8,9,935)
w(161,4,9,935)
w(164,6,9,935)
w(161,5,9,935)
r(164,6,5,937)
r(162,8,5,937)
w(161,6,5,937)
w(164,7,5,937)
r(164,7,5,937)
w(165,1,5,937)
w(165,2,5,937)
w(165,3,5,939)
r(164,7,5,939)
w(165,4,5,939)
w(164,8,5,939)
w(166,1,5,939)
w(166,2,5,939)
w(166,3,5,939)
r(166,3,5,939)
r(165,4,3,941)
r(165,4,3,941)
r(166,3,3,941)
w(165,5,3,941)
w(165,6,3,941)
r(165,6,3,941)
w(166,4,8,943)
r(166,4,8,943)
w(166,5,8,943)
r(166,5,8,943)
w(144,5,8,943)
w(161,7,8,943)
r(166,5,9,945)
w(165,7,9,945)
w(166,6,9,945)
w(165,8,9,945)
r(166,6,9,945)
r(160,3,9,945)
r(166,6,3,947)
r(166,6,3,947)
r(166,6,3,947)
r(167,0,3,947)
w(167,1,3,947)
w(160,4,3,947)
r(161,7,8,949)
w(167,2,8,949)
w(144,6,8,949)
w(166,7,8,949)
w(167,3,6,952)
w(166,8,6,952)
r(166,8,6,952)
r(167,3,6,952)
w(161,8,6,952)
r(167,3,6,952)
r(168,0,6,952)
r(169,0,6,952)
w(168,1,2,953)
r(168,1,2,953)
r(167,2,2,953)
w(168,2,2,953)
w(168,3,2,953)
w(168,4,2,953)
r(168,4,0,955)
r(168,4,0,955)
r(167,3,0,955)
w(167,4,0,955)
w(169,1,2,957)
w(168,5,2,957)
r(167,4,2,957)
r(168,5,2,957)
w(167,5,2,957)
r(169,1,2,957)
r(168,5,2,957)
r(168,5,6,959)
r(168,5,6,959)
r(169,1,6,959)
r(160,4,6,959)
r(168,5,6,959)
w(168,6,1,962)
r(167,5,1,962)
r(168,6,1,962)
w(168,7,1,962)
w(160,5,1,962)
r(168,7,1,962)
w(167,6,1,962)
w(168,8,1,962)
r(167,6,9,965)
w(169,2,9,965)
r(170,0,9,965)
w(170,3,9,965)
r(170,3,9,965)
r(167,6,9,965)
r(170,3,9,965)
r(167,6,0,967)
r(170,3,0,967)
w(170,4,0,967)
w(169,3,0,967)
w(171,1,0,967)
w(170,5,9,969)
r(160,5,9,969)
r(170,5,9,969)
w(171,2,9,969)
r(170,5,9,969)
w(171,3,8,971)
w(171,4,8,971)
r(144,6,8,971)
r(171,4,8,971)
w(170,6,8,971)
w(170,7,8,971)
r(170,7,8,971)
r(171,4,8,971)
w(170,8,8,973)
w(169,4,8,973)
r(171,4,8,973)
r(171,4,8,973)
w(172,1,8,973)
r(171,4,8,973)
r(172,1,8,973)
w(144,7,0,975)
w(172,2,0,975)
r(172,2,0,975)
r(171,4,0,975)
w(172,3,0,975)
r(169,4,0,975)
r(171,4,0,975)
r(172,3,0,975)
r(172,3,0,977)
w(171,5,0,977)
w(171,6,0,977)
r(172,3,0,977)
w(172,4,6,979)
r(172,4,6,979)
r(172,4,6,979)
r(171,6,6,979)
r(171,6,6,979)
r(171,6,6,979)
w(172,5,3,981)
w(172,6,3,981)
w(172,7,3,981)
w(144,8,3,981)
w(171,7,3,981)
r(160,5,3,981)
r(171,7,3,981)
r(172,7,5,983)
w(172,8,5,983)
r(172,8,5,983)
w(171,8,5,983)
r(173,0,5,983)
r(173,0,5,983)
w(173,1,1,985)
r(169,4,1,985)
w(169,5,1,985)
w(174,1,1,985)
r(173,1,1,985)
w(173,2,4,987)
r(169,5,4,987)
r(174,1,4,987)
r(173,2,4,987)
r(169,5,4,987)
w(160,7,4,987)
w(174,2,4,987)
w(173,3,4,987)
w(173,4,6,989)
w(174,3,6,989)
r(173,4,6,989)
w(173,5,6,989)
r(169,5,6,989)
r(169,5,0,991)
w(173,6,0,991)
r(160,7,0,991)
r(173,6,0,991)
r(169,5,0,991)
r(173,6,0,991)
w(174,4,6,993)
w(173,7,6,993)
r(174,4,6,993)
w(173,8,6,993)
r(174,4,6,993)
r(160,7,5,995)
w(169,6,5,995)
w(175,1,5,995)
w(174,5,5,995)
w(175,2,5,995)
r(175,2,5,995)
r(175,2,5,995)
r(174,5,6,997)
r(174,5,6,997)
w(174,6,6,997)
r(169,6,6,997)
r(160,7,3,999)
r(174,6,3,999)
r(174,6,3,999)
r(175,2,3,999)
w(175,3,3,999)
r(169,6,3,999)
r(175,3,3,1001)
r(174,6,3,1001)
r(174,6,3,1001)
r(160,7,3,1001)
w(175,4,4,1003)
w(175,5,4,1003)
r(160,7,4,1003)
r(175,5,4,1003)
w(160,8,4,1003)
r(169,6,4,1003)
r(175,5,4,1003)
w(174,7,7,1005)
w(174,8,7,1005)
r(175,5,7,1005)
w(175,6,7,1005)
r(175,6,7,1005)
r(175,6,0,1007)
w(175,7,0,1007)
w(175,8,0,1007)
w(169,7,0,1007)
w(176,1,0,1007)
w(177,1,3,1009)
w(176,2,3,1009)
r(176,2,3,1009)
r(176,2,3,1009)
r(177,1,3,1009)
r(177,1,3,1009)
w(177,2,3,1009)
w(169,8,8,1011)
r(176,2,8,1011)
r(176,2,8,1011)
r(176,2,8,1011)
r(169,8,8,1011)
r(177,2,8,1011)
r(176,2,9,1013)
w(176,3,9,1013)
w(177,3,9,1013)
r(176,3,9,1013)
r(177,3,9,1013)
w(178,1,9,1013)
r(176,3,0,1015)
w(176,4,0,1015)
r(177,3,0,1015)
r(176,4,0,1015)
w(176,5,0,1015)
w(176,6,0,1015)
r(176,6,0,1015)
w(177,4,0,1015)
w(176,7,8,1017)
r(177,4,8,1017)
w(178,2,8,1017)
w(177,5,8,1017)
w(177,6,8,1017)
r(176,7,8,1017)
w(176,8,8,1019)
r(177,6,8,1019)
w(177,7,8,1019)
r(181,0,8,1019)
r(181,0,8,1019)
r(177,7,4,1021)
r(181,0,4,1021)
w(181,1,4,1021)
r(181,1,4,1021)
r(178,2,4,1021)
w(181,2,4,1021)
w(181,3,4,1021)
w(181,4,2,1023)
r(180,0,2,1023)
r(180,0,2,1023)
w(177,8,2,1023)
w(181,5,2,1023)
r(181,5,2,1023)
w(181,6,3,1026)
w(179,1,3,1026)
w(181,7,3,1026)
r(181,7,3,1026)
r(182,0,3,1026)
r(181,7,2,1031)
r(181,7,2,1031)
w(182,3,2,1031)
w(183,1,2,1031)
w(182,5,6,1033)
w(182,6,6,1033)
w(182,7,6,1033)
r(183,1,6,1033)
r(182,7,6,1033)
r(183,1,6,1033)
r(183,1,6,1035)
w(182,8,6,1035)
r(183,1,6,1035)
r(182,8,6,1035)
r(182,8,6,1035)
w(183,3,6,1035)
r(178,2,6,1035)
w(179,3,9,1037)
r(183,3,9,1037)
w(183,4,9,1037)
w(183,5,9,1037)
w(178,3,9,1037)
w(180,1,9,1037)
r(184,0,9,1037)
w(178,4,2,1039)
r(183,5,2,1039)
w(183,6,2,1039)
r(183,6,2,1039)
w(183,7,2,1039)
r(183,7,5,1041)
r(184,0,5,1041)
r(183,7,5,1041)
r(180,1,5,1041)
w(184,1,1,1043)
r(184,1,1,1043)
r(184,1,1,1043)
r(183,7,1,1043)
r(183,7,1,1043)
w(180,2,1,1043)
r(183,7,4,1045)
r(183,7,4,1045)
r(183,7,4,1045)
r(184,1,4,1045)
r(183,7,4,1045)
w(180,3,1,1047)
r(184,1,1,1047)
w(183,8,1,1047)
w(184,2,1,1047)
w(180,4,9,1050)
r(183,8,9,1050)
r(183,8,9,1050)
r(183,8,9,1050)
w(180,5,9,1050)
r(183,8,9,1050)
r(183,8,9,1050)
r(183,8,6,1051)
w(184,3,6,1051)
r(185,0,6,1051)
w(185,1,6,1051)
r(180,3,6,1051)
w(185,2,6,1051)
w(185,3,5,1053)
r(185,3,5,1053)
r(185,3,5,1053)
r(184,3,5,1053)
r(185,3,5,1053)
w(178,5,3,1055)
w(184,4,3,1055)
w(179,4,3,1055)
w(184,5,3,1055)
r(184,5,7,1057)
r(185,3,7,1057)
w(180,6,7,1057)
w(185,4,7,1057)
r(184,5,7,1057)
r(179,4,7,1057)
r(185,4,7,1057)
r(178,5,2,1059)
w(184,6,2,1059)
r(180,6,2,1059)
r(185,4,2,1059)
r(179,4,2,1059)
r(185,4,8,1063)
r(185,4,8,1063)
r(185,4,8,1063)
w(184,7,8,1063)
r(185,4,8,1063)
w(185,5,8,1063)
w(185,6,8,1063)
r(180,6,8,1063)
r(185,6,6,1065)
r(186,0,6,1065)
w(186,1,6,1065)
r(184,7,6,1065)
r(180,6,6,1065)
r(186,1,6,1065)
w(186,2,6,1065)
w(187,1,7,1067)
r(187,1,7,1067)
w(180,7,7,1067)
w(186,3,7,1067)
r(178,5,7,1067)
r(186,3,7,1067)
r(178,5,7,1067)
r(187,1,1,1069)
r(186,3,1,1069)
w(186,4,1,1069)
r(178,5,1,1069)
w(186,5,1,1069)
r(178,5,1,1069)
w(187,2,1,1069)
r(180,7,6,1071)
r(186,5,6,1071)
r(187,2,6,1071)
r(187,2,6,1071)
w(179,5,6,1071)
w(180,8,7,1073)
w(186,6,7,1073)
r(186,6,7,1073)
w(186,7,7,1073)
r(186,7,7,1073)
r(179,5,7,1073)
r(186,7,7,1073)
w(178,7,7,1073)
w(186,8,7,1075)
r(186,8,7,1075)
r(188,0,7,1075)
r(187,2,7,1075)
w(188,1,5,1077)
r(178,7,5,1077)
r(188,1,5,1077)
w(187,3,5,1077)
w(187,4,5,1077)
w(188,2,5,1077)
r(188,2,5,1077)
w(187,5,0,1079)
w(188,3,0,1079)
r(187,5,0,1079)
r(187,5,0,1079)
r(187,5,0,1079)
r(188,3,0,1079)
w(187,6,7,1081)
r(187,6,7,1081)
w(189,1,7,1081)
r(188,3,7,1081)
w(188,4,7,1081)
r(188,4,7,1081)
w(188,5,7,1081)
r(188,5,9,1083)
r(187,6,9,1083)
w(189,2,9,1083)
r(188,5,9,1083)
r(188,5,9,1083)
w(187,7,5,1085)
w(188,6,5,1085)
w(189,3,5,1085)
w(189,4,5,1085)
r(188,6,5,1085)
w(188,7,8,1087)
w(179,6,8,1087)
r(178,7,8,1087)
w(189,5,8,1087)
w(187,8,8,1087)
r(187,8,8,1087)
r(189,5,8,1089)
r(190,0,8,1089)
r(188,7,8,1089)
w(190,1,8,1089)
r(188,7,8,1089)
r(188,7,8,1089)
w(179,7,9,1091)
w(189,6,9,1091)
w(189,7,9,1091)
r(188,7,9,1091)
w(190,2,2,1093)
r(178,7,2,1093)
r(188,7,2,1093)
w(188,8,2,1093)
w(191,1,0,1097)
r(189,7,0,1097)
w(179,8,0,1097)
w(191,2,0,1097)
r(190,2,0,1097)
w(191,3,0,1097)
w(191,4,0,1097)
w(189,8,0,1097)
w(190,3,7,1099)
r(192,0,7,1099)
r(190,3,7,1099)
w(191,7,7,1099)
w(190,4,7,1099)
r(190,4,7,1101)
r(191,7,7,1101)
r(191,7,7,1101)
r(179,8,7,1101)
r(179,8,7,1101)
r(191,7,7,1101)
r(191,7,7,1101)
r(190,4,7,1101)
r(192,0,0,1103)
r(192,0,0,1103)
w(178,8,0,1103)
w(191,8,0,1103)
r(192,0,0,1103)
r(190,4,0,1103)
r(193,0,0,1105)
r(193,0,0,1105)
w(190,5,0,1105)
r(193,0,0,1105)
w(193,1,0,1105)
w(190,6,0,1105)
w(190,7,0,1105)
w(193,2,1,1107)
w(190,8,1,1107)
w(193,3,1,1107)
r(192,0,1,1107)
r(193,3,1,1107)
r(193,3,1,1109)
r(193,3,1,1109)
r(193,3,1,1109)
r(193,3,1,1109)
w(192,1,1,1109)
r(194,0,3,1111)
w(194,1,3,1111)
r(192,1,3,1111)
r(194,1,3,1111)
r(193,3,3,1111)
w(193,4,3,1111)
r(192,1,3,1111)
r(194,1,3,1111)
r(179,8,2,1113)
r(193,4,2,1113)
w(193,5,2,1113)
w(194,2,2,1113)
r(193,5,2,1113)
w(193,6,2,1113)
r(193,6,2,1113)
w(194,3,2,1113)
r(178,8,2,1115)
w(193,7,2,1115)
w(194,4,2,1115)
r(193,7,2,1115)
r(178,8,2,1115)
w(193,8,2,1115)
r(178,8,4,1117)
r(194,4,4,1117)
r(195,0,4,1117)
w(195,1,4,1117)
w(195,2,4,1117)
r(195,2,4,1117)
r(178,8,4,1117)
w(195,3,2,1119)
w(192,2,2,1119)
r(195,3,2,1119)
w(194,5,2,1119)
r(195,3,0,1121)
w(195,4,0,1121)
r(194,5,0,1121)
r(195,4,0,1121)
r(195,4,0,1121)
w(195,5,2,1123)
r(195,5,2,1123)
r(194,5,2,1123)
r(192,2,2,1123)
r(196,0,2,1123)
w(195,6,2,1123)
r(192,2,2,1123)
w(195,7,2,1123)
r(194,5,0,1125)
w(195,8,0,1125)
r(195,8,0,1125)
w(194,6,0,1125)
w(194,7,9,1127)
w(194,8,9,1127)
w(196,1,9,1127)
w(198,1,9,1127)
w(192,3,5,1129)
w(198,2,5,1129)
w(192,4,5,1129)
r(198,2,5,1129)
r(194,8,5,1129)
r(198,2,5,1129)
r(194,8,8,1132)
r(198,2,8,1132)
w(192,5,8,1132)
w(198,3,8,1132)
r(192,5,8,1132)
r(198,3,3,1135)
w(199,1,3,1135)
w(198,6,3,1135)
r(196,1,3,1135)
r(198,6,1,1137)
w(198,7,1,1137)
w(198,8,1,1137)
w(199,2,1,1137)
r(200,0,1,1139)
r(199,2,1,1139)
r(199,2,1,1139)
r(199,2,1,1139)
w(200,1,1,1139)
w(196,2,1,1139)
r(192,5,1,1139)
r(200,1,1,1139)
r(199,2,6,1141)
w(200,2,6,1141)
w(199,3,6,1141)
w(199,4,6,1141)
r(200,2,6,1141)
w(200,3,6,1141)
r(200,3,6,1141)
w(200,4,0,1143)
w(192,6,0,1143)
w(199,5,0,1143)
w(192,7,0,1143)
w(199,6,8,1145)
w(200,5,8,1145)
r(199,6,8,1145)
r(200,5,8,1145)
r(199,6,8,1145)
w(197,1,8,1145)
r(200,5,8,1145)
w(200,6,3,1147)
r(200,6,3,1147)
r(192,7,3,1147)
r(200,6,3,1147)
r(200,6,0,1149)
r(200,6,0,1149)
r(199,6,0,1149)
r(200,6,0,1149)
r(199,6,0,1149)
r(200,6,0,1149)
r(192,7,9,1152)
r(200,6,9,1152)
r(199,6,9,1152)
r(199,6,9,1152)
r(200,6,9,1152)
r(192,7,7,1153)
r(197,1,7,1153)
r(200,6,7,1153)
w(200,7,7,1153)
r(196,2,7,1153)
w(199,7,7,1153)
w(197,2,7,1153)
w(199,8,1,1155)
w(200,8,1,1155)
w(201,1,1,1155)
w(201,2,1,1155)
r(201,2,1,1155)
r(199,8,1,1157)
r(201,2,1,1157)
w(192,8,1,1157)
r(192,8,1,1157)
w(201,3,1,1157)
r(201,3,1,1157)
r(202,0,1,1157)
r(202,0,4,1159)
r(199,8,4,1159)
r(202,0,4,1159)
r(199,8,4,1159)
w(196,3,4,1159)
r(199,8,4,1159)
r(201,3,4,1159)
r(201,3,2,1163)
r(199,8,2,1163)
w(201,4,2,1163)
w(202,1,2,1163)
w(201,7,2,1165)
w(196,5,2,1165)
w(201,8,2,1165)
r(203,0,2,1165)
w(204,1,2,1165)
w(202,2,2,1165)
w(203,1,5,1167)
r(204,1,5,1167)
w(203,2,5,1167)
r(203,2,5,1167)
r(196,5,4,1170)
r(204,1,4,1170)
w(202,3,4,1170)
r(196,5,4,1170)
w(196,6,4,1170)
r(203,2,4,1170)
r(203,2,4,1170)
w(203,3,2,1171)
w(197,3,2,1171)
r(204,1,2,1171)
r(202,2,2,1171)
w(203,4,2,1171)
r(196,5,2,1171)
r(204,1,2,1171)
w(203,5,2,1171)
r(204,1,2,1173)
r(202,3,2,1173)
r(203,5,2,1173)
r(204,1,2,1173)
r(202,3,2,1173)
w(196,7,2,1173)
w(203,6,2,1175)
w(204,2,2,1175)
w(203,7,2,1175)
r(204,2,2,1175)
w(204,3,2,1175)
w(202,4,2,1175)
w(204,4,2,1175)
w(203,8,2,1175)
r(204,4,5,1177)
w(204,5,5,1177)
w(196,8,5,1177)
w(204,6,5,1177)
r(202,4,2,1179)
r(204,6,2,1179)
w(204,7,2,1179)
r(196,8,2,1179)
w(204,8,2,1179)
r(202,4,2,1179)
r(204,8,2,1179)
r(204,8,7,1181)
r(204,8,7,1181)
w(206,1,7,1181)
r(206,1,7,1181)
r(202,4,7,1181)
r(204,8,8,1183)
r(202,4,8,1183)
w(205,1,8,1183)
r(205,1,8,1183)
w(206,2,8,1183)
r(204,8,8,1183)
w(206,3,8,1183)
w(207,1,8,1183)
w(207,2,1,1186)
r(205,1,1,1186)
r(206,3,1,1186)
r(207,2,1,1186)
r(205,1,1,1186)
w(207,3,1,1186)
r(206,3,8,1190)
w(207,5,8,1190)
w(202,5,8,1190)
r(207,5,8,1190)
r(207,5,8,1190)
w(207,6,8,1190)
w(207,7,8,1190)
w(207,8,0,1193)
r(197,3,0,1193)
w(202,7,0,1193)
w(208,1,0,1193)
w(205,2,7,1195)
r(206,3,7,1195)
r(208,1,7,1195)
r(208,1,7,1195)
r(208,1,7,1195)
w(208,2,7,1195)
w(208,3,7,1195)
w(197,4,5,1197)
r(197,4,5,1197)
r(202,7,5,1197)
w(208,4,5,1197)
r(206,3,5,1197)
r(206,3,5,1197)
w(206,7,0,1199)
w(205,3,0,1199)
r(208,4,0,1199)
r(208,4,0,1199)
r(206,7,0,1199)
w(205,4,0,1199)
r(202,7,0,1199)
r(208,4,5,1201)
w(208,5,5,1201)
r(208,5,5,1201)
w(208,6,5,1201)
w(202,8,6,1203)
w(208,7,6,1203)
r(208,7,6,1203)
r(205,4,6,1203)
w(197,5,6,1203)
r(202,8,6,1203)
r(206,7,6,1203)
w(208,8,6,1203)
r(208,8,7,1205)
r(208,8,7,1205)
r(202,8,7,1205)
r(208,8,7,1205)
r(206,7,5,1207)
r(202,8,5,1207)
r(208,8,5,1207)
r(208,8,5,1207)
r(208,8,5,1207)
r(208,8,5,1207)
r(208,8,0,1209)
r(210,0,0,1209)
w(206,8,0,1209)
w(210,1,0,1209)
w(209,1,9,1211)
r(210,1,9,1211)
w(210,2,9,1211)
r(210,2,9,1211)
w(210,3,9,1211)
w(209,2,9,1211)
r(210,3,1,1213)
w(205,5,1,1213)
w(211,1,1,1213)
r(210,3,1,1213)
w(211,2,5,1215)
r(211,2,5,1215)
r(197,5,5,1215)
w(211,3,5,1215)
r(210,3,5,1215)
w(211,4,5,1215)
r(210,3,5,1215)
r(211,4,7,1217)
w(210,4,7,1217)
w(211,5,7,1217)
r(209,2,7,1217)
w(210,5,2,1221)
w(210,6,2,1221)
w(209,3,2,1221)
r(209,3,2,1221)
r(210,6,2,1221)
r(210,6,2,1221)
w(212,1,8,1223)
w(209,4,8,1223)
r(209,4,8,1223)
w(212,2,8,1223)
w(209,5,3,1225)
r(211,5,3,1225)
r(212,2,3,1225)
r(212,2,3,1225)
w(212,3,3,1225)
w(212,4,3,1225)
r(209,5,3,1227)
r(211,5,3,1227)
w(211,6,3,1227)
w(211,7,3,1227)
w(212,5,4,1229)
r(212,5,4,1229)
r(212,5,4,1229)
w(197,6,4,1229)
w(205,6,4,1229)
w(212,6,4,1229)
w(197,7,4,1229)
r(212,6,4,1229)
w(212,7,3,1231)
w(212,8,3,1231)
r(211,7,3,1231)
w(209,6,3,1231)
w(209,7,3,1231)
r(197,7,3,1231)
r(209,7,3,1231)
w(211,8,3,1231)
w(213,1,6,1233)
r(214,0,6,1233)
r(214,0,6,1233)
r(214,0,6,1233)
w(214,1,6,1233)
r(213,1,6,1233)
w(214,2,6,1233)
r(209,7,6,1233)
r(214,2,8,1236)
r(213,1,8,1236)
r(197,7,8,1236)
r(214,2,8,1236)
w(213,2,8,1236)
w(205,7,8,1236)
r(214,2,8,1236)
r(209,7,9,1239)
w(214,4,9,1239)
w(209,8,9,1239)
r(214,4,9,1239)
r(209,8,9,1239)
r(213,2,9,1239)
r(214,4,2,1241)
w(214,5,2,1241)
r(214,5,2,1241)
r(197,7,2,1241)
r(214,5,2,1241)
w(214,6,2,1241)
r(213,2,2,1241)
w(214,7,2,1243)
r(213,2,2,1243)
w(214,8,2,1243)
w(216,1,2,1243)
r(213,2,2,1243)
r(215,0,2,1243)
w(213,4,3,1245)
w(216,2,3,1245)
r(213,4,3,1245)
r(215,0,3,1245)
w(216,3,3,1245)
r(216,3,3,1245)
w(216,4,4,1247)
r(213,4,4,1247)
r(216,4,4,1247)
w(213,5,4,1247)
w(216,5,4,1247)
w(213,6,4,1247)
r(213,6,4,1247)
w(215,1,4,1247)
w(216,6,7,1251)
w(213,7,7,1251)
r(213,7,7,1251)
r(213,7,7,1251)
w(213,8,7,1251)
r(205,7,7,1251)
w(218,1,5,1253)
r(218,1,5,1253)
r(217,0,5,1253)
r(215,1,5,1253)
w(217,2,9,1255)
w(218,2,9,1255)
r(218,2,9,1255)
r(217,2,9,1255)
w(215,3,9,1255)
r(218,2,0,1257)
w(217,3,0,1257)
w(218,3,0,1257)
r(217,3,0,1257)
r(218,3,0,1257)
w(215,4,0,1257)
r(205,7,0,1257)
r(218,3,0,1257)
w(217,4,8,1259)
r(217,4,8,1259)
r(217,4,8,1259)
w(217,5,8,1259)
w(217,6,8,1259)
w(217,7,9,1261)
r(217,7,9,1261)
r(217,7,9,1261)
w(217,8,9,1261)
w(218,4,9,1261)
r(218,4,4,1263)
w(218,5,4,1263)
r(219,0,4,1263)
w(219,1,4,1263)
w(197,8,4,1263)
w(219,2,4,1263)
r(219,2,4,1263)
w(219,3,4,1263)
w(219,4,3,1265)
r(219,4,3,1265)
w(219,5,3,1265)
r(219,5,3,1265)
w(218,6,3,1265)
w(219,6,3,1265)
r(218,6,3,1265)
w(219,7,2,1267)
r(197,8,2,1267)
r(218,6,2,1267)
w(219,8,2,1267)
r(218,6,2,1267)
r(219,8,2,1267)
r(218,6,8,1269)
r(220,0,8,1269)
r(220,0,8,1269)
w(215,5,8,1269)
w(220,1,8,1269)
r(220,1,8,1269)
w(220,2,8,1269)
w(215,6,8,1269)
r(218,6,4,1271)
w(218,7,4,1271)
r(220,2,4,1271)
w(220,3,4,1271)
w(220,4,6,1273)
w(220,5,6,1273)
w(220,6,6,1273)
r(218,7,6,1273)
r(218,7,6,1273)
w(220,7,6,1273)
w(215,7,6,1273)
r(218,7,6,1273)
w(220,8,4,1275)
r(218,7,4,1275)
r(205,7,4,1275)
w(218,8,4,1275)
r(205,7,4,1275)
r(220,8,2,1279)
w(222,1,2,1279)
w(222,2,2,1279)
w(222,3,2,1279)
r(222,3,2,1279)
r(221,0,2,1279)
w(222,6,6,1281)
r(222,6,6,1281)
w(222,7,6,1281)
w(222,8,6,1281)
w(223,1,6,1281)
w(221,3,6,1281)
r(223,1,2,1283)
w(221,4,2,1283)
w(223,2,2,1283)
r(223,2,2,1283)
w(223,3,2,1283)
w(223,4,2,1283)
r(223,4,2,1283)
r(223,4,2,1287)
w(223,7,2,1287)
r(221,4,2,1287)
w(223,8,2,1287)
r(224,0,2,1287)
r(197,8,2,1287)
r(224,0,2,1287)
w(221,5,2,1287)
r(224,0,4,1289)
r(224,0,4,1289)
w(224,1,4,1289)
r(215,7,4,1289)
r(224,1,4,1289)
r(224,1,4,1289)
r(215,7,4,1289)
r(215,7,7,1291)
w(224,2,7,1291)
w(224,3,7,1291)
r(205,7,7,1291)
w(224,4,7,1291)
r(224,4,7,1291)
r(225,0,0,1295)
r(221,5,0,1295)
w(224,5,0,1295)
r(224,5,0,1295)
w(224,6,0,1295)
r(224,6,0,1295)
w(205,8,9,1297)
r(225,0,9,1297)
r(221,5,9,1297)
w(224,8,9,1297)
r(205,8,9,1297)
r(197,8,9,1297)
r(224,8,9,1297)
r(224,8,0,1300)
r(226,0,0,1300)
r(226,0,0,1300)
w(225,1,0,1300)
r(225,1,0,1300)
w(226,1,0,1300)
r(221,5,0,1300)
r(226,1,0,1300)
w(221,6,9,1303)
w(226,3,9,1303)
r(226,3,9,1303)
r(226,3,9,1303)
r(225,1,9,1303)
w(226,4,3,1305)
w(228,1,3,1305)
w(226,5,3,1305)
r(226,5,3,1305)
w(225,2,3,1305)
w(226,6,3,1305)
w(221,7,3,1305)
r(225,2,9,1307)
w(226,7,9,1307)
r(226,7,9,1307)
w(225,3,9,1307)
w(226,8,9,1307)
r(226,8,9,1307)
r(227,0,9,1307)
w(227,1,9,1307)
w(229,1,9,1309)
w(229,2,9,1309)
r(229,2,9,1309)
r(229,2,9,1309)
r(221,7,9,1309)
w(229,3,9,1309)
w(229,4,9,1309)
r(221,7,9,1309)
w(221,8,9,1311)
r(229,4,9,1311)
r(229,4,9,1311)
w(229,5,9,1311)
r(230,0,9,1314)
r(225,3,9,1314)
w(228,2,9,1314)
w(230,1,9,1314)
w(228,3,9,1314)
w(229,6,9,1314)
r(227,1,3,1317)
r(229,6,3,1317)
w(231,1,3,1317)
w(230,2,3,1317)
r(231,1,3,1317)
r(231,1,3,1317)
w(227,2,3,1317)
w(227,3,3,1317)
w(230,3,1,1319)
w(231,2,1,1319)
w(231,3,1,1319)
r(231,3,1,1319)
w(231,4,1,1319)
w(225,4,1,1319)
r(228,3,8,1322)
w(231,5,8,1322)
r(231,5,8,1322)
w(231,6,8,1322)
w(231,7,8,1322)
r(230,3,8,1322)
w(231,8,8,1322)
r(231,4,1,1323)
r(225,4,1,1323)
r(231,4,1,1323)
r(230,3,1,1323)
r(225,4,1,1323)
w(232,1,1,1323)
w(232,2,1,1323)
r(230,3,0,1325)
r(232,2,0,1325)
w(232,3,0,1325)
r(232,3,0,1325)
w(232,4,7,1327)
w(230,4,7,1327)
r(225,4,7,1327)
w(225,5,7,1327)
w(232,5,7,1327)
r(230,4,7,1327)
r(232,5,4,1329)
r(230,4,4,1329)
r(232,5,4,1329)
r(225,5,4,1329)
r(232,5,4,1329)
w(228,5,4,1329)
r(232,5,4,1329)
w(228,6,4,1329)
r(228,6,6,1331)
w(232,6,6,1331)
r(228,6,6,1331)
r(228,6,6,1331)
r(230,4,6,1333)
w(230,5,6,1333)
r(232,6,6,1333)
w(230,6,6,1333)
w(228,7,6,1333)
r(232,6,6,1333)
r(225,5,6,1333)
w(232,7,6,1333)
w(228,8,0,1335)
r(225,5,0,1335)
r(232,7,0,1335)
w(232,8,0,1335)
w(230,7,0,1337)
w(225,6,0,1337)
w(227,4,0,1337)
r(233,0,0,1337)
w(233,1,0,1337)
w(233,2,0,1337)
w(233,3,0,1337)
r(228,8,5,1339)
w(233,4,5,1339)
r(233,4,5,1339)
r(233,4,5,1339)
r(233,4,5,1339)
w(233,5,5,1339)
w(230,8,5,1339)
w(233,6,0,1341)
r(233,6,0,1341)
r(234,0,0,1341)
r(233,6,0,1341)
r(233,6,0,1341)
w(234,1,0,1341)
w(233,7,0,1341)
r(225,6,0,1341)
r(234,1,3,1343)
w(233,8,3,1343)
r(234,1,3,1343)
w(234,2,3,1343)
w(236,1,3,1343)
r(225,6,3,1343)
w(234,3,3,1343)
w(236,2,5,1345)
w(235,1,5,1345)
w(236,3,5,1345)
r(225,6,5,1345)
w(236,4,5,1345)
r(236,4,9,1347)
w(234,4,9,1347)
w(234,5,9,1347)
r(234,5,9,1347)
w(236,5,1,1351)
r(235,1,1,1351)
w(236,6,1,1351)
r(236,6,1,1351)
w(234,6,1,1351)
w(227,5,1,1351)
r(236,6,1,1351)
w(236,7,1,1351)
r(236,7,0,1353)
w(237,1,0,1353)
r(237,1,0,1353)
w(237,2,0,1353)
r(237,2,0,1353)
w(237,3,0,1353)
r(235,1,0,1353)
r(238,0,2,1355)
w(237,4,2,1355)
r(238,0,2,1355)
w(237,5,2,1355)
w(238,1,2,1355)
r(238,1,2,1355)
w(225,8,2,1355)
w(238,2,2,1355)
w(238,3,3,1357)
w(238,4,3,1357)
w(238,5,3,1357)
w(238,6,3,1357)
w(237,6,3,1357)
w(238,7,3,1357)
r(238,7,3,1357)
w(238,8,3,1357)
r(238,8,4,1359)
r(237,6,4,1359)
r(239,0,4,1359)
w(237,7,4,1359)
w(235,2,2,1361)
w(239,1,2,1361)
r(239,1,2,1361)
r(239,1,2,1361)
w(239,2,2,1361)
r(235,2,0,1363)
r(239,2,0,1363)
w(239,3,0,1363)
r(240,0,0,1363)
r(239,3,0,1363)
w(237,8,0,1363)
r(239,3,0,1363)
r(237,8,7,1367)
w(235,3,7,1367)
r(239,3,7,1367)
r(240,0,7,1367)
w(241,1,7,1367)
w(239,4,7,1367)
r(240,0,9,1369)
r(241,1,9,1369)
r(239,4,9,1369)
w(239,5,9,1369)
r(241,1,9,1369)
w(241,5,9,1369)
r(239,5,9,1369)
w(235,6,9,1369)
r(241,5,5,1371)
w(239,6,5,1371)
w(239,7,5,1371)
r(239,7,5,1371)
r(239,7,5,1371)
r(241,5,8,1373)
w(241,6,8,1373)
w(240,1,8,1373)
w(240,2,8,1373)
w(235,7,8,1373)
w(239,8,8,1373)
w(242,1,8,1373)
w(241,7,9,1377)
w(242,2,9,1377)
r(241,7,9,1377)
w(242,3,9,1377)
r(241,7,9,1377)
r(240,2,9,1377)
r(235,7,9,1377)
w(241,8,9,1377)
w(242,5,2,1379)
r(242,5,2,1379)
w(243,1,2,1379)
r(243,1,2,1379)
r(242,5,2,1379)
r(242,5,2,1381)
w(242,6,2,1381)
r(243,1,2,1381)
r(235,7,2,1381)
r(242,6,2,1381)
w(242,7,2,1381)
w(235,8,2,1381)
w(240,4,2,1381)
w(242,8,7,1383)
r(243,1,7,1383)
r(242,8,7,1383)
r(243,1,7,1383)
r(243,1,1,1385)
w(243,2,1,1385)
r(244,0,1,1385)
w(240,5,1,1385)
r(244,0,1,1385)
r(244,0,6,1387)
r(240,5,6,1387)
w(243,3,6,1387)
r(240,5,6,1387)
w(243,4,1,1389)
w(243,5,1,1389)
r(240,5,1,1389)
r(243,5,1,1389)
r(244,0,4,1391)
r(243,5,4,1391)
w(243,6,4,1391)
r(244,0,4,1391)
r(244,0,4,1391)
w(244,1,4,1391)
w(244,2,0,1393)
r(244,2,0,1393)
w(243,7,0,1393)
w(244,3,0,1393)
w(244,4,0,1393)
r(244,4,0,1393)
r(244,4,0,1393)
w(244,5,0,1393)
r(244,5,9,1395)
r(244,5,9,1395)
r(244,5,9,1395)
r(243,7,9,1395)
w(240,6,9,1395)
r(244,5,9,1395)
w(244,6,4,1397)
w(243,8,4,1397)
r(244,6,4,1397)
r(244,6,4,1397)
r(244,6,4,1397)
r(244,6,1,1399)
r(227,5,1,1399)
r(240,6,1,1399)
r(243,8,1,1399)
w(244,7,1,1399)
r(243,8,1,1399)
r(247,0,6,1403)
w(240,7,6,1403)
r(247,0,6,1403)
r(247,0,6,1403)
r(247,0,6,1403)
w(247,2,6,1403)
r(247,2,6,1403)
r(247,2,6,1403)
w(247,3,9,1405)
r(247,3,9,1405)
r(247,3,9,1405)
w(246,2,9,1405)
w(246,3,9,1405)
r(246,3,9,1405)
w(247,4,5,1407)
w(245,2,5,1407)
r(247,4,5,1407)
r(245,2,5,1407)
r(247,4,5,1407)
w(240,8,5,1407)
r(246,3,5,1407)
r(240,8,5,1407)
w(246,4,3,1409)
r(247,4,3,1409)
r(246,4,3,1409)
r(246,4,3,1409)
w(247,5,3,1409)
w(246,5,9,1411)
r(247,5,9,1411)
r(248,0,9,1411)
r(247,5,9,1411)
r(246,5,9,1411)
r(246,5,9,1411)
r(247,5,1,1413)
w(247,6,1,1413)
w(247,7,1,1413)
r(245,2,1,1413)
r(247,7,1,1413)
w(247,8,1,1413)
r(248,0,4,1415)
w(246,6,4,1415)
w(246,7,4,1415)
r(227,5,4,1415)
r(249,0,4,1415)
r(249,0,6,1417)
r(227,5,6,1417)
r(246,7,6,1417)
r(249,0,6,1417)
w(248,1,6,1417)
w(249,1,6,1421)
r(246,7,6,1421)
w(249,2,6,1421)
r(227,5,6,1421)
r(249,2,6,1421)
w(249,3,6,1421)
w(246,8,6,1421)
r(249,3,6,1421)
r(249,3,8,1423)
r(246,8,8,1423)
w(249,8,8,1423)
r(249,8,8,1423)
r(250,0,8,1423)
r(249,8,8,1425)
r(248,1,8,1425)
r(251,0,8,1425)
w(250,1,8,1425)
r(251,0,8,1425)
w(251,1,8,1425)
r(251,1,8,1425)
w(250,2,8,1425)
r(245,2,4,1427)
w(248,2,4,1427)
r(245,2,4,1427)
w(250,3,4,1427)
w(251,2,1,1429)
r(251,2,1,1429)
r(248,2,1,1429)
r(250,3,1,1429)
r(251,2,1,1429)
w(250,4,1,1431)
w(251,3,1,1431)
r(251,3,1,1431)
r(251,3,1,1431)
r(251,3,1,1431)
r(251,3,6,1433)
r(250,4,6,1433)
w(251,4,6,1433)
w(245,3,6,1433)
r(250,4,6,1433)
w(251,5,6,1433)
r(251,5,6,1433)
r(251,5,6,1433)
w(251,6,3,1435)
r(250,4,3,1435)
w(251,7,3,1435)
w(250,5,3,1435)
w(245,4,3,1435)
r(251,7,9,1437)
w(248,3,9,1437)
r(245,4,9,1437)
w(251,8,9,1437)
w(250,6,9,1437)
r(251,8,9,1437)
r(250,6,9,1437)
w(250,7,0,1439)
r(252,0,0,1439)
r(250,7,0,1439)
r(252,0,0,1439)
r(252,0,0,1439)
r(250,7,0,1441)
r(245,4,0,1441)
r(250,7,0,1441)
r(252,0,0,1441)
w(250,8,0,1441)
w(252,1,8,1443)
w(252,2,8,1443)
w(252,3,8,1443)
r(252,3,8,1443)
w(245,5,8,1443)
r(252,3,8,1443)
w(245,6,8,1443)
r(248,3,1,1445)
r(253,0,1,1445)
r(252,3,1,1445)
w(252,4,1,1445)
r(248,3,1,1445)
r(252,4,1,1445)
w(253,1,4,1447)
w(252,5,4,1447)
r(252,5,4,1447)
w(252,6,4,1447)
r(252,6,4,1447)
r(252,6,5,1449)
r(252,6,5,1449)
w(253,2,5,1449)
w(252,7,5,1449)
w(252,8,5,1449)
w(253,3,5,1449)
w(254,1,5,1449)
w(254,3,7,1452)
r(254,3,7,1452)
r(254,3,7,1452)
w(248,4,7,1452)
w(254,4,7,1452)
w(248,5,1,1455)
w(254,5,1,1455)
r(253,3,1,1455)
w(227,6,1,1455)
w(253,6,1,1455)
r(253,6,1,1455)
r(254,5,1,1455)
w(254,6,1,1455)
w(253,7,1,1457)
r(254,6,1,1457)
w(253,8,1,1457)
w(254,7,1,1457)
r(254,7,1,1457)
r(254,7,3,1459)
r(254,7,3,1459)
r(253,8,3,1459)
r(253,8,3,1459)
w(254,8,3,1459)
w(255,1,3,1459)
r(253,8,3,1459)
w(255,2,3,1459)
w(255,3,4,1461)
w(255,4,4,1461)
r(256,0,4,1461)
r(255,4,4,1461)
r(256,0,4,1461)
r(255,4,4,1461)
r(255,4,4,1461)
w(255,5,8,1463)
r(255,5,8,1463)
r(255,5,8,1463)
w(256,1,8,1463)
w(255,6,8,1463)
r(256,1,8,1463)
r(255,6,8,1463)
w(255,7,8,1463)
w(248,6,9,1465)
r(256,1,9,1465)
r(255,7,9,1465)
r(255,7,9,1465)
w(255,8,9,1465)
r(256,1,9,1465)
r(257,0,5,1467)
w(248,7,5,1467)
r(257,0,5,1467)
r(256,1,5,1467)
r(257,0,5,1467)
r(256,1,5,1467)
w(256,2,5,1469)
r(257,0,5,1469)
r(257,0,5,1469)
w(256,3,5,1469)
r(256,3,5,1469)
w(248,8,5,1471)
w(245,7,5,1471)
r(257,0,5,1471)
r(248,8,5,1471)
w(257,1,5,1471)
w(257,2,5,1471)
w(257,3,5,1473)
r(257,3,5,1473)
w(257,4,5,1473)
w(257,5,5,1473)
w(257,6,5,1473)
r(257,6,0,1475)
w(257,7,0,1475)
r(257,7,0,1475)
w(227,7,0,1475)
r(257,7,4,1477)
w(256,4,4,1477)
w(257,8,4,1477)
r(245,7,4,1477)
r(257,8,4,1477)
r(259,0,4,1477)
r(258,0,4,1477)
w(256,6,1,1481)
w(256,7,1,1481)
r(256,7,1,1481)
w(258,1,1,1481)
w(256,8,1,1481)
r(259,0,8,1483)
r(245,7,8,1483)
w(259,3,8,1483)
w(260,1,8,1483)
w(258,2,8,1483)
r(258,2,2,1485)
r(259,3,2,1485)
w(260,2,2,1485)
r(259,3,2,1485)
w(259,4,2,1485)
r(260,2,8,1487)
w(259,5,8,1487)
r(259,5,8,1487)
w(245,8,8,1487)
r(259,5,8,1487)
w(259,6,8,1487)
r(260,2,8,1487)
w(258,3,8,1490)
w(227,8,8,1490)
r(259,6,8,1490)
w(260,3,8,1490)
r(259,6,8,1490)
r(260,3,9,1493)
r(260,3,9,1493)
r(260,3,9,1493)
r(259,6,9,1493)
w(259,7,9,1493)
w(259,8,9,1493)
r(259,8,9,1493)
r(260,3,9,1493)
r(259,8,9,1495)
r(260,3,9,1495)
w(261,1,9,1495)
r(260,3,9,1495)
w(261,2,9,1495)
r(261,2,9,1495)
w(260,4,9,1495)
r(261,2,9,1495)
w(260,5,9,1497)
r(261,2,9,1497)
w(258,6,9,1497)
r(258,6,9,1497)
r(261,2,7,1499)
r(261,2,7,1499)
r(260,5,7,1499)
r(258,6,7,1499)
r(261,2,2,1501)
w(260,6,2,1501)
w(260,7,2,1501)
w(261,3,2,1501)
r(258,6,2,1501)
w(258,7,8,1503)
w(261,4,8,1503)
w(261,5,8,1503)
r(261,5,8,1503)
r(260,7,8,1503)
r(261,5,9,1505)
w(258,8,9,1505)
r(261,5,9,1505)
r(261,5,9,1505)
r(261,5,9,1505)
r(262,0,9,1505)
r(260,7,9,1505)
w(260,8,9,1505)
w(264,1,5,1507)
r(260,8,5,1507)
r(261,5,5,1507)
w(261,6,5,1507)
w(261,7,5,1507)
w(265,1,5,1507)
r(265,1,3,1509)
w(261,8,3,1509)
r(261,8,3,1509)
r(265,1,3,1509)
w(265,2,0,1511)
r(266,0,0,1511)
r(266,0,0,1511)
r(266,0,0,1511)
r(266,0,0,1511)
w(266,1,0,1511)
r(265,2,0,1511)
w(266,2,2,1513)
w(262,1,2,1513)
r(265,2,2,1513)
w(266,3,2,1513)
r(266,3,2,1513)
w(266,4,2,1513)
w(265,3,7,1515)
w(265,4,7,1515)
r(266,4,7,1515)
w(264,2,7,1515)
r(263,0,7,1515)
r(264,2,7,1515)
w(265,5,7,1515)
r(266,4,1,1517)
w(266,5,1,1517)
w(266,6,1,1517)
r(266,6,1,1517)
w(266,7,1,1517)
w(266,8,1,1517)
w(265,6,1,1517)
w(264,3,4,1519)
w(265,7,4,1519)
r(266,8,4,1519)
r(266,8,4,1519)
w(264,4,4,1519)
r(267,0,4,1519)
r(267,0,4,1521)
r(264,4,4,1521)
r(265,7,4,1521)
r(267,0,4,1521)
w(267,1,4,1521)
w(267,2,4,1521)
r(267,2,0,1523)
r(267,2,0,1523)
w(267,3,0,1523)
w(262,2,0,1523)
w(263,1,0,1523)
w(267,4,0,1523)
r(265,7,0,1523)
w(265,8,9,1525)
r(265,8,9,1525)
r(267,4,9,1525)
r(267,4,9,1525)
w(268,1,9,1525)
w(267,5,9,1525)
w(268,2,9,1525)
w(267,6,9,1525)
r(267,6,8,1527)
w(267,7,8,1527)
w(264,5,8,1527)
w(268,3,8,1527)
r(268,3,0,1529)
w(268,4,0,1529)
w(264,6,0,1529)
w(262,3,0,1529)
w(267,8,0,1529)
r(267,8,4,1531)
w(263,2,4,1531)
r(268,4,4,1531)
w(268,5,4,1531)
w(264,7,6,1533)
w(269,1,6,1533)
r(269,1,6,1533)
w(269,2,6,1533)
r(269,2,6,1533)
w(269,3,6,1533)
r(268,5,9,1535)
r(268,5,9,1535)
r(264,7,9,1535)
r(269,3,9,1535)
w(269,4,9,1535)
w(262,4,9,1535)
r(268,5,9,1535)
w(269,5,9,1535)
r(269,5,0,1539)
r(269,5,0,1539)
r(269,5,0,1539)
r(269,5,0,1539)
w(264,8,6,1540)
w(269,6,6,1540)
r(269,6,6,1540)
r(268,5,6,1540)
w(269,7,6,1540)
r(269,5,3,1541)
r(268,5,3,1541)
r(269,5,3,1541)
r(269,5,3,1541)
r(268,5,3,1541)
w(268,6,3,1541)
r(269,5,3,1541)
r(263,2,3,1541)
w(271,2,5,1546)
w(271,3,5,1546)
r(271,3,5,1546)
w(271,4,5,1546)
w(271,5,5,1546)
r(268,6,5,1546)
r(271,5,5,1546)
w(270,1,5,1546)
w(270,2,3,1549)
w(271,8,3,1549)
r(272,0,3,1549)
r(272,0,3,1549)
r(272,0,3,1549)
r(270,2,1,1551)
w(272,1,1,1551)
r(271,8,1,1551)
w(272,2,1,1551)
w(262,6,1,1551)
r(263,2,1,1551)
r(270,2,1,1551)
w(262,7,1,1551)
r(271,8,4,1553)
w(270,3,4,1553)
r(272,2,4,1553)
w(273,1,4,1553)
w(270,4,4,1553)
w(272,3,4,1553)
r(273,1,3,1555)
w(273,2,3,1555)
r(273,2,3,1555)
w(273,3,3,1555)
w(272,4,3,1555)
r(273,3,3,1555)
w(262,8,2,1557)
r(273,3,2,1557)
r(273,3,2,1557)
w(273,4,2,1557)
w(273,5,9,1559)
r(273,5,9,1559)
r(273,5,9,1559)
r(273,5,9,1559)
r(273,5,6,1561)
r(273,5,6,1561)
r(273,5,6,1561)
r(270,4,6,1561)
r(262,8,6,1561)
r(272,4,6,1563)
r(273,5,6,1563)
w(272,5,6,1563)
w(273,6,6,1563)
w(270,5,6,1563)
w(273,7,6,1563)
r(263,2,6,1563)
w(272,6,3,1566)
r(272,6,3,1566)
w(273,8,3,1566)
r(273,8,3,1566)
r(272,5,7,1567)
w(274,1,7,1567)
w(274,2,7,1567)
r(272,5,7,1567)
r(274,2,7,1567)
r(270,5,7,1567)
r(274,2,7,1567)
r(262,8,7,1567)
r(274,2,1,1569)
w(263,3,1,1569)
w(270,6,1,1569)
w(274,3,1,1569)
r(274,3,1,1569)
w(274,4,1,1569)
w(270,7,1,1569)
w(272,7,1,1569)
w(274,5,0,1572)
w(274,6,0,1572)
w(274,7,0,1572)
r(274,7,0,1572)
r(274,7,0,1572)
w(274,8,0,1572)
w(270,8,0,1572)
r(270,8,0,1572)
w(272,8,8,1573)
r(272,8,8,1573)
r(274,8,8,1573)
r(274,8,8,1573)
r(275,0,8,1573)
r(275,0,8,1573)
r(275,0,8,1573)
r(276,0,8,1573)
r(276,0,6,1577)
r(276,0,6,1577)
w(275,2,6,1577)
w(276,3,6,1577)
r(276,3,3,1581)
w(276,4,3,1581)
w(276,5,3,1581)
w(263,4,3,1581)
w(276,6,3,1581)
r(270,8,3,1581)
w(275,5,6,1583)
w(276,8,6,1583)
w(277,1,6,1583)
r(275,5,6,1583)
w(279,1,6,1583)
r(279,1,6,1583)
r(279,1,6,1583)
r(277,1,2,1585)
r(277,1,2,1585)
w(279,2,2,1585)
r(275,5,2,1585)
w(279,3,2,1585)
w(275,6,2,1585)
r(279,3,2,1585)
w(279,4,5,1587)
r(275,6,5,1587)
w(275,7,5,1587)
w(279,5,5,1587)
w(275,8,5,1587)
r(275,8,5,1587)
r(279,5,5,1587)
r(279,5,5,1587)
r(279,5,5,1592)
r(279,5,5,1592)
w(279,6,5,1592)
r(278,0,5,1592)
r(275,8,5,1592)
r(275,8,2,1593)
r(263,4,2,1593)
r(275,8,2,1593)
r(280,0,2,1593)
w(280,2,2,1593)
r(280,2,2,1593)
w(281,1,7,1595)
r(280,2,7,1595)
w(280,3,7,1595)
w(278,4,7,1595)
w(280,4,7,1595)
w(278,5,7,1595)
r(280,4,7,1595)
r(280,4,9,1597)
r(278,5,9,1597)
r(280,4,9,1597)
w(280,5,9,1597)
w(280,6,8,1599)
r(278,5,8,1599)
w(281,2,8,1599)
w(281,3,8,1599)
w(280,7,8,1599)
w(277,2,8,1599)
w(280,8,8,1599)
r(280,8,8,1599)
r(282,0,4,1601)
w(278,6,4,1601)
r(282,0,4,1601)
w(282,1,4,1601)
w(282,2,4,1601)
w(282,3,4,1601)
w(281,4,4,1601)
r(282,3,2,1604)
w(277,3,2,1604)
r(282,3,2,1604)
w(283,1,2,1604)
r(283,1,2,1604)
r(282,3,2,1604)
w(281,5,3,1605)
w(281,6,3,1605)
w(281,7,3,1605)
w(281,8,3,1605)
r(282,3,0,1607)
w(282,4,0,1607)
w(283,2,0,1607)
w(283,3,0,1607)
r(282,4,0,1607)
w(283,4,0,1607)
w(283,5,7,1609)
w(282,5,7,1609)
r(282,5,7,1609)
w(283,6,7,1609)
r(282,5,7,1609)
r(282,5,7,1611)
r(283,6,7,1611)
w(282,6,7,1611)
w(277,4,7,1611)
w(278,7,7,1611)
w(278,8,7,1611)
w(283,7,1,1613)
r(283,7,1,1613)
r(282,6,1,1613)
r(282,6,1,1613)
r(282,6,1,1613)
r(282,6,3,1615)
r(283,7,3,1615)
r(284,0,3,1615)
w(282,7,3,1615)
w(283,8,3,1615)
w(282,8,3,1615)
r(282,8,3,1615)
r(285,0,4,1617)
r(282,8,4,1617)
r(282,8,4,1617)
r(282,8,4,1617)
w(284,1,4,1617)
w(284,2,4,1617)
w(285,1,4,1617)
r(286,0,4,1617)
r(286,0,4,1619)
w(286,1,4,1619)
r(286,1,4,1619)
r(284,2,4,1619)
r(285,1,4,1619)
w(285,2,1,1621)
w(284,3,1,1621)
r(286,1,1,1621)
w(286,2,1,1621)
w(285,3,1,1621)
r(285,3,1,1621)
w(286,3,3,1623)
w(286,4,3,1623)
r(285,3,3,1623)
r(286,4,3,1623)
w(286,5,9,1625)
r(277,4,9,1625)
w(286,6,9,1625)
r(286,6,9,1625)
w(286,7,9,1625)
w(286,8,9,1625)
r(284,3,9,1625)
w(277,5,9,1625)
r(286,8,7,1627)
w(284,4,7,1627)
w(285,4,7,1627)
w(284,5,7,1627)
r(287,0,7,1627)
r(284,5,7,1627)
w(284,6,7,1627)
w(285,5,7,1627)
r(284,6,4,1629)
w(287,1,4,1629)
r(284,6,4,1629)
r(284,6,4,1629)
w(284,7,4,1629)
w(287,2,4,1629)
w(287,3,4,1629)
w(287,4,6,1631)
w(287,5,6,1631)
r(284,7,6,1631)
w(287,6,6,1631)
w(287,7,6,1631)
r(287,7,6,1633)
w(284,8,6,1633)
w(285,6,6,1633)
w(287,8,6,1633)
r(287,8,6,1633)
r(284,8,6,1633)
r(288,0,6,1633)
r(285,6,7,1635)
w(263,5,7,1635)
w(288,1,7,1635)
w(288,2,7,1635)
r(288,2,5,1639)
r(288,2,5,1639)
r(288,2,5,1639)
w(288,3,5,1639)
w(288,4,5,1639)
r(288,2,0,1641)
r(285,6,0,1641)
r(288,2,0,1641)
w(285,7,0,1641)
w(277,6,0,1641)
w(288,6,5,1643)
r(263,5,5,1643)
r(284,8,5,1643)
r(288,6,5,1643)
w(288,7,5,1643)
r(288,7,5,1643)
w(288,8,5,1643)
r(285,7,8,1645)
r(288,8,8,1645)
r(288,8,8,1645)
r(288,8,8,1645)
w(290,1,8,1647)
r(289,0,8,1647)
w(289,1,8,1647)
r(285,7,8,1647)
r(289,1,0,1649)
r(290,1,0,1649)
w(263,7,0,1649)
r(290,1,0,1649)
w(290,2,0,1649)
r(290,2,0,1651)
w(289,2,0,1651)
r(290,2,0,1651)
w(289,3,0,1651)
r(285,7,2,1653)
r(290,2,2,1653)
w(290,3,2,1653)
r(290,3,2,1653)
w(289,4,2,1653)
r(285,7,9,1655)
r(285,7,9,1655)
r(290,3,9,1655)
w(289,5,9,1655)
r(290,3,8,1657)
w(285,8,8,1657)
w(290,4,8,1657)
r(285,8,8,1657)
r(290,4,8,1657)
r(290,4,8,1657)
w(291,1,8,1657)
w(290,5,1,1659)
w(290,6,1,1659)
w(290,7,1,1659)
w(289,6,1,1659)
r(289,6,1,1659)
r(290,7,1,1659)
r(291,1,1,1661)
w(291,2,1,1661)
r(291,2,1,1661)
r(291,2,1,1661)
r(291,2,8,1663)
r(289,6,8,1663)
r(290,7,8,1663)
r(291,2,8,1663)
r(291,2,8,1663)
w(290,8,8,1663)
w(289,7,8,1665)
w(289,8,8,1665)
w(291,3,8,1665)
r(290,8,8,1665)
r(290,8,8,1665)
r(289,8,1,1667)
w(292,1,1,1667)
w(291,4,1,1667)
w(292,2,1,1667)
w(292,3,1,1667)
r(292,3,1,1667)
r(263,7,7,1669)
r(289,8,7,1669)
r(291,4,7,1669)
r(292,3,7,1669)
w(292,4,5,1671)
w(292,5,5,1671)
r(263,7,5,1671)
w(291,5,5,1671)
w(292,6,5,1673)
r(291,5,5,1673)
r(292,6,5,1673)
r(291,5,5,1673)
w(293,1,5,1673)
w(291,6,9,1675)
r(293,1,9,1675)
w(293,2,9,1675)
r(277,6,9,1675)
r(291,6,9,1675)
w(291,7,9,1675)
w(291,8,9,1675)
r(292,6,2,1677)
r(292,6,2,1677)
r(292,6,2,1677)
r(291,8,2,1677)
r(291,8,2,1677)
w(292,7,2,1677)
w(292,8,2,1677)
r(291,8,2,1677)
r(277,6,3,1679)
w(293,3,3,1679)
r(294,0,3,1679)
r(291,8,3,1679)
w(294,1,3,1679)
r(291,8,3,1679)
w(277,7,8,1681)
w(277,8,8,1681)
r(294,1,8,1681)
r(294,1,8,1681)
r(294,1,8,1681)
w(294,2,8,1681)
w(294,3,8,1681)
r(263,7,8,1681)
r(294,3,4,1683)
w(294,4,4,1683)
r(295,0,4,1683)
r(294,4,4,1683)
r(293,3,4,1683)
w(295,1,4,1683)
r(294,4,4,1683)
r(294,4,4,1683)
r(295,1,2,1685)
w(294,5,2,1685)
r(294,5,2,1685)
r(296,0,2,1685)
w(294,6,0,1687)
r(295,1,0,1687)
r(293,3,0,1687)
r(294,6,0,1687)
r(294,6,0,1687)
w(294,7,0,1687)
w(296,1,0,1687)
w(294,8,8,1689)
r(295,1,8,1689)
r(294,8,8,1689)
r(293,3,8,1689)
w(263,8,8,1689)
w(297,1,8,1689)
w(296,2,8,1689)
w(295,2,2,1691)
r(263,8,2,1691)
w(297,2,2,1691)
w(295,3,2,1691)
r(297,2,2,1691)
w(296,3,2,1691)
r(295,3,2,1691)
r(297,2,0,1693)
w(295,4,0,1693)
w(295,5,0,1693)
r(296,3,0,1693)
w(295,6,0,1693)
w(293,4,0,1693)
w(297,3,0,1693)
w(295,7,0,1693)
w(297,4,1,1695)
w(296,4,1,1695)
w(295,8,1,1695)
r(297,4,1,1695)
r(296,4,1,1695)
w(293,5,1,1695)
w(297,5,4,1697)
w(293,6,4,1697)
r(297,5,4,1697)
r(293,6,4,1697)
r(293,6,4,1697)
r(293,6,5,1699)
w(297,6,5,1699)
r(293,6,5,1699)
r(299,0,5,1699)
w(299,1,5,1699)
w(293,7,5,1699)
w(293,8,5,1699)
w(297,7,3,1702)
w(297,8,3,1702)
w(300,1,3,1702)
w(300,2,3,1702)
w(299,3,5,1705)
w(300,4,5,1705)
r(299,3,5,1705)
r(299,3,5,1705)
w(300,5,5,1705)
r(299,3,5,1705)
r(300,5,5,1705)
r(300,5,9,1707)
r(300,5,9,1707)
w(300,6,9,1707)
w(299,4,9,1707)
w(300,7,3,1709)
w(300,8,3,1709)
w(299,5,3,1709)
r(301,0,3,1709)
w(299,6,3,1709)
r(299,6,3,1709)
r(301,0,6,1711)
w(296,5,6,1711)
w(296,6,6,1711)
r(301,0,6,1711)
r(301,0,6,1711)
w(301,1,6,1711)
r(299,6,6,1711)
r(301,1,6,1711)
r(299,6,7,1713)
r(299,6,7,1713)
w(301,2,7,1713)
w(301,3,7,1713)
r(299,6,7,1713)
w(301,4,7,1713)
r(299,6,7,1713)
w(299,7,7,1713)
r(301,4,5,1715)
r(301,4,5,1715)
r(301,4,5,1715)
w(301,5,5,1715)
w(301,6,5,1715)
r(299,7,5,1715)
w(296,7,5,1715)
r(299,7,8,1717)
w(302,1,8,1717)
w(299,8,8,1717)
w(301,7,8,1717)
w(302,2,8,1717)
r(302,2,8,1717)
r(301,7,8,1717)
r(298,0,4,1719)
r(301,7,4,1719)
w(301,8,4,1719)
r(301,8,4,1719)
r(299,8,4,1719)
r(299,8,9,1722)
r(296,7,9,1722)
w(303,1,9,1722)
r(299,8,9,1722)
w(303,2,9,1722)
r(302,2,9,1722)
r(302,2,5,1725)
r(303,2,5,1725)
r(302,2,5,1725)
r(296,7,5,1725)
r(302,2,5,1725)
w(303,5,5,1725)
w(304,1,5,1725)
w(303,6,7,1727)
r(303,6,7,1727)
r(303,6,7,1727)
w(303,7,7,1727)
r(304,1,7,1727)
r(303,7,7,1727)
w(303,8,4,1729)
r(304,1,4,1729)
r(304,1,4,1729)
r(303,8,4,1729)
r(303,8,4,1729)
w(304,2,4,1729)
w(304,3,4,1729)
r(305,0,0,1731)
r(305,0,0,1731)
r(304,3,0,1731)
w(305,1,0,1731)
r(305,1,7,1733)
r(296,7,7,1733)
w(305,2,7,1733)
r(305,2,7,1733)
r(305,2,7,1733)
w(304,4,7,1733)
w(304,5,7,1733)
w(302,3,7,1733)
w(305,3,3,1735)
w(304,6,3,1735)
r(305,3,3,1735)
r(302,3,3,1735)
w(305,4,3,1735)
r(305,4,3,1735)
r(304,6,3,1735)
w(305,5,0,1737)
r(296,7,0,1737)
w(305,6,0,1737)
w(306,1,0,1737)
r(305,6,0,1737)
w(306,2,0,1737)
r(305,6,7,1739)
w(305,7,7,1739)
r(302,3,7,1739)
w(302,4,7,1739)
w(305,8,7,1739)
r(305,8,7,1739)
r(305,8,7,1739)
w(304,7,8,1743)
w(307,1,8,1743)
w(304,8,8,1743)
w(307,2,8,1743)
w(307,3,8,1743)
r(308,0,0,1748)
w(308,3,0,1748)
r(307,3,0,1748)
w(308,4,0,1748)
r(308,4,0,1748)
w(308,5,0,1748)
r(307,3,0,1748)
w(307,7,4,1751)
r(307,7,4,1751)
w(307,8,4,1751)
w(302,5,4,1751)
w(298,2,4,1751)
r(309,0,4,1751)
w(309,1,2,1753)
r(309,1,2,1753)
w(309,2,2,1753)
w(306,3,2,1753)
r(306,3,2,1753)
r(306,3,2,1753)
r(308,5,0,1755)
w(309,3,0,1755)
r(309,3,0,1755)
r(309,3,0,1755)
r(298,2,0,1755)
r(306,3,0,1755)
w(309,4,0,1755)
w(309,5,0,1755)
r(309,5,6,1757)
r(302,5,6,1757)
w(302,6,6,1757)
r(302,6,6,1757)
w(309,6,6,1757)
w(306,4,6,1757)
w(302,7,6,1757)
r(308,5,0,1759)
w(309,7,0,1759)
r(302,7,0,1759)
r(298,2,0,1759)
r(309,7,0,1759)
r(308,5,9,1761)
r(309,7,9,1761)
w(309,8,9,1761)
r(308,5,9,1761)
w(302,8,9,1761)
r(309,8,9,1761)
w(310,1,8,1763)
r(310,1,8,1763)
w(310,2,8,1763)
r(310,2,8,1763)
r(310,2,8,1763)
r(302,8,8,1763)
w(310,3,8,1763)
w(310,4,4,1765)
w(308,8,4,1765)
r(308,8,4,1765)
r(310,4,4,1765)
w(310,5,4,1765)
w(311,1,4,1765)
r(310,5,4,1765)
w(306,5,4,1765)
w(311,2,4,1770)
w(310,6,4,1770)
w(310,7,4,1770)
w(310,8,4,1770)
w(312,1,4,1770)
w(311,5,2,1773)
w(312,7,2,1773)
r(308,8,2,1773)
w(312,8,2,1773)
r(308,8,2,1773)
r(308,8,6,1775)
r(313,0,6,1775)
r(311,5,6,1775)
r(313,0,6,1775)
r(306,5,6,1775)
r(313,0,6,1775)
r(311,5,6,1775)
w(313,1,6,1775)
r(298,2,2,1777)
w(313,2,2,1777)
r(308,8,2,1777)
r(313,2,2,1777)
w(313,3,1,1779)
w(313,4,1,1779)
w(313,5,1,1779)
r(306,5,1,1779)
r(313,5,1,1779)
w(306,6,4,1782)
r(306,6,4,1782)
w(298,3,4,1782)
w(313,6,4,1782)
w(311,6,4,1782)
w(313,7,4,1782)
w(314,1,7,1783)
r(314,1,7,1783)
r(313,7,7,1783)
w(313,8,7,1783)
w(314,2,7,1783)
r(313,8,7,1783)
w(314,3,1,1785)
w(314,4,1,1785)
r(311,6,1,1785)
r(311,6,1,1785)
r(306,6,1,1785)
w(314,5,1,1785)
r(313,8,1,1785)
r(314,5,1,1785)
r(313,8,2,1787)
r(311,6,2,1787)
w(314,6,2,1787)
w(314,7,2,1787)
w(311,7,6,1789)
r(314,7,6,1789)
w(311,8,6,1789)
r(315,0,6,1789)
w(315,1,6,1789)
r(311,8,6,1789)
r(315,1,6,1789)
r(316,0,6,1789)
r(316,0,0,1791)
r(315,1,0,1791)
r(315,1,0,1791)
w(315,2,0,1791)
w(315,3,5,1793)
r(306,6,5,1793)
r(316,0,5,1793)
w(315,4,5,1793)
r(315,4,5,1793)
w(306,7,5,1793)
w(315,5,5,1793)
r(315,5,5,1793)
r(315,5,6,1797)
w(315,7,6,1797)
r(315,7,6,1797)
w(317,1,6,1797)
r(316,0,6,1797)
r(317,1,6,1797)
w(316,2,6,1797)
w(317,2,0,1799)
r(317,2,0,1799)
w(306,8,0,1799)
w(315,8,0,1799)
r(317,2,0,1799)
w(316,3,0,1799)
r(317,2,0,1799)
r(306,8,2,1801)
r(318,0,2,1801)
r(317,2,2,1801)
r(318,0,2,1801)
w(318,1,2,1801)
r(318,1,2,1803)
w(317,3,2,1803)
w(318,2,2,1803)
w(318,3,2,1803)
w(318,4,2,1803)
r(317,3,2,1803)
r(318,4,9,1805)
w(317,4,9,1805)
w(318,5,9,1805)
w(317,5,9,1805)
r(317,5,9,1808)
r(316,3,9,1808)
w(318,6,9,1808)
w(316,4,9,1808)
w(318,7,9,1808)
r(318,7,9,1808)
r(317,5,9,1808)
r(318,7,9,1808)
r(316,4,7,1811)
r(306,8,7,1811)
r(317,5,7,1811)
r(298,3,7,1811)
w(320,1,7,1811)
r(320,1,7,1811)
r(317,5,7,1811)
r(320,1,1,1813)
r(320,1,1,1813)
r(316,4,1,1813)
r(320,1,1,1813)
r(320,1,1,1813)
r(320,1,1,1813)
w(319,1,1,1813)
w(320,2,0,1815)
r(316,4,0,1815)
w(320,3,0,1815)
r(317,5,0,1815)
w(317,7,0,1815)
r(320,3,1,1817)
r(320,3,1,1817)
r(320,3,1,1817)
r(320,3,1,1817)
r(317,7,9,1819)
r(320,3,9,1819)
w(320,4,9,1819)
w(316,6,9,1819)
w(320,5,6,1821)
w(320,6,6,1821)
r(320,6,6,1821)
w(320,7,6,1821)
r(317,7,6,1821)
r(319,1,6,1821)
w(320,8,3,1823)
r(320,8,3,1823)
r(316,6,3,1823)
w(317,8,3,1823)
w(316,7,8,1825)
r(321,0,8,1825)
w(322,1,8,1825)
w(321,1,8,1825)
r(322,1,8,1825)
r(322,1,8,1825)
r(319,1,8,1825)
r(321,1,8,1825)
r(316,7,7,1827)
r(322,1,7,1827)
r(322,1,7,1827)
r(316,7,7,1827)
r(322,1,7,1827)
r(298,3,7,1827)
r(321,1,7,1827)
w(321,2,7,1829)
w(316,8,7,1829)
r(316,8,7,1829)
r(322,1,7,1829)
w(322,2,7,1829)
w(321,3,2,1831)
r(321,3,2,1831)
w(298,4,2,1831)
r(321,3,2,1831)
w(322,3,2,1831)
r(322,3,2,1831)
w(321,4,2,1831)
r(322,3,2,1831)
w(322,4,2,1833)
r(321,4,2,1833)
r(321,4,2,1833)
r(319,1,2,1833)
r(316,8,2,1833)
r(321,4,2,1833)
w(321,5,2,1833)
r(321,5,3,1835)
r(321,5,3,1835)
w(321,6,3,1835)
r(321,6,3,1835)
r(321,6,3,1835)
w(322,5,4,1837)
w(321,7,4,1837)
r(321,7,4,1837)
r(321,7,4,1837)
r(322,5,4,1837)
r(323,0,4,1837)
w(322,6,4,1837)
r(323,0,4,1837)
r(321,7,5,1839)
w(321,8,5,1839)
r(319,1,5,1839)
w(322,7,5,1839)
r(322,7,8,1841)
w(322,8,8,1841)
w(323,1,8,1841)
r(323,1,8,1841)
r(324,0,8,1841)
r(324,0,0,1843)
w(324,1,0,1843)
w(324,2,0,1843)
r(324,2,0,1843)
w(323,2,6,1845)
w(325,1,6,1845)
r(325,1,6,1845)
w(323,3,6,1845)
r(325,1,6,1845)
w(323,4,7,1848)
r(323,4,7,1848)
w(324,3,7,1848)
w(324,4,7,1848)
r(319,1,9,1851)
w(324,8,9,1851)
w(319,3,9,1851)
r(325,1,9,1851)
w(325,4,3,1853)
w(326,1,3,1853)
r(319,3,3,1853)
r(323,4,3,1853)
r(325,4,5,1855)
w(325,5,5,1855)
w(323,5,5,1855)
r(326,1,5,1855)
w(323,6,5,1855)
w(325,6,5,1855)
r(323,6,5,1855)
w(323,7,9,1857)
w(326,2,9,1857)
w(323,8,9,1857)
w(326,3,9,1857)
r(325,6,9,1857)
r(326,3,9,1857)
w(319,4,1,1859)
r(326,3,1,1859)
w(325,7,1,1859)
r(326,3,1,1859)
w(327,1,1,1859)
r(326,3,1,1859)
r(325,7,4,1861)
r(325,7,4,1861)
r(325,7,4,1861)
w(298,5,4,1861)
w(325,8,4,1861)
r(326,3,4,1861)
w(326,4,4,1861)
r(326,4,6,1863)
w(319,5,6,1863)
r(326,4,6,1863)
w(326,5,6,1863)
r(327,1,3,1865)
w(327,2,3,1865)
w(326,6,3,1865)
r(326,6,3,1865)
r(326,6,3,1868)
w(326,7,3,1868)
r(328,0,3,1868)
r(326,7,3,1868)
r(326,7,3,1868)
w(327,3,3,1868)
r(327,2,5,1869)
r(328,0,5,1869)
r(328,0,5,1869)
r(319,5,5,1869)
r(326,7,9,1871)
r(326,7,9,1871)
w(327,4,9,1871)
w(328,1,9,1871)
w(328,2,9,1871)
w(327,5,9,1871)
r(326,7,9,1871)
r(319,5,9,1873)
r(326,7,9,1873)
r(327,5,9,1873)
w(328,3,9,1873)
w(326,8,9,1873)
r(327,5,8,1875)
r(326,8,8,1875)
w(319,6,8,1875)
w(328,4,8,1875)
r(327,5,8,1875)
r(329,0,8,1875)
r(329,0,8,1875)
r(329,0,9,1877)
w(328,5,9,1877)
r(329,0,9,1877)
r(329,0,9,1877)
w(329,1,9,1877)
r(329,1,9,1877)
r(329,1,9,1877)
r(319,6,9,1877)
r(327,5,8,1879)
w(328,6,8,1879)
r(329,1,8,1879)
w(329,2,8,1879)
r(327,5,8,1879)
r(327,5,8,1879)
w(328,7,0,1881)
w(329,3,0,1881)
w(329,4,0,1881)
w(329,5,0,1881)
r(328,7,0,1881)
r(327,5,0,1881)
r(329,5,0,1881)
w(319,7,0,1881)
r(319,7,0,1883)
w(328,8,0,1883)
w(329,6,0,1883)
w(329,7,0,1883)
w(327,6,0,1883)
w(329,8,0,1883)
r(329,8,0,1883)
r(298,5,1,1887)
w(330,2,1,1887)
r(330,2,1,1887)
r(331,0,1,1887)
r(327,6,1,1887)
w(330,3,1,1887)
r(331,0,1,1887)
w(330,4,4,1890)
w(330,5,4,1890)
r(327,6,4,1890)
r(331,0,4,1890)
r(330,5,4,1890)
w(331,4,4,1890)
r(330,5,4,1890)
w(331,5,2,1893)
r(331,5,2,1893)
w(327,7,2,1893)
r(330,5,2,1893)
w(330,7,6,1895)
r(331,5,6,1895)
r(331,5,6,1895)
r(331,5,6,1895)
w(298,6,6,1895)
w(330,8,6,1895)
r(327,7,6,1895)
r(331,5,4,1897)
r(331,5,4,1897)
w(331,6,4,1897)
r(333,0,4,1897)
w(331,7,4,1897)
w(333,1,7,1899)
r(331,7,7,1899)
w(333,2,7,1899)
r(331,7,7,1899)
w(331,8,7,1899)
r(331,8,7,1899)
r(334,0,7,1899)
w(333,3,2,1901)
w(333,4,2,1901)
w(298,7,2,1901)
r(333,4,2,1901)
w(334,1,2,1901)
r(334,1,2,1901)
w(327,8,2,1901)
r(334,1,4,1903)
w(333,5,4,1903)
r(334,1,4,1903)
r(334,1,4,1903)
w(333,6,2,1905)
w(334,2,2,1905)
w(334,3,2,1905)
w(333,7,2,1905)
r(334,3,2,1905)
r(334,3,2,1905)
r(334,3,2,1905)
r(333,7,8,1907)
w(335,1,8,1907)
w(333,8,8,1907)
r(298,7,8,1907)
w(334,4,8,1907)
r(334,4,5,1909)
r(335,1,5,1909)
w(334,5,5,1909)
r(298,7,5,1909)
r(334,5,2,1911)
r(336,0,2,1911)
r(334,5,2,1911)
r(334,5,2,1911)
w(334,6,2,1911)
w(336,1,1,1913)
r(336,1,1,1913)
r(335,1,1,1913)
w(332,1,1,1913)
r(334,6,1,1913)
w(334,7,1,1913)
r(334,7,1,1913)
r(334,7,5,1915)
w(335,2,5,1915)
w(334,8,5,1915)
w(337,1,5,1915)
r(337,1,5,1915)
r(336,1,0,1917)
w(337,2,0,1917)
w(336,2,0,1917)
w(337,3,0,1917)
r(335,2,9,1919)
w(335,3,9,1919)
r(336,2,9,1919)
r(337,3,9,1919)
w(337,4,9,1919)
r(335,3,9,1919)
w(337,5,7,1921)
w(332,2,7,1921)
w(336,3,7,1921)
w(335,4,7,1921)
r(337,5,7,1921)
r(332,2,8,1923)
w(337,6,8,1923)
w(336,4,8,1923)
r(332,2,8,1923)
w(337,7,8,1923)
r(337,7,8,1923)
r(337,7,8,1923)
w(335,5,5,1925)
r(335,5,5,1925)
w(337,8,5,1925)
r(336,4,5,1925)
w(338,1,5,1925)
r(338,1,5,1925)
w(338,2,5,1927)
r(336,4,5,1927)
r(336,4,5,1927)
w(336,5,5,1927)
r(335,5,5,1927)
r(338,2,5,1927)
r(338,2,5,1927)
w(338,3,5,1927)
w(338,4,5,1929)
r(338,4,5,1929)
r(338,4,5,1929)
r(338,4,5,1929)
r(338,4,5,1929)
w(335,6,5,1929)
w(338,5,5,1932)
r(338,5,5,1932)
w(338,6,5,1932)
r(338,6,5,1932)
w(332,3,5,1932)
w(338,7,5,1932)
r(338,7,5,1932)
w(338,8,5,1932)
w(339,1,4,1934)
w(339,2,4,1934)
w(339,3,4,1934)
r(339,3,4,1934)
w(339,4,4,1934)
w(332,4,3,1937)
r(336,5,3,1937)
r(339,4,3,1937)
w(336,6,3,1937)
r(339,4,3,1937)
r(339,4,3,1937)
w(335,7,3,1937)
w(298,8,3,1937)
w(335,8,4,1939)
r(336,6,4,1939)
r(336,6,4,1939)
r(339,4,4,1939)
w(332,5,4,1939)
r(340,0,4,1939)
w(339,6,9,1941)
r(339,6,9,1941)
w(339,7,9,1941)
w(339,8,9,1941)
r(336,6,9,1941)
w(336,7,9,1941)
w(341,1,9,1941)
w(341,2,9,1941)
r(336,7,7,1943)
r(340,0,7,1943)
r(340,0,7,1943)
w(336,8,7,1943)
w(341,3,7,1943)
w(341,4,7,1943)
w(341,5,7,1943)
w(340,1,4,1945)
w(341,6,4,1945)
w(341,7,4,1945)
w(341,8,4,1945)
r(341,8,4,1945)
w(342,1,4,1945)
r(341,8,4,1945)
r(341,8,0,1947)
r(341,8,0,1947)
r(342,1,0,1947)
r(343,0,0,1947)
r(343,0,0,1947)
w(343,1,2,1949)
r(342,1,2,1949)
r(343,1,2,1949)
w(342,2,2,1949)
r(343,1,9,1951)
w(340,2,9,1951)
w(342,3,9,1951)
r(343,1,9,1951)
r(342,3,9,1951)
w(342,4,0,1953)
r(342,4,0,1953)
w(343,2,0,1953)
w(343,3,0,1953)
w(343,4,0,1953)
w(343,5,0,1953)
r(343,5,0,1953)
r(343,5,5,1955)
r(340,2,5,1955)
r(343,5,5,1955)
r(332,5,5,1955)
r(343,5,5,1955)
r(340,2,5,1955)
r(343,5,3,1957)
r(343,5,3,1957)
w(340,3,3,1957)
r(342,4,3,1957)
r(342,4,2,1959)
r(343,5,2,1959)
r(298,8,2,1959)
r(332,5,2,1959)
r(340,3,2,1959)
w(343,6,2,1959)
r(343,6,2,1959)
r(332,5,2,1959)
r(343,6,4,1961)
r(340,3,4,1961)
r(343,6,4,1961)
r(342,4,4,1961)
w(343,7,4,1961)
r(342,4,4,1961)
r(340,3,4,1961)
r(340,3,4,1963)
r(343,7,4,1963)
r(343,7,4,1963)
r(340,3,4,1963)
r(344,0,0,1967)
w(344,2,0,1967)
r(344,2,0,1967)
w(344,3,0,1967)
r(342,4,0,1967)
w(344,4,0,1967)
w(344,5,0,1967)
r(332,5,0,1967)
r(344,5,9,1969)
r(342,4,9,1969)
w(342,7,9,1969)
r(344,5,9,1969)
r(344,5,9,1969)
r(344,5,9,1969)
r(332,5,3,1971)
w(340,5,3,1971)
w(344,6,3,1971)
w(344,7,3,1971)
w(342,8,7,1973)
r(332,5,7,1973)
w(344,8,7,1973)
r(345,0,7,1973)
w(345,1,7,1973)
w(347,1,3,1975)
r(345,1,3,1975)
w(347,2,3,1975)
r(347,2,3,1975)
w(340,6,3,1975)
w(345,2,3,1975)
r(347,2,3,1975)
w(347,3,9,1977)
w(347,4,9,1977)
w(347,5,9,1977)
r(347,5,9,1977)
w(340,7,3,1979)
r(345,2,3,1979)
r(347,5,3,1979)
w(340,8,3,1979)
r(332,5,1,1981)
w(347,6,1,1981)
r(332,5,1,1981)
w(347,7,1,1981)
w(345,3,1,1981)
w(347,8,4,1983)
r(348,0,4,1983)
r(347,8,4,1983)
w(345,4,4,1983)
r(345,4,4,1983)
w(349,1,4,1983)
w(332,6,4,1983)
w(345,5,7,1985)
w(349,2,7,1985)
w(349,3,7,1985)
r(345,5,7,1985)
w(349,4,7,1985)
r(345,5,7,1985)
r(349,4,7,1985)
r(345,5,7,1985)
r(349,4,9,1987)
r(348,0,9,1987)
r(348,0,9,1987)
w(349,5,9,1987)
w(350,2,6,1991)
w(350,3,6,1991)
w(350,4,6,1991)
r(350,4,6,1991)
r(350,4,6,1991)
r(350,4,6,1991)
w(350,5,7,1993)
w(350,6,7,1993)
w(345,6,7,1993)
r(350,6,7,1993)
w(345,7,7,1993)
w(350,7,7,1993)
w(350,8,7,1993)
r(350,8,7,1993)
r(350,8,4,1995)
r(351,0,4,1995)
r(345,7,4,1995)
r(351,0,4,1995)
w(346,1,5,1997)
r(332,6,5,1997)
w(351,1,5,1997)
w(345,8,5,1997)
r(345,8,5,1997)
w(351,2,5,1997)
r(351,2,5,1997)
w(332,7,5,1997)
r(346,1,3,1999)
w(351,3,3,1999)
r(345,8,3,1999)
r(351,3,3,1999)
r(352,0,3,1999)
w(351,4,3,1999)
w(352,1,3,1999)
r(352,1,8,2001)
r(352,1,8,2001)
w(352,2,8,2001)
r(351,4,8,2001)
r(348,0,8,2001)
r(351,4,1,2003)
w(351,5,1,2003)
r(348,0,1,2003)
w(351,6,1,2003)
r(351,6,1,2003)
r(351,6,8,2005)
w(348,1,8,2005)
r(351,6,8,2005)
w(352,3,8,2005)
r(351,6,8,2005)
w(351,7,8,2005)
r(348,1,8,2005)
w(351,8,8,2005)
r(353,0,3,2007)
r(353,0,3,2007)
w(353,1,3,2007)
w(348,2,3,2007)
r(353,1,3,2007)
w(353,2,3,2007)
r(353,2,3,2007)
r(348,2,3,2007)
r(353,2,1,2009)
r(353,2,1,2009)
r(353,2,1,2009)
r(348,2,1,2009)
w(353,3,1,2009)
w(352,4,2,2011)
w(353,4,2,2011)
r(332,7,2,2011)
w(353,5,2,2011)
w(352,5,0,2013)
r(352,5,0,2013)
r(352,5,0,2013)
r(352,5,0,2013)
r(353,5,0,2013)
w(353,6,0,2013)
w(353,7,0,2013)
r(352,5,7,2015)
w(348,3,7,2015)
r(353,7,7,2015)
w(353,8,7,2015)
r(352,5,7,2015)
r(332,7,7,2015)
r(354,0,1,2017)
w(354,1,1,2017)
w(348,4,1,2017)
w(346,2,1,2017)
r(348,4,4,2021)
w(352,7,4,2021)
r(354,1,4,2021)
w(348,5,4,2021)
r(354,1,4,2021)
r(352,7,4,2021)
w(348,6,3,2023)
r(348,6,3,2023)
r(354,1,3,2023)
r(352,7,3,2023)
w(352,8,2,2025)
r(354,1,2,2025)
r(354,1,2,2025)
r(354,1,2,2025)
w(354,6,2,2025)
r(348,6,2,2025)
w(354,7,2,2027)
w(354,8,2,2027)
r(352,8,2,2027)
r(355,0,2,2027)
w(355,1,2,2027)
w(355,2,2,2027)
w(348,7,3,2029)
r(355,2,3,2029)
r(355,2,3,2029)
w(356,1,3,2029)
r(348,7,3,2029)
r(355,2,3,2029)
r(356,1,3,2029)
w(348,8,2,2031)
w(355,3,2,2031)
r(355,3,2,2031)
r(355,3,2,2031)
w(355,4,2,2031)
w(357,1,9,2033)
w(355,5,9,2033)
w(357,2,9,2033)
r(357,2,9,2033)
r(355,5,9,2033)
r(356,1,9,2033)
w(356,2,0,2035)
r(357,2,0,2035)
r(357,2,0,2035)
r(356,2,0,2035)
w(357,3,0,2035)
r(356,2,0,2035)
r(357,3,0,2035)
r(356,2,0,2035)
r(356,2,7,2038)
r(355,5,7,2038)
w(332,8,7,2038)
w(355,6,7,2038)
w(355,7,7,2038)
r(355,7,7,2038)
w(355,8,7,2038)
w(356,3,7,2038)
r(332,8,6,2041)
r(356,3,6,2041)
w(346,3,6,2041)
w(346,4,6,2041)
r(358,0,6,2041)
r(332,8,6,2041)
w(358,4,7,2043)
w(358,5,7,2043)
w(356,6,7,2043)
r(357,3,7,2043)
w(358,6,7,2043)
w(356,7,6,2045)
r(356,7,6,2045)
r(356,7,6,2045)
w(358,7,6,2045)
w(356,8,8,2047)
r(332,8,8,2047)
r(346,4,8,2047)
r(359,0,8,2047)
r(358,7,8,2047)
r(359,0,6,2049)
w(359,1,6,2049)
r(346,4,6,2049)
w(358,8,6,2049)
w(359,2,4,2051)
r(358,8,4,2051)
r(357,3,4,2051)
r(332,8,4,2051)
r(358,8,4,2051)
r(359,2,4,2051)
r(359,2,8,2053)
w(357,4,8,2053)
w(359,3,8,2053)
r(360,0,8,2053)
r(346,4,8,2053)
w(360,1,8,2053)
r(360,1,8,2053)
r(360,1,8,2053)
r(357,4,2,2056)
r(360,1,2,2056)
r(359,3,2,2056)
r(332,8,2,2056)
w(360,2,2,2056)
w(360,3,2,2056)
r(360,1,8,2057)
w(357,5,8,2057)
r(359,3,8,2057)
w(357,6,8,2057)
r(360,1,8,2057)
r(360,1,8,2057)
w(360,4,9,2059)
w(357,7,9,2059)
w(360,5,9,2059)
r(359,3,9,2059)
r(360,5,9,2059)
w(360,6,1,2061)
w(359,4,1,2061)
w(357,8,1,2061)
r(359,4,1,2061)
w(359,5,1,2061)
r(359,5,1,2061)
w(361,1,1,2061)
w(359,6,9,2063)
w(346,5,9,2063)
r(357,8,9,2063)
r(359,6,9,2063)
w(359,7,9,2063)
r(360,6,9,2063)
r(360,6,9,2063)
w(360,7,9,2063)
w(359,8,8,2065)
w(360,8,8,2065)
r(362,0,8,2065)
w(362,1,8,2065)
r(361,1,8,2065)
w(363,1,3,2067)
r(357,8,3,2067)
r(362,1,3,2067)
w(362,2,3,2067)
