r(4,0,5,6)
w(4,1,5,6)
w(4,2,5,6)
r(3,0,5,6)
w(4,3,5,6)
w(4,4,5,6)
w(4,5,5,6)
w(1,1,5,6)
r(3,0,2,8)
r(3,0,2,8)
r(3,0,2,8)
w(3,1,2,8)
r(4,0,2,8)
r(5,0,6,12)
r(3,1,6,12)
w(5,2,6,12)
r(5,2,6,12)
w(3,4,6,12)
r(1,1,6,12)
r(5,2,2,16)
w(1,3,2,16)
w(5,5,2,16)
w(5,6,2,16)
r(3,4,5,20)
r(6,0,5,20)
r(3,4,5,20)
w(3,6,5,20)
r(6,0,5,20)
r(0,0,9,23)
w(1,4,9,23)
r(6,0,9,23)
w(2,5,9,23)
r(6,0,9,23)
w(3,8,6,29)
w(6,3,6,29)
w(6,4,6,29)
w(6,5,6,29)
r(7,0,8,31)
r(7,0,8,31)
r(7,0,8,31)
r(7,0,8,31)
r(7,0,8,31)
w(7,3,8,31)
r(8,0,8,31)
r(1,4,8,31)
r(7,3,7,34)
r(8,0,7,34)
r(0,0,7,34)
w(7,4,7,34)
r(7,4,7,37)
r(2,5,7,37)
r(7,4,7,37)
w(7,6,7,37)
w(7,7,0,42)
w(8,3,0,42)
r(7,7,0,42)
w(7,8,0,42)
r(7,8,0,42)
r(1,4,9,44)
w(9,2,9,44)
r(8,0,9,44)
w(9,3,9,44)
w(10,1,9,44)
r(9,0,3,46)
r(8,3,3,46)
r(8,3,3,46)
w(8,5,3,46)
r(8,5,3,46)
r(8,5,3,46)
w(9,4,6,49)
r(9,4,6,49)
r(1,4,6,49)
w(9,5,6,49)
w(9,6,6,49)
w(8,6,6,49)
r(8,6,6,49)
w(8,8,5,51)
r(11,0,5,51)
w(11,1,5,51)
w(11,2,5,51)
w(11,3,5,51)
w(10,2,9,54)
r(11,3,9,54)
w(11,4,9,54)
r(11,4,9,54)
r(11,4,9,54)
r(11,4,9,54)
r(11,4,9,54)
r(1,4,9,54)
r(10,2,3,57)
r(10,2,3,57)
r(11,4,3,57)
r(11,4,3,57)
w(12,4,3,57)
r(12,4,8,63)
r(10,2,8,63)
w(11,8,8,63)
r(11,8,8,63)
r(0,0,8,63)
w(13,1,8,63)
w(12,5,8,63)
r(13,1,8,63)
r(1,4,1,68)
w(13,5,1,68)
r(13,5,1,68)
r(13,5,1,68)
w(0,1,1,68)
r(13,5,9,73)
w(13,8,9,73)
w(12,8,9,73)
r(13,8,9,73)
w(1,8,9,73)
w(14,1,9,73)
w(10,7,9,73)
w(15,1,9,73)
w(10,8,2,79)
w(14,2,2,79)
w(14,3,2,79)
w(0,2,2,79)
r(14,1,4,84)
r(15,1,4,84)
w(15,6,4,84)
r(15,6,4,84)
r(15,6,4,84)
r(17,0,4,84)
w(15,7,4,84)
r(18,0,1,86)
r(16,0,1,86)
r(14,3,1,86)
w(14,8,1,86)
r(18,0,1,86)
r(16,0,7,91)
r(18,0,7,91)
w(16,4,7,91)
w(16,5,7,91)
r(18,0,7,91)
r(17,0,9,98)
w(19,2,9,98)
w(17,2,9,98)
w(19,3,9,98)
w(20,1,9,98)
w(19,5,7,102)
r(20,1,7,102)
r(20,1,7,102)
r(0,2,7,102)
r(20,1,4,106)
w(20,4,4,106)
w(17,3,4,106)
r(19,5,4,106)
w(20,5,4,106)
r(16,5,4,106)
r(20,5,4,106)
r(20,5,4,106)
w(22,1,8,112)
w(20,7,8,112)
w(20,8,8,112)
w(21,2,8,112)
w(23,1,8,112)
w(23,2,8,112)
w(17,4,8,112)
r(17,4,6,114)
r(21,2,6,114)
r(21,2,6,114)
w(0,5,6,114)
r(23,2,7,117)
w(21,3,7,117)
w(22,3,7,117)
r(21,3,7,117)
r(21,3,7,117)
w(23,5,7,117)
r(23,5,7,124)
r(21,3,7,124)
w(21,4,7,124)
w(22,4,7,124)
r(24,0,0,129)
w(21,7,0,129)
r(24,0,0,129)
r(22,4,0,129)
w(21,8,0,129)
r(21,8,0,129)
w(24,8,2,135)
w(25,1,2,135)
w(25,2,2,135)
w(25,3,2,135)
w(22,7,2,135)
w(25,4,2,135)
r(22,7,2,135)
r(27,0,8,140)
r(22,7,8,140)
r(27,0,8,140)
r(22,7,8,140)
r(17,4,8,140)
w(27,3,4,141)
w(27,4,4,141)
w(27,5,4,141)
w(26,5,4,141)
w(27,6,4,141)
r(27,6,4,141)
r(17,4,2,144)
r(27,6,2,144)
w(27,7,2,144)
w(27,8,2,144)
r(27,8,2,144)
w(26,6,2,144)
r(28,0,2,144)
r(28,0,4,145)
r(28,0,4,145)
w(0,7,4,145)
r(28,0,4,145)
w(28,1,9,147)
r(17,4,9,147)
w(26,7,9,147)
r(17,4,9,147)
w(28,2,9,147)
r(26,7,9,147)
r(28,2,9,147)
w(26,8,3,149)
r(17,4,3,149)
r(28,2,3,149)
w(28,3,3,149)
r(28,3,8,152)
r(28,3,8,152)
r(28,3,8,152)
r(29,0,8,152)
w(28,4,2,156)
r(26,8,2,156)
w(28,5,2,156)
w(28,6,2,156)
r(28,6,2,156)
w(30,1,2,156)
r(29,0,9,160)
r(0,7,9,160)
w(31,3,9,160)
r(31,3,9,160)
w(31,4,9,160)
r(31,4,9,160)
w(30,3,4,168)
r(30,3,4,168)
r(31,4,4,168)
w(31,5,4,168)
w(30,4,4,168)
w(31,6,4,168)
r(29,0,4,168)
w(30,5,4,168)
r(34,0,0,175)
r(33,0,0,175)
w(29,5,0,175)
w(34,3,0,175)
r(33,0,0,175)
r(34,3,0,175)
r(33,0,0,175)
r(35,0,9,177)
w(35,1,9,177)
r(35,1,9,177)
r(32,0,9,177)
r(35,1,9,177)
w(35,2,4,180)
w(35,3,4,180)
w(29,6,4,180)
r(35,3,4,180)
w(34,4,4,180)
w(35,6,1,184)
r(35,6,1,184)
r(35,6,1,184)
r(34,4,1,184)
w(35,7,1,184)
r(34,4,9,186)
r(34,4,9,186)
r(34,4,9,186)
r(35,7,9,186)
w(32,1,4,188)
w(29,8,4,188)
w(34,6,4,188)
r(34,6,4,188)
w(34,7,4,188)
w(35,8,4,188)
r(0,7,8,190)
w(36,1,8,190)
r(36,1,8,190)
w(36,2,8,190)
w(36,3,8,190)
r(36,3,4,194)
r(36,3,4,194)
w(36,4,4,194)
r(36,4,4,194)
w(32,2,4,194)
w(36,5,4,194)
r(34,7,4,194)
w(38,1,9,200)
r(38,1,9,200)
r(39,0,9,200)
w(32,4,9,200)
w(39,1,9,200)
w(37,1,9,200)
w(39,2,9,200)
w(39,8,5,207)
w(40,1,5,207)
w(40,2,5,207)
r(40,2,5,207)
w(40,3,5,207)
r(38,1,5,207)
r(37,1,5,207)
w(40,4,5,207)
r(40,4,6,211)
r(0,7,6,211)
r(37,1,6,211)
w(38,5,6,211)
w(38,6,6,211)
r(32,4,2,214)
r(40,4,2,214)
r(37,1,2,214)
w(0,8,2,214)
w(41,1,2,214)
r(37,1,2,214)
r(37,1,2,214)
r(41,1,2,214)
r(41,0,8,215)
r(41,0,8,215)
r(41,0,8,215)
r(41,0,8,215)
w(32,5,8,215)
w(32,8,3,221)
r(41,1,3,221)
r(38,6,3,221)
r(38,6,3,221)
w(41,4,3,221)
r(37,1,3,221)
w(37,4,3,221)
r(41,4,3,221)
r(41,4,8,224)
w(37,5,8,224)
r(37,5,8,224)
r(37,5,8,224)
r(41,4,2,225)
r(41,4,2,225)
w(43,2,2,225)
r(41,4,2,225)
w(41,8,9,227)
w(38,7,9,227)
r(41,8,9,227)
r(44,0,9,227)
w(44,1,9,227)
r(44,1,9,227)
r(44,1,5,229)
w(38,8,5,229)
w(44,2,5,229)
w(37,6,5,229)
r(44,2,5,229)
r(38,8,7,236)
w(44,6,7,236)
r(37,6,7,236)
w(45,1,7,236)
w(44,7,7,236)
w(43,3,7,236)
w(37,8,7,236)
w(46,2,8,242)
w(43,5,8,242)
r(45,1,8,242)
w(46,3,8,242)
w(46,4,8,242)
r(46,4,8,242)
r(46,4,8,242)
r(45,1,8,242)
r(46,4,8,246)
w(47,2,8,246)
r(43,5,8,246)
w(45,5,8,246)
r(43,5,8,246)
r(46,4,8,246)
r(43,5,8,246)
r(45,5,8,246)
w(48,1,1,250)
r(43,5,1,250)
r(48,1,1,250)
r(43,5,1,250)
w(43,6,1,250)
w(42,1,1,250)
r(42,1,8,253)
r(47,2,8,253)
r(43,6,8,253)
w(43,7,8,253)
r(48,1,8,253)
r(47,2,9,257)
r(48,1,9,257)
r(45,5,9,257)
w(43,8,9,257)
r(48,1,9,257)
w(48,6,8,259)
r(43,8,8,259)
r(48,6,8,259)
r(42,1,8,259)
r(48,6,8,259)
r(48,6,8,259)
w(48,8,6,264)
r(48,8,6,264)
w(49,3,6,264)
r(49,3,6,264)
w(50,1,3,266)
w(50,2,3,266)
w(50,3,3,266)
r(47,2,3,266)
r(50,3,3,266)
r(50,3,2,269)
r(49,3,2,269)
r(49,3,2,269)
w(50,7,2,269)
w(50,8,1,272)
r(49,3,1,272)
r(47,2,1,272)
r(52,0,1,272)
r(52,0,1,272)
r(49,3,1,272)
r(52,0,1,272)
w(47,4,1,272)
r(49,3,5,276)
w(51,1,5,276)
w(49,4,5,276)
w(52,1,5,276)
r(52,1,5,276)
w(51,2,5,276)
r(52,1,5,276)
w(47,5,5,276)
r(52,1,4,278)
w(52,2,4,278)
r(52,2,4,278)
r(49,4,4,278)
r(49,4,4,278)
w(49,6,4,278)
r(47,5,4,278)
r(52,2,7,281)
r(52,2,7,281)
r(49,6,7,281)
r(52,2,7,281)
r(49,6,4,284)
r(49,6,4,284)
w(52,4,4,284)
w(52,5,4,284)
r(52,5,0,287)
w(47,7,0,287)
r(53,0,0,287)
w(53,1,0,287)
w(53,2,0,287)
r(53,2,0,287)
r(53,2,0,287)
r(54,0,6,289)
w(42,2,6,289)
r(42,2,6,289)
r(53,2,6,289)
r(54,0,6,289)
r(53,2,6,289)
r(53,2,6,289)
r(51,2,7,297)
w(53,3,7,297)
w(53,4,7,297)
r(53,4,7,297)
w(54,1,7,297)
w(54,2,7,297)
r(47,7,7,297)
w(56,1,5,300)
r(56,1,5,300)
r(55,0,5,300)
w(55,2,5,300)
w(56,2,5,300)
w(55,3,5,300)
r(55,3,5,300)
w(55,5,0,305)
r(56,2,0,305)
r(55,5,0,305)
w(51,5,0,305)
r(55,5,0,305)
w(55,6,0,305)
r(55,6,0,307)
r(54,2,0,307)
w(56,3,0,307)
w(55,8,0,307)
r(57,0,0,307)
w(56,5,8,311)
r(57,0,8,311)
r(56,5,8,311)
w(57,2,8,311)
r(57,2,8,311)
r(51,5,1,314)
r(57,2,1,314)
w(57,3,1,314)
r(54,2,1,314)
w(54,8,1,314)
w(57,4,1,314)
r(58,0,8,318)
w(56,7,8,318)
w(56,8,8,318)
w(57,6,8,318)
w(42,3,8,318)
w(51,6,8,318)
w(57,7,8,318)
r(57,7,8,318)
w(59,1,1,323)
r(58,0,1,323)
w(58,4,1,323)
r(58,4,1,323)
w(59,2,1,323)
r(59,2,1,323)
r(59,2,1,323)
r(58,4,1,323)
r(59,2,5,325)
r(58,4,5,325)
r(59,2,5,325)
w(59,4,5,325)
w(51,7,6,328)
w(59,5,6,328)
w(58,7,6,328)
r(59,5,6,328)
w(59,6,6,328)
r(58,7,0,331)
r(56,8,0,331)
w(60,2,0,331)
r(58,7,0,331)
r(58,7,0,331)
r(60,2,8,338)
r(58,7,8,338)
w(60,5,8,338)
w(60,6,8,338)
w(60,7,8,338)
r(60,7,8,338)
r(56,8,8,338)
w(42,4,8,338)
r(61,0,7,339)
r(60,2,7,339)
r(42,3,7,339)
r(60,2,7,339)
w(61,1,7,339)
r(63,0,5,341)
w(61,2,5,341)
r(61,2,5,341)
w(62,1,5,341)
w(63,1,5,341)
r(61,2,5,341)
r(61,2,5,341)
r(61,2,5,341)
r(56,8,7,343)
r(63,1,7,343)
r(63,1,7,343)
r(61,2,7,343)
r(63,1,7,343)
r(63,1,7,343)
r(61,2,7,343)
w(61,3,5,346)
r(61,3,5,346)
w(61,4,5,346)
w(61,5,5,346)
w(63,2,5,346)
r(64,0,5,346)
w(63,3,5,346)
w(63,4,5,346)
r(63,4,0,349)
w(62,3,0,349)
r(63,4,0,349)
r(63,4,0,349)
w(61,7,5,351)
w(63,7,5,351)
r(61,7,5,351)
r(62,3,5,351)
r(65,0,2,354)
r(64,0,2,354)
r(61,7,2,354)
r(65,0,2,354)
r(65,0,2,354)
r(61,7,2,354)
r(65,0,2,354)
r(61,7,2,354)
r(64,0,8,355)
r(63,7,8,355)
r(61,7,8,355)
w(62,4,8,355)
w(63,8,8,355)
r(63,8,8,355)
r(64,0,1,358)
r(65,0,1,358)
r(65,0,1,358)
w(64,1,1,358)
w(61,8,1,358)
r(61,8,1,358)
r(65,0,6,363)
w(65,2,6,363)
r(65,2,6,363)
r(65,2,6,363)
r(65,2,6,363)
w(66,1,6,363)
w(66,2,6,363)
w(65,7,2,369)
r(65,7,2,369)
r(65,7,2,369)
w(66,3,2,369)
r(64,1,6,370)
r(65,2,6,370)
r(65,2,6,370)
r(64,1,6,370)
r(67,0,0,372)
r(66,3,0,372)
r(67,0,0,372)
r(66,3,0,372)
w(65,8,3,373)
r(67,0,3,373)
r(67,0,3,373)
r(67,0,3,373)
w(67,1,3,373)
r(42,4,9,376)
w(66,4,9,376)
w(64,3,9,376)
r(67,1,9,376)
r(67,1,5,378)
w(67,2,5,378)
r(66,4,5,378)
w(64,4,5,378)
r(67,2,5,378)
w(67,3,5,378)
r(67,3,5,378)
w(66,6,0,385)
r(66,6,0,385)
r(66,6,0,385)
r(66,6,0,385)
w(67,6,0,385)
w(66,7,0,385)
w(67,8,2,387)
r(64,4,2,387)
r(66,7,2,387)
r(67,8,2,387)
r(66,7,2,387)
r(67,8,7,389)
r(67,8,7,389)
r(64,4,7,389)
r(66,7,7,389)
r(66,7,9,392)
w(66,8,9,392)
r(68,0,9,392)
r(68,0,9,392)
r(64,4,9,392)
w(62,7,9,392)
r(62,4,1,394)
r(64,4,1,394)
r(68,0,1,394)
r(66,7,1,394)
w(68,1,1,394)
r(68,1,1,398)
r(64,4,1,398)
r(68,1,1,398)
w(69,1,1,398)
r(69,1,1,398)
r(42,4,1,398)
r(64,4,1,398)
w(69,2,1,398)
w(64,7,8,402)
r(68,1,8,402)
w(68,3,8,402)
r(68,3,8,402)
r(68,3,8,402)
w(69,3,8,402)
w(68,4,8,402)
r(68,4,0,405)
w(69,5,0,405)
w(69,6,0,405)
r(69,6,0,405)
r(68,4,0,405)
w(64,8,0,405)
r(68,4,0,405)
r(62,7,3,409)
r(70,0,3,409)
w(70,1,3,409)
r(70,1,3,409)
r(71,0,4,410)
w(71,1,4,410)
r(62,7,4,410)
w(42,5,4,410)
w(70,2,0,413)
w(62,8,0,413)
w(71,4,0,413)
r(71,4,0,413)
r(70,2,8,416)
r(70,2,8,416)
r(71,4,8,416)
w(70,3,8,416)
r(71,4,8,416)
r(70,2,2,417)
w(71,5,2,417)
r(71,5,2,417)
r(62,8,2,417)
r(70,2,2,417)
r(62,8,2,417)
w(71,6,3,424)
r(71,6,3,424)
r(70,3,3,424)
w(70,4,3,424)
w(71,7,3,424)
r(70,4,3,424)
w(42,6,3,424)
r(70,4,3,424)
r(71,5,2,425)
w(72,1,2,425)
r(42,5,2,425)
r(71,5,2,425)
r(71,5,2,425)
w(70,7,2,429)
r(73,0,2,429)
r(70,7,2,429)
r(73,0,2,429)
w(72,3,2,429)
w(72,4,2,429)
r(73,0,2,429)
w(73,1,2,429)
r(73,1,6,431)
w(72,5,6,431)
w(73,4,6,431)
w(73,5,6,431)
r(73,5,6,435)
r(73,5,6,435)
r(70,7,6,435)
r(70,7,6,435)
w(73,6,6,435)
r(73,6,6,435)
w(73,7,6,435)
w(72,6,0,436)
r(42,6,0,436)
w(72,7,0,436)
w(42,7,0,436)
r(73,5,0,436)
w(74,1,5,437)
w(73,8,5,437)
r(74,1,5,437)
w(74,2,5,437)
r(75,0,0,439)
r(74,2,0,439)
w(75,1,0,439)
r(74,2,0,439)
w(75,2,0,439)
w(74,3,0,439)
w(75,3,0,441)
w(75,4,0,441)
w(72,8,0,441)
w(75,5,0,441)
w(75,6,0,441)
w(76,1,8,444)
r(74,3,8,444)
r(74,3,8,444)
w(75,7,8,444)
r(77,0,8,444)
r(75,7,8,444)
w(77,1,8,444)
r(75,7,8,444)
r(76,1,9,448)
r(74,3,9,448)
r(78,0,9,448)
w(78,2,9,448)
w(78,3,9,448)
r(78,3,9,448)
w(77,2,6,453)
w(79,1,6,453)
r(79,1,6,453)
r(74,3,6,453)
r(74,3,6,453)
r(79,1,6,453)
r(78,3,4,454)
r(77,1,4,454)
w(42,8,4,454)
w(78,8,4,454)
r(78,8,4,454)
r(78,8,4,454)
w(76,3,4,454)
r(79,0,4,454)
r(79,1,4,459)
r(79,1,4,459)
r(79,1,4,459)
w(79,6,4,459)
r(76,3,4,459)
r(74,3,5,465)
r(74,3,5,465)
w(80,3,5,465)
w(80,4,5,465)
w(80,5,5,465)
w(80,8,4,467)
r(80,8,4,467)
r(80,8,4,467)
w(74,6,4,467)
w(74,7,6,470)
w(76,7,6,470)
r(76,7,6,470)
r(82,0,6,470)
r(82,0,6,470)
r(82,0,2,473)
r(82,0,2,473)
w(82,4,2,473)
r(83,0,2,473)
r(77,2,2,473)
r(82,4,2,473)
r(82,4,2,473)
w(82,5,6,480)
r(83,0,6,480)
r(82,5,6,480)
w(76,8,6,480)
r(82,5,6,480)
w(82,6,6,480)
r(82,6,6,480)
r(77,2,8,482)
w(81,1,8,482)
r(84,0,8,482)
w(84,2,8,482)
r(84,2,5,484)
r(84,2,5,484)
w(83,4,5,484)
w(83,5,5,484)
r(76,8,9,485)
r(83,5,9,485)
w(84,3,9,485)
w(84,4,9,485)
w(84,5,8,489)
w(83,6,8,489)
w(83,7,8,489)
w(83,8,8,489)
w(85,1,8,489)
r(84,5,8,489)
r(85,1,5,492)
r(85,1,5,492)
w(87,2,5,492)
r(87,2,5,492)
w(85,2,0,493)
w(85,3,0,493)
w(77,3,0,493)
r(86,0,0,493)
r(87,2,3,495)
r(85,3,3,495)
w(87,3,3,495)
r(87,3,3,495)
r(87,3,3,495)
r(87,3,4,501)
w(87,6,4,501)
r(85,3,4,501)
w(87,7,4,501)
w(85,6,0,504)
r(88,0,0,504)
w(85,7,0,504)
r(88,0,0,504)
w(88,4,7,505)
r(88,4,7,505)
w(88,5,7,505)
w(77,4,7,505)
w(86,4,7,510)
w(86,5,7,510)
w(89,1,7,510)
w(89,2,7,510)
w(89,3,7,510)
r(86,5,7,510)
w(89,6,2,515)
w(90,1,2,515)
w(77,6,2,515)
r(77,6,2,515)
r(89,6,2,515)
r(90,1,7,523)
w(91,1,7,523)
r(86,5,7,523)
w(91,2,7,523)
w(91,3,7,523)
r(86,5,7,523)
w(91,4,7,523)
w(90,5,7,523)
w(92,2,0,528)
w(93,1,0,528)
w(86,7,0,528)
w(77,8,0,528)
w(96,1,6,535)
w(94,1,6,535)
w(96,2,6,535)
r(96,2,6,535)
r(93,1,2,536)
w(93,5,2,536)
w(93,6,2,536)
r(94,0,2,536)
r(95,0,2,536)
w(93,7,2,536)
w(93,8,2,536)
r(96,2,3,539)
r(94,1,3,539)
r(96,2,3,539)
r(92,2,3,539)
w(96,4,7,542)
w(96,5,7,542)
r(95,0,7,542)
r(96,5,7,542)
w(96,6,7,542)
r(95,0,7,542)
w(96,7,7,542)
r(96,7,7,542)
w(92,4,6,543)
w(96,8,6,543)
r(94,1,6,543)
r(92,4,6,543)
r(92,4,6,543)
w(92,5,6,543)
r(94,1,0,545)
r(81,1,0,545)
w(92,6,0,545)
r(94,1,0,545)
w(94,3,0,545)
r(92,6,8,554)
r(94,3,8,554)
r(92,6,8,554)
w(92,8,8,554)
r(97,0,8,554)
r(92,8,8,554)
w(98,1,8,554)
w(94,4,8,554)
w(81,4,7,556)
w(97,5,7,556)
r(98,0,7,556)
w(97,6,7,556)
w(97,7,7,556)
w(98,3,4,560)
r(98,3,4,560)
w(99,1,4,560)
w(99,2,4,560)
w(94,6,4,560)
r(99,2,0,568)
w(98,7,0,568)
w(94,7,0,568)
r(99,2,0,568)
r(98,7,0,568)
r(95,0,0,568)
r(99,2,0,568)
w(98,8,0,568)
r(100,0,6,570)
r(100,0,6,570)
r(101,0,6,570)
r(100,0,6,570)
w(100,3,6,570)
r(100,3,6,570)
r(101,0,7,574)
r(100,3,7,574)
w(100,4,7,574)
w(95,7,7,574)
r(95,7,7,574)
r(100,4,7,574)
r(95,0,4,577)
r(101,0,4,577)
r(100,3,4,577)
r(100,3,4,577)
r(100,3,4,577)
w(101,1,4,577)
w(102,1,4,577)
w(102,2,4,577)
r(100,4,2,580)
w(100,6,2,580)
r(100,6,2,580)
w(101,3,2,580)
w(100,7,2,580)
r(95,7,2,580)
r(81,4,2,580)
r(100,7,2,580)
w(100,8,0,581)
w(101,4,0,581)
r(100,8,0,581)
r(100,8,0,581)
r(103,0,0,581)
w(101,5,9,583)
r(103,0,9,583)
r(101,5,9,583)
r(103,0,9,583)
w(103,1,9,583)
r(102,2,9,583)
r(103,1,5,586)
w(101,6,5,586)
w(95,8,5,586)
r(81,4,5,586)
r(103,1,5,586)
w(103,2,5,586)
r(101,6,8,587)
w(101,7,8,587)
r(102,2,8,587)
r(103,2,8,587)
w(103,3,8,587)
w(103,4,8,587)
w(101,8,0,590)
r(103,4,0,590)
r(102,2,0,590)
r(101,8,0,590)
w(103,6,9,593)
r(103,6,9,593)
r(103,6,9,593)
r(101,8,9,593)
r(103,6,9,593)
r(102,2,8,600)
r(103,6,8,600)
r(102,2,8,600)
r(103,6,8,600)
w(103,7,7,601)
r(103,7,7,601)
w(103,8,7,601)
r(103,8,7,601)
r(103,8,7,601)
r(103,8,7,601)
r(102,2,7,601)
r(105,0,4,604)
w(105,1,4,604)
w(102,5,4,604)
w(105,2,4,604)
w(106,3,7,610)
r(105,2,7,610)
r(106,3,7,610)
w(81,6,7,610)
w(106,4,7,610)
w(106,5,7,610)
r(81,6,9,613)
w(106,8,9,613)
w(107,1,9,613)
w(107,2,9,613)
w(107,3,9,613)
w(105,7,3,617)
w(107,8,3,617)
r(102,5,3,617)
r(105,7,3,617)
w(102,7,3,617)
r(107,8,3,617)
r(104,0,3,617)
r(81,6,3,617)
w(108,4,6,623)
w(108,5,6,623)
r(109,0,6,623)
r(104,0,6,623)
r(109,0,4,626)
w(111,1,4,626)
r(109,0,4,626)
w(111,2,4,626)
w(111,3,4,626)
w(104,1,4,626)
r(109,0,4,626)
r(110,0,4,626)
w(110,2,1,630)
w(109,2,1,630)
r(111,3,1,630)
r(111,3,1,630)
r(111,3,9,633)
w(111,6,9,633)
r(110,0,9,633)
r(110,0,9,633)
r(110,0,9,633)
w(81,8,9,633)
r(110,0,9,633)
r(112,0,6,637)
w(110,4,6,637)
w(110,5,6,637)
r(112,0,6,637)
w(104,2,6,637)
w(112,1,6,637)
w(112,2,6,637)
w(104,3,1,639)
r(112,2,1,639)
w(109,3,1,639)
r(110,5,1,639)
w(109,4,2,641)
r(110,5,2,641)
w(112,3,2,641)
r(104,3,2,641)
r(112,3,2,641)
r(104,3,2,641)
w(112,4,2,645)
r(109,4,2,645)
w(112,5,2,645)
w(110,7,2,645)
w(112,6,2,645)
w(112,7,2,645)
r(112,7,2,645)
r(110,7,4,649)
r(112,7,4,649)
w(109,5,4,649)
r(104,3,4,649)
r(112,7,4,649)
r(115,0,4,651)
r(114,0,4,651)
r(115,0,4,651)
r(114,0,4,651)
w(109,7,4,651)
r(113,0,3,653)
r(114,0,3,653)
r(114,0,3,653)
w(113,1,3,653)
r(115,0,3,653)
r(115,0,2,660)
w(114,2,2,660)
r(115,0,2,660)
r(115,0,2,660)
w(115,2,8,661)
r(115,2,8,661)
w(115,3,8,661)
r(115,3,8,661)
w(114,3,8,666)
w(115,8,8,666)
r(115,8,8,666)
r(115,8,8,666)
r(115,8,8,666)
r(115,8,8,666)
r(115,8,8,666)
r(116,0,8,666)
w(114,5,9,673)
w(116,3,9,673)
r(116,3,9,673)
r(109,7,9,673)
w(116,4,9,673)
w(114,6,9,673)
w(114,7,9,673)
w(113,2,1,676)
r(114,7,1,676)
r(104,3,1,676)
w(116,7,1,676)
r(117,0,7,681)
r(118,0,7,681)
r(117,0,7,681)
w(104,8,7,681)
r(109,7,6,682)
r(117,0,6,682)
r(118,0,6,682)
w(118,1,6,682)
r(118,1,6,682)
w(109,8,6,682)
w(117,4,4,688)
w(118,4,4,688)
r(117,4,4,688)
w(118,5,4,688)
w(117,7,1,691)
r(118,5,1,691)
r(118,5,1,691)
r(118,5,1,691)
r(118,5,1,691)
w(119,2,3,694)
w(117,8,3,694)
r(117,8,3,694)
w(119,3,3,694)
r(119,3,3,694)
r(118,5,3,694)
r(117,8,3,694)
r(120,0,9,698)
w(120,2,9,698)
w(120,3,9,698)
r(120,3,9,698)
r(121,0,7,703)
r(113,2,7,703)
w(120,5,7,703)
w(122,1,7,703)
w(121,1,7,703)
r(121,1,7,706)
r(122,1,7,706)
r(123,0,7,706)
r(123,0,7,706)
w(122,2,2,711)
r(121,1,2,711)
w(122,3,2,711)
w(123,1,2,711)
w(123,2,2,711)
r(123,2,2,711)
r(123,2,2,711)
w(123,3,2,711)
w(121,5,3,723)
r(123,3,3,723)
w(124,1,3,723)
r(124,1,3,723)
r(121,5,3,723)
w(124,2,3,723)
w(124,3,3,723)
r(113,2,3,723)
w(121,6,8,725)
r(122,3,8,725)
r(121,6,8,725)
w(124,8,8,725)
w(121,7,8,725)
r(125,0,0,734)
w(125,4,0,734)
w(125,5,0,734)
r(126,0,0,734)
r(125,5,0,734)
r(121,7,0,734)
w(125,6,0,734)
r(121,7,0,734)
r(128,0,7,737)
w(127,1,7,737)
w(127,2,7,737)
w(127,3,7,737)
r(128,0,7,737)
r(127,3,7,737)
w(127,4,7,737)
r(128,0,7,737)
w(128,1,8,741)
w(128,2,8,741)
w(128,3,8,741)
w(126,1,8,741)
w(128,4,8,741)
r(113,2,8,741)
w(122,7,8,741)
w(128,5,8,741)
w(127,6,9,742)
r(127,6,9,742)
w(127,7,9,742)
r(126,0,9,742)
w(129,4,9,748)
r(130,0,9,748)
w(130,2,9,748)
w(129,5,9,748)
w(130,3,9,748)
w(129,6,9,748)
r(129,6,9,748)
w(122,8,9,748)
w(126,4,5,752)
r(131,0,5,752)
w(131,1,5,752)
w(126,5,5,752)
w(126,6,5,752)
r(126,6,5,752)
w(129,8,5,752)
w(131,2,5,752)
w(131,3,1,756)
w(131,4,1,756)
w(131,5,1,756)
w(132,4,1,756)
r(132,4,1,756)
w(132,5,1,756)
r(131,5,1,756)
r(132,5,1,756)
w(131,7,7,760)
r(131,7,7,760)
r(131,7,7,760)
r(131,7,7,760)
r(126,6,7,760)
r(131,7,7,760)
w(131,8,7,760)
w(132,8,7,760)
r(126,6,9,762)
r(126,6,9,762)
w(133,1,9,762)
r(133,1,9,762)
w(134,1,9,762)
r(134,1,9,762)
r(113,2,9,762)
r(133,1,5,767)
w(134,5,5,767)
w(134,6,5,767)
w(134,7,5,767)
w(136,1,5,767)
w(133,3,5,767)
r(133,3,5,767)
r(134,7,9,776)
r(133,3,9,776)
r(134,7,9,776)
r(133,3,9,776)
r(137,0,9,776)
w(137,1,9,776)
r(137,1,9,776)
w(137,2,9,776)
w(136,5,7,777)
w(133,4,7,777)
r(138,0,7,777)
w(133,5,7,777)
r(133,5,7,777)
w(138,1,9,779)
w(133,6,9,779)
r(133,6,9,779)
r(138,1,9,779)
w(138,2,3,781)
r(138,2,3,781)
r(136,5,3,781)
r(138,2,3,781)
r(133,6,3,781)
r(136,5,1,786)
w(138,3,1,786)
w(138,4,1,786)
w(138,5,1,786)
w(138,6,1,786)
w(133,7,1,786)
r(133,7,1,786)
r(133,7,2,791)
r(113,2,2,791)
r(139,0,2,791)
r(139,0,2,791)
r(139,0,2,791)
w(139,1,2,791)
w(139,2,2,791)
w(133,8,2,791)
w(142,4,4,807)
r(142,4,4,807)
w(143,1,4,807)
r(113,2,4,807)
w(135,2,6,808)
r(139,2,6,808)
w(140,7,6,808)
r(139,2,6,808)
r(139,2,6,808)
w(140,8,6,808)
r(135,0,1,809)
r(141,0,1,809)
w(141,3,1,809)
w(141,4,1,809)
w(141,5,1,809)
r(141,5,1,809)
r(142,4,2,813)
r(143,1,2,813)
r(142,4,2,813)
r(113,2,2,813)
w(143,3,5,814)
w(143,4,5,814)
r(143,4,5,814)
r(142,4,5,814)
w(143,5,5,814)
r(142,4,8,816)
r(135,2,8,816)
w(143,6,8,816)
r(142,4,8,816)
w(142,5,8,816)
w(143,7,6,818)
w(143,8,6,818)
r(144,0,6,818)
r(142,5,6,818)
w(142,8,7,834)
r(144,0,7,834)
r(144,0,7,834)
r(144,0,7,834)
r(145,0,7,834)
w(146,1,7,834)
w(147,8,7,837)
w(145,5,7,837)
r(145,5,7,837)
w(146,7,7,837)
r(146,7,7,837)
r(148,0,7,841)
w(148,1,7,841)
w(146,8,7,841)
r(148,1,7,841)
w(145,6,7,841)
r(148,1,7,841)
w(149,1,7,841)
w(144,2,6,842)
r(144,2,6,842)
r(142,8,6,842)
w(144,3,6,842)
r(113,2,6,842)
r(135,2,6,842)
w(142,7,6,842)
w(144,4,6,842)
w(145,8,7,845)
r(149,1,7,845)
w(149,3,7,845)
w(149,4,7,845)
r(148,1,7,845)
w(149,5,7,845)
r(148,1,7,845)
r(148,1,7,845)
w(148,6,6,849)
r(148,6,6,849)
r(135,2,6,849)
r(149,1,6,849)
r(148,6,6,849)
w(148,7,6,849)
r(149,1,6,849)
r(150,0,1,855)
r(145,8,1,855)
r(149,5,1,855)
w(150,2,1,855)
w(150,3,1,855)
w(150,4,1,855)
r(150,4,1,855)
r(152,0,3,860)
w(152,1,3,860)
r(151,0,3,860)
r(151,0,3,860)
w(152,2,3,860)
r(147,8,0,861)
r(147,8,0,861)
w(147,5,0,861)
r(113,2,0,861)
r(147,5,0,861)
r(151,0,0,867)
r(151,0,0,867)
w(154,2,0,867)
w(153,2,0,867)
r(153,2,0,867)
r(135,2,0,867)
w(154,3,0,867)
r(153,2,0,867)
w(145,4,9,870)
w(135,4,9,870)
r(146,8,9,870)
r(147,5,9,870)
w(146,4,9,870)
w(154,7,9,875)
r(153,2,9,875)
r(153,2,9,875)
w(151,8,9,875)
r(153,2,9,875)
r(153,2,7,877)
w(155,1,7,877)
w(153,3,7,877)
r(151,8,7,877)
w(154,8,0,880)
r(154,8,0,880)
r(154,8,0,880)
w(155,2,0,880)
r(154,8,6,882)
r(154,8,6,882)
r(154,8,6,882)
w(113,6,6,882)
r(153,3,6,882)
w(153,4,6,882)
r(113,6,7,888)
r(113,6,7,888)
w(157,1,7,888)
r(153,4,7,888)
w(157,2,7,888)
r(156,0,6,891)
w(156,3,6,891)
r(153,4,6,891)
w(113,7,6,891)
w(155,4,6,891)
r(153,4,6,891)
w(146,3,8,895)
w(147,7,8,895)
r(145,4,8,895)
r(145,4,8,895)
r(147,7,8,895)
w(157,7,1,898)
w(157,8,1,898)
w(155,6,1,898)
r(157,8,1,898)
r(157,8,1,898)
r(156,3,1,898)
r(153,4,3,901)
w(156,4,3,901)
r(113,7,3,901)
r(158,0,3,901)
w(158,1,3,901)
w(158,2,3,901)
w(156,5,3,901)
w(153,5,1,914)
w(159,1,1,914)
w(158,8,1,914)
r(160,0,1,914)
r(159,1,1,914)
w(160,1,1,914)
r(155,6,1,914)
r(160,1,1,914)
r(159,1,6,920)
r(161,0,6,920)
w(161,1,6,920)
w(161,2,6,920)
w(155,7,6,920)
w(163,2,5,927)
w(164,1,5,927)
w(163,3,5,927)
r(162,0,5,927)
w(155,8,5,927)
r(164,1,5,927)
r(162,0,5,927)
w(165,2,5,935)
r(162,0,5,935)
r(113,7,5,935)
w(165,3,5,935)
r(165,3,5,935)
r(164,1,9,936)
w(164,6,9,936)
w(163,6,9,936)
w(164,7,9,936)
r(163,6,9,936)
r(164,7,9,936)
r(164,7,9,936)
w(163,7,9,936)
r(165,3,9,942)
r(162,0,9,942)
r(165,3,9,942)
r(166,0,9,942)
r(162,0,9,942)
w(167,2,9,942)
r(167,2,9,942)
w(168,1,1,947)
r(168,1,1,947)
w(168,2,1,947)
r(168,2,1,947)
w(168,3,1,947)
r(168,3,1,947)
r(162,0,3,950)
w(168,6,3,950)
r(168,6,3,950)
w(167,3,3,950)
w(168,7,3,950)
w(167,5,2,957)
r(169,0,2,957)
w(167,6,2,957)
r(162,0,2,957)
w(169,1,2,957)
r(169,1,2,957)
w(169,2,2,957)
w(167,7,2,957)
r(169,2,6,959)
r(169,2,6,959)
r(169,2,6,959)
r(169,2,6,959)
w(162,4,7,965)
w(169,5,7,965)
w(169,6,7,965)
w(166,3,7,965)
r(169,2,0,967)
r(166,0,0,967)
r(167,7,0,967)
r(169,2,0,967)
r(169,2,0,967)
r(169,2,0,967)
r(171,0,7,973)
r(162,4,7,973)
w(162,5,7,973)
r(171,0,7,973)
r(171,0,7,973)
w(113,8,7,973)
r(171,0,7,973)
r(162,4,1,975)
w(170,2,1,975)
r(171,0,1,975)
w(170,3,1,975)
w(171,6,1,975)
w(170,4,1,975)
w(171,7,1,975)
w(170,5,0,979)
w(172,2,0,979)
w(162,7,0,979)
w(170,6,0,979)
w(172,3,3,984)
r(113,8,3,984)
w(170,8,3,984)
w(172,4,3,984)
w(172,5,3,984)
r(172,5,3,984)
r(174,0,2,987)
r(173,0,2,987)
r(172,5,2,987)
w(173,1,2,987)
w(166,5,2,987)
w(174,3,4,991)
w(175,1,4,991)
w(173,2,4,991)
w(173,3,4,991)
w(175,2,4,991)
w(174,6,7,996)
r(173,3,7,996)
w(175,6,7,996)
w(175,7,7,996)
w(175,8,7,996)
w(166,7,1,998)
w(176,1,1,998)
w(173,4,1,998)
r(174,3,1,998)
w(176,2,1,998)
r(176,2,1,998)
r(113,8,9,1002)
r(176,2,9,1002)
r(174,6,9,1002)
r(176,2,9,1002)
w(176,6,9,1002)
w(176,7,9,1002)
r(176,7,9,1002)
r(166,7,9,1002)
w(177,1,3,1007)
w(177,2,3,1007)
w(173,6,3,1007)
r(177,2,3,1007)
r(177,2,3,1007)
r(173,6,3,1007)
r(177,2,3,1007)
r(177,2,8,1010)
w(177,6,8,1010)
r(177,6,8,1010)
r(113,8,8,1010)
w(177,7,8,1010)
r(173,6,2,1011)
r(177,7,2,1011)
w(173,7,2,1011)
w(178,1,2,1011)
w(177,8,9,1014)
w(173,8,9,1014)
r(173,8,9,1014)
r(179,0,9,1014)
r(180,0,9,1014)
r(179,0,9,1014)
r(178,1,9,1014)
w(178,2,9,1014)
w(180,2,3,1017)
w(180,3,3,1017)
r(173,8,3,1017)
r(180,3,3,1017)
r(180,3,3,1017)
r(178,2,3,1017)
w(180,4,1,1019)
w(179,1,1,1019)
w(180,5,1,1019)
r(179,1,1,1019)
w(178,4,4,1021)
r(113,8,4,1021)
r(180,5,4,1021)
w(178,5,4,1021)
r(180,5,4,1021)
r(178,5,0,1023)
w(178,6,0,1023)
r(180,5,0,1023)
w(178,7,0,1023)
r(178,7,0,1023)
w(180,6,0,1023)
w(180,7,0,1025)
r(179,1,0,1025)
w(180,8,0,1025)
w(182,1,0,1025)
r(178,7,5,1028)
r(182,1,5,1028)
w(182,2,5,1028)
r(182,2,5,1028)
r(179,1,5,1028)
w(179,2,5,1028)
w(182,3,5,1028)
w(182,4,5,1028)
w(183,1,3,1031)
r(181,0,3,1031)
w(182,7,3,1031)
r(182,7,3,1031)
w(181,1,3,1031)
r(182,7,2,1033)
r(184,0,2,1033)
w(182,8,2,1033)
w(184,1,2,1033)
w(183,2,2,1033)
w(183,3,2,1033)
r(185,0,2,1035)
w(185,1,2,1035)
w(185,2,2,1035)
w(185,3,2,1035)
r(185,3,2,1037)
r(185,3,2,1037)
r(185,3,2,1037)
w(185,4,2,1037)
r(184,1,2,1037)
r(185,4,2,1037)
w(185,5,1,1042)
w(185,6,1,1042)
w(179,4,1,1042)
w(185,7,1,1042)
r(185,7,1,1042)
w(186,3,2,1044)
w(186,4,2,1044)
w(186,5,2,1044)
r(184,1,2,1044)
w(184,3,4,1046)
w(186,6,4,1046)
w(186,7,4,1046)
r(186,7,4,1046)
w(183,4,4,1046)
w(187,1,4,1051)
w(184,6,4,1051)
w(184,7,4,1051)
r(187,1,4,1051)
r(187,1,1,1053)
r(184,7,1,1053)
r(183,4,1,1053)
r(184,7,1,1053)
r(187,1,1,1053)
r(184,7,9,1056)
r(184,7,9,1056)
r(183,4,9,1056)
r(184,7,9,1056)
r(187,1,0,1057)
w(187,4,0,1057)
r(184,7,0,1057)
r(184,7,0,1057)
w(187,5,0,1060)
r(184,7,0,1060)
r(184,7,0,1060)
w(187,6,0,1060)
w(187,7,0,1060)
w(183,6,0,1060)
r(188,0,0,1063)
r(188,0,0,1063)
r(188,0,0,1063)
r(189,0,0,1063)
r(188,0,0,1063)
w(189,1,0,1063)
w(188,1,0,1066)
r(189,1,0,1066)
w(188,2,0,1066)
w(183,8,0,1066)
w(188,3,0,1066)
w(188,4,0,1066)
r(188,4,0,1066)
r(189,1,0,1066)
r(188,4,8,1069)
r(188,4,8,1069)
w(188,7,8,1069)
w(188,8,8,1069)
r(190,0,2,1072)
w(189,4,2,1072)
w(181,2,2,1072)
w(191,1,2,1072)
r(189,4,2,1072)
r(191,1,2,1072)
w(190,1,2,1072)
r(191,1,8,1075)
r(190,1,8,1075)
r(191,1,8,1075)
w(189,7,8,1075)
r(190,1,4,1079)
w(191,4,4,1079)
r(179,4,4,1079)
r(191,4,4,1079)
w(191,5,4,1079)
r(191,5,4,1079)
r(189,7,4,1079)
w(191,6,4,1079)
r(191,6,2,1081)
r(192,0,2,1081)
w(190,2,2,1081)
w(190,3,2,1081)
r(189,7,2,1081)
w(192,1,2,1081)
r(190,3,2,1081)
r(192,1,2,1081)
r(192,1,5,1088)
r(192,1,5,1088)
w(192,5,5,1088)
r(192,5,5,1088)
w(192,6,5,1088)
w(193,1,5,1088)
w(193,2,5,1088)
w(192,7,5,1088)
w(195,2,6,1095)
w(195,3,6,1095)
r(193,2,6,1095)
w(195,4,6,1095)
r(193,2,6,1095)
r(193,2,3,1099)
r(193,2,3,1099)
r(193,2,3,1099)
r(195,4,3,1099)
r(195,4,3,1099)
w(195,7,3,1099)
w(193,7,0,1103)
r(190,3,0,1103)
w(195,8,0,1103)
r(179,4,0,1103)
w(190,6,0,1103)
r(190,6,8,1106)
r(193,7,8,1106)
r(190,6,8,1106)
w(196,1,8,1106)
w(196,2,8,1106)
r(195,8,3,1111)
r(195,8,3,1111)
w(196,4,3,1111)
w(196,5,3,1111)
w(196,6,3,1111)
w(197,1,3,1111)
w(197,2,3,1111)
r(190,6,3,1111)
r(197,2,7,1113)
w(196,8,7,1113)
r(197,2,7,1113)
r(197,2,7,1113)
r(198,0,7,1113)
r(199,0,7,1125)
r(179,4,7,1125)
r(199,0,7,1125)
w(200,5,7,1125)
w(200,6,7,1125)
w(198,4,7,1125)
w(200,7,7,1125)
r(179,4,7,1125)
w(181,5,6,1126)
w(181,6,6,1126)
r(201,0,6,1126)
r(201,0,6,1126)
r(179,4,6,1126)
w(201,1,1,1133)
r(201,1,1,1133)
r(201,1,1,1133)
r(202,0,1,1133)
w(199,3,1,1133)
w(199,4,1,1133)
r(201,0,0,1134)
w(198,6,0,1134)
w(198,7,0,1134)
r(199,0,0,1134)
r(201,0,0,1134)
r(201,0,0,1134)
w(201,2,5,1136)
r(201,2,5,1136)
r(201,2,5,1136)
w(201,3,5,1136)
r(181,6,5,1136)
w(201,7,7,1142)
r(201,7,7,1142)
w(199,7,7,1142)
r(199,7,7,1142)
w(202,1,7,1142)
r(199,7,7,1142)
r(204,0,0,1143)
r(203,0,0,1143)
w(204,1,0,1143)
r(205,0,0,1143)
w(203,5,0,1143)
w(204,3,4,1148)
w(204,4,4,1148)
r(204,4,4,1148)
w(205,2,4,1148)
w(205,3,1,1155)
r(205,3,1,1155)
r(205,3,1,1155)
r(205,3,1,1155)
r(202,1,1,1155)
r(205,3,1,1155)
r(205,3,5,1160)
r(207,0,5,1160)
r(202,1,5,1160)
w(205,6,5,1160)
w(207,2,2,1163)
r(205,3,2,1163)
r(207,2,2,1163)
w(207,3,2,1163)
r(205,3,2,1163)
w(207,4,2,1163)
r(205,3,2,1163)
w(207,7,5,1168)
r(205,6,5,1168)
r(206,0,5,1168)
w(207,8,5,1168)
w(202,5,5,1168)
w(206,1,5,1168)
w(205,7,5,1168)
r(205,7,5,1168)
r(208,0,4,1172)
r(206,1,4,1172)
r(208,0,4,1172)
r(208,0,4,1172)
w(208,3,0,1173)
w(208,4,0,1173)
r(209,0,0,1173)
w(208,5,0,1173)
r(208,5,0,1173)
w(209,1,0,1173)
w(208,6,0,1173)
r(208,6,0,1173)
w(208,7,4,1175)
w(202,7,4,1175)
r(208,7,4,1175)
w(208,8,4,1175)
r(208,8,4,1175)
w(209,2,4,1175)
w(210,1,9,1179)
r(202,7,9,1179)
r(206,1,9,1179)
r(210,1,9,1179)
r(210,1,9,1179)
w(210,2,9,1179)
r(210,2,9,1179)
w(202,8,9,1179)
r(210,2,2,1184)
r(206,1,2,1184)
r(210,2,2,1184)
r(202,8,2,1184)
w(212,3,7,1189)
w(206,6,7,1189)
w(212,4,7,1189)
w(209,6,7,1189)
w(209,7,7,1189)
w(212,6,0,1195)
w(209,8,0,1195)
w(212,7,0,1195)
r(212,7,0,1195)
r(212,7,0,1195)
w(206,8,0,1195)
w(214,2,3,1201)
w(213,1,3,1201)
w(214,3,3,1201)
r(213,1,3,1201)
w(214,4,3,1201)
r(215,0,3,1201)
w(214,5,3,1201)
w(214,6,3,1201)
w(217,3,3,1208)
w(213,7,3,1208)
w(217,4,3,1208)
w(213,8,3,1208)
w(217,5,3,1208)
r(217,5,3,1208)
w(217,6,3,1208)
r(213,8,0,1211)
r(216,0,0,1211)
w(217,8,0,1211)
r(217,8,0,1211)
r(218,0,0,1211)
r(211,0,0,1211)
r(211,0,6,1212)
r(218,0,6,1212)
r(218,0,6,1212)
w(219,1,6,1212)
r(218,0,6,1212)
w(218,1,1,1218)
r(218,1,1,1218)
w(215,5,1,1218)
r(218,1,1,1218)
w(218,2,1,1218)
w(218,3,1,1218)
r(218,3,1,1218)
w(219,3,3,1223)
w(215,7,3,1223)
w(218,8,3,1223)
r(219,3,3,1223)
r(218,8,3,1223)
w(215,8,3,1223)
r(220,0,7,1227)
r(220,0,7,1227)
r(220,0,7,1227)
r(219,3,7,1227)
w(219,4,7,1227)
r(220,0,7,1227)
w(220,2,2,1230)
w(220,3,2,1230)
w(220,4,2,1230)
w(216,1,2,1230)
r(220,4,2,1230)
r(219,1,2,1230)
w(220,5,2,1230)
r(215,5,2,1230)
r(219,4,6,1231)
w(219,5,6,1231)
r(219,5,6,1231)
r(220,0,6,1231)
r(219,5,9,1234)
r(211,0,9,1234)
w(222,1,9,1234)
w(222,2,9,1234)
w(221,2,0,1237)
w(219,7,0,1237)
r(216,1,0,1237)
r(222,2,0,1237)
w(222,4,3,1240)
r(221,2,3,1240)
w(222,5,3,1240)
w(221,3,3,1240)
r(219,7,3,1240)
w(219,8,3,1240)
w(222,7,9,1244)
w(211,1,9,1244)
r(222,7,9,1244)
r(223,0,9,1244)
r(222,7,9,1244)
w(222,8,9,1244)
r(222,8,9,1244)
r(221,3,6,1246)
w(223,1,6,1246)
r(221,3,6,1246)
r(222,5,6,1246)
w(221,5,6,1246)
w(224,1,7,1249)
r(221,3,7,1249)
w(211,2,7,1249)
w(224,2,7,1249)
r(224,2,7,1249)
w(224,3,7,1249)
r(224,3,7,1249)
w(224,4,7,1249)
w(224,6,8,1259)
r(224,6,8,1259)
w(223,3,8,1259)
r(221,5,8,1259)
w(223,4,8,1259)
w(221,6,8,1259)
r(225,0,8,1264)
r(225,0,8,1264)
w(226,1,8,1264)
w(226,2,8,1264)
w(223,8,8,1264)
r(226,2,8,1264)
r(226,2,5,1270)
w(226,4,5,1270)
r(223,8,5,1270)
r(226,4,5,1270)
r(227,0,5,1270)
r(227,0,5,1270)
w(227,1,5,1270)
w(229,1,7,1275)
w(228,1,7,1275)
w(228,2,7,1275)
r(227,1,7,1275)
r(229,1,7,1275)
w(227,4,1,1279)
r(229,1,1,1279)
w(228,5,1,1279)
r(227,4,1,1279)
w(227,5,5,1283)
w(229,5,5,1283)
r(229,5,5,1283)
w(229,6,5,1283)
w(229,7,5,1283)
w(227,6,5,1283)
r(227,6,5,1283)
r(229,7,5,1283)
w(211,7,7,1287)
r(227,6,7,1287)
r(230,0,7,1287)
r(216,1,7,1287)
r(230,0,7,1287)
w(230,1,7,1287)
r(230,1,7,1287)
w(230,2,7,1287)
w(228,6,0,1288)
r(230,0,0,1288)
w(227,8,0,1288)
r(231,0,0,1288)
r(228,6,0,1288)
r(231,0,0,1288)
r(231,0,2,1290)
w(230,3,2,1290)
w(230,4,2,1290)
w(230,5,2,1290)
r(230,5,2,1290)
r(230,5,2,1290)
w(230,6,2,1290)
r(230,6,2,1290)
r(230,6,8,1294)
w(216,5,8,1294)
w(228,7,8,1294)
r(231,0,8,1294)
r(230,6,8,1294)
w(232,1,1,1295)
r(232,1,1,1295)
r(232,1,1,1295)
w(231,1,1,1295)
w(232,2,0,1298)
w(232,3,0,1298)
w(228,8,0,1298)
w(232,4,0,1298)
w(211,8,0,1298)
r(232,4,0,1298)
r(231,1,0,1298)
r(232,4,0,1298)
r(232,4,5,1303)
w(232,7,5,1303)
w(231,2,5,1303)
r(231,2,5,1303)
w(233,1,5,1303)
w(234,4,2,1309)
w(234,5,2,1309)
r(234,5,2,1309)
w(234,6,2,1309)
w(216,6,2,1309)
w(234,7,2,1309)
r(234,7,2,1309)
w(236,2,2,1313)
r(236,2,2,1313)
r(231,2,2,1313)
w(236,3,2,1313)
r(236,3,0,1315)
r(236,3,0,1315)
r(236,3,0,1315)
r(236,3,0,1315)
w(237,1,2,1319)
w(235,2,2,1319)
w(236,4,2,1319)
w(236,5,2,1319)
r(236,5,2,1319)
w(237,2,2,1319)
r(237,2,0,1322)
r(236,5,0,1322)
w(237,4,0,1322)
w(237,5,0,1322)
r(235,2,0,1322)
w(237,6,0,1322)
r(237,2,7,1324)
r(237,2,7,1324)
r(237,2,7,1324)
w(236,8,7,1324)
r(235,2,7,1324)
r(238,0,7,1324)
w(233,3,7,1324)
r(238,0,5,1326)
r(238,0,5,1326)
r(238,0,5,1326)
w(237,7,5,1326)
r(238,0,5,1326)
r(238,0,5,1326)
w(235,3,5,1326)
r(237,7,5,1326)
r(238,0,4,1330)
r(238,0,4,1330)
r(238,0,4,1330)
w(238,1,4,1330)
w(237,8,2,1333)
r(235,3,2,1333)
r(238,0,2,1333)
r(238,0,2,1333)
w(235,5,5,1339)
r(239,0,5,1339)
r(235,5,5,1339)
r(238,1,5,1339)
w(216,7,5,1339)
w(239,3,5,1339)
r(238,1,0,1340)
r(239,0,0,1340)
w(238,5,0,1340)
w(238,6,0,1340)
w(239,6,5,1343)
w(238,7,5,1343)
r(239,6,5,1343)
r(238,7,5,1343)
r(238,7,5,1343)
w(238,8,9,1345)
r(238,8,9,1345)
w(239,7,9,1345)
w(239,8,9,1345)
w(240,1,6,1348)
w(240,2,6,1348)
r(235,5,6,1348)
r(239,8,6,1348)
w(235,8,6,1348)
r(233,3,6,1348)
w(241,1,6,1348)
r(233,3,6,1348)
r(235,8,8,1351)
r(241,1,8,1351)
r(235,8,8,1351)
r(241,1,8,1351)
r(240,2,8,1351)
r(240,2,8,1351)
r(241,1,8,1351)
r(241,1,3,1354)
r(240,2,3,1354)
r(240,2,3,1354)
r(240,2,3,1354)
w(240,4,6,1355)
w(240,5,6,1355)
r(241,1,6,1355)
r(241,1,6,1355)
r(240,5,6,1355)
w(240,6,6,1355)
r(241,1,6,1355)
w(240,7,6,1360)
r(233,3,6,1360)
w(240,8,6,1360)
w(233,6,6,1360)
r(235,8,6,1360)
w(241,4,6,1360)
w(242,1,6,1360)
w(242,6,1,1367)
r(243,0,1,1367)
r(241,4,1,1367)
w(242,7,1,1367)
w(243,2,1,1367)
r(243,2,1,1367)
r(233,6,1,1367)
w(244,4,4,1371)
r(243,2,4,1371)
w(244,5,4,1371)
w(233,7,4,1371)
w(244,8,6,1375)
r(233,7,6,1375)
w(246,1,6,1375)
w(246,2,6,1375)
r(216,7,6,1375)
r(245,0,6,1375)
r(246,2,6,1375)
w(246,3,6,1375)
w(245,3,0,1377)
w(245,4,0,1377)
r(246,3,0,1377)
r(246,3,0,1377)
r(243,2,0,1377)
w(243,4,2,1383)
w(245,5,2,1383)
r(245,5,2,1383)
w(243,5,2,1383)
w(243,6,2,1383)
r(246,3,2,1383)
r(245,5,2,1383)
r(245,4,9,1387)
w(247,1,9,1387)
w(248,3,9,1387)
w(248,4,9,1387)
w(248,5,9,1387)
r(245,4,9,1387)
r(246,3,9,1387)
w(250,3,5,1389)
w(250,4,5,1389)
w(250,5,5,1389)
r(248,0,5,1389)
w(248,7,8,1391)
w(248,8,8,1391)
w(245,8,8,1391)
r(245,8,8,1391)
r(248,8,8,1391)
r(250,5,1,1396)
w(251,1,1,1396)
r(250,5,1,1396)
w(249,3,1,1396)
r(250,5,1,1396)
r(251,1,1,1396)
w(250,6,5,1401)
w(250,7,5,1401)
w(249,4,5,1401)
w(251,5,5,1401)
r(251,5,5,1401)
r(252,0,5,1401)
r(251,5,5,1401)
r(250,7,5,1401)
w(251,6,8,1405)
r(252,0,8,1405)
w(247,2,8,1405)
r(249,4,8,1405)
r(251,6,8,1405)
w(253,2,8,1405)
r(253,2,3,1409)
w(253,3,3,1409)
r(251,6,3,1409)
r(252,0,3,1409)
w(253,4,3,1409)
r(253,4,3,1409)
r(254,0,5,1411)
r(254,0,5,1411)
r(249,4,5,1411)
r(253,2,5,1411)
r(253,2,5,1411)
w(254,1,5,1411)
w(252,2,5,1411)
r(255,0,5,1417)
r(255,0,5,1417)
r(255,0,5,1417)
w(255,1,5,1417)
r(247,2,5,1417)
r(255,1,5,1417)
w(255,2,5,1417)
r(255,2,5,1417)
r(254,1,2,1419)
r(255,2,2,1419)
w(255,3,2,1419)
r(247,2,2,1419)
r(247,2,2,1419)
r(254,1,2,1419)
w(255,4,8,1434)
w(255,5,8,1434)
r(255,5,8,1434)
w(254,4,8,1434)
w(255,6,8,1434)
w(258,5,8,1436)
w(258,6,8,1436)
w(258,7,8,1436)
w(258,8,8,1436)
w(257,4,8,1436)
w(249,8,8,1436)
w(257,5,8,1436)
r(258,8,8,1438)
r(258,8,8,1438)
r(252,2,8,1438)
r(258,8,8,1438)
r(258,8,8,1438)
w(260,1,8,1438)
w(260,2,8,1438)
w(252,7,8,1440)
r(260,2,8,1440)
r(257,5,8,1440)
r(260,2,8,1440)
r(257,5,8,1440)
r(247,2,8,1440)
r(260,2,8,1440)
w(260,3,8,1440)
w(257,6,8,1442)
w(260,4,8,1442)
w(260,5,8,1442)
w(260,6,8,1442)
r(257,6,8,1444)
w(247,5,8,1444)
r(259,0,8,1444)
w(252,8,8,1444)
w(257,7,8,1444)
r(260,6,8,1444)
w(247,6,8,1450)
r(257,7,8,1450)
r(257,7,8,1450)
w(260,7,8,1450)
r(257,7,8,1450)
w(257,8,8,1450)
w(260,8,8,1450)
r(262,0,1,1452)
r(262,0,1,1452)
r(261,0,1,1452)
w(263,2,1,1452)
r(263,2,1,1452)
r(263,0,8,1454)
r(263,0,8,1454)
r(263,0,8,1454)
w(262,2,8,1454)
w(262,3,6,1456)
r(247,6,6,1456)
w(263,3,6,1456)
r(262,3,6,1456)
w(247,7,1,1461)
w(263,4,1,1461)
r(262,3,1,1461)
r(263,4,1,1461)
r(261,0,1,1461)
w(263,5,1,1461)
r(259,0,3,1463)
r(262,3,3,1463)
r(262,3,3,1463)
r(263,5,3,1463)
r(261,0,3,1463)
r(258,8,5,1465)
w(258,4,5,1465)
r(252,2,5,1465)
r(257,0,5,1465)
r(264,0,5,1468)
w(264,1,5,1468)
r(261,0,5,1468)
r(262,3,5,1468)
w(264,2,5,1468)
r(247,7,5,1471)
r(261,0,5,1471)
r(262,3,5,1471)
r(264,2,5,1471)
w(261,1,5,1471)
r(264,2,5,1471)
r(264,2,8,1477)
r(262,3,8,1477)
w(264,3,8,1477)
r(262,3,8,1477)
w(264,4,8,1477)
w(259,1,8,1477)
r(264,4,8,1477)
w(262,4,8,1477)
w(262,6,5,1482)
r(262,6,5,1482)
w(265,2,5,1482)
r(261,1,5,1482)
w(265,3,5,1482)
w(265,7,3,1486)
w(262,8,3,1486)
r(262,8,3,1486)
r(265,7,3,1486)
r(265,7,6,1493)
r(265,7,6,1493)
r(268,0,6,1493)
r(268,0,6,1493)
r(268,0,6,1493)
r(268,0,6,1493)
r(267,0,1,1494)
w(267,4,1,1494)
w(268,1,1,1494)
r(261,1,1,1494)
r(259,1,1,1494)
r(268,1,1,1494)
w(261,2,8,1501)
r(267,4,8,1501)
r(268,1,8,1501)
w(268,2,8,1501)
w(268,3,8,1501)
w(267,5,8,1501)
r(269,0,0,1504)
r(269,0,0,1504)
r(269,0,0,1504)
w(269,4,0,1504)
w(269,5,0,1504)
r(269,5,5,1507)
r(267,5,5,1507)
w(261,4,5,1507)
w(269,6,5,1507)
w(269,7,5,1507)
r(269,7,5,1507)
w(270,2,14,1514)
w(270,3,14,1514)
r(261,4,14,1514)
w(270,4,14,1514)
r(270,4,14,1514)
r(259,1,14,1514)
r(270,4,14,1514)
w(259,6,14,1517)
w(270,8,14,1517)
w(261,7,14,1517)
r(271,0,14,1517)
r(267,5,14,1517)
r(266,0,14,1517)
r(267,5,1,1519)
r(271,0,1,1519)
w(271,1,1,1519)
w(271,2,1,1519)
r(271,2,19,1524)
w(271,3,19,1524)
r(266,0,19,1524)
r(261,7,19,1524)
w(261,8,19,1524)
r(271,2,6,1528)
r(271,2,6,1528)
w(266,2,6,1528)
r(259,6,6,1528)
r(271,2,6,1528)
r(272,0,6,1528)
r(272,0,6,1528)
r(271,2,6,1528)
w(274,2,0,1533)
r(272,0,0,1533)
w(273,1,0,1533)
w(274,3,0,1533)
w(273,2,0,1533)
w(274,7,7,1541)
w(273,3,7,1541)
r(274,7,7,1541)
w(273,4,7,1541)
r(274,7,7,1541)
w(276,2,8,1543)
w(272,7,8,1543)
w(273,7,8,1543)
r(276,2,8,1543)
r(276,2,8,1543)
w(276,4,19,1546)
w(276,5,19,1546)
r(276,5,19,1546)
r(276,5,19,1546)
r(273,7,19,1546)
r(277,0,19,1546)
w(276,6,14,1552)
w(278,1,14,1552)
w(276,7,14,1552)
r(276,7,14,1552)
w(276,8,14,1552)
r(277,0,14,1552)
w(277,1,14,1552)
r(277,1,0,1556)
r(279,0,0,1556)
r(279,0,0,1556)
r(275,0,0,1556)
w(279,7,0,1556)
r(279,7,0,1556)
r(279,7,0,1556)
w(277,4,7,1562)
w(280,2,7,1562)
r(277,4,7,1562)
w(280,3,7,1562)
w(280,4,7,1562)
w(280,5,7,1562)
w(280,6,7,1562)
r(281,0,19,1565)
r(281,0,19,1565)
w(281,6,19,1565)
w(281,7,19,1565)
r(277,4,2,1568)
r(278,1,2,1568)
r(281,7,2,1568)
r(275,0,2,1568)
r(281,7,2,1568)
w(277,6,2,1568)
r(277,6,19,1570)
r(277,6,19,1570)
w(277,7,19,1570)
w(278,3,19,1570)
r(277,7,19,1570)
r(282,0,14,1576)
w(282,1,14,1576)
r(266,2,14,1576)
w(282,2,14,1576)
w(282,3,14,1576)
r(282,3,6,1580)
r(277,7,6,1580)
r(282,3,6,1580)
w(266,4,6,1580)
w(283,1,6,1580)
r(275,0,6,1580)
r(283,1,6,1580)
w(283,2,6,1580)
r(278,3,7,1586)
r(283,2,7,1586)
r(283,2,7,1586)
w(283,7,7,1586)
r(284,0,7,1586)
r(284,0,8,1587)
r(283,2,8,1587)
w(278,5,8,1587)
w(284,1,8,1587)
w(275,6,8,1587)
w(284,2,8,1587)
w(284,3,2,1592)
r(266,4,2,1592)
w(283,8,2,1592)
w(284,4,2,1592)
w(284,5,2,1592)
w(285,1,2,1592)
r(278,5,2,1592)
r(285,1,14,1595)
r(278,5,14,1595)
r(285,1,14,1595)
w(275,7,14,1595)
w(285,4,14,1599)
r(286,0,14,1599)
w(275,8,14,1599)
r(285,4,14,1599)
r(278,5,14,1599)
w(286,1,14,1599)
r(286,1,14,1599)
w(286,3,7,1601)
r(286,3,7,1601)
r(287,0,7,1601)
r(287,0,7,1601)
r(285,4,7,1601)
r(286,3,7,1601)
r(288,0,19,1604)
w(288,1,19,1604)
w(286,4,19,1604)
w(266,5,19,1604)
r(285,4,19,1604)
r(285,4,19,1604)
w(286,5,19,1604)
w(285,8,14,1612)
w(286,8,14,1612)
w(287,2,14,1612)
r(289,0,14,1612)
r(287,2,14,1612)
w(287,3,14,1612)
r(290,0,14,1612)
w(290,6,8,1617)
r(289,0,8,1617)
w(266,6,8,1617)
r(288,1,8,1617)
r(289,0,8,1617)
r(288,1,8,1617)
w(290,7,8,1617)
r(290,7,8,1624)
r(290,7,8,1624)
r(288,1,8,1624)
w(288,4,8,1624)
w(266,7,8,1624)
w(291,1,8,1624)
w(290,8,8,1624)
w(266,8,2,1632)
r(289,0,2,1632)
r(289,0,2,1632)
r(293,0,2,1632)
w(293,1,2,1632)
r(292,0,2,1632)
w(291,2,2,1632)
w(293,2,2,1632)
r(293,2,6,1635)
w(292,7,6,1635)
r(293,2,6,1635)
w(293,7,6,1635)
w(293,8,6,1635)
w(294,1,5,1638)
w(292,8,5,1638)
r(294,1,5,1638)
w(294,2,5,1638)
r(292,8,5,1638)
w(291,4,5,1638)
w(294,3,5,1638)
w(295,2,2,1643)
r(294,3,2,1643)
w(291,5,2,1643)
r(291,5,2,1643)
w(295,3,2,1643)
w(295,4,5,1646)
r(295,4,5,1646)
r(294,3,5,1646)
r(295,4,5,1646)
r(294,3,5,1646)
w(297,1,3,1651)
r(295,4,3,1651)
r(295,4,3,1651)
r(296,0,3,1651)
w(297,2,3,1651)
r(297,2,3,1651)
w(288,7,3,1651)
r(295,4,5,1655)
r(297,2,5,1655)
r(297,2,5,1655)
r(297,2,5,1655)
r(297,2,5,1655)
w(295,7,5,1655)
w(295,8,5,1658)
w(298,2,5,1658)
r(295,8,5,1658)
r(298,2,5,1658)
r(295,8,5,1658)
w(288,8,5,1658)
r(297,2,3,1661)
w(297,8,3,1661)
w(300,1,3,1661)
w(298,3,3,1661)
r(298,3,3,1661)
w(300,2,19,1663)
r(298,3,19,1663)
r(300,2,19,1663)
r(298,3,19,1663)
w(301,1,5,1667)
r(300,2,5,1667)
w(301,2,5,1667)
r(300,2,5,1667)
r(300,2,5,1667)
r(301,0,19,1669)
r(298,3,19,1669)
w(300,3,19,1669)
w(300,4,19,1669)
w(299,1,19,1669)
r(301,0,19,1669)
r(300,4,14,1672)
w(301,3,14,1672)
r(298,3,14,1672)
r(300,4,14,1672)
r(300,4,14,1672)
w(301,4,14,1672)
w(301,6,6,1679)
r(300,4,6,1679)
w(300,8,6,1679)
r(301,6,6,1679)
w(301,7,6,1679)
r(300,8,6,1679)
r(300,8,6,1679)
r(296,0,6,1679)
w(302,5,7,1688)
w(303,4,7,1688)
w(303,5,7,1688)
w(303,6,7,1688)
w(303,7,7,1688)
r(298,3,7,1688)
r(302,0,6,1689)
w(298,4,6,1689)
w(304,1,6,1689)
r(302,0,6,1689)
r(302,0,6,1689)
r(299,1,0,1692)
r(302,5,0,1692)
r(302,5,0,1692)
r(304,1,0,1692)
r(302,5,0,1692)
r(298,4,19,1693)
r(302,5,19,1693)
w(304,2,19,1693)
w(302,7,19,1693)
r(302,7,19,1693)
w(302,8,6,1696)
r(302,8,6,1696)
r(304,2,6,1696)
r(304,2,6,1696)
r(302,8,6,1696)
r(298,4,6,1696)
w(298,5,7,1697)
w(304,3,7,1697)
w(298,6,7,1697)
r(302,7,7,1697)
r(302,7,7,1697)
w(298,7,6,1699)
r(298,7,6,1699)
r(298,7,6,1699)
r(302,8,6,1699)
w(304,4,5,1701)
w(304,5,5,1701)
w(296,3,5,1701)
w(305,1,5,1701)
r(305,1,5,1701)
r(298,7,5,1701)
r(304,5,5,1701)
r(305,1,2,1706)
r(305,1,2,1706)
w(305,2,2,1706)
w(299,4,2,1706)
r(305,2,2,1706)
r(305,2,2,1706)
r(304,5,2,1706)
w(299,5,2,1706)
w(299,6,1,1711)
r(304,5,1,1711)
r(304,5,1,1711)
r(296,3,1,1711)
w(304,7,14,1716)
w(306,1,14,1716)
w(306,2,14,1716)
r(306,2,14,1716)
w(306,3,14,1716)
r(306,3,14,1722)
w(309,1,14,1722)
r(308,0,14,1722)
w(309,2,14,1722)
w(311,1,1,1729)
w(308,3,1,1729)
w(311,2,1,1729)
r(311,2,1,1729)
w(311,3,1,1729)
r(296,3,1,1729)
r(308,3,7,1737)
r(312,0,7,1737)
r(308,3,7,1737)
r(307,0,7,1737)
w(312,3,7,1737)
r(312,3,7,1737)
w(310,5,14,1739)
r(312,0,14,1739)
r(307,0,14,1739)
w(310,6,14,1739)
r(312,0,14,1739)
w(296,4,14,1739)
r(312,0,14,1739)
r(307,0,14,1739)
r(312,3,3,1741)
r(307,0,3,1741)
w(310,7,3,1741)
w(312,6,3,1741)
w(312,7,3,1741)
r(307,0,3,1741)
r(310,7,3,1741)
w(313,2,1,1748)
w(313,3,1,1748)
w(313,4,1,1748)
w(313,5,1,1748)
r(313,5,1,1748)
r(313,5,1,1748)
w(310,8,1,1748)
r(316,0,14,1750)
r(316,0,14,1750)
r(307,0,14,1750)
r(314,0,14,1750)
r(314,0,14,1750)
r(307,0,14,1750)
w(316,1,14,1750)
r(307,0,8,1751)
w(316,2,8,1751)
w(315,1,8,1751)
r(316,2,8,1751)
r(316,2,2,1755)
r(314,0,2,1755)
r(316,2,2,1755)
w(314,2,2,1755)
w(314,3,2,1755)
r(314,3,2,1755)
w(316,3,6,1759)
r(316,3,6,1759)
r(307,0,6,1759)
w(315,2,6,1759)
r(314,0,6,1759)
w(316,4,6,1759)
w(307,2,6,1759)
r(314,0,6,1759)
w(316,8,7,1763)
r(316,8,7,1763)
r(317,0,7,1763)
r(317,0,7,1763)
r(317,0,7,1763)
w(317,1,7,1763)
w(317,2,7,1763)
r(317,0,1,1764)
r(314,3,1,1764)
r(315,2,1,1764)
w(307,4,1,1764)
w(314,5,1,1764)
r(315,2,1,1764)
w(317,3,6,1769)
w(317,4,6,1769)
w(315,4,6,1769)
r(317,4,6,1769)
w(317,5,6,1769)
w(315,5,6,1769)
w(307,5,0,1771)
w(314,8,0,1771)
r(318,0,0,1771)
r(318,0,0,1771)
r(315,5,0,1771)
r(315,5,0,1771)
w(318,1,0,1774)
w(319,1,0,1774)
r(307,5,0,1774)
w(319,2,0,1774)
w(318,3,5,1778)
w(315,6,5,1778)
w(318,4,5,1778)
w(318,5,5,1778)
r(318,5,2,1782)
w(319,4,2,1782)
r(319,4,2,1782)
r(318,5,2,1782)
w(319,5,2,1782)
w(296,7,6,1784)
w(318,8,6,1784)
r(318,8,6,1784)
r(318,8,6,1784)
r(318,8,6,1784)
r(307,5,6,1784)
r(319,2,6,1784)
r(320,0,7,1786)
r(320,0,7,1786)
w(315,8,7,1786)
w(320,1,7,1786)
w(319,6,7,1786)
w(320,2,7,1786)
w(307,6,19,1791)
r(320,2,19,1791)
r(319,6,19,1791)
r(320,2,19,1791)
w(319,8,2,1794)
w(307,7,2,1794)
r(307,7,2,1794)
r(320,2,2,1794)
w(320,3,0,1796)
w(320,4,0,1796)
w(320,5,0,1796)
w(320,6,0,1796)
r(307,6,8,1798)
r(321,0,8,1798)
r(321,0,8,1798)
r(315,8,8,1798)
w(321,1,8,1798)
r(307,6,8,1798)
w(321,2,8,1798)
r(321,2,8,1798)
w(322,5,0,1803)
r(315,8,0,1803)
w(321,4,0,1803)
r(322,5,0,1803)
r(322,5,0,1803)
r(322,5,0,1803)
w(324,1,0,1803)
w(322,6,0,1803)
r(322,6,7,1806)
w(321,5,7,1806)
r(321,5,7,1806)
r(322,6,7,1806)
r(321,5,6,1811)
r(326,0,6,1811)
r(321,5,6,1811)
r(326,0,6,1811)
r(323,0,6,1811)
w(325,1,6,1811)
r(321,5,6,1811)
r(321,5,6,1811)
r(321,5,2,1812)
w(321,7,2,1812)
w(321,8,2,1812)
w(326,3,2,1812)
r(326,0,1,1813)
w(327,1,1,1813)
w(327,2,1,1813)
r(327,2,1,1813)
r(326,0,1,1813)
r(327,2,8,1817)
w(326,5,8,1817)
w(326,6,8,1817)
w(327,3,8,1817)
w(326,7,19,1822)
r(327,3,19,1822)
r(327,3,19,1822)
w(327,4,19,1822)
r(327,4,19,1822)
w(327,5,19,1822)
r(327,5,19,1822)
r(327,5,19,1822)
r(327,3,8,1823)
r(327,3,8,1823)
r(328,0,8,1823)
r(328,0,8,1823)
r(328,0,8,1823)
r(324,1,7,1825)
w(327,7,7,1825)
r(327,7,7,1825)
w(327,8,7,1825)
r(327,8,7,1825)
r(324,1,7,1825)
r(327,8,8,1827)
r(327,8,8,1827)
w(328,1,8,1827)
r(327,8,8,1827)
w(325,2,8,1827)
w(324,4,5,1829)
r(329,0,5,1829)
r(329,0,5,1829)
r(329,0,5,1829)
w(324,5,7,1833)
w(329,1,7,1833)
w(323,1,7,1833)
r(324,5,7,1833)
w(328,2,7,1833)
w(329,2,7,1833)
r(329,2,7,1833)
w(328,3,7,1833)
r(329,2,2,1839)
r(329,2,2,1839)
r(324,5,2,1839)
r(329,2,2,1839)
w(329,4,7,1840)
w(329,5,7,1840)
w(325,3,7,1840)
r(329,5,7,1840)
w(328,6,7,1840)
w(329,6,7,1840)
w(329,7,7,1840)
r(330,0,8,1844)
w(330,2,8,1844)
w(330,3,8,1844)
r(328,6,8,1844)
r(330,3,8,1844)
w(328,8,8,1844)
r(328,8,8,1844)
r(328,8,3,1848)
w(330,6,3,1848)
r(330,6,3,1848)
r(328,8,3,1848)
r(324,5,3,1848)
w(330,7,3,1848)
w(323,2,3,1848)
w(324,8,7,1849)
r(330,3,7,1849)
r(331,0,7,1849)
r(330,3,7,1849)
r(333,0,5,1860)
r(331,0,5,1860)
w(331,1,5,1860)
r(331,1,5,1860)
r(331,1,5,1860)
w(325,4,5,1860)
w(323,3,19,1861)
w(330,8,19,1861)
r(323,3,19,1861)
w(332,1,19,1861)
r(332,1,19,1861)
r(333,0,3,1862)
r(333,0,3,1862)
r(325,3,3,1862)
r(331,0,3,1862)
r(331,0,3,1862)
w(334,1,0,1870)
w(323,6,0,1870)
r(334,1,0,1870)
w(323,7,0,1870)
w(325,6,14,1871)
r(333,0,14,1871)
w(332,4,14,1871)
w(333,4,14,1871)
w(332,5,14,1871)
r(333,4,14,1871)
w(331,6,14,1871)
w(333,5,14,1871)
r(334,1,1,1874)
w(334,3,1,1874)
r(334,3,1,1874)
r(335,0,1,1874)
r(334,3,5,1876)
w(334,4,5,1876)
r(332,5,5,1876)
r(332,5,5,1876)
w(334,5,5,1876)
r(334,5,5,1876)
w(334,7,3,1880)
r(335,0,3,1880)
r(332,5,3,1880)
w(323,8,3,1880)
w(334,8,3,1880)
r(332,5,3,1880)
w(336,1,3,1880)
w(335,3,3,1880)
r(336,1,3,1884)
w(336,3,3,1884)
r(336,3,3,1884)
w(336,4,3,1884)
r(335,3,19,1886)
w(335,5,19,1886)
r(335,5,19,1886)
w(325,7,19,1886)
r(336,4,6,1887)
r(335,3,6,1887)
r(336,4,6,1887)
r(336,4,6,1887)
r(335,3,6,1887)
r(336,4,6,1887)
r(325,6,6,1887)
r(336,4,5,1889)
w(335,6,5,1889)
r(336,4,5,1889)
r(336,4,5,1889)
w(335,7,5,1889)
r(335,7,3,1891)
w(332,7,3,1891)
w(335,8,3,1891)
r(332,7,3,1891)
r(336,4,3,1891)
r(323,8,3,1891)
w(325,8,14,1893)
r(335,8,14,1893)
r(338,0,14,1893)
r(336,4,14,1893)
r(338,0,14,1893)
r(336,4,14,1893)
w(336,5,7,1897)
w(338,1,7,1897)
r(338,1,7,1897)
r(336,5,7,1897)
r(336,5,7,1897)
w(336,6,7,1897)
w(336,7,7,1897)
w(338,3,1,1902)
r(338,3,1,1902)
w(339,1,1,1902)
r(339,1,1,1902)
r(338,3,1,1902)
r(338,1,8,1903)
r(337,0,8,1903)
r(338,1,8,1903)
r(338,1,8,1903)
r(339,0,8,1903)
r(338,1,8,1903)
r(323,8,8,1903)
r(339,1,6,1905)
r(339,1,6,1905)
w(339,5,6,1905)
r(339,5,6,1905)
w(339,6,6,1905)
r(338,3,6,1905)
w(340,2,0,1910)
r(337,0,0,1910)
r(338,3,0,1910)
r(339,6,0,1910)
r(340,2,0,1910)
w(337,2,1,1916)
r(338,3,1,1916)
w(337,3,1,1916)
w(338,7,1,1916)
w(341,2,1,1916)
r(338,7,1,1916)
w(341,3,1,1916)
w(344,1,8,1922)
r(337,3,8,1922)
w(344,2,8,1922)
r(344,2,8,1922)
r(344,2,1,1931)
r(344,2,1,1931)
w(344,6,1,1931)
w(344,7,1,1931)
w(344,8,1,1931)
w(345,1,2,1933)
w(343,2,2,1933)
r(343,2,2,1933)
r(345,1,2,1933)
r(345,1,2,1933)
w(342,2,2,1933)
r(343,2,2,1933)
w(343,3,2,1933)
r(343,3,3,1938)
r(346,0,3,1938)
r(343,3,3,1938)
w(346,1,3,1938)
r(346,1,3,1938)
w(343,7,3,1938)
r(342,2,3,1938)
w(346,2,6,1939)
r(346,2,6,1939)
w(343,8,6,1939)
r(346,2,6,1939)
r(346,2,6,1939)
r(343,8,6,1939)
r(343,8,6,1939)
r(346,2,6,1939)
w(346,4,0,1942)
r(346,4,0,1942)
r(346,4,0,1942)
r(346,4,0,1942)
r(342,2,0,1942)
r(346,4,8,1948)
w(347,2,8,1948)
w(346,5,8,1948)
w(346,6,8,1948)
r(346,6,8,1948)
w(347,3,8,1948)
w(346,7,8,1948)
w(346,8,8,1948)
w(348,4,1,1951)
w(347,7,1,1951)
w(348,5,1,1951)
w(348,6,1,1951)
w(347,8,3,1953)
w(348,7,3,1953)
w(348,8,3,1953)
r(348,8,3,1953)
r(348,8,0,1955)
w(337,5,0,1955)
r(348,8,0,1955)
r(348,8,0,1955)
r(348,8,0,1955)
r(340,2,0,1955)
r(349,0,0,1955)
r(349,0,0,1955)
w(349,1,0,1959)
r(349,1,0,1959)
w(349,2,0,1959)
w(349,3,0,1959)
r(349,3,0,1959)
r(351,0,1,1968)
r(350,0,1,1968)
r(351,0,1,1968)
r(351,0,1,1968)
r(340,2,5,1970)
r(340,2,5,1970)
w(351,1,5,1970)
r(351,1,5,1970)
w(340,8,5,1970)
w(351,2,5,1970)
r(350,0,5,1970)
w(351,3,5,1970)
r(350,0,3,1974)
r(350,0,3,1974)
r(351,3,3,1974)
w(342,5,3,1974)
r(351,3,3,1974)
w(351,8,3,1974)
r(350,0,3,1974)
r(350,0,3,1974)
r(351,3,7,1976)
r(337,5,7,1976)
r(351,3,7,1976)
r(351,3,7,1976)
w(352,1,7,1976)
w(352,2,7,1976)
w(352,3,7,1976)
r(351,3,7,1976)
r(351,8,5,1978)
r(350,0,5,1978)
w(350,5,5,1978)
w(353,1,5,1978)
r(350,5,5,1983)
r(353,1,5,1983)
r(350,5,5,1983)
r(350,5,5,1983)
w(353,5,8,1985)
w(353,6,8,1985)
r(353,6,8,1985)
r(353,6,8,1985)
w(350,6,8,1985)
r(352,3,8,1987)
r(353,6,8,1987)
r(353,6,8,1987)
r(353,6,8,1987)
w(350,7,8,1987)
r(353,6,5,1990)
r(352,3,5,1990)
w(350,8,5,1990)
r(350,8,5,1990)
r(353,6,5,1990)
r(353,6,2,1991)
r(350,7,2,1991)
r(353,6,2,1991)
r(353,6,2,1991)
r(354,0,5,1998)
w(354,1,5,1998)
w(355,2,5,1998)
r(342,5,5,1998)
r(354,1,5,1998)
w(354,2,5,1998)
w(337,7,5,1998)
