r(3,0,2,4)
r(3,0,2,4)
r(4,0,2,4)
r(2,0,2,4)
r(4,0,7,7)
r(3,0,7,7)
w(0,1,7,7)
r(3,0,7,7)
w(4,1,7,7)
r(4,1,7,7)
w(4,5,2,12)
r(4,5,2,12)
r(4,5,2,12)
w(2,1,2,12)
r(2,1,2,12)
w(4,6,2,12)
w(4,7,2,12)
w(5,6,8,20)
w(3,7,8,20)
w(2,5,8,20)
r(5,6,8,20)
r(0,1,8,20)
w(3,8,8,20)
r(6,0,1,23)
r(7,0,1,23)
r(7,0,1,23)
r(6,0,1,23)
r(6,0,1,23)
r(5,6,6,24)
w(5,7,6,24)
r(5,7,6,24)
w(6,1,6,24)
w(0,3,6,24)
w(6,2,3,30)
r(2,5,3,30)
w(0,4,3,30)
w(6,3,3,30)
w(7,1,3,30)
r(6,3,3,30)
w(7,6,6,36)
w(7,7,6,36)
w(2,8,6,36)
w(7,8,6,36)
w(8,1,2,42)
r(8,1,2,42)
r(0,4,2,42)
r(6,3,2,42)
w(8,2,2,42)
r(8,2,2,42)
w(11,2,6,46)
w(10,1,6,46)
w(11,3,6,46)
r(11,3,6,46)
w(11,4,6,46)
r(1,0,3,50)
w(12,2,3,50)
r(1,0,3,50)
r(12,2,3,50)
r(0,4,3,50)
w(12,3,4,54)
w(12,4,4,54)
w(12,5,4,54)
r(12,5,4,54)
r(10,1,4,54)
r(10,1,4,54)
r(10,1,4,54)
r(10,1,5,59)
r(13,0,5,59)
w(13,2,5,59)
w(9,3,5,59)
w(10,3,1,67)
r(0,4,1,67)
w(9,5,1,67)
w(13,4,1,67)
w(1,2,4,70)
r(13,4,4,70)
r(10,3,4,70)
r(13,4,4,70)
r(10,3,5,71)
w(10,5,5,71)
w(9,6,5,71)
r(13,4,5,71)
w(13,7,5,71)
r(10,5,0,74)
r(1,2,0,74)
w(0,5,0,74)
w(9,7,0,74)
r(13,7,0,74)
r(1,2,0,74)
w(10,6,0,74)
r(9,7,0,74)
r(14,0,8,77)
w(9,8,8,77)
w(14,1,8,77)
r(14,1,8,77)
w(1,3,8,77)
w(10,8,8,77)
r(14,1,6,80)
r(14,1,6,80)
w(1,4,6,80)
r(14,1,6,80)
r(14,1,0,81)
r(1,3,0,81)
r(14,1,0,81)
r(0,5,0,81)
r(10,8,0,81)
r(0,5,0,81)
r(10,8,5,84)
w(14,2,5,84)
w(14,3,5,84)
w(14,4,5,84)
r(14,4,5,84)
r(10,8,5,84)
r(10,8,5,84)
r(1,4,5,84)
r(14,1,0,85)
w(1,5,0,85)
r(15,0,0,85)
r(14,1,0,85)
w(15,1,0,85)
w(14,5,8,90)
w(15,2,8,90)
w(14,6,8,90)
r(14,6,8,90)
r(9,8,8,90)
w(14,7,8,90)
r(9,8,8,90)
w(15,4,2,93)
w(17,3,2,93)
w(16,2,2,93)
r(15,4,2,93)
w(15,5,2,93)
r(17,3,4,95)
w(17,4,4,95)
r(17,4,4,95)
r(17,4,4,95)
r(17,4,4,95)
r(15,5,4,95)
w(17,5,4,95)
r(17,5,4,95)
r(15,5,6,97)
r(15,5,6,97)
w(17,6,6,97)
r(15,5,6,97)
w(17,7,8,100)
r(17,7,8,100)
r(15,5,8,100)
r(16,2,8,100)
w(0,8,8,100)
r(17,7,8,100)
r(17,7,8,100)
w(15,6,8,100)
w(18,2,2,103)
w(18,3,2,103)
w(18,4,2,103)
r(16,2,2,103)
w(18,5,3,106)
w(18,6,3,106)
r(15,6,3,106)
w(18,7,3,106)
r(16,2,3,106)
r(18,7,3,106)
r(19,0,6,114)
r(19,0,6,114)
w(19,2,6,114)
w(19,3,6,114)
r(19,3,6,114)
w(19,4,6,114)
w(22,1,0,121)
w(21,2,0,121)
w(22,2,0,121)
w(22,3,0,121)
r(22,3,0,121)
w(22,4,0,121)
r(21,2,0,121)
w(21,5,2,126)
w(21,6,2,126)
w(23,1,2,126)
r(21,6,2,126)
w(23,2,2,126)
r(23,2,2,126)
w(23,3,2,126)
r(23,3,2,126)
r(1,5,3,133)
w(23,5,3,133)
r(16,2,3,133)
w(23,6,3,133)
r(23,6,3,133)
r(24,0,3,133)
r(24,0,3,133)
r(23,3,8,135)
r(23,3,8,135)
r(24,0,8,135)
r(23,3,8,135)
r(24,0,8,135)
r(24,0,8,135)
r(1,5,8,135)
r(1,5,8,135)
r(24,0,4,142)
w(24,6,4,142)
r(25,0,4,142)
w(24,7,4,142)
r(24,7,4,142)
w(25,1,4,142)
w(25,2,4,142)
r(16,2,2,144)
w(16,6,2,144)
r(25,2,2,144)
r(24,7,2,144)
r(16,6,2,144)
w(25,3,9,150)
w(24,8,9,150)
r(24,8,9,150)
r(20,0,9,150)
r(25,3,9,150)
w(25,8,2,154)
w(26,2,2,154)
w(27,1,2,154)
r(27,1,2,154)
r(28,0,5,158)
w(26,4,5,158)
r(27,1,5,158)
w(27,3,5,158)
r(27,3,5,158)
r(28,0,5,158)
w(28,1,2,164)
r(26,4,2,164)
w(27,6,2,164)
r(27,6,2,164)
w(27,7,2,164)
r(27,7,2,164)
w(26,7,4,167)
w(26,8,4,167)
r(26,8,4,167)
r(27,3,4,167)
r(27,3,4,167)
r(27,3,4,167)
r(27,7,8,168)
r(27,7,8,168)
r(27,7,8,168)
r(27,7,8,168)
w(28,2,8,168)
w(28,3,8,168)
r(27,7,8,168)
r(30,0,7,169)
r(31,0,7,169)
r(30,0,7,169)
r(29,0,7,169)
w(31,1,7,169)
r(30,0,7,169)
r(29,0,7,169)
r(30,0,7,169)
w(31,2,1,172)
r(28,3,1,172)
w(30,1,1,172)
w(28,4,1,172)
w(29,1,9,176)
r(30,1,9,176)
w(31,4,9,176)
r(30,1,9,176)
w(31,5,9,176)
r(31,5,9,176)
r(30,1,2,180)
r(30,1,2,180)
w(30,2,2,180)
w(30,3,2,180)
w(31,6,8,182)
r(30,1,8,182)
r(31,6,8,182)
w(28,8,8,182)
r(31,6,8,182)
w(33,2,9,187)
w(34,1,9,187)
r(33,2,9,187)
w(33,3,9,187)
r(33,3,9,187)
r(34,1,9,187)
r(33,3,9,187)
w(29,2,8,189)
r(33,3,8,189)
w(34,2,8,189)
r(34,2,8,189)
w(29,3,5,191)
r(32,0,5,191)
r(34,2,5,191)
r(33,3,5,191)
w(34,3,3,193)
w(32,2,3,193)
w(20,4,3,193)
r(29,3,3,193)
w(33,4,3,193)
r(34,3,8,198)
w(32,3,8,198)
r(33,4,8,198)
r(34,3,8,198)
r(32,3,8,198)
r(34,3,6,199)
r(34,3,6,199)
w(34,4,6,199)
w(29,4,6,199)
w(34,5,6,199)
w(34,7,4,205)
r(34,7,4,205)
w(29,5,4,205)
r(34,7,4,205)
w(34,8,4,205)
w(32,5,4,205)
r(34,8,4,205)
r(34,5,0,206)
r(33,4,0,206)
r(20,4,0,206)
w(35,1,0,206)
w(35,2,0,206)
r(35,2,4,210)
r(33,4,4,210)
w(29,7,4,210)
r(35,2,4,210)
w(35,4,7,211)
w(33,6,7,211)
w(20,5,7,211)
r(35,4,7,211)
r(33,6,7,211)
w(35,5,7,211)
w(35,6,7,211)
r(33,6,1,214)
r(20,5,1,214)
r(29,7,1,214)
r(32,5,1,214)
w(35,7,2,215)
r(35,7,2,215)
r(33,6,2,215)
r(33,6,2,215)
w(35,8,2,215)
r(33,6,2,215)
w(33,7,2,215)
r(33,7,2,215)
w(36,2,9,221)
w(36,3,9,221)
r(33,7,9,221)
r(20,5,9,221)
w(37,1,9,221)
r(36,3,9,221)
r(37,1,9,221)
w(36,8,7,225)
r(32,5,7,225)
r(38,0,7,225)
w(38,1,7,225)
w(20,6,7,225)
w(38,4,4,227)
r(32,5,4,227)
r(37,1,4,227)
w(38,5,4,227)
r(29,7,4,227)
r(37,1,9,229)
r(38,5,9,229)
w(38,6,9,229)
r(38,6,9,229)
r(38,6,9,229)
r(39,0,4,236)
w(39,2,4,236)
r(29,7,4,236)
r(37,1,4,236)
w(39,3,4,236)
w(40,2,4,242)
r(40,2,4,242)
r(37,1,4,242)
r(40,2,4,242)
w(20,7,4,242)
r(40,2,4,242)
r(41,0,1,246)
w(40,6,1,246)
w(37,8,1,246)
r(37,8,1,246)
w(43,1,1,246)
w(43,2,1,246)
r(40,6,1,246)
r(40,6,2,249)
r(43,2,2,249)
w(40,7,2,249)
w(40,8,2,249)
r(41,0,2,249)
r(40,8,2,249)
r(40,8,2,249)
r(40,8,2,249)
w(41,1,6,251)
r(41,1,6,251)
w(43,3,6,251)
r(40,6,6,251)
r(40,6,6,251)
w(43,4,6,251)
r(43,4,6,251)
w(42,1,2,255)
r(45,0,2,255)
w(29,8,2,255)
r(45,0,2,255)
r(44,0,2,255)
w(44,3,5,256)
r(44,3,5,256)
w(43,8,5,256)
r(29,7,5,256)
r(44,3,5,256)
w(44,4,5,256)
r(29,8,9,257)
r(29,8,9,257)
r(45,0,9,257)
r(44,4,9,257)
w(45,1,3,260)
w(45,2,3,260)
w(44,5,3,260)
r(44,5,3,260)
r(44,5,3,260)
r(45,2,3,260)
w(44,6,3,260)
r(44,6,2,265)
w(46,1,2,265)
w(41,2,2,265)
r(46,1,2,265)
r(46,1,2,265)
r(41,2,2,265)
w(46,2,2,265)
r(41,2,2,265)
w(41,3,6,267)
r(46,2,6,267)
r(46,2,6,267)
r(41,3,6,267)
w(46,4,6,267)
r(46,4,6,267)
r(45,2,2,273)
r(41,3,2,273)
w(46,5,2,273)
w(45,7,2,273)
r(45,7,2,273)
w(41,4,2,273)
r(45,7,2,273)
r(46,5,2,273)
r(29,8,7,276)
r(46,5,7,276)
r(47,0,7,276)
r(46,5,7,276)
w(41,7,7,276)
r(47,0,7,276)
w(48,1,6,279)
r(47,0,6,279)
r(48,1,6,279)
w(48,2,6,279)
w(48,3,6,279)
w(47,1,6,279)
w(48,4,6,279)
r(41,7,0,284)
w(51,1,0,284)
r(51,1,0,284)
r(51,1,0,284)
w(51,2,0,284)
r(51,2,0,284)
w(47,4,0,284)
r(51,2,7,287)
r(51,2,7,287)
w(47,5,7,287)
r(51,2,7,287)
r(51,2,7,287)
r(47,5,7,287)
r(47,5,4,291)
w(51,4,4,291)
w(47,6,4,291)
w(50,2,4,291)
r(47,6,4,291)
w(47,7,4,291)
r(51,4,4,291)
r(51,4,4,291)
w(47,8,7,293)
r(47,8,7,293)
r(47,8,7,293)
r(51,4,7,293)
r(49,0,7,293)
w(51,8,7,293)
r(50,2,7,293)
r(47,8,8,296)
r(49,0,8,296)
r(52,0,8,296)
r(50,2,8,296)
r(51,8,8,296)
w(50,3,8,296)
r(51,8,8,296)
r(51,8,8,296)
w(50,4,0,300)
w(52,2,0,300)
w(53,3,0,300)
r(53,3,0,300)
r(53,3,0,300)
r(52,2,4,304)
r(53,3,4,304)
r(53,3,4,304)
r(53,3,4,304)
w(53,4,4,304)
r(50,4,4,304)
w(52,3,4,304)
r(52,3,4,304)
w(49,2,5,308)
r(54,0,5,308)
w(50,6,5,308)
r(54,0,5,308)
r(54,0,5,308)
w(54,2,5,308)
r(54,2,7,313)
r(50,6,7,313)
w(54,4,7,313)
r(50,6,7,313)
w(52,8,7,313)
r(52,8,7,313)
w(54,5,7,313)
r(52,8,7,313)
r(54,2,5,314)
w(55,1,5,314)
r(54,2,5,314)
w(55,2,5,314)
r(54,2,5,314)
r(54,2,5,314)
r(55,2,5,314)
w(55,3,2,317)
r(50,6,2,317)
r(55,3,2,317)
r(56,0,2,317)
w(56,1,2,317)
w(56,2,3,321)
r(56,2,3,321)
w(55,4,3,321)
r(55,4,3,321)
w(49,3,3,321)
r(56,2,3,321)
w(50,7,8,324)
r(56,2,8,324)
w(56,5,8,324)
r(56,5,8,324)
w(56,6,8,324)
w(56,7,8,324)
r(55,4,6,328)
r(57,0,6,328)
r(55,4,6,328)
w(49,4,6,328)
r(57,0,3,330)
w(55,6,3,330)
r(55,6,3,330)
w(55,7,3,330)
w(57,4,3,330)
r(57,4,6,332)
r(57,4,6,332)
r(57,4,6,332)
r(57,4,6,332)
w(57,5,6,332)
w(49,5,6,332)
w(50,8,6,332)
r(55,7,6,335)
w(57,8,6,335)
w(59,1,6,335)
r(57,8,6,335)
r(59,1,6,335)
r(49,5,1,337)
w(58,1,1,337)
w(60,1,1,337)
r(59,1,1,337)
r(59,1,1,337)
r(58,1,0,339)
r(59,1,0,339)
w(59,2,0,339)
r(58,1,0,339)
w(59,4,5,346)
w(59,5,5,346)
w(58,2,5,346)
w(59,6,5,346)
w(60,3,5,346)
r(60,3,5,346)
w(59,7,5,346)
w(60,4,5,346)
r(60,4,7,348)
w(58,4,7,348)
w(60,6,7,348)
w(49,6,7,348)
r(58,4,7,348)
w(58,5,7,348)
r(60,6,4,351)
r(49,6,4,351)
r(60,6,4,351)
r(58,5,4,351)
r(60,6,4,351)
r(61,0,4,351)
w(61,1,1,354)
r(60,6,1,354)
w(60,8,1,354)
w(62,1,1,354)
w(62,2,1,354)
w(62,3,2,357)
r(62,3,2,357)
w(61,2,2,357)
r(61,2,2,357)
w(62,4,2,357)
r(62,4,2,357)
w(42,5,2,357)
w(62,6,0,359)
r(62,6,0,359)
w(62,7,0,359)
w(62,8,0,359)
r(61,2,4,362)
w(58,6,4,362)
r(63,0,4,362)
w(61,5,4,362)
r(63,0,4,362)
r(49,6,4,362)
r(63,0,4,362)
r(61,5,4,362)
r(58,6,0,364)
r(63,0,0,364)
r(63,0,0,364)
r(63,0,0,364)
r(63,0,0,364)
r(63,0,8,365)
w(58,7,8,365)
w(63,1,8,365)
w(63,2,8,365)
r(61,5,8,365)
r(63,2,8,365)
r(63,2,8,365)
r(49,6,1,367)
w(61,6,1,367)
w(58,8,1,367)
r(63,2,1,367)
w(63,3,1,367)
w(61,7,1,367)
w(63,4,1,370)
w(64,1,1,370)
w(63,5,1,370)
r(64,1,1,370)
r(61,7,1,370)
r(61,7,1,370)
w(63,6,1,370)
w(42,6,1,370)
r(63,6,6,376)
w(66,1,6,376)
w(65,2,6,376)
r(66,1,6,376)
r(66,1,6,376)
w(65,4,8,379)
w(65,5,8,379)
r(66,1,8,379)
r(66,1,8,379)
w(66,4,5,381)
r(65,5,5,381)
r(64,1,5,381)
r(66,4,5,381)
w(66,5,5,381)
w(66,6,5,381)
r(64,1,4,383)
w(49,8,4,383)
w(66,7,4,383)
r(65,5,4,383)
r(65,5,4,383)
r(65,5,4,383)
r(49,8,9,386)
w(66,8,9,386)
r(66,8,9,386)
r(66,8,9,386)
r(65,5,9,386)
r(65,5,9,386)
w(67,1,0,388)
w(67,2,0,388)
r(67,2,0,388)
w(67,3,0,388)
w(65,6,8,391)
w(67,6,8,391)
w(65,7,8,391)
r(67,6,8,391)
w(67,7,3,395)
w(67,8,3,395)
w(65,8,3,395)
r(69,0,3,395)
r(69,0,3,395)
w(68,1,3,395)
r(69,0,3,395)
r(69,0,9,396)
r(64,1,9,396)
w(69,1,9,396)
w(69,2,9,396)
r(69,2,9,396)
r(69,2,9,396)
r(70,0,9,396)
r(64,1,8,397)
w(64,4,8,397)
w(64,5,8,397)
r(69,0,8,397)
w(70,1,8,397)
w(69,3,2,404)
r(69,3,2,404)
w(69,4,2,404)
w(69,5,2,404)
r(70,1,2,404)
r(70,1,8,408)
w(68,2,8,408)
w(71,2,8,408)
w(68,3,8,408)
w(71,3,8,408)
w(70,7,9,411)
w(71,6,9,411)
r(70,7,9,411)
r(70,7,9,411)
w(71,7,7,414)
r(68,3,7,414)
w(71,8,7,414)
r(72,0,7,414)
w(72,1,7,414)
r(64,5,7,414)
r(64,5,7,414)
r(72,1,7,414)
w(70,8,3,416)
r(64,5,3,416)
r(72,0,3,416)
r(73,0,3,416)
w(64,6,3,416)
w(73,1,3,416)
r(73,1,8,419)
r(72,1,8,419)
r(72,1,8,419)
w(73,4,8,419)
w(72,4,8,419)
r(72,4,8,419)
w(72,5,2,424)
w(73,5,2,424)
w(72,6,2,424)
r(72,6,2,424)
r(75,0,4,429)
r(75,0,4,429)
r(73,5,4,429)
w(76,1,4,429)
w(75,1,4,429)
w(75,2,7,431)
r(75,2,7,431)
w(75,3,7,431)
w(76,2,7,431)
w(75,4,9,438)
r(75,4,9,438)
w(76,3,9,438)
w(75,5,9,438)
w(76,4,9,438)
r(75,5,9,438)
w(75,6,9,438)
r(76,2,3,439)
r(76,2,3,439)
r(77,0,3,439)
w(77,1,3,439)
r(74,0,3,439)
w(74,1,3,442)
r(76,4,3,442)
w(68,5,3,442)
r(77,1,3,442)
r(77,1,3,442)
r(76,4,3,442)
w(74,2,3,442)
w(68,6,3,442)
r(77,1,4,446)
w(74,3,4,446)
w(76,6,4,446)
r(76,6,4,446)
w(77,2,4,446)
w(78,3,5,453)
w(79,7,5,453)
r(78,3,5,453)
r(78,3,5,453)
w(78,4,5,455)
w(74,4,5,455)
r(78,4,5,455)
r(79,7,5,455)
r(74,4,7,458)
r(78,4,7,458)
w(79,8,7,458)
w(80,1,7,458)
r(78,4,7,461)
r(74,4,7,461)
r(80,1,7,461)
r(78,4,7,461)
r(78,4,7,461)
w(80,7,7,461)
r(78,4,7,461)
r(80,7,7,461)
w(80,8,0,464)
r(74,4,0,464)
r(78,4,0,464)
r(81,0,0,464)
r(74,4,0,464)
r(78,4,0,464)
r(74,4,9,467)
w(78,6,9,467)
w(81,1,9,467)
w(78,7,9,467)
w(78,8,9,467)
w(81,2,9,467)
w(81,3,9,467)
w(81,4,9,467)
r(81,4,5,470)
w(81,7,5,470)
r(74,4,5,470)
r(81,7,5,470)
w(83,1,0,474)
r(83,1,0,474)
w(82,3,0,474)
r(74,4,0,474)
r(82,3,0,474)
w(82,4,0,474)
r(74,4,7,475)
r(83,1,7,475)
r(83,1,7,475)
r(82,4,7,475)
r(82,4,7,475)
r(82,4,7,475)
w(83,2,7,475)
w(82,7,4,479)
w(42,8,4,479)
r(74,4,4,479)
r(74,4,4,479)
w(83,5,5,482)
r(82,7,5,482)
r(82,7,5,482)
r(82,7,5,482)
w(82,8,2,484)
r(83,2,2,484)
w(74,6,2,484)
w(74,7,2,484)
r(83,2,2,484)
r(74,7,2,484)
r(85,0,8,488)
w(83,7,8,488)
r(83,7,8,488)
r(85,0,8,488)
w(85,5,8,488)
r(84,0,8,488)
w(83,8,8,488)
r(87,0,7,493)
r(85,5,7,493)
r(87,0,7,493)
w(87,1,7,493)
r(87,1,7,493)
r(84,0,7,493)
w(87,2,7,493)
r(87,2,7,493)
w(87,5,0,497)
w(89,1,0,497)
w(89,2,0,497)
r(88,0,0,497)
r(88,0,0,497)
r(89,2,0,497)
r(84,0,0,499)
r(86,0,0,499)
r(89,2,0,499)
r(89,2,0,499)
r(88,0,0,499)
r(89,2,0,499)
r(87,5,2,501)
r(89,2,2,501)
w(89,5,2,501)
r(87,5,2,501)
r(89,5,2,501)
r(87,5,2,501)
r(87,5,7,503)
w(89,6,7,503)
r(89,6,7,503)
r(89,6,7,503)
r(88,0,7,503)
w(89,7,8,507)
r(88,0,8,507)
r(84,0,8,507)
w(89,8,8,507)
r(89,8,8,507)
r(90,0,1,510)
w(90,1,1,510)
w(88,2,1,510)
r(88,2,1,510)
w(90,2,1,510)
r(90,2,1,510)
r(90,2,1,510)
w(90,3,1,510)
r(90,3,3,512)
w(90,6,3,512)
r(87,5,3,512)
r(90,6,3,512)
w(90,7,3,512)
r(88,0,3,512)
r(88,0,3,512)
r(87,5,3,512)
w(87,8,7,513)
w(88,4,7,513)
r(90,3,7,513)
r(90,3,7,513)
w(88,5,7,515)
w(90,8,7,515)
r(90,8,7,515)
r(91,0,7,515)
r(90,8,7,515)
r(90,8,7,515)
r(91,0,7,515)
w(92,1,7,521)
w(92,2,7,521)
r(91,0,7,521)
w(91,1,7,521)
r(88,5,7,521)
w(84,1,7,521)
w(92,3,7,521)
r(91,1,7,521)
r(86,0,3,524)
r(88,5,3,524)
r(93,0,3,524)
r(91,1,3,524)
r(91,1,4,533)
r(93,0,4,533)
w(84,2,4,533)
r(93,0,4,533)
r(88,5,4,533)
w(88,7,4,533)
r(88,5,3,535)
w(93,5,3,535)
w(91,6,3,535)
w(93,6,3,535)
r(93,6,3,535)
w(93,7,3,535)
r(93,7,3,535)
w(91,7,3,535)
r(95,0,8,539)
r(94,0,8,539)
w(96,1,8,539)
r(94,0,8,539)
r(96,0,5,540)
w(86,2,5,540)
w(95,2,5,540)
r(96,0,5,540)
r(94,0,5,544)
w(86,3,5,544)
r(94,0,5,544)
r(94,0,5,544)
r(96,1,6,545)
w(95,3,6,545)
r(94,0,6,545)
r(95,3,6,545)
r(95,3,7,547)
r(94,0,7,547)
r(96,1,7,547)
r(94,0,7,547)
w(94,4,7,547)
r(94,4,7,547)
w(96,2,7,547)
w(94,5,8,551)
w(94,6,8,551)
w(94,7,8,551)
w(94,8,8,551)
w(96,3,8,551)
w(96,4,8,551)
r(96,4,8,551)
r(96,4,6,555)
w(95,4,6,555)
r(96,4,6,555)
w(96,7,6,555)
r(95,4,6,555)
w(84,4,6,555)
w(96,8,7,558)
r(96,8,7,558)
w(97,2,7,558)
r(97,2,7,558)
w(84,5,8,560)
r(97,0,8,560)
r(96,7,8,560)
r(96,7,8,560)
w(95,5,8,560)
r(84,5,8,560)
r(97,0,8,560)
w(97,3,2,561)
r(84,4,2,561)
w(97,4,2,561)
r(97,4,2,561)
w(98,1,9,566)
w(97,5,9,566)
w(97,6,9,566)
r(97,6,9,566)
w(95,6,9,566)
r(98,1,9,566)
w(99,2,0,572)
w(99,3,0,572)
w(98,4,0,572)
w(99,4,0,572)
w(99,8,5,576)
r(99,8,5,576)
r(84,5,5,576)
r(99,8,5,576)
r(99,8,5,576)
w(84,8,5,576)
r(99,8,5,576)
w(95,7,8,577)
r(100,0,8,577)
w(98,8,8,577)
r(84,5,8,577)
r(95,7,8,577)
r(98,8,8,577)
r(100,0,4,582)
r(98,8,4,582)
r(101,0,4,582)
r(100,0,4,582)
w(100,1,4,582)
w(95,8,4,582)
w(100,2,4,582)
r(84,8,4,582)
r(100,0,7,583)
r(100,0,7,583)
r(101,0,7,583)
r(100,0,7,583)
r(101,0,7,583)
r(102,0,7,583)
w(101,1,7,583)
r(100,2,4,587)
w(103,1,4,587)
w(100,5,4,587)
w(101,2,4,587)
w(100,6,4,587)
r(101,2,4,587)
w(102,1,4,587)
w(101,3,2,591)
w(102,2,2,591)
w(100,8,2,591)
w(101,4,2,591)
r(100,8,2,591)
r(100,8,2,591)
r(100,8,2,591)
r(100,8,2,591)
w(102,4,1,593)
w(104,1,1,593)
r(104,1,1,593)
r(104,1,1,593)
r(104,1,9,602)
w(104,2,9,602)
r(101,4,9,602)
w(104,3,9,602)
w(103,2,9,602)
r(101,4,9,602)
w(103,3,9,602)
w(104,4,9,602)
r(103,3,8,606)
r(105,0,8,606)
r(105,0,8,606)
w(105,2,8,606)
r(105,2,8,606)
w(105,3,8,606)
w(102,7,8,606)
r(86,3,8,606)
r(105,0,0,607)
r(105,0,0,607)
w(106,1,0,607)
r(105,0,0,607)
r(105,0,0,607)
r(106,1,8,609)
w(103,5,8,609)
r(106,1,8,609)
r(105,3,8,609)
r(105,3,8,609)
r(105,3,8,609)
r(105,3,8,609)
r(86,3,8,609)
w(102,8,3,614)
w(103,6,3,614)
r(105,3,3,614)
w(105,4,3,614)
r(105,4,3,614)
w(105,5,3,614)
w(106,3,7,615)
w(105,8,7,615)
r(103,5,7,615)
w(108,1,7,615)
w(108,3,6,619)
r(106,3,6,619)
r(108,3,6,619)
r(108,3,6,619)
w(106,4,9,624)
w(108,4,9,624)
w(106,5,9,624)
r(108,4,9,624)
w(106,6,9,624)
r(108,4,9,624)
r(108,4,9,624)
w(108,8,9,633)
w(107,3,9,633)
w(110,1,9,633)
w(110,2,9,633)
w(110,3,9,633)
w(107,4,9,633)
w(107,5,9,633)
r(112,0,6,638)
r(86,3,6,638)
r(107,5,6,638)
w(109,3,6,638)
r(107,5,6,638)
r(112,0,1,641)
w(112,1,1,641)
w(107,7,1,641)
w(109,4,1,641)
w(112,3,7,646)
r(113,0,7,646)
w(112,4,7,646)
r(112,4,7,646)
w(112,5,7,646)
w(112,6,7,646)
r(112,1,5,649)
r(109,4,5,649)
w(114,1,5,649)
r(114,1,5,649)
w(114,2,5,649)
w(114,3,5,649)
w(114,4,5,649)
r(107,7,5,649)
w(111,2,8,652)
r(113,0,8,652)
w(114,7,8,652)
w(114,8,8,652)
r(109,4,8,652)
r(115,0,6,655)
r(115,0,6,655)
r(116,0,6,655)
r(115,0,6,655)
r(115,0,6,655)
w(116,2,3,658)
w(116,3,3,658)
r(116,3,3,658)
w(115,2,3,658)
w(115,3,3,658)
r(116,3,3,658)
w(115,6,6,662)
r(115,6,6,662)
w(115,7,6,662)
w(115,8,6,662)
w(111,4,6,662)
r(116,3,6,662)
r(115,8,6,662)
r(118,0,6,662)
w(117,3,1,665)
r(116,3,1,665)
w(116,4,1,665)
w(116,5,1,665)
r(118,0,1,665)
r(118,0,1,665)
r(118,0,1,665)
w(118,2,9,670)
r(118,2,9,670)
w(118,3,9,670)
w(117,5,9,670)
r(118,3,9,670)
r(116,5,9,670)
w(118,4,9,670)
r(118,4,9,670)
w(119,1,5,672)
r(119,1,5,672)
w(119,2,5,672)
r(118,0,5,672)
w(119,3,2,674)
w(118,6,2,674)
r(119,3,2,674)
w(119,4,2,674)
r(117,5,2,674)
w(118,8,5,677)
r(120,0,5,677)
r(120,0,5,677)
w(120,1,5,677)
r(113,0,5,677)
r(120,1,2,680)
r(120,1,2,680)
r(119,4,2,680)
r(120,1,2,680)
r(120,1,2,680)
w(120,2,6,682)
w(120,3,6,682)
w(117,7,6,682)
w(120,4,6,682)
r(120,4,6,682)
w(117,8,6,682)
w(121,1,5,687)
w(120,6,5,687)
w(121,2,5,687)
w(120,7,5,687)
r(121,0,0,690)
r(119,4,0,690)
w(119,6,0,690)
r(120,4,0,690)
r(120,4,0,690)
r(119,6,3,693)
w(120,8,3,693)
r(113,0,3,693)
r(120,8,3,693)
w(111,7,3,693)
r(123,0,3,693)
r(123,0,4,696)
w(123,1,4,696)
r(121,2,4,696)
w(113,2,4,696)
w(123,2,4,696)
r(122,0,4,696)
w(123,3,4,696)
r(111,7,1,702)
r(123,3,1,702)
r(121,2,1,702)
r(123,3,1,702)
r(122,0,1,702)
w(122,3,1,702)
r(124,0,1,702)
r(123,3,6,703)
r(123,3,6,703)
w(123,5,6,703)
w(123,6,6,703)
r(122,0,6,703)
r(121,2,6,703)
r(123,6,6,703)
w(113,3,6,703)
r(122,3,2,706)
w(125,1,2,706)
r(122,3,2,706)
w(125,2,2,706)
r(124,0,2,706)
r(122,3,2,706)
w(124,1,2,706)
r(125,2,2,706)
r(125,2,3,710)
w(122,5,3,710)
w(122,6,3,710)
w(124,4,3,710)
r(124,4,3,710)
w(124,5,3,710)
w(124,6,3,710)
w(124,8,8,714)
r(122,6,8,714)
w(122,7,8,714)
r(124,8,8,714)
r(122,7,8,714)
r(124,8,8,714)
w(122,8,8,714)
r(126,0,8,714)
r(126,0,2,718)
r(127,0,2,718)
w(113,4,2,718)
w(126,1,2,718)
w(127,1,2,718)
w(126,2,2,718)
r(126,2,8,723)
r(126,2,8,723)
w(125,6,8,723)
w(125,7,8,723)
r(126,2,8,723)
w(126,7,5,724)
r(127,1,5,724)
w(126,8,5,724)
w(111,8,5,724)
r(126,8,5,724)
r(127,1,5,724)
w(113,5,9,726)
r(127,1,9,726)
r(128,0,9,726)
w(128,1,9,726)
w(128,2,9,726)
w(127,2,9,726)
w(128,7,1,733)
w(127,3,1,733)
r(128,7,1,733)
w(127,4,1,733)
w(129,2,9,737)
r(129,2,9,737)
r(111,8,9,737)
w(129,3,9,737)
w(129,4,9,737)
w(129,5,9,737)
r(129,5,4,740)
w(129,8,4,740)
r(130,0,4,740)
w(131,1,4,740)
r(130,0,4,740)
r(130,0,3,741)
r(131,0,3,741)
r(131,0,3,741)
r(130,0,3,741)
w(130,1,3,741)
r(131,0,3,741)
w(130,4,3,747)
r(125,7,3,747)
r(131,1,3,747)
r(130,4,3,747)
w(131,3,3,747)
w(130,5,3,747)
r(111,8,3,749)
r(130,5,3,749)
w(130,6,3,749)
r(131,3,3,749)
r(130,6,3,749)
w(131,4,3,749)
r(130,6,3,749)
r(131,4,9,755)
r(130,6,9,755)
w(131,5,9,755)
r(130,6,9,755)
r(130,6,9,755)
r(130,6,9,755)
w(113,8,0,759)
w(134,1,0,759)
w(132,2,0,759)
w(134,2,0,759)
w(133,1,0,759)
w(132,3,0,759)
w(134,3,0,759)
r(132,3,0,765)
w(134,5,0,765)
r(134,5,0,765)
r(134,5,0,765)
r(134,5,0,765)
r(134,5,0,765)
r(134,5,0,765)
r(134,5,4,768)
w(133,3,4,768)
w(136,2,4,768)
r(137,0,4,768)
w(137,1,1,769)
r(137,1,1,769)
w(137,2,1,769)
w(137,3,1,769)
r(137,3,1,769)
r(137,3,8,771)
w(136,3,8,771)
r(137,3,8,771)
r(137,3,8,771)
w(138,1,1,787)
w(138,2,1,787)
w(132,5,1,787)
w(133,4,1,787)
r(133,4,1,787)
w(138,3,1,787)
w(133,5,1,787)
r(133,5,3,789)
r(138,3,3,789)
w(132,7,3,789)
r(136,3,3,789)
r(140,0,4,797)
w(140,3,4,797)
r(132,7,4,797)
r(140,3,4,797)
w(133,7,4,797)
r(140,3,4,797)
w(142,1,6,802)
r(142,1,6,802)
r(142,1,6,802)
r(139,0,6,802)
r(147,0,9,837)
w(148,2,9,837)
w(147,8,9,837)
w(146,3,9,837)
w(141,4,9,837)
r(135,0,9,840)
r(147,8,9,840)
r(147,8,9,840)
w(148,4,9,840)
w(148,5,9,840)
r(141,4,9,840)
r(149,0,9,840)
r(148,5,9,840)
r(149,0,9,844)
r(149,0,9,844)
r(149,0,9,844)
r(135,0,9,844)
r(149,0,9,844)
r(141,4,9,846)
r(146,3,9,846)
w(141,5,9,846)
r(149,0,9,846)
r(148,5,9,846)
w(148,7,5,848)
r(141,4,5,848)
w(146,6,5,848)
w(149,3,5,848)
r(148,7,5,848)
r(146,6,5,853)
r(149,3,5,853)
r(146,6,5,853)
r(148,7,5,853)
w(146,7,5,853)
r(141,5,5,853)
r(149,3,5,859)
r(149,3,5,859)
w(150,2,5,859)
w(150,3,5,859)
r(149,3,5,859)
w(151,2,5,859)
r(151,2,5,859)
w(149,6,5,859)
w(143,4,2,864)
w(143,5,2,864)
r(139,0,2,864)
r(139,0,2,864)
r(133,7,2,864)
w(152,3,0,866)
r(151,2,0,866)
w(152,4,0,866)
r(152,4,0,866)
r(150,3,0,866)
r(141,0,1,867)
w(139,2,1,867)
r(140,0,1,867)
r(139,2,1,867)
w(151,5,1,870)
r(150,3,1,870)
r(152,4,1,870)
r(152,4,1,870)
w(152,6,8,874)
r(150,3,8,874)
w(150,8,8,874)
r(150,8,8,874)
w(152,7,4,879)
w(151,7,4,879)
r(152,7,4,879)
w(153,1,4,879)
r(153,1,0,882)
r(155,0,0,882)
w(153,3,0,882)
w(153,4,0,882)
r(153,4,8,891)
w(157,1,8,891)
r(157,1,8,891)
w(157,2,8,891)
w(157,3,8,891)
r(141,5,8,891)
w(155,8,9,894)
w(154,1,9,894)
w(154,2,9,894)
r(151,7,9,894)
r(155,8,9,894)
w(154,3,9,894)
r(157,0,9,894)
w(156,1,9,894)
r(157,3,2,899)
r(157,3,2,899)
r(157,3,2,899)
r(157,3,2,899)
w(156,3,5,901)
r(153,4,5,901)
w(153,8,5,901)
r(157,3,5,901)
r(153,8,5,901)
r(158,0,5,901)
r(156,3,5,901)
r(158,0,5,901)
r(156,3,5,906)
w(158,2,5,906)
w(156,5,5,906)
w(159,1,5,906)
r(158,2,5,906)
r(158,2,5,906)
w(158,3,5,906)
r(154,3,5,906)
r(159,1,4,912)
r(159,1,4,912)
r(156,5,4,912)
w(159,4,4,912)
w(159,5,4,912)
w(158,7,4,912)
w(158,8,4,912)
w(156,8,0,921)
w(160,5,0,921)
w(160,6,0,921)
r(159,5,0,921)
r(141,5,0,921)
w(160,7,0,921)
r(162,0,5,922)
r(162,0,5,922)
r(163,0,5,922)
w(163,1,5,922)
r(162,0,5,922)
w(161,2,9,923)
r(162,0,9,923)
r(162,0,9,923)
w(161,3,9,923)
w(162,3,9,923)
w(154,5,0,926)
w(162,4,0,926)
r(163,1,0,926)
w(162,5,0,926)
r(162,5,0,926)
r(161,3,0,926)
w(161,5,1,930)
r(162,5,1,930)
r(162,5,1,930)
r(163,1,1,930)
w(164,6,0,935)
r(161,5,0,935)
r(164,6,0,935)
r(161,5,0,935)
r(164,6,0,935)
w(161,7,6,937)
r(164,6,6,937)
r(164,6,6,937)
r(161,7,6,937)
r(161,7,6,937)
r(164,6,6,937)
r(164,6,1,939)
w(164,7,1,939)
r(164,7,1,939)
w(161,8,1,939)
r(161,8,2,943)
w(164,8,2,943)
r(163,1,2,943)
r(165,0,2,943)
r(163,1,2,943)
r(163,1,1,946)
r(165,0,1,946)
w(165,1,1,946)
r(165,1,1,946)
r(165,1,1,946)
w(165,2,1,946)
r(165,2,1,946)
r(163,1,1,946)
w(166,2,1,949)
r(165,2,1,949)
r(166,2,1,949)
r(165,2,1,949)
w(165,6,1,954)
w(165,7,1,954)
w(165,8,1,954)
r(166,2,1,954)
r(167,0,1,954)
r(154,5,1,954)
r(166,2,1,954)
w(168,1,2,956)
w(168,2,2,956)
w(166,4,2,956)
w(168,3,2,956)
r(168,3,2,959)
r(154,5,2,959)
r(167,0,2,959)
r(168,3,2,959)
r(166,4,2,959)
r(154,5,2,959)
w(167,1,2,959)
w(168,5,2,959)
w(154,7,3,965)
w(168,6,3,965)
w(168,7,3,965)
w(166,7,3,965)
w(166,8,3,965)
r(167,1,3,970)
w(169,5,3,970)
r(169,5,3,970)
w(169,6,3,970)
w(154,8,6,973)
w(170,6,6,973)
r(163,1,6,973)
w(170,7,6,973)
r(170,7,6,973)
w(171,1,4,976)
w(170,8,4,976)
r(171,1,4,976)
r(172,0,4,976)
w(172,1,4,976)
r(172,1,7,980)
r(172,1,7,980)
w(172,4,7,980)
r(171,1,7,980)
r(173,0,2,985)
w(173,1,2,985)
w(173,2,2,985)
r(172,4,2,985)
r(171,1,2,985)
r(171,1,2,985)
w(172,6,5,988)
w(172,7,5,988)
r(172,7,5,988)
w(167,4,5,988)
r(172,7,5,988)
w(172,8,5,988)
w(173,5,9,989)
w(174,1,9,989)
r(172,4,9,989)
r(175,0,9,989)
r(171,1,9,989)
r(175,0,9,989)
w(175,1,3,993)
w(174,2,3,993)
r(175,1,3,993)
r(175,1,3,993)
w(175,2,3,993)
r(173,5,5,996)
w(175,6,5,996)
r(173,5,5,996)
w(175,7,5,996)
r(171,1,5,996)
r(176,0,6,999)
w(176,1,6,999)
w(176,2,6,999)
r(171,1,6,999)
w(176,3,6,999)
r(176,3,6,999)
w(176,4,7,1001)
r(176,4,7,1001)
r(176,4,7,1001)
r(171,1,7,1001)
w(176,5,7,1001)
r(173,5,7,1001)
w(176,6,7,1001)
r(167,4,0,1005)
r(176,6,0,1005)
w(177,1,0,1005)
w(177,2,0,1005)
r(177,2,0,1005)
r(177,2,0,1005)
r(176,6,5,1006)
w(176,7,5,1006)
w(171,5,5,1006)
w(176,8,5,1006)
w(171,6,5,1006)
r(171,1,1,1007)
w(177,3,1,1007)
w(177,4,1,1007)
w(177,5,1,1007)
r(173,5,1,1007)
w(171,7,8,1009)
r(177,5,8,1009)
w(171,8,8,1009)
r(171,8,8,1009)
r(177,5,8,1009)
r(177,5,7,1012)
r(167,4,7,1012)
r(177,5,7,1012)
r(171,8,7,1012)
r(173,5,9,1013)
w(177,6,9,1013)
w(177,7,9,1013)
r(177,7,9,1013)
w(177,8,9,1013)
r(178,0,4,1017)
r(173,5,4,1017)
r(178,0,4,1017)
r(178,0,4,1017)
r(174,2,1,1019)
w(178,1,1,1019)
r(178,1,1,1019)
w(178,2,1,1019)
r(171,8,1,1019)
r(178,2,1,1019)
r(178,2,1,1019)
w(179,3,2,1026)
r(178,2,2,1026)
w(181,1,2,1026)
w(181,2,2,1026)
r(179,3,2,1026)
w(179,4,2,1033)
w(181,4,2,1033)
r(179,4,2,1033)
r(180,0,2,1033)
w(181,5,2,1033)
w(181,6,2,1033)
w(179,5,2,1033)
r(182,0,2,1037)
w(182,2,2,1037)
w(167,6,2,1037)
w(179,7,2,1037)
w(179,8,2,1037)
r(180,0,2,1037)
r(182,2,2,1037)
r(182,2,2,1037)
w(182,4,9,1042)
r(182,4,9,1042)
r(182,4,9,1042)
w(182,5,9,1042)
r(182,5,9,1042)
r(183,0,9,1042)
r(183,0,3,1044)
r(183,0,3,1044)
r(182,5,3,1044)
w(182,8,3,1044)
w(167,7,3,1044)
w(183,4,3,1044)
r(184,0,7,1047)
w(183,6,7,1047)
r(180,0,7,1047)
w(183,7,7,1047)
r(184,0,7,1047)
w(184,6,7,1047)
r(180,0,1,1050)
r(167,7,1,1050)
w(184,7,1,1050)
w(184,8,1,1050)
w(183,8,1,1050)
w(185,1,1,1050)
w(180,2,1,1050)
r(180,2,9,1057)
r(185,1,9,1057)
r(185,1,9,1057)
r(185,1,9,1057)
r(167,7,9,1057)
r(185,1,5,1058)
r(180,2,5,1058)
w(186,1,5,1058)
w(185,6,5,1058)
r(185,6,5,1058)
w(186,2,5,1058)
r(185,6,8,1062)
w(187,1,8,1062)
w(187,2,8,1062)
r(186,2,8,1062)
w(180,5,8,1062)
r(187,2,8,1062)
w(187,3,8,1062)
r(187,3,8,1062)
r(187,3,5,1066)
r(187,3,5,1066)
w(187,5,5,1066)
r(187,5,5,1066)
r(186,2,8,1068)
w(186,5,8,1068)
w(187,6,8,1068)
w(180,7,8,1068)
r(187,6,8,1068)
r(186,5,8,1068)
w(187,7,8,1068)
w(188,2,8,1073)
w(186,6,8,1073)
r(188,2,8,1073)
w(188,3,8,1073)
w(180,8,5,1077)
r(186,6,5,1077)
r(188,3,5,1077)
r(190,0,5,1077)
w(188,6,5,1077)
w(186,7,5,1077)
r(188,6,5,1077)
r(188,6,7,1079)
r(186,7,7,1079)
w(186,8,7,1079)
r(188,6,7,1079)
r(188,6,2,1082)
r(190,0,2,1082)
r(188,6,2,1082)
w(188,7,2,1082)
w(190,1,2,1082)
w(188,8,2,1082)
r(192,0,2,1084)
r(192,0,2,1084)
r(191,0,2,1084)
r(192,0,2,1084)
w(174,8,6,1085)
r(192,0,6,1085)
w(192,1,6,1085)
w(192,2,6,1085)
r(192,2,6,1085)
r(190,1,8,1087)
r(192,2,8,1087)
r(192,2,8,1087)
r(192,2,8,1087)
w(191,1,9,1091)
w(190,2,9,1091)
r(189,0,9,1091)
r(190,2,9,1091)
r(192,2,9,1091)
w(191,2,9,1091)
w(190,3,9,1091)
r(192,2,4,1097)
w(192,5,4,1097)
w(192,6,4,1097)
r(192,6,4,1097)
r(190,3,4,1097)
r(191,2,4,1097)
r(191,2,4,1097)
r(191,2,7,1099)
w(193,2,7,1099)
w(194,1,7,1099)
r(191,2,7,1099)
w(194,2,7,1102)
r(191,2,7,1102)
r(194,2,7,1102)
w(190,4,7,1102)
w(189,1,7,1102)
r(195,0,8,1103)
r(189,0,8,1103)
w(195,1,8,1103)
r(190,3,8,1103)
r(193,2,8,1103)
r(194,2,5,1105)
r(193,2,5,1105)
w(190,5,5,1105)
w(195,2,5,1105)
r(194,2,1,1113)
w(195,4,1,1113)
w(194,4,1,1113)
r(194,4,1,1113)
w(194,5,1,1113)
w(194,6,1,1113)
r(194,6,1,1113)
r(194,6,1,1113)
r(196,0,9,1114)
w(190,7,9,1114)
w(196,3,9,1114)
r(196,3,9,1114)
w(196,4,9,1114)
r(193,2,5,1117)
r(193,2,5,1117)
r(195,4,5,1117)
w(196,6,5,1117)
r(195,4,5,1117)
r(196,6,5,1117)
w(196,7,5,1117)
r(196,7,5,1117)
r(195,4,1,1119)
w(196,8,1,1119)
r(197,0,1,1119)
r(197,0,1,1119)
r(197,0,1,1119)
w(197,1,3,1123)
w(197,2,3,1123)
w(198,1,3,1123)
w(189,2,3,1123)
w(197,3,3,1123)
w(197,6,3,1126)
w(197,7,3,1126)
r(197,7,3,1126)
r(193,2,3,1126)
r(189,2,3,1126)
w(198,4,3,1130)
r(199,0,3,1130)
r(190,7,3,1130)
r(199,0,3,1130)
w(200,1,8,1134)
r(199,0,8,1134)
r(193,2,8,1134)
w(199,1,8,1134)
w(198,6,8,1134)
r(199,1,8,1141)
r(199,1,8,1141)
w(199,4,8,1141)
r(198,6,8,1141)
w(199,5,8,1141)
r(200,1,8,1141)
r(200,1,8,1141)
w(198,7,8,1141)
w(201,1,1,1143)
r(201,1,1,1143)
r(201,1,1,1143)
r(201,1,1,1143)
w(202,1,1,1143)
w(201,2,1,1143)
w(201,3,1,1143)
r(201,3,1,1143)
r(201,3,3,1146)
r(202,1,3,1146)
r(201,3,3,1146)
w(193,5,3,1146)
r(200,1,2,1147)
w(201,4,2,1147)
w(201,5,2,1147)
w(202,2,2,1147)
r(200,1,2,1147)
r(201,5,2,1147)
w(200,3,4,1151)
r(202,2,4,1151)
w(201,6,4,1151)
r(200,3,4,1151)
r(201,6,3,1158)
w(203,2,3,1158)
w(201,8,3,1158)
r(203,2,3,1158)
w(203,3,3,1158)
r(203,3,5,1163)
w(204,2,5,1163)
r(204,2,5,1163)
r(203,3,5,1163)
w(204,3,1,1166)
w(203,8,1,1166)
r(204,3,1,1166)
r(203,8,1,1166)
r(204,3,1,1166)
r(204,2,2,1167)
w(205,1,2,1167)
r(205,1,2,1167)
r(205,1,2,1167)
r(205,1,0,1169)
r(189,2,0,1169)
r(205,1,0,1169)
w(200,5,0,1169)
w(204,4,2,1173)
r(205,1,2,1173)
r(205,1,2,1173)
r(189,2,2,1173)
w(200,6,2,1173)
r(204,4,2,1173)
w(200,7,5,1175)
r(205,1,5,1175)
r(193,5,5,1175)
r(189,2,5,1175)
w(204,6,5,1175)
r(200,7,5,1175)
r(204,6,2,1178)
r(193,5,2,1178)
w(193,6,2,1178)
r(205,1,2,1178)
r(189,2,1,1181)
r(205,1,1,1181)
w(189,4,1,1181)
r(200,7,1,1181)
w(204,7,1,1181)
r(204,7,1,1181)
w(204,8,1,1181)
r(200,7,1,1181)
r(208,0,0,1191)
w(206,5,0,1191)
w(189,7,0,1191)
w(206,6,0,1191)
w(206,7,0,1191)
r(207,0,6,1193)
w(209,2,6,1193)
w(209,3,6,1193)
r(208,0,6,1193)
w(207,3,1,1195)
r(209,3,1,1195)
r(207,3,1,1195)
r(207,3,1,1195)
r(207,3,1,1195)
w(209,4,1,1195)
w(207,4,1,1195)
r(208,0,5,1197)
r(209,4,5,1197)
w(208,4,5,1197)
r(189,7,5,1197)
r(209,4,5,1197)
w(209,5,5,1197)
r(208,4,5,1197)
r(207,4,5,1197)
r(208,4,7,1201)
w(209,6,7,1201)
r(209,6,7,1201)
w(209,7,7,1201)
r(207,4,7,1201)
w(209,8,7,1201)
r(209,5,4,1203)
r(209,5,4,1203)
r(207,4,4,1203)
r(207,4,4,1203)
w(210,1,4,1203)
r(210,1,4,1203)
w(208,5,4,1203)
r(208,4,5,1207)
w(207,5,5,1207)
w(189,8,5,1207)
r(207,5,5,1207)
w(207,6,5,1207)
r(207,6,5,1207)
r(208,4,5,1207)
r(189,8,5,1207)
w(210,7,9,1214)
r(210,7,9,1214)
r(207,6,9,1214)
w(212,1,9,1214)
r(210,7,9,1214)
r(210,7,9,1214)
w(210,8,9,1214)
w(213,1,2,1220)
w(212,2,2,1220)
w(214,1,2,1220)
r(213,1,2,1220)
w(214,2,2,1220)
r(214,2,2,1220)
w(213,2,2,1220)
r(213,2,3,1221)
r(214,2,3,1221)
r(212,2,3,1221)
w(211,1,3,1221)
w(214,5,3,1221)
r(214,5,3,1221)
r(214,5,3,1221)
r(213,2,3,1221)
r(215,0,1,1226)
w(193,8,1,1226)
w(215,2,1,1226)
w(215,3,1,1226)
r(213,2,1,1226)
r(213,2,4,1235)
w(213,6,4,1235)
w(215,6,4,1235)
w(212,4,4,1235)
w(213,7,4,1235)
w(215,7,4,1235)
w(211,2,4,1235)
r(213,7,4,1235)
r(217,0,3,1240)
r(217,0,3,1240)
w(211,5,3,1240)
r(213,7,3,1240)
w(217,7,3,1240)
r(212,4,4,1243)
r(218,0,4,1243)
r(211,5,4,1243)
r(213,7,4,1243)
r(212,4,4,1243)
r(218,0,4,1243)
r(218,0,4,1243)
w(218,1,4,1245)
r(219,0,4,1245)
r(218,1,4,1245)
r(218,1,4,1245)
r(218,1,4,1245)
r(219,0,4,1245)
r(212,4,4,1245)
r(218,1,4,1245)
r(219,0,7,1250)
w(218,2,7,1250)
r(218,2,7,1250)
w(218,3,7,1250)
r(218,3,7,1250)
w(219,2,2,1259)
r(218,3,2,1259)
r(221,0,2,1259)
w(221,1,2,1259)
w(219,3,2,1259)
r(221,1,2,1259)
w(211,7,2,1259)
w(220,2,0,1261)
w(219,5,0,1261)
r(221,1,0,1261)
r(211,7,0,1261)
r(221,1,5,1266)
r(211,7,5,1266)
r(220,2,5,1266)
w(219,6,5,1266)
w(221,7,5,1266)
r(219,6,5,1266)
w(221,8,5,1266)
w(220,3,7,1268)
r(223,0,7,1268)
r(223,0,7,1268)
r(219,5,7,1268)
r(223,0,7,1268)
r(219,5,7,1268)
w(223,1,7,1268)
w(223,2,7,1268)
r(223,2,0,1272)
w(216,1,0,1272)
w(220,5,0,1272)
w(224,1,0,1272)
r(223,2,0,1272)
w(220,6,4,1274)
r(223,2,4,1274)
r(223,2,4,1274)
r(224,1,4,1274)
w(223,5,4,1274)
r(223,5,4,1274)
r(223,5,4,1274)
w(223,6,4,1274)
r(224,1,1,1278)
r(224,1,1,1278)
r(224,1,1,1278)
w(224,4,1,1278)
r(223,6,0,1283)
w(224,7,0,1283)
w(224,8,0,1283)
w(222,3,0,1283)
r(223,6,6,1284)
r(226,0,6,1284)
w(226,1,6,1284)
w(220,8,6,1284)
r(225,0,6,1284)
r(225,0,6,1284)
r(220,8,6,1284)
w(226,5,0,1291)
r(225,0,0,1291)
r(226,5,0,1291)
w(226,6,0,1291)
r(227,0,0,1291)
w(227,2,0,1291)
w(227,3,0,1291)
w(228,1,3,1293)
w(228,2,3,1293)
w(228,3,3,1293)
r(225,0,3,1293)
r(225,0,6,1299)
r(225,0,6,1299)
w(222,5,6,1299)
w(225,3,6,1299)
w(227,6,6,1299)
r(222,5,6,1299)
w(225,4,6,1299)
r(225,4,8,1303)
w(229,1,8,1303)
r(228,3,8,1303)
r(228,3,8,1303)
w(228,8,8,1303)
r(230,0,8,1303)
w(225,6,3,1305)
w(230,1,3,1305)
w(230,2,3,1305)
r(230,2,3,1305)
w(222,8,3,1307)
w(230,5,3,1307)
r(225,6,3,1307)
r(225,6,3,1307)
w(230,6,3,1307)
r(225,6,4,1309)
w(225,8,4,1309)
r(230,6,4,1309)
w(230,7,4,1309)
r(230,7,4,1309)
r(233,0,7,1315)
r(231,0,7,1315)
r(229,1,7,1315)
r(229,1,7,1315)
w(232,4,7,1315)
w(232,5,7,1315)
r(233,0,7,1315)
r(232,5,7,1315)
w(233,4,5,1317)
w(233,5,5,1317)
r(229,1,5,1317)
r(232,5,5,1317)
r(233,5,5,1317)
r(233,5,7,1319)
w(233,6,7,1319)
w(233,7,7,1319)
w(233,8,7,1319)
r(233,8,3,1321)
w(232,6,3,1321)
r(232,6,3,1321)
w(232,7,3,1321)
r(232,7,1,1323)
r(233,8,1,1323)
r(233,8,1,1323)
r(232,7,1,1323)
r(232,7,1,1323)
r(233,8,9,1325)
r(233,8,9,1325)
r(233,8,9,1325)
w(234,1,9,1325)
r(234,1,9,1325)
w(234,2,9,1325)
r(229,1,9,1325)
r(234,2,4,1329)
r(232,7,4,1329)
w(232,8,4,1329)
w(234,3,4,1329)
r(231,0,1,1334)
r(234,3,1,1334)
r(234,3,1,1334)
w(229,4,1,1334)
r(235,0,1,1334)
r(234,3,1,1334)
r(216,1,1,1334)
w(234,8,1,1334)
r(235,0,8,1340)
w(236,1,8,1340)
r(236,1,8,1340)
w(235,1,8,1340)
w(235,2,8,1340)
w(235,3,8,1340)
r(235,3,8,1340)
r(236,1,5,1344)
r(236,1,5,1344)
r(235,3,5,1344)
w(235,6,5,1344)
r(235,6,5,1344)
r(231,0,5,1344)
w(236,8,5,1344)
w(229,6,7,1345)
w(237,1,7,1345)
r(235,3,7,1345)
r(235,3,7,1345)
r(235,3,7,1345)
r(231,0,7,1345)
w(237,2,7,1348)
r(237,2,7,1348)
w(237,3,7,1348)
r(237,3,7,1348)
w(235,7,7,1348)
w(237,4,7,1348)
r(235,7,5,1355)
r(216,1,5,1355)
w(237,7,5,1355)
w(237,8,5,1355)
w(238,1,3,1358)
r(235,7,3,1358)
w(235,8,3,1358)
r(238,1,3,1358)
w(238,2,3,1358)
r(235,8,3,1358)
w(229,7,3,1358)
r(231,0,3,1358)
r(238,0,2,1359)
w(239,2,2,1359)
r(238,0,2,1359)
r(238,0,2,1359)
w(238,8,1,1362)
r(238,8,1,1362)
r(229,7,1,1362)
r(238,8,1,1362)
w(240,1,1,1362)
r(240,1,1,1362)
r(240,1,1,1362)
w(231,3,1,1362)
w(216,5,7,1364)
r(240,1,7,1364)
r(229,7,7,1364)
r(240,1,7,1364)
r(231,3,0,1367)
w(240,2,0,1367)
r(229,7,0,1367)
r(239,2,0,1367)
w(239,3,0,1367)
w(240,3,0,1367)
r(240,3,0,1367)
w(231,4,0,1367)
r(240,3,1,1369)
r(239,3,1,1369)
r(240,3,1,1369)
w(241,1,1,1369)
r(239,3,1,1369)
w(239,5,1,1369)
w(239,6,1,1369)
r(240,3,1,1369)
w(240,7,0,1373)
w(240,8,0,1373)
r(240,8,0,1373)
w(241,2,0,1373)
w(241,3,0,1373)
r(240,8,0,1373)
w(241,4,0,1373)
r(239,6,9,1375)
w(242,1,9,1375)
r(239,6,9,1375)
r(242,1,9,1375)
w(242,2,9,1375)
r(239,6,9,1375)
r(242,2,9,1375)
r(239,6,9,1375)
w(242,5,1,1381)
w(242,6,1,1381)
w(239,8,1,1381)
r(239,8,1,1381)
w(241,5,1,1381)
w(242,7,1,1381)
r(239,8,1,1381)
r(244,0,4,1384)
w(244,2,4,1384)
w(244,3,4,1384)
w(244,4,4,1384)
r(244,4,4,1384)
r(243,0,0,1388)
r(244,4,0,1388)
r(244,4,0,1388)
r(244,4,0,1388)
r(243,0,0,1388)
r(241,5,5,1389)
w(241,8,5,1389)
r(244,4,5,1389)
w(244,8,5,1389)
w(245,1,2,1404)
w(243,3,2,1404)
r(243,3,2,1404)
w(245,2,2,1404)
r(248,0,2,1406)
r(247,0,2,1406)
r(247,0,2,1406)
w(248,4,2,1406)
r(247,0,2,1406)
r(247,0,2,1406)
r(245,2,2,1408)
r(248,4,2,1408)
w(247,5,2,1408)
w(247,6,2,1408)
r(231,4,2,1408)
r(247,6,2,1408)
w(248,5,2,1410)
w(247,7,2,1410)
w(247,8,2,1410)
w(249,1,2,1410)
r(249,1,2,1410)
w(249,2,2,1410)
r(249,2,2,1412)
r(249,2,2,1412)
w(245,5,2,1412)
r(231,4,2,1412)
r(248,5,2,1414)
r(231,4,2,1414)
w(249,3,2,1414)
r(249,3,2,1414)
r(245,5,2,1414)
w(249,4,2,1416)
r(248,5,2,1416)
r(249,4,2,1416)
w(249,5,2,1416)
w(248,6,2,1416)
w(249,6,2,1416)
r(249,6,2,1420)
w(231,8,2,1420)
r(231,8,2,1420)
r(248,6,2,1420)
r(250,0,2,1422)
r(216,5,2,1422)
w(251,1,2,1422)
w(250,1,2,1422)
r(245,5,2,1422)
w(251,2,2,1422)
r(250,1,2,1422)
r(252,0,2,1422)
w(249,7,4,1424)
w(249,8,4,1424)
w(245,6,4,1424)
r(248,6,4,1424)
w(248,7,4,1424)
w(248,8,4,1424)
r(250,0,4,1424)
w(250,2,2,1425)
r(245,6,2,1425)
r(250,2,2,1425)
r(250,2,2,1425)
r(250,2,2,1425)
r(250,2,2,1428)
w(250,3,2,1428)
r(245,6,2,1428)
w(250,4,2,1428)
r(245,6,2,1428)
r(245,6,2,1428)
w(251,3,2,1428)
r(250,4,7,1431)
w(250,5,7,1431)
w(250,6,7,1431)
w(250,7,7,1431)
w(251,4,7,1431)
w(250,8,7,1431)
r(251,3,4,1432)
r(253,0,4,1432)
w(253,1,4,1432)
w(253,2,4,1432)
w(253,3,4,1432)
r(253,3,4,1432)
w(231,6,1,1436)
r(246,0,1,1436)
r(243,0,1,1436)
r(246,0,1,1436)
r(246,0,1,1436)
w(253,4,4,1442)
r(251,4,4,1442)
w(253,5,4,1442)
w(253,6,4,1442)
r(216,5,4,1442)
w(251,5,4,1442)
w(253,7,4,1442)
r(245,0,8,1444)
r(245,0,8,1444)
r(246,0,8,1444)
w(246,8,8,1444)
r(246,8,8,1444)
r(247,0,8,1444)
r(247,0,8,1444)
r(252,0,2,1446)
r(245,6,2,1446)
w(254,3,2,1446)
w(254,4,2,1446)
r(254,4,2,1446)
r(245,6,2,1446)
w(254,5,2,1446)
r(252,0,2,1446)
w(254,7,7,1454)
r(254,7,7,1454)
r(254,7,7,1454)
w(245,7,7,1454)
w(254,8,7,1454)
r(254,5,2,1455)
w(251,8,2,1455)
w(255,1,2,1455)
r(254,5,2,1455)
r(245,6,2,1455)
w(252,2,2,1455)
r(255,1,2,1455)
r(245,7,3,1459)
r(256,0,3,1459)
r(255,1,3,1459)
r(255,1,3,1459)
r(255,1,3,1459)
w(255,4,3,1459)
r(255,4,3,1459)
r(252,2,4,1462)
r(255,4,4,1462)
w(256,4,4,1462)
w(256,5,4,1462)
r(245,7,4,1462)
r(256,5,4,1462)
w(252,3,8,1464)
r(256,0,8,1464)
r(256,0,8,1464)
w(216,8,8,1464)
w(252,5,4,1469)
w(255,5,4,1469)
r(255,5,4,1469)
w(256,7,4,1469)
w(256,8,4,1469)
r(258,0,4,1469)
w(255,6,4,1469)
r(258,0,8,1472)
r(258,0,8,1472)
w(257,2,8,1472)
w(255,8,8,1472)
r(255,8,8,1472)
w(257,3,8,1472)
w(258,1,0,1474)
r(258,1,0,1474)
r(255,8,0,1474)
w(258,2,0,1474)
r(258,2,0,1474)
w(258,3,0,1474)
r(261,0,4,1479)
r(261,0,4,1479)
r(261,0,4,1479)
r(261,0,4,1479)
r(261,0,4,1479)
w(257,4,4,1479)
r(257,4,4,1479)
w(258,6,8,1480)
r(260,0,8,1480)
w(258,7,8,1480)
w(258,8,8,1480)
r(261,0,8,1480)
w(260,2,8,1480)
w(261,1,8,1480)
r(261,1,7,1486)
r(261,1,7,1486)
r(260,2,7,1486)
r(261,1,7,1486)
r(260,2,7,1486)
r(260,2,7,1486)
r(261,1,7,1486)
w(260,6,4,1489)
r(261,1,4,1489)
w(261,5,4,1489)
w(261,6,4,1489)
w(260,7,4,1489)
w(261,7,4,1489)
r(260,7,4,1489)
w(261,8,4,1489)
r(260,2,1,1490)
w(257,5,1,1490)
r(261,1,1,1490)
r(260,2,1,1490)
w(262,1,4,1499)
w(262,2,4,1499)
r(252,5,4,1499)
w(257,6,4,1499)
r(257,6,4,1499)
w(259,2,4,1499)
w(262,3,4,1499)
w(263,3,6,1501)
r(262,3,6,1501)
r(262,3,6,1501)
w(262,7,6,1501)
w(263,4,6,1501)
r(262,7,6,1501)
r(262,7,6,1501)
r(252,5,5,1504)
r(263,4,5,1504)
w(264,1,5,1504)
r(265,0,5,1504)
r(263,4,2,1505)
r(257,6,2,1505)
w(263,5,2,1505)
w(263,6,2,1505)
w(263,7,2,1505)
r(262,7,2,1505)
w(262,8,2,1505)
r(265,0,1,1508)
w(264,2,1,1508)
r(265,0,1,1508)
r(263,7,1,1508)
r(263,7,1,1508)
w(265,1,1,1508)
r(264,2,0,1511)
w(265,2,0,1511)
r(263,7,0,1511)
r(263,7,0,1511)
r(265,2,0,1511)
w(252,7,0,1511)
r(265,2,6,1514)
w(263,8,6,1514)
w(264,4,6,1514)
r(265,2,6,1514)
r(265,2,6,1514)
r(259,2,6,1514)
r(265,2,7,1515)
w(252,8,7,1515)
w(266,1,7,1515)
r(265,2,7,1515)
r(265,2,6,1518)
w(265,3,6,1518)
r(265,3,6,1518)
w(266,2,6,1518)
w(266,3,6,1518)
w(265,4,6,1518)
r(266,3,6,1518)
r(266,1,3,1519)
r(252,8,3,1519)
r(265,4,3,1519)
r(265,4,3,1519)
r(264,4,8,1522)
r(266,3,8,1522)
w(266,4,8,1522)
w(266,5,8,1522)
w(265,5,8,1522)
r(265,5,8,1522)
w(265,6,8,1522)
r(266,5,3,1527)
r(264,4,3,1527)
w(266,7,3,1527)
w(265,7,3,1527)
w(266,8,3,1527)
r(264,4,3,1527)
w(268,2,1,1533)
w(267,2,1,1533)
r(267,2,1,1533)
r(267,2,1,1533)
w(267,3,1,1533)
w(267,6,3,1537)
w(267,7,3,1537)
w(267,8,3,1537)
r(269,0,3,1537)
w(268,6,3,1537)
r(268,6,3,1537)
r(269,0,3,1537)
r(270,0,4,1541)
r(268,6,4,1541)
w(270,5,4,1541)
w(270,6,4,1541)
r(268,6,4,1541)
r(270,6,9,1546)
r(268,6,9,1546)
r(268,6,9,1546)
w(270,8,9,1546)
r(270,8,9,1546)
r(264,4,9,1546)
w(272,1,3,1548)
w(271,1,3,1548)
r(272,1,3,1548)
w(271,2,3,1548)
w(272,2,3,1548)
r(271,2,3,1548)
w(272,3,3,1548)
r(272,3,8,1551)
r(272,3,8,1551)
r(264,4,8,1551)
w(271,5,8,1551)
r(271,5,8,1551)
r(271,5,8,1551)
w(271,6,7,1556)
w(264,5,7,1556)
r(272,3,7,1556)
w(259,3,7,1556)
w(272,7,3,1557)
r(264,4,3,1557)
r(272,7,3,1557)
r(273,0,3,1557)
r(269,0,3,1557)
w(272,8,3,1557)
r(273,0,4,1559)
w(274,1,4,1559)
r(274,1,4,1559)
r(264,5,4,1559)
w(274,2,4,1559)
w(264,7,4,1559)
r(274,2,9,1563)
w(273,1,9,1563)
w(274,3,9,1563)
r(264,7,9,1563)
r(264,7,9,1563)
w(274,4,9,1563)
w(274,5,9,1563)
w(273,2,9,1563)
r(273,2,6,1567)
w(274,6,6,1567)
w(274,7,6,1567)
r(273,2,6,1567)
w(264,8,6,1567)
w(275,1,1,1569)
r(274,7,1,1569)
r(275,1,1,1569)
w(275,2,1,1569)
r(274,7,8,1574)
r(274,7,8,1574)
w(275,3,8,1574)
w(276,1,8,1574)
r(273,2,8,1574)
w(275,4,8,1574)
r(259,3,5,1577)
w(276,8,5,1577)
r(276,8,5,1577)
r(277,0,5,1577)
r(273,2,5,1577)
w(277,1,5,1577)
r(277,1,5,1577)
r(259,3,5,1582)
r(259,3,5,1582)
w(273,5,5,1582)
w(273,6,5,1582)
w(277,4,5,1582)
r(269,0,5,1582)
r(273,6,3,1585)
w(273,8,3,1585)
r(277,4,3,1585)
r(278,0,3,1585)
w(278,1,1,1590)
w(278,2,1,1590)
r(278,2,1,1590)
w(269,5,1,1590)
r(278,2,1,1590)
w(278,3,1,1590)
w(278,4,1,1590)
w(278,8,4,1594)
r(278,8,4,1594)
r(273,8,4,1594)
w(269,6,4,1594)
w(280,1,4,1594)
w(269,7,4,1594)
w(275,8,3,1595)
r(280,0,3,1595)
r(280,0,3,1595)
r(269,5,3,1595)
w(279,1,3,1595)
w(269,8,0,1597)
r(279,1,0,1597)
r(279,1,0,1597)
w(280,2,0,1597)
r(279,1,0,1597)
r(280,2,0,1597)
w(279,2,0,1597)
r(282,0,4,1600)
r(279,2,4,1600)
w(279,3,4,1600)
w(280,3,4,1600)
w(279,4,4,1600)
r(280,3,4,1600)
w(280,4,6,1601)
w(279,5,6,1601)
r(280,4,6,1601)
r(279,5,6,1601)
w(279,6,6,1601)
r(282,0,6,1601)
w(279,7,6,1601)
r(280,4,6,1601)
r(259,3,1,1606)
w(280,6,1,1606)
w(283,1,1,1606)
w(283,2,1,1606)
w(282,1,1,1609)
r(283,2,1,1609)
r(283,2,1,1609)
r(280,6,1,1609)
w(283,7,1,1612)
w(283,8,1,1612)
r(283,8,1,1612)
w(284,1,1,1612)
w(284,2,1,1612)
r(281,0,1,1612)
r(284,2,4,1613)
r(280,6,4,1613)
w(284,3,4,1613)
r(282,1,4,1613)
w(280,7,4,1613)
w(282,2,2,1617)
r(284,3,2,1617)
w(284,4,2,1617)
w(284,5,2,1617)
w(284,6,2,1617)
r(284,3,4,1620)
r(286,0,4,1620)
r(285,0,4,1620)
w(286,1,4,1620)
r(286,1,4,1620)
w(286,2,4,1620)
r(286,2,4,1620)
w(286,3,4,1620)
r(286,3,6,1626)
r(285,0,6,1626)
w(286,6,6,1626)
r(286,6,6,1626)
w(285,1,6,1626)
w(286,7,6,1626)
w(286,8,6,1626)
r(282,2,6,1626)
r(282,2,9,1629)
r(285,0,9,1629)
w(259,6,9,1629)
r(285,0,9,1629)
w(285,3,3,1631)
r(286,8,3,1631)
r(285,3,3,1631)
w(285,4,3,1631)
w(285,5,3,1631)
w(288,2,8,1634)
r(282,2,8,1634)
r(288,2,8,1634)
r(282,2,8,1634)
r(287,0,8,1634)
w(287,5,9,1640)
r(287,5,9,1640)
r(287,5,9,1640)
r(282,2,9,1640)
r(287,5,9,1640)
w(287,7,6,1644)
r(287,7,6,1644)
w(281,3,6,1644)
w(287,8,6,1644)
r(287,8,6,1644)
w(288,4,6,1644)
r(288,4,6,1644)
r(288,4,9,1647)
w(289,1,9,1647)
w(289,2,9,1647)
r(288,4,9,1647)
r(288,4,9,1647)
w(281,4,9,1647)
r(282,2,9,1647)
w(282,7,4,1651)
w(289,3,4,1651)
w(289,4,4,1651)
w(288,7,4,1651)
w(289,5,4,1651)
w(289,6,4,1651)
w(288,8,4,1651)
r(282,7,4,1655)
r(290,0,4,1655)
w(282,8,4,1655)
w(289,8,4,1655)
w(281,5,4,1655)
r(291,0,8,1660)
w(291,5,8,1660)
w(291,6,8,1660)
w(291,7,8,1660)
r(291,7,8,1660)
w(291,8,8,1660)
r(282,8,8,1660)
r(292,0,8,1660)
r(290,0,3,1661)
r(290,0,3,1661)
r(292,0,3,1661)
w(290,4,3,1661)
r(290,4,3,1661)
w(290,5,3,1661)
w(290,6,3,1661)
r(282,8,4,1664)
w(290,7,4,1664)
w(292,1,4,1664)
w(292,2,4,1664)
r(292,2,4,1664)
w(292,5,0,1668)
r(292,5,0,1668)
w(292,6,0,1668)
w(281,7,0,1668)
r(292,6,0,1668)
r(293,0,3,1672)
r(294,0,3,1672)
w(281,8,3,1672)
w(293,1,3,1672)
r(293,1,3,1672)
r(293,1,3,1672)
r(295,0,3,1672)
w(293,2,3,1672)
r(296,0,8,1675)
w(296,1,8,1675)
r(293,2,8,1675)
r(296,1,8,1675)
r(293,2,3,1677)
r(293,2,3,1677)
w(293,6,3,1677)
r(295,0,3,1677)
r(293,6,3,1677)
r(293,6,3,1677)
r(293,6,3,1677)
w(294,2,4,1684)
w(296,2,4,1684)
w(293,7,4,1684)
w(296,3,4,1684)
r(296,3,4,1684)
w(293,8,4,1684)
r(297,0,4,1684)
r(296,3,4,1684)
r(298,0,8,1691)
w(295,1,8,1691)
w(299,1,8,1691)
w(299,2,8,1691)
w(296,6,8,1691)
w(299,3,8,1691)
w(297,1,8,1695)
w(295,3,8,1695)
r(295,3,8,1695)
r(299,3,8,1695)
r(299,3,8,1695)
r(296,6,8,1700)
r(294,2,8,1700)
r(300,0,8,1700)
w(300,3,8,1700)
w(300,7,6,1703)
r(294,2,6,1703)
w(300,8,6,1703)
r(302,0,6,1703)
r(302,0,6,1703)
w(301,1,6,1705)
r(301,1,6,1705)
w(302,1,6,1705)
w(302,2,6,1705)
r(302,2,6,1705)
r(294,2,7,1709)
r(297,1,7,1709)
w(302,3,7,1709)
r(294,2,7,1709)
w(302,4,7,1709)
r(302,2,6,1711)
r(301,1,6,1711)
w(294,6,6,1711)
w(301,4,6,1711)
r(294,6,6,1711)
r(302,2,6,1711)
r(301,4,7,1716)
r(302,4,7,1716)
w(301,5,7,1716)
w(295,5,7,1716)
w(301,6,7,1716)
r(303,0,0,1718)
r(303,0,0,1718)
r(301,6,0,1718)
r(301,6,0,1718)
w(302,7,9,1719)
w(295,6,9,1719)
r(302,7,9,1719)
w(301,8,9,1719)
w(294,7,9,1719)
w(295,7,9,1719)
w(302,8,9,1719)
w(303,1,9,1719)
r(301,8,4,1722)
r(303,1,4,1722)
r(303,1,4,1722)
w(303,2,4,1722)
r(304,0,4,1722)
w(294,8,4,1722)
r(294,7,9,1724)
w(297,3,9,1724)
r(294,7,9,1724)
r(294,7,9,1724)
r(303,2,7,1726)
r(304,0,7,1726)
r(297,3,7,1726)
w(295,8,7,1726)
r(303,2,7,1726)
r(303,2,2,1727)
w(303,3,2,1727)
r(304,0,2,1727)
r(303,3,2,1727)
r(303,3,2,1727)
r(305,0,9,1733)
w(305,1,9,1733)
w(303,4,9,1733)
w(303,5,9,1733)
r(303,5,9,1733)
r(305,1,5,1737)
w(306,3,5,1737)
r(306,3,5,1737)
w(304,3,5,1737)
w(306,4,5,1737)
w(306,5,5,1737)
w(305,3,5,1737)
r(304,3,5,1737)
r(304,3,8,1739)
r(304,3,8,1739)
w(307,1,8,1739)
r(297,3,8,1739)
w(304,5,8,1739)
r(304,5,8,1739)
r(308,0,9,1741)
r(305,3,9,1741)
w(304,6,9,1741)
w(307,2,9,1741)
r(307,2,7,1744)
w(307,3,7,1744)
r(307,3,7,1744)
w(307,4,7,1744)
r(304,6,7,1744)
w(307,5,7,1744)
w(307,6,7,1744)
r(307,6,5,1748)
r(304,6,5,1748)
r(309,0,5,1748)
r(305,3,5,1748)
w(309,1,1,1756)
r(309,1,1,1756)
r(310,0,1,1756)
w(309,2,1,1756)
r(309,2,1,1756)
w(305,6,1,1756)
r(310,0,7,1760)
r(311,0,7,1760)
r(305,6,7,1760)
w(311,1,7,1760)
r(305,6,7,1760)
r(308,0,7,1760)
w(310,5,7,1760)
r(310,5,7,1760)
r(311,1,0,1766)
w(311,2,0,1766)
r(311,2,0,1766)
r(305,6,0,1766)
r(297,3,0,1766)
r(311,2,0,1766)
r(310,5,0,1766)
r(311,2,0,1766)
r(311,2,3,1769)
w(311,4,3,1769)
r(310,5,3,1769)
w(310,8,3,1769)
r(311,4,3,1769)
r(310,8,3,1769)
r(312,0,6,1773)
w(311,6,6,1773)
r(308,0,6,1773)
w(313,1,6,1773)
w(311,7,6,1773)
w(311,8,6,1773)
w(312,2,6,1773)
w(313,2,6,1773)
w(314,3,9,1777)
w(313,5,9,1777)
r(297,3,9,1777)
r(308,0,9,1777)
w(314,4,9,1777)
r(314,4,8,1779)
r(312,2,8,1779)
r(314,4,8,1779)
w(314,5,8,1779)
r(313,5,8,1779)
w(314,6,8,1779)
w(313,6,8,1781)
w(313,7,8,1781)
w(314,7,8,1781)
w(314,8,8,1781)
w(308,4,0,1787)
r(315,0,0,1787)
w(312,4,0,1787)
r(315,0,0,1787)
w(315,1,0,1787)
w(315,2,0,1787)
w(313,8,0,1787)
w(315,3,0,1787)
r(315,3,7,1790)
r(315,3,7,1790)
w(297,4,7,1790)
w(315,8,7,1790)
r(317,0,7,1790)
r(317,0,1,1792)
r(312,4,1,1792)
w(312,6,1,1792)
w(317,1,1,1792)
r(312,6,1,1792)
w(316,2,1,1792)
r(317,1,1,1792)
w(317,2,1,1792)
w(316,3,2,1797)
w(316,4,2,1797)
r(316,4,2,1797)
w(317,5,2,1797)
w(317,6,2,1797)
r(316,4,1,1800)
r(317,6,1,1800)
r(317,6,1,1800)
r(316,4,1,1800)
r(316,4,1,1800)
w(317,7,0,1801)
w(316,7,0,1801)
r(316,7,0,1801)
r(312,6,0,1801)
r(316,7,0,1801)
r(317,7,5,1803)
r(317,7,5,1803)
w(312,7,5,1803)
w(317,8,5,1803)
r(316,7,5,1803)
w(316,8,5,1803)
r(308,4,7,1806)
r(317,8,7,1806)
r(316,8,7,1806)
r(317,8,7,1806)
w(297,6,7,1806)
r(318,0,7,1806)
w(312,8,7,1806)
r(318,0,8,1808)
r(308,4,8,1808)
w(319,1,8,1808)
w(318,1,8,1808)
r(319,1,8,1808)
r(319,1,8,1808)
r(319,1,8,1808)
r(318,1,0,1811)
w(320,1,0,1811)
w(319,5,0,1811)
r(320,1,0,1811)
r(319,5,0,1811)
r(321,0,3,1822)
r(318,1,3,1822)
r(318,1,3,1822)
r(321,0,3,1822)
w(320,3,3,1822)
r(321,0,3,1822)
r(308,4,3,1822)
r(322,0,3,1822)
w(321,7,0,1829)
r(321,7,0,1829)
r(321,7,0,1829)
w(321,8,0,1829)
r(308,4,0,1829)
r(322,0,0,1829)
r(321,8,0,1829)
r(320,3,0,1829)
r(308,4,6,1830)
w(323,1,6,1830)
r(297,6,6,1830)
w(323,2,6,1830)
r(308,4,6,1830)
w(322,2,1,1831)
r(323,0,1,1831)
r(323,0,1,1831)
w(320,5,1,1831)
w(322,3,1,1831)
r(322,3,1,1831)
r(322,3,4,1833)
w(323,3,4,1833)
w(323,4,4,1833)
w(320,6,4,1833)
r(322,3,4,1833)
r(308,4,4,1833)
r(323,4,4,1833)
w(323,5,5,1835)
w(323,6,5,1835)
r(322,3,5,1835)
r(323,6,5,1835)
r(323,6,9,1838)
r(323,6,9,1838)
w(308,7,9,1838)
r(323,6,9,1838)
w(323,7,9,1838)
w(320,7,9,1838)
r(323,7,9,1838)
w(323,8,9,1838)
w(324,1,4,1841)
r(324,1,4,1841)
r(324,1,4,1841)
r(324,1,4,1841)
r(320,7,3,1844)
w(297,7,3,1844)
w(322,4,3,1844)
w(322,5,3,1844)
r(322,5,5,1851)
w(320,8,5,1851)
r(322,5,5,1851)
r(324,1,5,1851)
r(324,1,5,1851)
r(322,5,0,1852)
r(322,5,0,1852)
r(322,5,0,1852)
w(324,5,0,1852)
r(324,5,0,1852)
r(322,5,4,1855)
r(324,5,4,1855)
r(322,5,4,1855)
w(326,1,4,1855)
w(322,8,4,1855)
r(324,5,4,1855)
w(327,1,4,1855)
w(327,2,3,1860)
r(324,5,3,1860)
r(326,1,3,1860)
w(324,7,3,1860)
r(324,7,3,1860)
r(328,0,4,1864)
w(328,4,4,1864)
r(327,2,4,1864)
r(328,4,4,1864)
w(326,5,7,1867)
r(326,5,7,1867)
w(328,5,7,1867)
r(327,2,7,1867)
r(327,2,7,1867)
w(327,7,5,1870)
w(328,6,5,1870)
w(327,8,5,1870)
w(328,7,5,1870)
r(327,8,5,1870)
r(329,0,3,1878)
r(330,0,3,1878)
w(329,5,3,1878)
w(325,4,3,1878)
r(329,5,3,1878)
w(325,5,3,1878)
r(329,0,1,1879)
w(330,3,1,1879)
r(329,0,1,1879)
r(329,0,1,1879)
r(329,0,1,1879)
r(329,0,1,1879)
w(330,4,1,1879)
r(329,0,1,1879)
w(325,6,8,1881)
w(330,5,8,1881)
r(329,5,8,1881)
w(330,6,8,1881)
r(330,6,8,1881)
r(329,5,8,1881)
w(329,6,0,1887)
w(330,7,0,1887)
w(326,8,0,1887)
w(330,8,0,1887)
w(329,7,0,1887)
r(329,7,0,1887)
r(332,0,2,1891)
w(332,1,2,1891)
w(331,3,2,1891)
w(331,4,2,1891)
r(331,4,2,1891)
r(332,1,2,1891)
r(332,1,2,1891)
r(325,6,2,1891)
r(325,6,8,1898)
w(331,7,8,1898)
w(333,2,8,1898)
w(332,5,8,1898)
w(332,6,8,1898)
r(335,0,5,1903)
w(337,1,5,1903)
w(333,4,5,1903)
r(335,0,5,1903)
w(335,2,5,1903)
r(333,4,5,1903)
r(335,2,5,1903)
r(333,4,5,1903)
w(335,5,0,1909)
r(335,5,0,1909)
w(335,6,0,1909)
r(334,0,0,1909)
w(335,7,0,1909)
w(336,2,5,1911)
w(336,3,5,1911)
r(335,2,5,1911)
w(336,4,5,1911)
w(336,5,5,1911)
r(333,4,5,1911)
w(337,3,5,1911)
r(335,7,6,1913)
r(337,3,6,1913)
r(337,3,6,1913)
r(336,5,6,1913)
w(338,1,6,1913)
r(337,3,2,1916)
w(333,5,2,1916)
r(333,5,2,1916)
w(338,2,2,1916)
w(338,3,2,1916)
r(336,5,2,1916)
w(336,8,4,1919)
r(338,3,4,1919)
w(338,5,4,1919)
r(339,0,4,1919)
r(338,5,4,1919)
r(333,5,4,1919)
w(338,6,6,1922)
r(339,0,6,1922)
r(338,6,6,1922)
r(333,5,6,1922)
r(334,0,6,1922)
r(340,0,6,1925)
r(340,0,6,1925)
r(340,0,6,1925)
r(333,5,6,1925)
r(340,0,4,1928)
w(334,3,4,1928)
w(340,2,4,1928)
w(340,3,4,1928)
w(340,4,4,1928)
r(340,4,6,1942)
r(340,4,6,1942)
r(341,0,6,1942)
r(339,0,6,1942)
r(342,0,6,1949)
r(333,5,6,1949)
w(342,1,6,1949)
r(342,1,6,1949)
r(342,1,6,1949)
r(343,0,6,1949)
w(343,2,6,1949)
w(342,2,6,1949)
r(342,2,3,1951)
r(342,2,3,1951)
r(342,2,3,1951)
w(345,1,3,1951)
r(345,1,3,1951)
r(334,3,3,1955)
w(344,1,3,1955)
r(345,1,3,1955)
w(344,2,3,1955)
w(344,3,3,1955)
w(339,3,7,1957)
w(341,1,7,1957)
w(341,2,7,1957)
w(339,4,7,1957)
r(341,2,7,1957)
w(333,8,7,1957)
r(339,4,7,1957)
w(337,7,7,1957)
r(344,3,3,1958)
r(343,2,3,1958)
r(343,2,3,1958)
r(345,1,3,1958)
w(346,1,3,1958)
w(345,6,3,1967)
r(344,3,3,1967)
w(345,7,3,1967)
w(346,2,3,1967)
w(344,5,3,1967)
w(345,8,3,1967)
w(346,3,3,1967)
w(347,3,4,1971)
r(344,5,4,1971)
w(346,6,4,1971)
r(347,3,4,1971)
w(343,7,4,1971)
w(344,6,4,1971)
w(347,4,4,1971)
w(347,6,5,1977)
r(348,0,5,1977)
r(347,6,5,1977)
r(347,6,5,1977)
w(344,7,5,1977)
w(344,8,5,1977)
r(348,0,5,1977)
w(346,8,3,1978)
w(348,1,3,1978)
r(348,1,3,1978)
r(350,0,3,1978)
r(348,1,3,1978)
r(350,0,5,1982)
r(350,0,5,1982)
w(350,1,5,1982)
r(350,1,5,1982)
w(350,2,5,1982)
r(350,2,5,1982)
w(350,3,5,1982)
w(348,2,3,1990)
r(350,3,3,1990)
w(350,6,3,1990)
w(350,7,3,1990)
w(348,3,3,1990)
r(346,8,3,1990)
r(346,8,3,1990)
w(350,8,3,1990)
w(352,4,4,1994)
r(348,3,4,1994)
w(352,5,4,1994)
r(352,5,4,1994)
r(352,5,4,1994)
r(352,5,4,1994)
r(352,5,4,1994)
r(352,5,4,1994)
r(348,3,0,1997)
r(352,5,0,1997)
r(352,5,0,1997)
r(351,0,0,1997)
w(352,6,0,1997)
r(348,3,0,1997)
r(352,6,0,1997)
r(352,6,0,1997)
w(351,3,5,2007)
r(334,3,5,2007)
r(348,3,5,2007)
w(348,8,5,2007)
w(351,4,5,2007)
w(353,3,5,2007)
w(353,4,5,2007)
r(348,8,5,2007)
r(351,4,8,2011)
w(354,3,8,2011)
r(353,4,8,2011)
w(353,8,8,2011)
r(355,0,4,2017)
r(349,0,4,2017)
r(355,0,4,2017)
w(334,8,4,2017)
r(355,0,4,2017)
r(351,4,4,2017)
r(355,0,4,2017)
w(351,7,6,2019)
r(351,7,6,2019)
r(353,8,6,2019)
r(355,0,6,2019)
w(351,8,6,2019)
w(355,1,6,2019)
w(355,2,6,2019)
r(354,3,6,2019)
r(354,3,4,2022)
w(355,7,4,2022)
w(354,6,4,2022)
r(334,8,4,2022)
w(355,8,4,2022)
r(334,8,4,2022)
r(349,0,3,2023)
w(356,1,3,2023)
r(356,1,3,2023)
r(356,1,3,2023)
r(354,6,3,2023)
r(356,1,6,2025)
w(354,7,6,2025)
w(356,2,6,2025)
r(354,7,6,2025)
r(351,8,3,2027)
w(356,3,3,2027)
r(356,3,3,2027)
w(356,4,3,2027)
w(356,5,9,2029)
w(354,8,9,2029)
r(349,0,9,2029)
r(356,5,9,2029)
r(334,8,4,2031)
w(356,6,4,2031)
r(356,6,4,2031)
r(356,6,4,2031)
r(357,0,4,2031)
r(334,8,4,2031)
w(360,1,0,2040)
r(360,1,0,2040)
r(349,0,0,2040)
r(360,1,0,2040)
r(360,1,0,2040)
r(359,0,0,2040)
w(358,2,9,2041)
w(358,3,9,2041)
w(358,4,9,2041)
w(357,1,9,2041)
w(357,2,9,2041)
r(359,0,2,2044)
r(360,1,2,2044)
r(357,2,2,2044)
r(349,0,2,2044)
r(357,2,2,2044)
r(360,1,9,2046)
r(359,0,9,2046)
r(359,0,9,2046)
r(360,1,9,2046)
w(360,2,9,2046)
r(360,2,9,2046)
r(357,2,2,2049)
w(359,1,2,2049)
r(334,8,2,2049)
w(357,8,2,2049)
r(357,8,2,2049)
r(360,2,8,2053)
r(360,2,8,2053)
w(359,2,8,2053)
w(359,3,8,2053)
r(360,2,8,2053)
r(360,2,8,2053)
w(360,4,8,2053)
r(360,4,8,2055)
r(361,0,8,2055)
w(361,1,8,2055)
r(359,3,8,2055)
w(360,7,4,2058)
w(360,8,4,2058)
r(360,8,4,2058)
w(361,2,4,2058)
r(361,2,4,2058)
w(362,1,4,2058)
w(361,3,0,2059)
r(361,3,0,2059)
r(361,3,0,2059)
r(362,1,0,2059)
r(361,3,0,2059)
r(361,3,0,2059)
w(359,5,2,2063)
w(362,2,2,2063)
w(362,3,2,2063)
w(361,4,2,2063)
w(362,4,2,2063)
r(349,0,2,2065)
r(362,4,2,2065)
w(361,7,2,2065)
r(362,4,2,2065)
w(361,8,2,2065)
r(362,4,8,2067)
r(362,4,8,2067)
r(362,4,8,2067)
r(334,8,8,2067)
w(362,8,8,2067)
r(362,8,8,2067)
w(363,1,7,2071)
r(363,1,7,2071)
r(359,5,7,2071)
w(363,2,7,2071)
r(364,0,7,2071)
r(363,2,7,2071)
r(363,2,7,2071)
w(359,6,7,2071)
w(363,5,8,2073)
w(363,6,8,2073)
w(349,5,8,2073)
r(363,6,8,2073)
w(359,8,4,2077)
w(363,7,4,2077)
r(363,7,4,2077)
r(365,0,4,2077)
r(363,7,4,2077)
r(363,7,4,2077)
w(363,8,1,2079)
r(365,0,1,2079)
r(363,8,1,2079)
r(363,8,1,2079)
r(365,0,1,2079)
w(365,1,1,2079)
r(366,0,7,2081)
r(366,0,7,2081)
w(349,6,7,2081)
r(364,0,7,2081)
r(359,8,7,2081)
w(366,1,7,2086)
r(366,1,7,2086)
r(366,1,7,2086)
r(366,1,7,2086)
w(365,2,7,2086)
r(366,1,7,2086)
r(365,2,5,2089)
w(366,8,5,2089)
w(365,4,5,2089)
r(367,0,5,2089)
w(365,5,9,2092)
r(367,0,9,2092)
r(365,5,9,2092)
r(368,0,9,2092)
r(367,0,7,2095)
r(368,0,7,2095)
w(367,1,7,2095)
r(349,6,7,2095)
w(365,8,7,2095)
w(369,1,7,2098)
w(367,2,7,2098)
w(368,3,7,2098)
w(367,3,7,2098)
w(368,4,3,2102)
r(369,1,3,2102)
w(367,4,3,2102)
r(367,4,3,2102)
w(367,5,3,2102)
r(367,5,3,2102)
r(369,1,3,2102)
w(367,6,3,2102)
w(369,4,3,2108)
w(368,7,3,2108)
r(349,6,3,2108)
w(370,6,3,2108)
w(370,7,3,2108)
w(370,8,3,2108)
r(368,7,3,2108)
w(369,7,1,2116)
w(371,2,1,2116)
w(369,8,1,2116)
r(371,2,1,2116)
w(371,3,1,2116)
r(375,0,5,2119)
r(374,0,5,2119)
r(373,0,5,2119)
r(372,0,5,2119)
r(374,0,5,2119)
r(374,0,5,2119)
w(374,2,5,2119)
w(375,1,5,2119)
r(374,2,2,2123)
w(374,4,2,2123)
r(374,4,2,2123)
w(375,2,2,2123)
w(375,3,6,2129)
w(373,1,6,2129)
w(374,6,6,2129)
r(374,6,6,2129)
w(374,7,6,2129)
r(374,7,6,2129)
w(364,1,6,2129)
w(375,4,6,2129)
w(373,2,5,2133)
w(376,1,5,2133)
w(376,2,5,2133)
w(375,6,5,2133)
w(376,3,5,2133)
r(373,2,5,2133)
w(376,6,1,2135)
w(373,3,1,2135)
r(375,6,1,2135)
r(364,1,1,2135)
w(375,8,1,2135)
r(364,1,7,2143)
r(377,0,7,2143)
w(377,3,7,2143)
r(373,3,7,2143)
w(377,4,7,2143)
r(375,8,7,2143)
r(379,0,2,2154)
w(379,1,2,2154)
r(373,3,2,2154)
w(373,4,2,2154)
w(379,2,2,2154)
w(378,7,8,2155)
w(378,8,8,2155)
w(380,1,8,2155)
w(380,2,8,2155)
w(380,3,5,2157)
r(380,3,5,2157)
w(373,5,5,2157)
r(378,8,5,2157)
r(380,3,5,2157)
r(380,3,5,2157)
r(364,1,0,2160)
r(364,1,0,2160)
r(373,5,0,2160)
w(380,4,0,2160)
r(380,4,5,2164)
w(380,6,5,2164)
w(380,7,5,2164)
w(364,3,5,2164)
r(380,7,5,2164)
w(384,1,2,2180)
w(383,2,2,2180)
w(384,2,2,2180)
w(384,3,2,2180)
w(384,4,2,2180)
r(381,0,2,2180)
w(385,1,0,2187)
r(386,0,0,2187)
r(385,1,0,2187)
r(386,0,0,2187)
w(386,1,0,2187)
r(381,0,9,2188)
w(383,3,9,2188)
w(384,7,9,2188)
w(383,4,9,2188)
w(381,8,9,2188)
r(384,7,9,2188)
w(384,8,9,2188)
w(385,6,5,2193)
r(385,6,5,2193)
r(383,4,5,2193)
w(372,7,5,2193)
r(364,3,5,2196)
r(385,6,5,2196)
r(383,4,5,2196)
w(385,7,5,2196)
r(386,1,5,2196)
w(386,5,5,2196)
r(385,7,5,2196)
r(386,5,3,2200)
r(385,7,3,2200)
r(385,7,3,2200)
w(387,1,3,2200)
r(372,7,3,2200)
w(372,8,2,2205)
w(383,5,2,2205)
w(387,4,2,2205)
r(387,4,2,2205)
r(388,0,2,2205)
r(387,4,2,2209)
r(383,5,2,2209)
r(388,0,2,2209)
r(388,0,2,2209)
w(387,8,2,2209)
r(387,8,2,2209)
r(387,8,2,2209)
r(388,0,2,2209)
r(388,0,5,2213)
w(383,7,5,2213)
r(390,0,5,2213)
r(388,0,5,2213)
r(388,0,5,2213)
r(390,0,5,2213)
r(390,0,5,2213)
w(388,2,1,2215)
r(390,0,1,2215)
w(390,1,1,2215)
r(390,1,1,2215)
r(383,5,1,2215)
w(390,2,1,2215)
w(388,5,8,2224)
w(388,6,8,2224)
w(392,3,8,2224)
w(392,4,8,2224)
w(388,8,3,2227)
r(388,8,3,2227)
r(392,4,3,2227)
w(392,8,3,2227)
r(388,8,3,2227)
r(394,0,3,2227)
w(391,1,4,2230)
r(394,0,4,2230)
w(394,1,4,2230)
r(394,1,4,2230)
r(395,0,4,2230)
w(395,1,4,2230)
r(395,1,3,2232)
r(395,1,3,2232)
r(393,0,3,2232)
w(395,2,3,2232)
w(394,2,3,2232)
w(393,2,3,2232)
w(395,3,3,2232)
r(395,3,2,2235)
r(395,3,2,2235)
r(394,2,2,2235)
w(395,5,2,2235)
r(391,1,6,2238)
r(395,5,6,2238)
w(393,4,6,2238)
r(395,5,6,2238)
w(394,5,6,2238)
w(395,6,6,2238)
w(394,6,6,2238)
w(391,2,6,2238)
r(396,0,4,2241)
w(396,1,4,2241)
r(396,1,4,2241)
r(393,4,4,2241)
r(394,6,4,2241)
r(394,6,4,2241)
w(396,2,1,2243)
r(394,6,1,2243)
r(394,6,1,2243)
r(393,4,1,2243)
r(396,2,1,2243)
w(389,3,1,2243)
w(393,7,1,2243)
r(396,2,1,2243)
w(396,3,9,2246)
w(393,8,9,2246)
r(394,6,9,2246)
r(396,3,9,2246)
w(396,4,9,2246)
w(394,7,9,2246)
r(397,0,4,2249)
r(396,4,4,2249)
r(394,7,4,2249)
w(397,1,4,2249)
r(391,2,4,2249)
r(391,2,0,2251)
r(396,4,0,2251)
r(396,4,0,2251)
r(397,1,0,2251)
w(391,4,0,2251)
r(397,1,9,2255)
r(397,1,9,2255)
r(397,1,9,2255)
r(397,1,9,2255)
w(396,6,9,2255)
r(398,0,9,2255)
w(389,4,9,2255)
r(396,6,9,2255)
r(396,4,1,2256)
r(391,4,1,2256)
w(398,1,1,2256)
r(396,4,1,2256)
r(397,1,8,2259)
r(396,6,8,2259)
w(396,7,8,2259)
r(397,1,8,2259)
w(396,8,8,2259)
w(399,1,6,2261)
w(399,2,6,2261)
r(398,1,6,2261)
w(398,2,6,2261)
r(399,2,5,2264)
w(399,6,5,2264)
r(399,6,5,2264)
w(398,4,5,2264)
r(398,4,5,2264)
r(397,1,5,2271)
w(400,3,5,2271)
w(400,4,5,2271)
w(397,2,5,2271)
r(400,4,5,2271)
r(400,4,5,2271)
r(397,2,3,2273)
r(391,4,3,2273)
w(400,7,3,2273)
w(400,8,3,2273)
r(397,2,3,2273)
r(401,0,3,2273)
r(398,4,3,2273)
w(401,1,3,2273)
r(401,1,6,2275)
r(401,1,6,2275)
r(401,1,6,2275)
w(401,2,6,2275)
w(401,3,9,2277)
r(397,2,9,2277)
r(401,3,9,2277)
w(398,7,9,2277)
r(397,2,9,2279)
r(391,4,9,2279)
w(398,8,9,2279)
w(401,4,9,2279)
w(402,1,5,2282)
r(401,4,5,2282)
r(401,4,5,2282)
w(397,4,5,2282)
r(402,1,5,2282)
r(401,4,5,2282)
r(401,4,5,2282)
r(402,1,5,2282)
w(402,2,2,2284)
r(401,4,2,2284)
w(401,5,2,2284)
r(401,5,2,2284)
w(401,6,9,2288)
r(401,6,9,2288)
w(402,5,9,2288)
w(401,7,9,2288)
w(402,6,9,2288)
w(401,8,9,2288)
r(401,8,9,2288)
r(402,6,7,2292)
r(391,4,7,2292)
w(403,3,7,2292)
r(404,0,7,2292)
w(403,6,6,2298)
w(404,1,6,2298)
r(403,6,6,2298)
r(403,6,6,2298)
w(403,7,6,2298)
w(403,8,6,2298)
r(404,1,6,2298)
r(404,0,9,2301)
w(405,1,9,2301)
w(389,6,9,2301)
w(397,6,9,2301)
w(405,2,9,2301)
r(406,0,8,2307)
r(397,6,8,2307)
r(389,6,8,2307)
w(406,2,8,2307)
r(406,0,7,2308)
r(406,0,7,2308)
w(404,5,7,2308)
w(404,6,7,2308)
r(406,0,7,2308)
w(406,4,7,2312)
r(404,6,7,2312)
r(406,4,7,2312)
w(406,5,7,2312)
w(406,7,4,2315)
w(406,8,4,2315)
r(408,0,4,2315)
r(407,0,4,2315)
w(408,1,4,2315)
r(407,0,4,2315)
r(408,1,3,2317)
r(407,0,3,2317)
r(408,1,3,2317)
r(407,0,3,2317)
r(408,1,3,2317)
r(408,1,7,2319)
w(389,7,7,2319)
w(404,8,7,2319)
r(389,7,7,2319)
w(389,8,2,2322)
r(391,4,2,2322)
r(408,1,2,2322)
w(408,2,2,2322)
w(391,6,2,2322)
w(391,7,2,2322)
r(389,8,3,2323)
r(408,2,3,2323)
r(408,2,3,2323)
r(408,2,3,2323)
w(408,3,3,2323)
w(409,1,3,2323)
w(408,4,3,2325)
r(408,4,3,2325)
r(408,4,3,2325)
r(391,7,3,2325)
w(408,5,3,2325)
r(408,5,9,2328)
w(408,8,9,2328)
r(409,1,9,2328)
r(409,1,9,2328)
w(411,1,7,2337)
r(411,1,7,2337)
w(409,3,7,2337)
w(410,1,7,2337)
w(409,4,7,2337)
r(407,0,7,2337)
r(411,1,3,2341)
r(411,1,3,2341)
w(409,7,3,2341)
r(411,1,3,2341)
w(410,2,3,2341)
w(411,7,5,2342)
r(409,4,5,2342)
r(411,7,5,2342)
w(407,7,5,2342)
r(407,7,5,2342)
r(411,7,5,2342)
w(411,8,5,2342)
r(411,8,5,2342)
r(412,0,5,2346)
w(391,8,5,2346)
r(412,0,5,2346)
r(409,7,5,2346)
r(412,0,3,2348)
r(391,7,3,2348)
r(412,0,3,2348)
w(412,1,3,2348)
w(412,5,1,2351)
w(412,6,1,2351)
w(412,7,1,2351)
w(412,8,1,2351)
r(391,8,1,2351)
r(414,0,1,2351)
r(415,0,1,2351)
r(415,0,1,2351)
r(415,0,8,2356)
r(415,0,8,2356)
w(415,1,8,2356)
w(415,2,8,2356)
w(413,1,8,2356)
w(415,3,8,2356)
r(414,0,4,2359)
w(414,2,4,2359)
w(415,8,4,2359)
r(416,0,4,2359)
w(414,3,4,2359)
w(416,1,7,2362)
r(414,3,7,2362)
r(414,3,7,2362)
r(416,1,7,2362)
w(416,3,3,2366)
r(414,3,3,2366)
r(416,3,3,2366)
r(416,3,3,2366)
r(416,3,3,2366)
w(413,2,3,2366)
r(414,3,1,2370)
w(416,6,1,2370)
w(414,5,1,2370)
w(416,7,1,2370)
w(410,3,1,2370)
w(414,6,1,2370)
w(417,2,9,2375)
w(413,6,9,2375)
r(417,2,9,2375)
r(417,2,9,2375)
w(417,3,9,2375)
r(417,3,9,2375)
r(413,2,2,2376)
r(414,6,2,2376)
r(414,6,2,2376)
w(414,8,2,2376)
r(417,3,1,2377)
r(417,3,1,2377)
r(417,3,1,2377)
r(417,3,1,2377)
r(417,3,1,2377)
r(417,3,1,2377)
r(417,3,1,2377)
r(417,3,1,2377)
w(417,4,6,2380)
r(417,4,6,2380)
w(417,5,6,2380)
r(413,6,6,2380)
r(417,5,6,2383)
r(413,6,6,2383)
w(419,2,6,2383)
w(413,7,6,2383)
r(413,7,6,2386)
r(417,5,6,2386)
r(419,2,6,2386)
w(413,8,6,2386)
r(420,0,6,2386)
w(420,1,8,2387)
r(420,1,8,2387)
w(410,5,8,2387)
w(420,2,8,2387)
r(420,2,3,2390)
w(419,3,3,2390)
w(420,3,3,2390)
r(420,3,3,2390)
w(420,4,3,2390)
r(420,4,3,2390)
w(419,5,0,2394)
w(420,7,0,2394)
w(418,1,0,2394)
w(420,8,0,2394)
r(419,5,8,2398)
r(420,8,8,2398)
w(421,1,8,2398)
r(419,5,8,2398)
r(421,1,8,2398)
w(410,7,8,2398)
w(419,6,9,2399)
w(421,3,9,2399)
r(419,6,9,2399)
w(422,1,9,2399)
w(421,4,9,2399)
r(418,1,1,2401)
w(422,2,1,2401)
r(419,6,1,2401)
w(421,5,1,2401)
r(421,5,1,2401)
r(419,6,1,2401)
r(419,6,3,2403)
w(410,8,3,2403)
r(419,6,3,2403)
r(421,5,3,2403)
r(421,5,3,2403)
w(418,2,3,2403)
r(421,5,3,2403)
r(419,6,4,2406)
r(422,2,4,2406)
r(421,5,4,2406)
w(421,6,4,2406)
w(423,1,1,2410)
r(423,1,1,2410)
w(423,2,1,2410)
r(419,6,1,2410)
r(410,8,1,2412)
w(419,7,1,2412)
r(423,2,1,2412)
r(423,2,1,2412)
w(419,8,1,2412)
r(423,2,9,2415)
r(423,2,9,2415)
w(423,3,9,2415)
w(423,4,9,2415)
r(423,4,9,2415)
r(423,4,9,2415)
w(423,5,9,2415)
w(425,1,6,2418)
r(425,1,6,2418)
w(425,2,6,2418)
r(419,8,6,2418)
r(419,8,6,2418)
r(425,2,6,2418)
r(426,0,5,2421)
w(426,3,5,2421)
w(425,4,5,2421)
w(422,5,5,2421)
w(422,6,8,2425)
r(425,4,8,2425)
w(425,5,8,2425)
w(426,4,8,2425)
r(426,4,9,2430)
w(425,7,9,2430)
w(425,8,9,2430)
w(426,5,9,2430)
r(426,5,9,2430)
r(422,6,9,2430)
r(427,0,9,2430)
r(427,0,9,2430)
r(427,0,6,2434)
w(422,8,6,2434)
w(427,1,6,2434)
w(428,1,6,2434)
w(427,2,6,2434)
w(427,3,6,2434)
w(427,4,6,2434)
r(428,1,8,2438)
r(426,5,8,2438)
w(429,1,8,2438)
w(429,2,8,2438)
w(428,3,8,2438)
r(429,2,9,2441)
r(429,2,9,2441)
r(428,3,9,2441)
r(428,3,9,2441)
w(429,4,9,2441)
r(418,2,9,2441)
w(428,4,9,2441)
r(418,2,9,2441)
w(429,6,6,2444)
r(418,2,6,2444)
r(429,6,6,2444)
w(430,2,6,2444)
r(428,4,4,2449)
w(429,7,4,2449)
r(429,7,4,2449)
r(429,7,4,2449)
r(430,2,4,2449)
w(428,7,4,2449)
r(431,0,5,2452)
w(428,8,5,2452)
w(430,3,5,2452)
r(430,3,5,2452)
r(428,8,5,2452)
r(431,0,4,2453)
w(431,3,4,2453)
r(430,2,4,2453)
w(431,4,4,2453)
w(431,5,4,2453)
w(431,6,4,2453)
r(431,6,4,2453)
r(428,7,4,2453)
r(430,3,9,2455)
w(431,7,9,2455)
w(431,8,9,2455)
r(430,3,9,2455)
r(431,8,9,2455)
r(432,0,5,2458)
w(432,1,5,2458)
r(424,0,5,2458)
r(432,1,5,2458)
r(430,3,5,2458)
w(432,2,5,2458)
r(432,2,5,2458)
w(432,3,5,2458)
w(433,1,5,2462)
w(432,5,5,2462)
w(433,2,5,2462)
r(432,5,5,2462)
w(432,6,5,2462)
r(432,6,5,2462)
r(430,3,5,2462)
w(430,5,3,2464)
r(430,5,3,2464)
w(430,6,3,2464)
r(430,6,3,2464)
w(433,3,1,2467)
w(434,1,1,2467)
r(434,1,1,2467)
r(434,1,1,2467)
r(430,6,1,2467)
w(424,2,3,2471)
r(434,1,3,2471)
w(434,3,3,2471)
r(430,6,3,2471)
r(434,3,3,2471)
w(434,4,3,2471)
w(430,8,3,2471)
r(434,4,1,2474)
r(434,4,1,2474)
r(434,4,1,2474)
r(434,4,1,2474)
r(434,4,1,2474)
r(434,4,1,2474)
r(418,2,1,2474)
r(434,4,3,2475)
r(434,4,3,2475)
w(418,6,3,2475)
w(424,3,3,2475)
w(434,5,3,2475)
r(434,5,3,2475)
r(418,6,2,2479)
w(436,1,2,2479)
r(436,1,2,2479)
r(435,0,2,2479)
r(436,1,2,2479)
r(435,0,2,2479)
w(434,6,6,2480)
w(435,1,6,2480)
w(434,7,6,2480)
w(434,8,6,2480)
w(424,4,6,2480)
r(436,0,6,2480)
w(435,5,0,2487)
r(435,5,0,2487)
r(435,5,0,2487)
r(436,1,0,2487)
w(436,8,0,2487)
r(435,5,0,2487)
r(436,8,0,2487)
r(436,8,0,2487)
r(436,8,7,2489)
r(435,5,7,2489)
r(435,5,7,2489)
w(437,1,7,2489)
r(437,1,7,2489)
r(418,6,7,2489)
r(437,1,7,2489)
w(433,7,5,2493)
r(437,1,5,2493)
w(418,7,5,2493)
w(433,8,5,2493)
r(435,5,5,2493)
r(435,5,5,2493)
r(437,1,5,2493)
